1739556582221 169.473045352759 0
1739556582231 168.1508704418079 1
1739556582241 166.84340301803283 2
1739556582250 165.5476077406042 3
1739556582259 164.26337748782524 4
1739556582268 162.99060613577475 5
1739556582277 161.7291885489415 6
1739556582287 160.47902057094768 7
1739556582297 159.23999901535873 8
1739556582305 158.01202165658043 9
1739556582314 156.79498722084165 10
1739556582322 155.588795377262 11
1739556582331 154.3933467290034 12
1739556582339 153.20854280450567 13
1739556582349 152.03428604880406 14
1739556582360 150.87047981492876 15
1739556582370 149.71702835538554 16
1739556582379 148.57383681371695 17
1739556582389 147.44081121614195 18
1739556582399 146.31785846327577 19
1739556582410 145.2048863219267 20
1739556582420 144.1018034169704 21
1739556582430 143.00851922330108 22
1739556582440 141.92494405785808 23
1739556582450 140.850989071728 24
1739556582460 139.7865578036726 25
1739556582469 138.73157996269472 26
1739556582480 137.68595227376335 27
1739556582489 136.64960599694038 28
1739556582498 135.6224395190853 29
1739556582507 134.60438562178277 30
1739556582517 133.59534432333962 31
1739556582526 132.59524989788622 32
1739556582536 131.60401228004798 33
1739556582545 130.62154224416483 34
1739556582554 129.64777625058414 35
1739556582564 128.6826182661897 36
1739556582574 127.72600617381005 37
1739556582583 126.7778454696075 38
1739556582592 125.83807543179037 39
1739556582601 124.90660305781785 40
1739556582611 123.98336899469024 41
1739556582620 123.06828171370103 42
1739556582630 122.16128320455816 43
1739556582639 121.26228338543658 44
1739556582649 120.37122556316164 45
1739556582658 119.48802919979107 46
1739556582668 118.61261450504264 47
1739556582678 117.74492671502693 48
1739556582687 116.88487924992658 49
1739556582696 116.03241860109462 50
1739556582706 115.18745954513679 51
1739556582715 114.34994980471555 52
1739556582725 113.51980548808434 53
1739556582734 112.6969755257354 54
1739556582744 111.8813773332538 55
1739556582753 111.07296102592672 56
1739556582764 110.27165327342048 57
1739556582773 109.4773814233392 58
1739556582783 108.69009732645772 59
1739556582793 107.9097215627095 60
1739556582802 107.13620711196897 61
1739556582811 106.36947577988983 62
1739556582820 105.60948165390334 63
1739556582829 104.85614774303038 64
1739556582838 104.1094292211247 65
1739556582849 103.36925027863528 66
1739556582859 102.63556715510464 67
1739556582869 101.90830520087705 68
1739556582878 101.18742170084317 69
1739556582889 100.47285094406043 70
1739556582898 99.76452782372773 71
1739556582907 99.0624111559934 72
1739556582917 98.36642909879778 73
1739556582926 97.67654146445629 74
1739556582936 96.99267749853199 75
1739556582946 96.31479799048478 76
1739556582956 95.64283325370432 77
1739556582969 94.97674503613312 78
1739556582978 94.31646469955753 79
1739556582988 93.66195493209472 80
1739556582998 93.01314812485738 81
1739556583008 92.37000788817649 82
1739556583018 91.73247526329342 83
1739556583029 91.10049183010162 84
1739556583039 90.47402254985256 85
1739556583050 89.85300230530619 86
1739556583059 89.23739693650158 87
1739556583069 88.62714229151457 88
1739556583079 88.02220507237544 89
1739556583089 87.42252207494187 90
1739556583099 86.82806084675758 91
1739556583108 86.23875911425233 92
1739556583117 85.65458525431808 93
1739556583127 85.07547790706491 94
1739556583136 84.50140626287455 95
1739556583146 83.93231734766363 96
1739556583155 83.368158667869 97
1739556583164 82.80890060556202 98
1739556583174 82.2544840126514 99
1739556583184 81.70488004635565 100
1739556583194 81.16003041556327 101
1739556583203 80.61990703781004 102
1739556583212 80.08445246343175 103
1739556583221 79.55363935573307 104
1739556583230 79.02741109125161 105
1739556583239 78.50574106478845 106
1739556583249 77.98857346411896 107
1739556583258 77.47588240153934 108
1739556583267 76.96761286137462 109
1739556583277 76.46373965968053 110
1739556583286 75.96421588876413 111
1739556583297 75.46899506242768 112
1739556583306 74.97805302771387 113
1739556583315 74.49133669729412 114
1739556583325 74.00882258876125 115
1739556583334 73.53045836203066 116
1739556583344 73.05622119240104 117
1739556583353 72.58605947352437 118
1739556583362 72.11995102580497 119
1739556583372 71.65784496337278 120
1739556583382 71.19971973937675 121
1739556583392 70.74552517541096 122
1739556583401 70.29524034524266 123
1739556583412 69.84882295899465 124
1739556583428 69.4062311032729 125
1739556583440 68.96744476107114 126
1739556583451 68.53241546673586 127
1739556583462 68.10112379456126 128
1739556583472 67.67352194266908 129
1739556583483 67.24959106531516 130
1739556583494 66.82928401242708 131
1739556583505 66.41258250709882 132
1739556583514 65.99944003931492 133
1739556583524 65.5898388900954 134
1739556583533 65.18373317794908 135
1739556583543 64.7811057311173 136
1739556583552 64.38191835505629 137
1739556583562 63.98613319171572 138
1739556583571 63.593733871074654 139
1739556583580 63.204676033345976 140
1739556583590 62.81894382984953 141
1739556583599 62.43649349060453 142
1739556583608 62.0573096782623 143
1739556583617 61.68134920204024 144
1739556583626 61.30859722610211 145
1739556583635 60.93901112845045 146
1739556583645 60.572576565129246 147
1739556583655 60.20925147270451 148
1739556583665 59.84902198965123 149
1739556583674 59.49184660106517 150
1739556583683 59.13771191858291 151
1739556583693 58.78658390171332 152
1739556583702 58.43842880581459 153
1739556583712 58.0932339358034 154
1739556583721 57.75095910486916 155
1739556583730 57.41159206868002 156
1739556583739 57.075093155267105 157
1739556583749 56.74145056238318 158
1739556583758 56.41062512367042 159
1739556583767 56.082605470464266 160
1739556583776 55.75735293295666 161
1739556583785 55.43485656772551 162
1739556583825 55.11507819261767 163
1739556583837 54.79800728127203 164
1739556583848 54.48360613045853 165
1739556583858 54.17186462285129 166
1739556583867 53.86275233651973 167
1739556583877 53.5562391098971 168
1739556583887 53.252315425028534 169
1739556583898 52.95094473829987 170
1739556583908 52.65211792138851 171
1739556583918 52.35579888028479 172
1739556583928 52.06197886879471 173
1739556583938 51.770622234479156 174
1739556583948 51.481720605911846 175
1739556583959 51.19523876433736 176
1739556583969 50.91116870587659 177
1739556583983 50.6294756377154 178
1739556583993 50.35015191643874 179
1739556584003 50.07316316757321 180
1739556584013 49.79850210121961 181
1739556584023 49.526141448537885 182
1739556584033 49.256054170056046 183
1739556584044 48.98823349394284 184
1739556584054 48.722646058696775 185
1739556584064 48.459285429204975 186
1739556584074 48.198118636784294 187
1739556584084 47.939139576544434 188
1739556584094 47.68231566562623 189
1739556584104 47.42764112298986 190
1739556584114 47.175083744733705 191
1739556584125 46.924638067417874 192
1739556584135 46.67627225935728 193
1739556584145 46.42998116858052 194
1739556584154 46.18573332900134 195
1739556584163 45.94352389410223 196
1739556584172 45.703328343459006 197
1739556584181 45.46512235892838 198
1739556584191 45.22890154167982 199
1739556584200 44.99463531092551 200
1739556584210 44.762319558748715 201
1739556584219 44.531924047736744 202
1739556584228 44.30344495526398 203
1739556584238 44.07685238120189 204
1739556584247 43.85214278270062 205
1739556584256 43.629286590936 206
1739556584265 43.40828053742368 207
1739556584275 43.189095378773224 208
1739556584284 42.97172811555881 209
1739556584293 42.75614982406005 210
1739556584302 42.54235776870399 211
1739556584312 42.33032982559692 212
1739556584321 42.12004404944276 213
1739556584330 41.911498091437075 214
1739556584339 41.70466380196959 215
1739556584348 41.499539083504345 216
1739556584358 41.296096086743994 217
1739556584368 41.09433296055484 218
1739556584377 40.89422215064675 219
1739556584386 40.695762047514926 220
1739556584395 40.4989253866673 221
1739556584405 40.30371079554584 222
1739556584414 40.110091294342226 223
1739556584424 39.918065742852434 224
1739556584433 39.72760744093062 225
1739556584443 39.53871547622177 226
1739556584453 39.35136981531962 227
1739556584463 39.165550582697016 228
1739556584473 38.981257200046606 229
1739556584485 38.79846364447195 230
1739556584496 38.61716955462449 231
1739556584506 38.43734917040485 232
1739556584516 38.25900234321238 233
1739556584526 38.08210357112145 234
1739556584536 37.906652914148886 235
1739556584546 37.73262512400356 236
1739556584556 37.560020465268245 237
1739556584567 37.3888139388295 238
1739556584578 37.219006009862 239
1739556584587 37.05057192405406 240
1739556584597 36.883512343274255 241
1739556584607 36.71780905837426 242
1739556584616 36.55344399994983 243
1739556584626 36.390418118297525 244
1739556584636 36.228707251948755 245
1739556584645 36.0683125384713 246
1739556584654 35.909210046498984 247
1739556584664 35.751401097227536 248
1739556584673 35.5948619853633 249
1739556584683 35.439594212156344 250
1739556584692 35.28557429442862 251
1739556584701 35.13280390997933 252
1739556584712 34.98125979386091 253
1739556584721 34.83094379698351 254
1739556584730 34.68183286881517 255
1739556584739 34.53392903000474 256
1739556584750 34.38720944069006 257
1739556584759 34.24167628795093 258
1739556584769 34.097313151793045 259
1739556584779 33.95410373411921 260
1739556584788 33.812050466125235 261
1739556584798 33.671131018143285 262
1739556584807 33.53134797980469 263
1739556584816 33.39267921952737 264
1739556584825 33.255127482286866 265
1739556584834 33.11867083113641 266
1739556584843 32.98331216336369 267
1739556584853 32.849029733269155 268
1739556584861 32.715826587478674 269
1739556584870 32.583681168212976 270
1739556584881 32.45259666851914 271
1739556584890 32.32255171527135 272
1739556584902 32.19354964507685 273
1739556584912 32.06557540411558 274
1739556584922 31.938614046786917 275
1739556584931 31.81266912032704 276
1739556584940 31.687719698801306 277
1739556584949 31.56376946609061 278
1739556584959 31.440797669937464 279
1739556584968 31.318808128193886 280
1739556584981 31.19778025926958 281
1739556584990 31.077718012365388 282
1739556584999 30.958600973602433 283
1739556585009 30.840433220958403 284
1739556585018 30.723194505363335 285
1739556585027 30.606889031049132 286
1739556585036 30.491496710904443 287
1739556585045 30.377021872941192 288
1739556585054 30.26344458920765 289
1739556585064 30.15076930906907 290
1739556585073 30.03898232001748 291
1739556585082 29.928070004284105 292
1739556585091 29.818036989349256 293
1739556585100 29.70886373270873 294
1739556585110 29.60055497733078 295
1739556585120 29.493091330465344 296
1739556585130 29.386477648301156 297
1739556585139 29.28069468526265 298
1739556585148 29.175747408535184 299
1739556585158 29.071616717184366 300
1739556585167 28.968307687211016 301
1739556585176 28.865801359834066 302
1739556585185 28.764102917730604 303
1739556585194 28.66319354182967 304
1739556585203 28.56307851938649 305
1739556585213 28.4637391686408 306
1739556585222 28.365180879368232 307
1739556585232 28.267391091089603 308
1739556585242 28.170357326436786 309
1739556585251 28.07408512572764 310
1739556585261 27.97855613972741 311
1739556585271 27.88377600630097 312
1739556585280 27.789726505460354 313
1739556585290 27.696413370694987 314
1739556585299 27.60381850905163 315
1739556585309 27.511947747758818 316
1739556585318 27.420783118725563 317
1739556585328 27.330330541070293 318
1739556585337 27.2405721694307 319
1739556585346 27.151514013001528 320
1739556585356 27.06313834705365 321
1739556585366 26.97545126907949 322
1739556585375 26.888435172925018 323
1739556585384 26.80209624263599 324
1739556585393 26.71642290787931 325
1739556585403 26.63140367139289 326
1739556585412 26.547044844388676 327
1739556585421 26.463329107851816 328
1739556585431 26.380262855331793 329
1739556585441 26.297828879471133 330
1739556585450 26.216033654527358 331
1739556585459 26.134860082902453 332
1739556585468 26.05431471796388 333
1739556585477 25.97438057000895 334
1739556585486 25.895064269947834 335
1739556585496 25.816348934142248 336
1739556585505 25.73824126950806 337
1739556585515 25.660724496673037 338
1739556585524 25.583805397051407 339
1739556585534 25.507467293770627 340
1739556585544 25.431717041265042 341
1739556585554 25.35654392084239 342
1739556585563 25.281937278203937 343
1739556585572 25.207904075138337 344
1739556585582 25.13442788296521 345
1739556585592 25.06151573292085 346
1739556585601 24.989151292886483 347
1739556585610 24.917341662165345 348
1739556585619 24.84607060357077 349
1739556585629 24.775345283118902 350
1739556585638 24.705149556954634 351
1739556585648 24.635490656479178 352
1739556585657 24.566352529596774 353
1739556585666 24.497742471791536 354
1739556585676 24.429644521182734 355
1739556585685 24.362066036060373 356
1739556585695 24.294991143241777 357
1739556585704 24.22842726257057 358
1739556585713 24.16236440843967 359
1739556585722 24.09679265212776 360
1739556585733 24.03171950404735 361
1739556585742 23.967129305765184 362
1739556585751 23.903029626221123 363
1739556585761 23.839404890579402 364
1739556585770 23.77626272513778 365
1739556585779 23.713587637258033 366
1739556585789 23.651387309448978 367
1739556585798 23.58964632989473 368
1739556585807 23.528372436190597 369
1739556585816 23.46755029599208 370
1739556585826 23.407187700878133 371
1739556585836 23.347269396648574 372
1739556585845 23.287803227784575 373
1739556585854 23.228774016926547 374
1739556585864 23.170189660397426 375
1739556585873 23.11204080414812 376
1739556585882 23.054318144512482 377
1739556585891 22.997029654166255 378
1739556585900 22.940160341763384 379
1739556585910 22.883718229258818 380
1739556585919 22.82768839776284 381
1739556585928 22.772078917519455 382
1739556585937 22.716874940891685 383
1739556585947 22.662084585441644 384
1739556585957 22.607693073602686 385
1739556585967 22.55370856930294 386
1739556585976 22.500116363884434 387
1739556585989 22.446924666707737 388
1739556585998 22.39411883688227 389
1739556586007 22.34170712828561 390
1739556586016 22.289674966673303 391
1739556586026 22.238030649542303 392
1739556586035 22.18676536741325 393
1739556586044 22.135870355550825 394
1739556586053 22.085353975769692 395
1739556586063 22.035201815129497 396
1739556586072 21.985422276895275 397
1739556586081 21.936001011001487 398
1739556586091 21.886946461325532 399
1739556586100 21.838244339641122 400
1739556586109 21.789903129616363 401
1739556586118 21.741908603846756 402
1739556586127 21.694269284985463 403
1739556586136 21.64697100545009 404
1739556586145 21.60002232608888 405
1739556586155 21.553409138159335 406
1739556586164 21.507140039930185 407
1739556586173 21.461200980533768 408
1739556586182 21.41560059489983 409
1739556586191 21.370324889087296 410
1739556586201 21.325382533942257 411
1739556586210 21.280765240915386 412
1739556586219 21.236464760773657 413
1739556586229 21.192489817406834 414
1739556586238 21.148826554615525 415
1739556586247 21.10548373040661 416
1739556586257 21.06244754231714 417
1739556586266 21.01972678177611 418
1739556586276 20.9773076991808 419
1739556586285 20.935199118700883 420
1739556586295 20.89338734273291 421
1739556586304 20.85188122751909 422
1739556586313 20.810667126609218 423
1739556586322 20.769753927662997 424
1739556586333 20.729128034552094 425
1739556586343 20.688798365711456 426
1739556586352 20.648751374517726 427
1739556586361 20.608996009551383 428
1739556586371 20.569524381395862 429
1739556586380 20.53032863576449 430
1739556586389 20.491417765835976 431
1739556586398 20.4527783447337 432
1739556586408 20.414419394260598 433
1739556586417 20.376327534296077 434
1739556586426 20.338511814679745 435
1739556586435 20.30095890129183 436
1739556586445 20.263677871432506 437
1739556586455 20.226655436240726 438
1739556586465 20.189900699912467 439
1739556586474 20.15340041811599 440
1739556586483 20.117163721389407 441
1739556586493 20.081177409213556 442
1739556586503 20.045450637925853 443
1739556586512 20.009970250115263 444
1739556586521 19.974745427386367 445
1739556586530 19.939768625533063 446
1739556586540 19.905032331834686 447
1739556586550 19.87054576535523 448
1739556586559 19.83629587291739 449
1739556586568 19.802291897566654 450
1739556586578 19.768520826863046 451
1739556586587 19.734991927337102 452
1739556586598 19.70169222663466 453
1739556586611 19.668631014284607 454
1739556586622 19.635795357378267 455
1739556586632 19.603194567965787 456
1739556586642 19.57081575195462 457
1739556586652 19.538668243448434 458
1739556586663 19.506739186552267 459
1739556586673 19.475037936964817 460
1739556586683 19.443551676380725 461
1739556586693 19.41228978164424 462
1739556586702 19.38123947144205 463
1739556586711 19.350410143323355 464
1739556586720 19.31979458444152 465
1739556586730 19.289385609912234 466
1739556586739 19.259192648068662 467
1739556586750 19.22920300699601 468
1739556586759 19.19942613466799 469
1739556586768 19.16984937415019 470
1739556586778 19.140482192645948 471
1739556586787 19.111311967648234 472
1739556586797 19.082348185187225 473
1739556586807 19.05357825663969 474
1739556586816 19.0250116864678 475
1739556586826 18.9966359193978 476
1739556586835 18.96846047793684 477
1739556586845 18.940472839635376 478
1739556586854 18.912682544666183 479
1739556586864 18.885077102887646 480
1739556586873 18.857666071766264 481
1739556586882 18.830442493244234 482
1739556586892 18.80339943449658 483
1739556586902 18.77654647878296 484
1739556586911 18.749871213996066 485
1739556586920 18.72338323979103 486
1739556586929 18.69707017462994 487
1739556586939 18.670941634216717 488
1739556586948 18.64498526710479 489
1739556586958 18.619210704707037 490
1739556586968 18.59360562519824 491
1739556586977 18.56817967536719 492
1739556586991 18.542920562547973 493
1739556587000 18.51783794857883 494
1739556587009 18.49291956949895 495
1739556587018 18.468175101876035 496
1739556587027 18.443592310007798 497
1739556587036 18.41918088487783 498
1739556587046 18.39492861860332 499
