1739557713068 160.27973225799096 0
1739557713077 160.60758709612904 1
1739557713086 155.42499818220585 2
1739557713095 150.51897222420394 3
1739557713104 146.5279126499757 4
1739557713113 143.80101204957222 5
1739557713122 138.56715491269105 6
1739557713131 130.80506236167605 7
1739557713140 131.312654689899 8
1739557713149 126.59802155845651 9
1739557713158 119.3768129801645 10
1739557713167 118.46152938208165 11
1739557713175 119.22162905726054 12
1739557713183 113.11271273655109 13
1739557713191 110.99402875055547 14
1739557713200 105.78844873706697 15
1739557713208 104.20633716124395 16
1739557713217 100.7203078374088 17
1739557713225 96.66281721015261 18
1739557713233 98.92664364630724 19
1739557713244 94.0638054899921 20
1739557713254 87.92889375275222 21
1739557713265 87.6421153120716 22
1739557713274 83.59832930551762 23
1739557713284 83.41095192966449 24
1739557713293 86.20016387533202 25
1739557713302 72.68403277989754 26
1739557713311 78.59582511995481 27
1739557713319 74.07886143574899 28
1739557713328 76.00487141745239 29
1739557713337 73.43032030136949 30
1739557713346 74.7432946805172 31
1739557713356 65.48405261557578 32
1739557713365 64.58407028273986 33
1739557713374 65.763709279026 34
1739557713383 58.87853657760217 35
1739557713394 65.69468260021253 36
1739557713403 56.877344260323426 37
1739557713411 53.7562643131666 38
1739557713420 59.15249558746108 39
1739557713429 61.16980214918776 40
1739557713438 56.189818170106086 41
1739557713447 56.293241505145104 42
1739557713455 44.78355697567604 43
1739557713464 47.98255974311946 44
1739557713473 49.891597901679035 45
1739557713482 46.20709506093219 46
1739557713491 49.47923498198924 47
1739557713500 48.34583263399264 48
1739557713508 46.34549338019628 49
1739557713517 42.62066738000853 50
1739557713525 47.24471134342205 51
1739557713533 42.17114602943702 52
1739557713541 39.32152142629123 53
1739557713550 41.356100814654695 54
1739557713558 36.519861368914306 55
1739557713566 36.761278784668654 56
1739557713575 32.923759252481595 57
1739557713583 41.377957695572306 58
1739557713592 40.7198621296563 59
1739557713600 40.13386661860905 60
1739557713609 32.97960315540827 61
1739557713618 32.35861782879535 62
1739557713627 32.282347885208104 63
1739557713635 31.774143250100188 64
1739557713643 27.823946444279237 65
1739557713652 28.919769004758397 66
1739557713660 27.42642326134444 67
1739557713669 32.083961574923066 68
1739557713677 29.67677405481109 69
1739557713686 28.25542752901913 70
1739557713694 27.463554453927003 71
1739557713702 28.3809523026205 72
1739557713710 25.18434496573569 73
1739557713719 24.367081208107166 74
1739557713727 23.97228042854816 75
1739557713736 27.127738937323738 76
1739557713745 26.023250440935545 77
1739557713753 21.320985483156388 78
1739557713761 28.115796640304353 79
1739557713770 26.186797821670954 80
1739557713778 20.068861142555587 81
1739557713787 25.985468922103838 82
1739557713795 21.1190885295379 83
1739557713804 23.29648651175761 84
1739557713812 20.022868964928378 85
1739557713820 22.42348916281035 86
1739557713828 21.540926287990775 87
1739557713837 24.085276777220464 88
1739557713845 19.792474098393566 89
1739557713854 14.668676443691766 90
1739557713862 18.25645362650672 91
1739557713871 17.75019215847443 92
1739557713880 21.1875030817732 93
1739557713888 19.43811936991931 94
1739557713896 21.97103587600268 95
1739557713904 21.221288675947243 96
1739557713912 21.13176061248782 97
1739557713921 18.114094079923024 98
1739557713929 22.97340320898196 99
1739557713938 26.521844179763324 100
1739557713946 15.997242682374688 101
1739557713954 24.065911554936402 102
1739557713964 17.71272897051954 103
1739557713976 20.233298124161543 104
1739557713985 16.372803860024806 105
1739557713993 15.380585909283514 106
1739557714002 24.447861349952305 107
1739557714010 15.533173115782626 108
1739557714019 17.170595775837533 109
1739557714027 19.59441905992305 110
1739557714035 11.906209148818665 111
1739557714043 14.468194765738827 112
1739557714052 17.163850996545154 113
1739557714060 17.031290518242464 114
1739557714071 18.588429186765037 115
1739557714082 16.888037670187718 116
1739557714092 15.902961392352406 117
1739557714101 11.702299444544854 118
1739557714111 17.528947201639475 119
1739557714121 13.54609245791613 120
1739557714129 16.808477860288495 121
1739557714138 19.190569470985587 122
1739557714147 21.04999769517092 123
1739557714156 11.937053803313699 124
1739557714165 12.759259734078235 125
1739557714174 12.890522987594478 126
1739557714182 10.653864186026231 127
1739557714191 10.369989579322262 128
1739557714199 16.248973505830765 129
1739557714208 10.937660962476565 130
1739557714216 18.687381374612983 131
1739557714224 11.08844505911433 132
1739557714233 13.909554029614544 133
1739557714242 17.45985350528204 134
1739557714250 15.242264319191152 135
1739557714259 10.774955191068843 136
1739557714267 14.00816154306959 137
1739557714276 16.030470295841074 138
1739557714284 15.734374812101585 139
1739557714293 15.431723388918991 140
1739557714302 12.914442871849955 141
1739557714310 13.982136604086891 142
1739557714318 12.044870424279946 143
1739557714327 7.880847538974769 144
1739557714335 12.600947356634807 145
1739557714343 15.41005146943747 146
1739557714351 14.680101979410193 147
1739557714360 16.632846875455133 148
1739557714369 13.120800835792464 149
1739557714377 18.282551056626154 150
1739557714385 14.756196323050649 151
1739557714393 14.73444362647433 152
1739557714402 15.285850344515842 153
1739557714411 8.977594018181954 154
1739557714419 9.212820111768643 155
1739557714427 15.469965587719306 156
1739557714435 13.544182011209141 157
1739557714444 14.643750532803708 158
1739557714452 16.018657830373034 159
1739557714460 13.878547858347526 160
1739557714469 14.187412610051032 161
1739557714477 12.925615512119998 162
1739557714485 14.106432828783452 163
1739557714494 12.135036694887404 164
1739557714502 14.584084828051477 165
1739557714511 14.776533558423083 166
1739557714519 11.468583842535534 167
1739557714527 10.517975950143297 168
1739557714536 11.824491561117698 169
1739557714544 11.941296207550755 170
1739557714552 16.68889349657541 171
1739557714561 12.403284492350181 172
1739557714569 18.841048991508043 173
1739557714583 9.009230802769002 174
1739557714596 10.867566711139064 175
1739557714605 19.167379261247024 176
1739557714613 8.043234397031009 177
1739557714621 11.033222741857404 178
1739557714629 17.2868672569487 179
1739557714638 16.8364438546794 180
1739557714646 16.278271622544978 181
1739557714655 11.307651456642931 182
1739557714663 9.316642032961747 183
1739557714672 15.031546126397094 184
1739557714685 10.381983543743514 185
1739557714693 11.842800174126827 186
1739557714702 10.858937161555707 187
1739557714711 13.338921896437455 188
1739557714719 13.421391497096446 189
1739557714728 12.60344794459578 190
1739557714737 9.272139471362054 191
1739557714745 11.487978734943894 192
1739557714754 13.471939782181432 193
1739557714762 13.55797052933827 194
1739557714770 14.512707876154007 195
1739557714779 14.989303772140852 196
1739557714787 9.173955528591861 197
1739557714796 11.027831849424613 198
1739557714804 13.297964361505228 199
1739557714812 18.54084668365331 200
1739557714821 17.297183516075137 201
1739557714829 14.322395842992263 202
1739557714837 10.086815642158303 203
1739557714846 12.852265440447033 204
1739557714855 11.012080227552095 205
1739557714864 15.099933115666596 206
1739557714872 9.877353391662096 207
1739557714880 13.202515888249096 208
1739557714889 9.45542657053899 209
1739557714898 17.026327219846998 210
1739557714906 11.285399553306952 211
1739557714915 13.806262959280515 212
1739557714923 12.369311303580218 213
1739557714932 16.138112559344606 214
1739557714941 10.738340352535616 215
1739557714949 12.000998389390249 216
1739557714957 11.693294657863579 217
1739557714965 9.746815149582774 218
1739557714974 10.163849413412875 219
1739557714983 11.527908574190008 220
1739557714991 13.625411490682382 221
1739557714999 13.884937335713385 222
1739557715007 17.08837219016724 223
1739557715016 14.283089662146452 224
1739557715024 17.59656210531433 225
1739557715033 11.412191308038349 226
1739557715041 12.422995555130429 227
1739557715049 11.975180291539345 228
1739557715058 14.029378731680296 229
1739557715070 14.084819780982249 230
1739557715078 14.055774593499672 231
1739557715087 12.471893502085644 232
1739557715095 10.96626136176508 233
1739557715104 10.0794627511347 234
1739557715112 8.757647515254629 235
1739557715120 13.791448174518091 236
1739557715129 14.993666497643037 237
1739557715137 9.631639207167195 238
1739557715145 9.788653251337436 239
1739557715153 12.491664976229451 240
1739557715162 11.504094147968715 241
1739557715170 11.99076676136333 242
1739557715179 10.183710274555972 243
1739557715187 9.497475590157732 244
1739557715195 7.181786229033641 245
1739557715204 11.618047321423605 246
1739557715212 13.095241024263968 247
1739557715220 12.059785360294734 248
1739557715228 11.784478593949327 249
1739557715237 9.824297446803625 250
1739557715245 7.601381757826801 251
1739557715254 10.955054538515556 252
1739557715262 12.371792819766211 253
1739557715270 13.891030263788434 254
1739557715279 13.823997500952599 255
1739557715287 12.335293223452684 256
1739557715296 11.10649031840768 257
1739557715304 15.190230688125137 258
1739557715312 11.870275035447335 259
1739557715321 10.563881818140826 260
1739557715329 10.265954511550662 261
1739557715337 8.583049420699904 262
1739557715346 12.328090747617853 263
1739557715354 12.84667223868957 264
1739557715392 14.114665018380544 265
1739557715402 12.90668320767628 266
1739557715412 11.525436647398434 267
1739557715421 11.324564639543624 268
1739557715430 13.023799748486919 269
1739557715439 15.932566628883029 270
1739557715448 11.599107206392784 271
1739557715458 13.537089347944312 272
1739557715467 10.739724930925467 273
1739557715475 12.997569159832969 274
1739557715484 11.016685731672087 275
1739557715493 10.002765682252388 276
1739557715504 12.841945314360823 277
1739557715515 7.191848882251706 278
1739557715525 14.58092539628292 279
1739557715534 10.147971683185348 280
1739557715544 12.576117775497817 281
1739557715553 15.0691310997461 282
1739557715562 16.652900059136538 283
1739557715571 6.984135098557444 284
1739557715580 13.741650084142742 285
1739557715589 13.787170507879313 286
1739557715598 13.582146481829822 287
1739557715607 8.93108355716224 288
1739557715616 9.89727624989165 289
1739557715625 10.38086432212375 290
1739557715634 16.445773945695258 291
1739557715642 9.485270051922198 292
1739557715651 9.698597427097924 293
1739557715660 14.909618466280026 294
1739557715669 13.250987607540909 295
1739557715678 15.038738317391504 296
1739557715687 11.489296877289634 297
1739557715696 11.81493621568372 298
1739557715705 13.796123279346478 299
1739557715714 8.520804335348132 300
1739557715723 16.915612792581197 301
1739557715732 12.377583853897471 302
1739557715741 7.698251782155151 303
1739557715750 9.168488690488307 304
1739557715759 18.89214446398282 305
1739557715767 11.356802536889154 306
1739557715776 9.423379957451692 307
1739557715785 11.71700467266661 308
1739557715793 15.758366591083178 309
1739557715802 14.490058148251018 310
1739557715811 16.110091259516263 311
1739557715819 14.360872856896364 312
1739557715827 11.5972375661985 313
1739557715835 9.843037696101588 314
1739557715843 13.101469075038885 315
1739557715852 9.229037359374503 316
1739557715861 14.737695960689102 317
1739557715869 10.557192722889754 318
1739557715877 11.01177902786318 319
1739557715886 14.29038281501373 320
1739557715895 14.493791780210449 321
1739557715903 9.17776405012286 322
1739557715911 12.258779323762958 323
1739557715919 18.273368990077895 324
1739557715928 10.952263170993147 325
1739557715936 10.205391129066685 326
1739557715945 10.926018917948147 327
1739557715953 14.738688296879513 328
1739557715961 13.55266839790516 329
1739557715969 10.757465098275153 330
1739557715977 12.058454901255995 331
1739557715986 13.40307016100833 332
1739557715994 15.69892996477549 333
1739557716003 13.291770239228175 334
1739557716011 12.05901103672965 335
1739557716019 12.16565136918999 336
1739557716027 14.930836194303138 337
1739557716036 10.733878143306356 338
1739557716045 11.697565035120792 339
1739557716053 12.447109823816271 340
1739557716062 14.67717523789254 341
1739557716075 11.74283347684106 342
1739557716085 11.683183245392293 343
1739557716094 12.052545209061362 344
1739557716102 16.603618021817105 345
1739557716111 15.953889340674342 346
1739557716120 10.115293031506628 347
1739557716128 12.960789528505952 348
1739557716136 11.284603723001352 349
1739557716144 10.156794806618976 350
1739557716153 14.122538998318582 351
1739557716161 13.29721142618357 352
1739557716169 8.404686051988097 353
1739557716178 14.330913488882262 354
1739557716186 14.555281296707934 355
1739557716194 14.512669747055458 356
1739557716207 10.49795501057937 357
1739557716216 9.967099234515937 358
1739557716225 12.925342652881168 359
1739557716234 10.739803104472848 360
1739557716243 12.165889608858109 361
1739557716253 9.756833942412431 362
1739557716261 9.459844641158965 363
1739557716270 10.06385433857403 364
1739557716279 10.489334076995247 365
1739557716287 7.586681785587082 366
1739557716296 15.802022615267859 367
1739557716304 15.068215982280623 368
1739557716313 12.549966603288093 369
1739557716321 9.115348373741371 370
1739557716329 9.411668741730647 371
1739557716338 13.212722612001473 372
1739557716346 11.716677670056999 373
1739557716354 11.094437900862628 374
1739557716364 8.80002221003413 375
1739557716372 12.809565034794623 376
1739557716381 7.503103922496728 377
1739557716389 11.75481682075557 378
1739557716398 15.643417204021 379
1739557716407 11.744891158189743 380
1739557716416 9.879027339970193 381
1739557716424 13.534505191792576 382
1739557716432 13.511593230806405 383
1739557716441 12.031875673451863 384
1739557716450 16.886303804461637 385
1739557716458 16.155214167008413 386
1739557716467 16.119340287497653 387
1739557716475 10.628494686999284 388
1739557716483 11.304507670753186 389
1739557716491 13.52451009423833 390
1739557716500 12.774530483840817 391
1739557716509 11.552928759402986 392
1739557716517 13.096473514516697 393
1739557716526 11.401546169533903 394
1739557716534 9.438123154561763 395
1739557716542 11.54703773212799 396
1739557716551 7.63566309829654 397
1739557716559 8.218601734547116 398
1739557716567 14.269698489664059 399
1739557716576 9.257018655615509 400
1739557716584 11.866994382451137 401
1739557716593 14.823171410049927 402
1739557716601 13.033376350615224 403
1739557716609 15.72932788099438 404
1739557716617 12.36422227082141 405
1739557716626 12.253264188425812 406
1739557716635 9.381630670106595 407
1739557716643 13.22469430998051 408
1739557716651 14.238101332559708 409
1739557716660 8.554086081982382 410
1739557716668 9.66334586090622 411
1739557716677 11.83885785772844 412
1739557716685 8.66932010282014 413
1739557716693 10.592335341697218 414
1739557716701 9.889834135444602 415
1739557716710 15.546892551645238 416
1739557716719 10.675214381932046 417
1739557716728 11.283039944362345 418
1739557716736 15.937022552133232 419
1739557716744 10.66586649804958 420
1739557716752 11.016763246123135 421
1739557716760 13.710194235488965 422
1739557716769 9.711060449741279 423
1739557716777 14.400751320614184 424
1739557716786 11.138412115226016 425
1739557716794 12.505804629420993 426
1739557716802 14.88054612793793 427
1739557716810 13.473199371641618 428
1739557716819 11.216043539898287 429
1739557716828 14.935442654050853 430
1739557716836 9.236318231273026 431
1739557716844 15.329121599991467 432
1739557716852 14.855615915318019 433
1739557716860 13.684967584660445 434
1739557716869 7.974744220134447 435
1739557716878 13.11868436328673 436
1739557716888 9.905837028541177 437
1739557716897 9.247817832802259 438
1739557716906 9.90878433679353 439
1739557716916 9.528142370769281 440
1739557716925 11.937120531550741 441
1739557716934 12.23724770508016 442
1739557716943 11.280302123400473 443
1739557716951 6.262578143052441 444
1739557716960 11.104625933531873 445
1739557716968 14.99841641436374 446
1739557716977 10.263280495010902 447
1739557716985 12.312226932909448 448
1739557716997 11.123950255665696 449
1739557717006 13.838698838654453 450
1739557717016 12.2756660363038 451
1739557717025 8.27817230080177 452
1739557717034 12.054714767791577 453
1739557717043 10.734495304488442 454
1739557717052 13.330729752512177 455
1739557717061 10.704049256196976 456
1739557717069 11.648116492849935 457
1739557717080 12.465243180884071 458
1739557717088 16.88898386464922 459
1739557717097 10.297135819359696 460
1739557717105 16.497974097325432 461
1739557717113 11.303409819257245 462
1739557717121 12.416574283405302 463
1739557717130 11.754967941959285 464
1739557717138 9.875905432072221 465
1739557717147 6.9362884438722645 466
1739557717156 11.750674699160111 467
1739557717164 9.907050807243616 468
1739557717173 8.975720122188495 469
1739557717181 13.802529073520843 470
1739557717189 12.861287426514734 471
1739557717197 10.98198580734888 472
1739557717206 14.961692950891454 473
1739557717214 12.451990228303284 474
1739557717222 12.82622390960945 475
1739557717231 11.071176040221191 476
1739557717239 8.02536570719975 477
1739557717247 10.02574131164926 478
1739557717256 12.291905679240445 479
1739557717265 13.882068848585327 480
1739557717273 14.25585984932019 481
1739557717281 9.829648458270793 482
1739557717289 11.529099104042302 483
1739557717298 12.744670945694674 484
1739557717306 9.285133176630822 485
1739557717314 13.12040623864454 486
1739557717322 15.420780149492991 487
1739557717331 9.93287401905563 488
1739557717339 17.695121513923983 489
1739557717347 8.657951150617276 490
1739557717356 14.623701237128076 491
1739557717364 15.016784661615267 492
1739557717373 14.226350270272393 493
1739557717381 14.555562228347162 494
1739557717389 14.22203059823401 495
1739557717398 11.343340144694341 496
1739557717406 19.01158162411882 497
1739557717415 14.707009917977599 498
1739557717424 10.58943062427058 499
