1739557996834 169.6210407770955 0
1739557996843 169.4877158870233 1
1739557996852 169.35450406116365 2
1739557996861 169.22140520362277 3
1739557996870 169.08841921858834 4
1739557996879 168.9555460103293 5
1739557996887 168.82278548319567 6
1739557996895 168.69013754161872 7
1739557996904 168.5576020901107 8
1739557996912 168.42517903326484 9
1739557996920 168.29286827575535 10
1739557996928 168.16066972233725 11
1739557996936 168.0285832778464 12
1739557996944 167.8966088471992 13
1739557996952 167.7647463353929 14
1739557996960 167.63299564750525 15
1739557996967 167.50135668869441 16
1739557996976 167.36982936419915 17
1739557996984 167.2384135793385 18
1739557996992 167.10710923951177 19
1739557997000 166.97591625019857 20
1739557997009 166.84483451695874 21
1739557997017 166.71386394543202 22
1739557997026 166.58300444133837 23
1739557997034 166.4522559104776 24
1739557997042 166.32161825872947 25
1739557997050 166.1910913920535 26
1739557997058 166.0606752164891 27
1739557997066 165.9303696381552 28
1739557997074 165.80017456325052 29
1739557997082 165.67008989805325 30
1739557997090 165.54011554892105 31
1739557997098 165.41025142229103 32
1739557997106 165.28049742467965 33
1739557997114 165.1508534626827 34
1739557997122 165.0213194429751 35
1739557997130 164.89189527231102 36
1739557997138 164.76258085752366 37
1739557997147 164.6333761055252 38
1739557997155 164.50428092330685 39
1739557997162 164.37529521793869 40
1739557997170 164.24641889656957 41
1739557997179 164.11765186642708 42
1739557997187 163.98899403481764 43
1739557997195 163.86044530912608 44
1739557997203 163.73200559681592 45
1739557997211 163.60367480542914 46
1739557997219 163.4754528425861 47
1739557997227 163.3473396159855 48
1739557997235 163.2193350334044 49
1739557997243 163.09143900269805 50
1739557997250 162.9636514317998 51
1739557997258 162.83597222872106 52
1739557997266 162.70840130155142 53
1739557997274 162.5809385584583 54
1739557997282 162.45358390768695 55
1739557997292 162.3263372575606 56
1739557997301 162.19919851648012 57
1739557997309 162.0721675929241 58
1739557997317 161.94524439544878 59
1739557997325 161.81842883268789 60
1739557997333 161.6917208133527 61
1739557997341 161.56512024623188 62
1739557997349 161.43862704019153 63
1739557997357 161.31224110417494 64
1739557997365 161.18596234720263 65
1739557997374 161.05979067837248 66
1739557997383 160.9337260068592 67
1739557997391 160.80776824191474 68
1739557997399 160.6819172928678 69
1739557997407 160.5561730691242 70
1739557997415 160.4305354801665 71
1739557997423 160.305004435554 72
1739557997431 160.17957984492276 73
1739557997439 160.05426161798547 74
1739557997447 159.92904966453142 75
1739557997456 159.8039438944263 76
1739557997465 159.67894421761233 77
1739557997472 159.5540505441082 78
1739557997480 159.42926278400876 79
1739557997488 159.30458084748523 80
1739557997497 159.18000464478487 81
1739557997505 159.0555340862312 82
1739557997512 158.93116908222376 83
1739557997520 158.8069095432381 84
1739557997528 158.68275537982564 85
1739557997536 158.5587065026137 86
1739557997544 158.4347628223054 87
1739557997553 158.3109242496796 88
1739557997563 158.18719069559086 89
1739557997571 158.06356207096925 90
1739557997578 157.9400382868205 91
1739557997586 157.8166192542258 92
1739557997594 157.69330488434161 93
1739557997603 157.57009508839997 94
1739557997611 157.44698977770804 95
1739557997619 157.32398886364822 96
1739557997627 157.20109225767817 97
1739557997636 157.07829987133056 98
1739557997644 156.95561161621308 99
1739557997652 156.8330274040085 100
1739557997660 156.71054714647434 101
1739557997668 156.58817075544306 102
1739557997677 156.46589814282189 103
1739557997684 156.34372922059276 104
1739557997693 156.22166390081227 105
1739557997701 156.09970209561152 106
1739557997709 155.9778437171963 107
1739557997717 155.8560886778467 108
1739557997724 155.73443688991733 109
1739557997732 155.612888265837 110
1739557997740 155.49144271810897 111
1739557997748 155.37010015931057 112
1739557997756 155.2488605020933 113
1739557997764 155.12772365918278 114
1739557997772 155.0066895433786 115
1739557997780 154.88575806755438 116
1739557997793 154.7649291446576 117
1739557997801 154.6442026877096 118
1739557997809 154.5235786098053 119
1739557997817 154.4030568241137 120
1739557997825 154.28263724387705 121
1739557997833 154.16231978241152 122
1739557997841 154.04210435310648 123
1739557997849 153.92199086942503 124
1739557997857 153.80197924490355 125
1739557997865 153.68206939315166 126
1739557997873 153.5622612278525 127
1739557997881 153.44255466276215 128
1739557997889 153.32294961171 129
1739557997898 153.20344598859842 130
1739557997906 153.08404370740297 131
1739557997914 152.96474268217196 132
1739557997922 152.84554282702672 133
1739557997930 152.72644405616145 134
1739557997937 152.60744628384302 135
1739557997946 152.48854942441108 136
1739557997953 152.3697533922779 137
1739557997961 152.25105810192835 138
1739557997969 152.13246346791988 139
1739557997977 152.01396940488235 140
1739557997985 151.895575827518 141
1739557997993 151.77728265060148 142
1739557998001 151.65908978897968 143
1739557998009 151.54099715757178 144
1739557998017 151.42300467136891 145
1739557998025 151.30511224543469 146
1739557998034 151.1873197949043 147
1739557998043 151.06962723498535 148
1739557998051 150.95203448095702 149
1739557998060 150.8345414481705 150
1739557998068 150.7171480520488 151
1739557998076 150.59985420808653 152
1739557998084 150.4826598318502 153
1739557998092 150.36556483897766 154
1739557998101 150.24856914517844 155
1739557998109 150.13167266623364 156
1739557998117 150.0148753179957 157
1739557998125 149.8981770163884 158
1739557998133 149.78157767740683 159
1739557998141 149.66507721711744 160
1739557998149 149.54867555165774 161
1739557998157 149.43237259723645 162
1739557998164 149.31616827013332 163
1739557998172 149.20006248669904 164
1739557998181 149.08405516335543 165
1739557998189 148.968146216595 166
1739557998197 148.85233556298115 167
1739557998204 148.73662311914816 168
1739557998212 148.62100880180083 169
1739557998220 148.50549252771472 170
1739557998228 148.39007421373594 171
1739557998236 148.27475377678115 172
1739557998245 148.15953113383748 173
1739557998252 148.04440620196243 174
1739557998260 147.92937889828383 175
1739557998268 147.81444913999985 176
1739557998277 147.6996168443789 177
1739557998285 147.58488192875956 178
1739557998293 147.47024431055033 179
1739557998301 147.35570390723004 180
1739557998309 147.24126063634733 181
1739557998317 147.12691441552087 182
1739557998325 147.01266516243908 183
1739557998332 146.89851279486038 184
1739557998340 146.78445723061273 185
1739557998348 146.67049838759385 186
1739557998357 146.55663618377122 187
1739557998365 146.44287053718176 188
1739557998372 146.3292013659319 189
1739557998381 146.21562858819766 190
1739557998389 146.10215212222423 191
1739557998397 145.98877188632642 192
1739557998405 145.87548779888812 193
1739557998413 145.76229977836243 194
1739557998421 145.64920774327186 195
1739557998430 145.53621161220767 196
1739557998438 145.4233113038304 197
1739557998446 145.31050673686954 198
1739557998454 145.19779783012348 199
1739557998462 145.0851845024595 200
1739557998470 144.97266667281357 201
1739557998478 144.8602442601907 202
1739557998486 144.74791718366427 203
1739557998494 144.63568536237653 204
1739557998502 144.5235487155382 205
1739557998511 144.4115071624285 206
1739557998519 144.29956062239523 207
1739557998527 144.18770901485445 208
1739557998535 144.0759522592907 209
1739557998543 143.96429027525667 210
1739557998551 143.8527229823734 211
1739557998559 143.74125030033002 212
1739557998567 143.62987214888386 213
1739557998575 143.51858844786022 214
1739557998583 143.40739911715244 215
1739557998591 143.2963040767218 216
1739557998599 143.1853032465975 217
1739557998607 143.07439654687647 218
1739557998615 142.96358389772348 219
1739557998623 142.85286521937104 220
1739557998631 142.7422404321192 221
1739557998639 142.6317094563357 222
1739557998647 142.5212722124558 223
1739557998656 142.41092862098225 224
1739557998664 142.30067860248525 225
1739557998673 142.19052207760225 226
1739557998683 142.08045896703814 227
1739557998695 141.97048919156498 228
1739557998703 141.86061267202209 229
1739557998711 141.75082932931585 230
1739557998719 141.64113908441985 231
1739557998727 141.53154185837457 232
1739557998735 141.42203757228754 233
1739557998743 141.3126261473331 234
1739557998752 141.20330750475262 235
1739557998760 141.09408156585414 236
1739557998768 140.98494825201243 237
1739557998776 140.87590748466897 238
1739557998784 140.76695918533198 239
1739557998797 140.6581032755761 240
1739557998805 140.54933967704252 241
1739557998813 140.44066831143897 242
1739557998821 140.3320891005394 243
1739557998829 140.22360196618436 244
1739557998837 140.11520683028047 245
1739557998845 140.00690361480073 246
1739557998853 139.8986922417842 247
1739557998861 139.7905726333362 248
1739557998869 139.68254471162797 249
1739557998877 139.57460839889686 250
1739557998885 139.4667636174461 251
1739557998893 139.35901028964489 252
1739557998902 139.25134833792822 253
1739557998910 139.14377768479687 254
1739557998917 139.03629825281743 255
1739557998925 138.92890996462202 256
1739557998933 138.82161274290848 257
1739557998942 138.7144065104402 258
1739557998950 138.60729119004606 259
1739557998958 138.5002667046204 260
1739557998966 138.39333297712292 261
1739557998974 138.28648993057874 262
1739557998982 138.17973748807822 263
1739557998990 138.07307557277693 264
1739557998998 137.9665041078956 265
1739557999006 137.86002301672016 266
1739557999014 137.75363222260157 267
1739557999022 137.6473316489557 268
1739557999030 137.54112121926357 269
1739557999038 137.43500085707092 270
1739557999046 137.32897048598844 271
1739557999054 137.22303002969153 272
1739557999062 137.11717941192035 273
1739557999070 137.0114185564798 274
1739557999078 136.90574738723936 275
1739557999087 136.80016582813303 276
1739557999095 136.69467380315942 277
1739557999103 136.58927123638148 278
1739557999111 136.48395805192672 279
1739557999119 136.37873417398686 280
1739557999127 136.27359952681797 281
1739557999135 136.16855403474037 282
1739557999143 136.06359762213856 283
1739557999151 135.9587302134612 284
1739557999160 135.85395173322092 285
1739557999168 135.74926210599452 286
1739557999176 135.6446612564227 287
1739557999184 135.54014910921 288
1739557999192 135.435725589125 289
1739557999200 135.3313906209999 290
1739557999208 135.22714412973082 291
1739557999215 135.1229860402774 292
1739557999224 135.01891627766307 293
1739557999232 134.91493476697482 294
1739557999240 134.8110414333631 295
1739557999248 134.7072362020419 296
1739557999256 134.60351899828868 297
1739557999264 134.49988974744423 298
1739557999272 134.39634837491263 299
1739557999280 134.29289480616126 300
1739557999288 134.18952896672073 301
1739557999296 134.08625078218478 302
1739557999304 133.9830601782103 303
1739557999312 133.87995708051716 304
1739557999320 133.7769414148883 305
1739557999328 133.6740131071696 306
1739557999335 133.57117208326977 307
1739557999343 133.46841826916042 308
1739557999351 133.36575159087593 309
1739557999359 133.2631719745134 310
1739557999367 133.16067934623266 311
1739557999375 133.05827363225606 312
1739557999383 132.95595475886864 313
1739557999391 132.85372265241787 314
1739557999399 132.7515772393138 315
1739557999409 132.64951844602876 316
1739557999417 132.54754619909752 317
1739557999425 132.44566042511715 318
1739557999433 132.34386105074694 319
1739557999441 132.24214800270846 320
1739557999449 132.14052120778535 321
1739557999457 132.0389805928234 322
1739557999465 131.93752608473037 323
1739557999473 131.8361576104761 324
1739557999481 131.73487509709238 325
1739557999489 131.63367847167277 326
1739557999497 131.53256766137275 327
1739557999505 131.43154259340963 328
1739557999514 131.3306031950623 329
1739557999522 131.22974939367148 330
1739557999530 131.12898111663947 331
1739557999538 131.02829829143002 332
1739557999546 130.9277008455686 333
1739557999554 130.827188706642 334
1739557999562 130.7267618022985 335
1739557999570 130.62642006024774 336
1739557999578 130.5261634082606 337
1739557999586 130.42599177416935 338
1739557999594 130.32590508586733 339
1739557999602 130.22590327130914 340
1739557999610 130.1259862585104 341
1739557999618 130.02615397554789 342
1739557999626 129.92640635055926 343
1739557999635 129.8267433117432 344
1739557999643 129.7271647873593 345
1739557999651 129.62767070572792 346
1739557999659 129.5282609952303 347
1739557999667 129.4289355843084 348
1739557999677 129.3296944014648 349
1739557999685 129.23053737526283 350
1739557999692 129.13146443432632 351
1739557999701 129.03247550733965 352
1739557999710 128.9335705230478 353
1739557999718 128.83474941025597 354
1739557999726 128.73601209782996 355
1739557999734 128.63735851469576 356
1739557999742 128.5387885898397 357
1739557999750 128.44030225230827 358
1739557999759 128.34189943120825 359
1739557999766 128.2435800557065 360
1739557999774 128.1453440550299 361
1739557999782 128.04719135846543 362
1739557999791 127.94912189536001 363
1739557999804 127.85113559512048 364
1739557999812 127.75323238721353 365
1739557999820 127.65541220116579 366
1739557999828 127.55767496656351 367
1739557999836 127.46002061305273 368
1739557999844 127.36244907033917 369
1739557999852 127.26496026818813 370
1739557999860 127.16755413642453 371
1739557999869 127.07023060493276 372
1739557999877 126.97298960365671 373
1739557999885 126.87583106259966 374
1739557999893 126.77875491182427 375
1739557999901 126.68176108145255 376
1739557999910 126.58484950166572 377
1739557999918 126.48802010270421 378
1739557999926 126.39127281486772 379
1739557999934 126.2946075685149 380
1739557999942 126.19802429406364 381
1739557999950 126.10152292199069 382
1739557999958 126.0051033828319 383
1739557999966 125.90876560718193 384
1739557999974 125.81250952569437 385
1739557999983 125.71633506908155 386
1739557999991 125.6202421681147 387
1739557999999 125.5242307536236 388
1739558000007 125.42830075649684 389
1739558000015 125.33245210768155 390
1739558000023 125.23668473818341 391
1739558000031 125.14099857906668 392
1739558000039 125.04539356145403 393
1739558000047 124.94986961652658 394
1739558000055 124.85442667552384 395
1739558000064 124.75906466974355 396
1739558000072 124.66378353054182 397
1739558000080 124.56858318933291 398
1739558000088 124.47346357758929 399
1739558000097 124.37842462684154 400
1739558000105 124.28346626867828 401
1739558000113 124.18858843474622 402
1739558000122 124.09379105674998 403
1739558000130 123.99907406645211 404
1739558000140 123.90443739567309 405
1739558000148 123.80988097629115 406
1739558000156 123.71540474024238 407
1739558000165 123.62100861952051 408
1739558000173 123.52669254617699 409
1739558000181 123.43245645232089 410
1739558000189 123.3383002701189 411
1739558000197 123.24422393179522 412
1739558000205 123.1502273696315 413
1739558000213 123.05631051596683 414
1739558000221 122.96247330319773 415
1739558000229 122.86871566377806 416
1739558000237 122.77503753021887 417
1739558000245 122.68143883508858 418
1739558000253 122.58791951101271 419
1739558000261 122.49447949067397 420
1739558000269 122.40111870681214 421
1739558000277 122.30783709222406 422
1739558000285 122.21463457976354 423
1739558000293 122.12151110234137 424
1739558000301 122.02846659292527 425
1739558000310 121.93550098453971 426
1739558000318 121.84261421026609 427
1739558000325 121.74980620324246 428
1739558000333 121.65707689666363 429
1739558000342 121.56442622378104 430
1739558000349 121.47185411790282 431
1739558000358 121.37936051239356 432
1739558000366 121.28694534067445 433
1739558000374 121.19460853622309 434
1739558000382 121.10235003257351 435
1739558000390 121.01016976331614 436
1739558000398 120.91806766209773 437
1739558000406 120.82604366262126 438
1739558000414 120.73409769864601 439
1739558000422 120.64222970398738 440
1739558000431 120.55043961251693 441
1739558000439 120.45872735816234 442
1739558000447 120.36709287490723 443
1739558000455 120.27553609679133 444
1739558000463 120.18405695791022 445
1739558000471 120.09265539241541 446
1739558000479 120.00133133451428 447
1739558000487 119.91008471847 448
1739558000495 119.81891547860148 449
1739558000503 119.72782354928334 450
1739558000511 119.63680886494582 451
1739558000519 119.5458713600749 452
1739558000527 119.45501096921195 453
1739558000535 119.36422762695403 454
1739558000542 119.27352126795353 455
1739558000550 119.18289182691831 456
1739558000558 119.09233923861166 457
1739558000566 119.00186343785214 458
1739558000574 118.9114643595136 459
1739558000582 118.82114193852514 460
1739558000590 118.73089610987108 461
1739558000598 118.64072680859078 462
1739558000607 118.55063396977881 463
1739558000615 118.46061752858473 464
1739558000623 118.37067742021311 465
1739558000631 118.28081357992349 466
1739558000639 118.19102594303027 467
1739558000647 118.10131444490278 468
1739558000655 118.01167902096515 469
1739558000663 117.92211960669623 470
1739558000671 117.83263613762963 471
1739558000679 117.74322854935363 472
1739558000687 117.6538967775112 473
1739558000695 117.56464075779976 474
1739558000703 117.47546042597138 475
1739558000711 117.38635571783259 476
1739558000720 117.29732656924435 477
1739558000728 117.20837291612202 478
1739558000736 117.11949469443532 479
1739558000744 117.03069184020828 480
1739558000752 116.9419642895192 481
1739558000761 116.85331197850057 482
1739558000769 116.76473484333907 483
1739558000777 116.67623282027547 484
1739558000785 116.58780584560469 485
1739558000793 116.49945385567555 486
1739558000807 116.411176786891 487
1739558000815 116.32297457570785 488
1739558000823 116.2348471586368 489
1739558000830 116.1467944722424 490
1739558000838 116.05881645314307 491
1739558000846 115.97091303801086 492
1739558000854 115.88308416357167 493
1739558000862 115.79532976660497 494
1739558000871 115.70764978394385 495
1739558000879 115.62004415247507 496
1739558000886 115.5325128091388 497
1739558000895 115.44505569092874 498
1739558000903 115.35767273489203 499
