1739612992412 168.72090282371332 0
1739612992423 165.48321072524973 1
1739612992433 163.8730957241926 2
1739612992444 162.27093529852363 3
1739612992453 160.68619215551394 4
1739612992463 159.11861252877048 5
1739612992472 157.5680030332547 6
1739612992482 156.03417217390356 7
1739612992492 154.51693066908223 8
1739612992502 153.0160914226423 9
1739612992511 151.53146949838703 10
1739612992522 150.06288209482463 11
1739612992531 148.6101485202185 12
1739612992541 147.17309016793124 13
1739612992550 145.75153049205824 14
1739612992569 144.34529498334817 15
1739612992579 142.9542111454068 16
1739612992590 141.5781084711803 17
1739612992600 140.21681841971542 18
1739612992610 138.87017439319283 19
1739612992619 137.53801171423078 20
1739612992628 136.22016760345525 21
1739612992638 134.9164811573342 22
1739612992647 133.62679332627232 23
1739612992656 132.35094689296324 24
1739612992665 131.08878645099654 25
1739612992675 129.84015838371596 26
1739612992684 128.60491084332637 27
1739612992693 127.38289373024628 28
1739612992702 126.17395867270304 29
1739612992712 124.97795900656803 30
1739612992721 123.79474975542864 31
1739612992730 122.62418761089475 32
1739612992739 121.46613091313651 33
1739612992748 120.32043963165083 34
1739612992757 119.18697534625402 35
1739612992766 118.06560122829781 36
1739612992776 116.95618202210596 37
1739612992785 115.85858402662907 38
1739612992794 114.77267507731514 39
1739612992804 113.69832452819277 40
1739612992814 112.63540323416521 41
1739612992823 111.58378353351225 42
1739612992833 110.54333923059768 43
1739612992842 109.5139455787801 44
1739612992851 108.4954792635241 45
1739612992861 107.4878183857102 46
1739612992870 106.49084244514056 47
1739612992880 105.50443232423865 48
1739612992888 104.5284702719401 49
1739612992898 103.562839887773 50
1739612992908 102.60742610612496 51
1739612992917 101.66211518069503 52
1739612992927 100.72679466912817 53
1739612992936 99.80135341783007 54
1739612992947 98.88568154696046 55
1739612992957 97.97967043560229 56
1739612992966 97.08321270710536 57
1739612992976 96.19620221460178 58
1739612992986 95.31853402669161 59
1739612992996 94.45010441329639 60
1739612993005 93.59081083167872 61
1739612993015 92.74055191262626 62
1739612993025 91.89922744679735 63
1739612993034 91.06673837122725 64
1739612993044 90.24298675599265 65
1739612993052 89.42787579103258 66
1739612993062 88.62130977312408 67
1739612993072 87.82319409301068 68
1739612993081 87.03343522268177 69
1739612993090 86.25194070280133 70
1739612993099 85.47861913028416 71
1739612993108 84.71338014601773 72
1739612993117 83.95613442272813 73
1739612993127 83.2067936529885 74
1739612993136 82.46527053736767 75
1739612993146 81.73147877271838 76
1739612993156 81.00533304060231 77
1739612993166 80.28674899585126 78
1739612993177 79.57564325526218 79
1739612993186 78.87193338642493 80
1739612993195 78.175537896681 81
1739612993204 77.48637622221159 82
1739612993214 76.80436871725374 83
1739612993223 76.12943664344273 84
1739612993233 75.46150215927968 85
1739612993242 74.8004883097223 86
1739612993252 74.14631901589767 87
1739612993261 73.49891906493599 88
1739612993271 72.8582140999229 89
1739612993280 72.22413060996998 90
1739612993290 71.5965959204013 91
1739612993300 70.97553818305522 92
1739612993310 70.36088636669972 93
1739612993320 69.75257024755977 94
1739612993330 69.15052039995626 95
1739612993340 68.55466818705395 96
1739612993349 67.96494575171818 97
1739612993360 67.38128600747851 98
1739612993369 66.80362262959838 99
1739612993379 66.23189004624912 100
1739612993393 65.66602342978744 101
1739612993403 65.10595868813512 102
1739612993413 64.55163245625947 103
1739612993422 64.00298208775368 104
1739612993432 63.45994564651571 105
1739612993441 62.92246189852456 106
1739612993450 62.3904703037128 107
1739612993461 61.86391100793432 108
1739612993470 61.34272483502596 109
1739612993480 60.826853278962176 110
1739612993490 60.31623849610144 111
1739612993500 59.810823297523406 112
1739612993519 59.31055114145566 113
1739612993529 58.81536612578925 114
1739612993539 58.32521298068162 115
1739612993549 57.84003706124616 116
1739612993559 57.35978434032719 117
1739612993568 56.88440140135959 118
1739612993578 56.413835431311846 119
1739612993587 55.94803421371164 120
1739612993597 55.486946121753036 121
1739612993606 55.030520111484236 122
1739612993616 54.57870571507501 123
1739612993626 54.13145303416282 124
1739612993636 53.688712733276766 125
1739612993646 53.25043603333839 126
1739612993655 52.81657470523845 127
1739612993664 52.3870810634888 128
1739612993675 51.96190795994836 129
1739612993687 51.5410087776226 130
1739612993698 51.12433742453528 131
1739612993710 50.711848327671895 132
1739612993720 50.30349642699393 133
1739612993731 49.899237169522934 134
1739612993742 49.49902650349377 135
1739612993751 49.10282087257625 136
1739612993761 48.710577210164 137
1739612993770 48.32225293373032 138
1739612993780 47.93780593924979 139
1739612993789 47.55719459568507 140
1739612993804 47.18037773953806 141
1739612993814 46.807314669464674 142
1739612993824 46.437965140952535 143
1739612993833 46.0722893610607 144
1739612993843 45.71024798322087 145
1739612993852 45.351802102099285 146
1739612993862 44.99691324851852 147
1739612993870 44.64554338443853 148
1739612993880 44.297654897996466 149
1739612993888 43.95321059860398 150
1739612993897 43.61217371210214 151
1739612993906 43.27450787597259 152
1739612993915 42.94017713460464 153
1739612993924 42.60914593461764 154
1739612993933 42.28137912023782 155
1739612993943 41.95684192872906 156
1739612993961 41.63549998587693 157
1739612993971 41.317319301525465 158
1739612993980 41.002266265165844 159
1739612993989 40.69030764157658 160
1739612993999 40.38141056651455 161
1739612994008 40.07554254245615 162
1739612994016 39.77267143438818 163
1739612994025 39.47276546564769 164
1739612994035 39.17579321381043 165
1739612994044 38.88172360662706 166
1739612994053 38.5905259180068 167
1739612994062 38.302169764047754 168
1739612994070 38.01662509911368 169
1739612994080 37.73386221195621 170
1739612994089 37.45385172188238 171
1739612994098 37.17656457496672 172
1739612994106 36.90197204030753 173
1739612994115 36.6300457063266 174
1739612994124 36.36075747711217 175
1739612994133 36.09407956880428 176
1739612994142 35.8299845060224 177
1739612994151 35.56844511833439 178
1739612994160 35.30943453676672 179
1739612994169 35.05292619035532 180
1739612994178 34.79889380273639 181
1739612994187 34.54731138877695 182
1739612994195 34.29815325124467 183
1739612994204 34.05139397751632 184
1739612994214 33.807008436324494 185
1739612994223 33.564971774542265 186
1739612994232 33.32525941400508 187
1739612994243 33.08784704836976 188
1739612994254 32.85271064000981 189
1739612994264 32.61982641694709 190
1739612994273 32.38917086981889 191
1739612994282 32.16072074888034 192
1739612994292 31.934453061041687 193
1739612994302 31.71034506693996 194
1739612994311 31.48837427804466 195
1739612994320 31.268518453797007 196
1739612994329 31.05075559878255 197
1739612994338 30.83506395993646 198
1739612994347 30.621422023781356 199
1739612994357 30.409808513697193 200
1739612994365 30.200202387222834 201
1739612994374 29.99258283338891 202
1739612994383 29.7869292700817 203
1739612994397 29.58322134143756 204
1739612994406 29.38143891526759 205
1739612994415 29.181562080512187 206
1739612994425 28.983571144725097 207
1739612994433 28.787446631586732 208
1739612994444 28.593169278446204 209
1739612994453 28.40072003389197 210
1739612994462 28.210080055350605 211
1739612994471 28.021230706713393 212
1739612994480 27.834153555990465 213
1739612994489 27.648830372992126 214
1739612994499 27.46524312703697 215
1739612994508 27.28337398468672 216
1739612994517 27.103205307507174 217
1739612994526 26.92471964985511 218
1739612994534 26.747899756690895 219
1739612994544 26.57272856141635 220
1739612994553 26.399189183737683 221
1739612994562 26.227264927553193 222
1739612994572 26.05693927886541 223
1739612994581 25.888195903717378 224
1739612994590 25.721018646152846 225
1739612994599 25.5553915262001 226
1739612994608 25.391298737879058 227
1739612994616 25.228724647231466 228
1739612994625 25.067653790373896 229
1739612994634 24.908070871573216 230
1739612994643 24.749960761344326 231
1739612994651 24.593308494569964 232
1739612994661 24.438099268642148 233
1739612994669 24.284318441625167 234
1739612994679 24.131951530439785 235
1739612994687 23.98098420906845 236
1739612994696 23.83140230678122 237
1739612994706 23.683191806382172 238
1739612994715 23.536338842476162 239
1739612994724 23.39082969975546 240
1739612994733 23.246650811306285 241
1739612994742 23.103788756934858 242
1739612994751 22.962230261512783 243
1739612994760 22.82196219334156 244
1739612994769 22.68297156253587 245
1739612994777 22.545245519425666 246
1739612994786 22.40877135297662 247
1739612994795 22.273536489228764 248
1739612994804 22.139528489753236 249
1739612994814 22.006735050126746 250
1739612994823 21.87514399842365 251
1739612994831 21.74474329372545 252
1739612994840 21.61552102464743 253
1739612994849 21.48746540788232 254
1739612994858 21.360564786760705 255
1739612994867 21.23480762982804 256
1739612994876 21.110182529438045 257
1739612994885 20.98667820036235 258
1739612994894 20.864283478416088 259
1739612994903 20.742987319099374 260
1739612994912 20.62277879625441 261
1739612994921 20.503647100738007 262
1739612994930 20.38558153910942 263
1739612994939 20.268571532333368 264
1739612994948 20.15260661449779 265
1739612994957 20.03767643154652 266
1739612994966 19.923770740026477 267
1739612994975 19.810879405849256 268
1739612994984 19.69899240306696 269
1739612994993 19.588099812662158 270
1739612995002 19.478191821351672 271
1739612995011 19.369258720404165 272
1739612995020 19.261290904471338 273
1739612995029 19.154278870432467 274
1739612995039 19.048213216252307 275
1739612995048 18.94308463985207 276
1739612995057 18.83888393799338 277
1739612995066 18.735602005175025 278
1739612995075 18.633229832542394 279
1739612995084 18.53175850680943 280
1739612995093 18.43117920919293 281
1739612995102 18.331483214359103 282
1739612995111 18.232661889382197 283
1739612995120 18.134706692715064 284
1739612995129 18.03760917317156 285
1739612995138 17.941360968920563 286
1739612995148 17.845953806491575 287
1739612995157 17.75137949979167 288
1739612995166 17.657629949133753 289
1739612995175 17.564697140275925 290
1739612995184 17.47257314347185 291
1739612995193 17.381250112532026 292
1739612995202 17.29072028389575 293
1739612995211 17.2009759757138 294
1739612995220 17.112009586941486 295
1739612995230 17.02381359644221 296
1739612995238 16.936380562101185 297
1739612995247 16.84970311994937 298
1739612995257 16.763773983297362 299
1739612995266 16.678585941879206 300
1739612995275 16.594131861006044 301
1739612995283 16.510404680729373 302
1739612995292 16.42739741501386 303
1739612995301 16.34510315091971 304
1739612995315 16.263515047794243 305
1739612995324 16.182626336472794 306
1739612995333 16.102430318488683 307
1739612995341 16.022920365292265 308
1739612995350 15.944089917478822 309
1739612995359 15.865932484025327 310
1739612995368 15.788441641535861 311
1739612995377 15.711611033495707 312
1739612995386 15.635434369533884 313
1739612995395 15.55990542469413 314
1739612995404 15.485018038714163 315
1739612995413 15.410766115313205 316
1739612995422 15.33714362148756 317
1739612995430 15.264144586814282 318
1739612995439 15.191763102762733 319
1739612995448 15.119993322013997 320
1739612995457 15.04882945778802 321
1739612995466 14.978265783178454 322
1739612995474 14.908296630495022 323
1739612995483 14.838916390613386 324
1739612995492 14.77011951233242 325
1739612995500 14.701900501738775 326
1739612995509 14.634253921578683 327
1739612995518 14.56717439063688 328
1739612995527 14.500656583122618 329
1739612995536 14.434695228062619 330
1739612995545 14.369285108700957 331
1739612995554 14.304421061905746 332
1739612995562 14.240097977582531 333
1739612995571 14.176310798094393 334
1739612995580 14.113054517688594 335
1739612995589 14.050324181929733 336
1739612995598 13.988114887139364 337
1739612995607 13.926421779841919 338
1739612995615 13.865240056216965 339
1739612995624 13.804564961557608 340
1739612995633 13.744391789735092 341
1739612995642 13.684715882669447 342
1739612995651 13.625532629806116 343
1739612995660 13.566837467598512 344
1739612995669 13.508625878996456 345
1739612995678 13.450893392940383 346
1739612995687 13.39363558386127 347
1739612995696 13.336848071186244 348
1739612995705 13.280526518849753 349
1739612995714 13.22466663481028 350
1739612995723 13.169264170572522 351
1739612995732 13.114314920714962 352
1739612995741 13.059814722422768 353
1739612995750 13.00575945502601 354
1739612995759 12.95214503954302 355
1739612995767 12.898967438228985 356
1739612995776 12.846222654129571 357
1739612995785 12.793906730639648 358
1739612995794 12.742015751066901 359
1739612995803 12.690545838200467 360
1739612995812 12.639493153884349 361
1739612995820 12.588853898595719 362
1739612995829 12.538624311027851 363
1739612995838 12.488800667677909 364
1739612995847 12.439379282439246 365
1739612995856 12.390356506198362 366
1739612995865 12.341728726436383 367
1739612995874 12.29349236683501 368
1739612995884 12.245643886886924 369
1739612995893 12.198179781510557 370
1739612995902 12.151096580669194 371
1739612995911 12.104390848994367 372
1739612995919 12.058059185413432 373
1739612995928 12.012098222781455 374
1739612995937 11.966504627517073 375
1739612995946 11.921275099242541 376
1739612995955 11.876406370427803 377
1739612995963 11.831895206038547 378
1739612995972 11.7877384031882 379
1739612995981 11.74393279079384 380
1739612995990 11.700475229235966 381
1739612995998 11.65736261002206 382
1739612996007 11.614591855453952 383
1739612996016 11.572159918298874 384
1739612996025 11.530063781464227 385
1739612996034 11.488300457675974 386
1739612996043 11.446866989160624 387
1739612996052 11.405760447330785 388
1739612996062 11.364977932474229 389
1739612996071 11.324516573446466 390
1739612996080 11.284373527366675 391
1739612996089 11.244545979317124 392
1739612996098 11.205031142045847 393
1739612996107 11.165826255672751 394
1739612996116 11.126928587398936 395
1739612996125 11.088335431219246 396
1739612996134 11.050044107638076 397
1739612996143 11.012051963388307 398
1739612996152 10.974356371153407 399
1739612996161 10.936954729292596 400
1739612996170 10.899844461569097 401
1739612996179 10.863023016881408 402
1739612996188 10.826487868997546 403
1739612996197 10.79023651629227 404
1739612996207 10.754266481487248 405
1739612996216 10.71857531139405 406
1739612996225 10.683160576660047 407
1739612996234 10.648019871517144 408
1739612996243 10.613150813533261 409
1739612996253 10.578551043366582 410
1739612996262 10.544218224522593 411
1739612996270 10.510150043113725 412
1739612996280 10.476344207621718 413
1739612996289 10.442798448662648 414
1739612996298 10.409510518754466 415
1739612996308 10.376478192087205 416
1739612996317 10.343699264295662 417
1739612996326 10.3111715522347 418
1739612996334 10.278892893756895 419
1739612996344 10.246861147492762 420
1739612996353 10.215074192633343 421
1739612996364 10.183529928715263 422
1739612996375 10.152226275408074 423
1739612996384 10.121161172304022 424
1739612996393 10.090332578710143 425
1739612996405 10.059738473442573 426
1739612996414 10.029376854623212 427
1739612996423 9.999245739478598 428
1739612996432 9.969343164140975 429
1739612996441 9.939667183451633 430
1739612996450 9.910215870766306 431
1739612996460 9.880987317762818 432
1739612996469 9.851979634250759 433
1739612996479 9.823190947983331 434
1739612996490 9.794619404471208 435
1739612996500 9.766263166798488 436
1739612996510 9.738120415440632 437
1739612996521 9.710189348084434 438
1739612996531 9.682468179449929 439
1739612996540 9.654955141114309 440
1739612996549 9.627648481337724 441
1739612996558 9.600546464891048 442
1739612996567 9.573647372885482 443
1739612996576 9.546949502604024 444
1739612996585 9.520451167334851 445
1739612996594 9.494150696206473 446
1739612996602 9.468046434024682 447
1739612996611 9.442136741111323 448
1739612996620 9.416419993144814 449
1739612996630 9.390894581002403 450
1739612996638 9.365558910604175 451
1739612996647 9.340411402758726 452
1739612996656 9.315450493010541 453
1739612996665 9.290674631489054 454
1739612996673 9.266082282759337 455
1739612996682 9.241671925674432 456
1739612996691 9.21744205322926 457
1739612996700 9.193391172416177 458
1739612996708 9.169517804082037 459
1739612996717 9.145820482786895 460
1739612996726 9.12229775666415 461
1739612996735 9.098948187282305 462
1739612996744 9.075770349508172 463
1739612996753 9.052762831371576 464
1739612996762 9.02992423393154 465
1739612996770 9.00725317114391 466
1739612996779 8.98474826973042 467
1739612996788 8.9624081690492 468
1739612996797 8.940231520966668 469
1739612996806 8.918216989730794 470
1739612996815 8.896363251845775 471
1739612996824 8.874668995948051 472
1739612996833 8.853132922683649 473
1739612996841 8.8317537445869 474
1739612996850 8.810530185960385 475
1739612996859 8.789460982756284 476
1739612996867 8.768544882458931 477
1739612996876 8.74778064396865 478
1739612996885 8.727167037486863 479
1739612996893 8.706702844402452 480
1739612996902 8.686386857179318 481
1739612996911 8.666217879245131 482
1739612996920 8.64619472488134 483
1739612996928 8.626316219114331 484
1739612996937 8.606581197607754 485
1739612996945 8.586988506556027 486
1739612996954 8.567537002578977 487
1739612996962 8.548225552617604 488
1739612996971 8.529053033830976 489
1739612996980 8.510018333494225 490
1739612996989 8.491120348897658 491
1739612996998 8.472357987246916 492
1739612997007 8.45373016556424 493
1739612997015 8.435235810590765 494
1739612997025 8.41687385868987 495
1739612997034 8.398643255751583 496
1739612997042 8.38054295709797 497
1739612997051 8.362571927389595 498
1739612997061 8.344729140532895 499
