1739615549348 167.16376768288814 0
1739615549394 175.4050435526682 1
1739615549410 168.4086938095456 2
1739615549423 166.47711469906454 3
1739615549435 164.11292403788903 4
1739615549448 165.44565078097645 5
1739615549460 159.82191567368463 6
1739615549473 162.1288367713031 7
1739615549484 162.7261813858192 8
1739615549496 165.87644600189032 9
1739615549508 162.43095924009577 10
1739615549522 162.5039310818198 11
1739615549533 170.99776046139087 12
1739615549546 165.19967373376878 13
1739615549558 163.84591053980742 14
1739615549571 162.41370644630467 15
1739615549583 158.63204160759076 16
1739615549595 161.7753123765508 17
1739615549607 158.78136867568415 18
1739615549619 160.54941989041495 19
1739615549631 159.25573739850196 20
1739615549643 155.97831341688655 21
1739615549656 158.20435928190446 22
1739615549667 160.889148424371 23
1739615549679 159.44946357677605 24
1739615549691 155.96753342523522 25
1739615549702 155.13645105906994 26
1739615549724 160.56890096289223 27
1739615549737 157.67088971377353 28
1739615549748 154.32464686367726 29
1739615549761 153.50031515484235 30
1739615549773 152.35560747687495 31
1739615549786 151.18062139179506 32
1739615549797 151.58040527893476 33
1739615549809 156.14670825541575 34
1739615549821 154.06932305611335 35
1739615549832 151.93868262034923 36
1739615549845 149.53360585807997 37
1739615549856 154.1845045314736 38
1739615549868 149.27323213890878 39
1739615549883 149.32213374685728 40
1739615549895 146.36839713420432 41
1739615549907 150.21545498558996 42
1739615549918 151.0029506127803 43
1739615549931 147.33012716424918 44
1739615549943 147.10320543596697 45
1739615549955 145.39370066568506 46
1739615549968 151.73577680547854 47
1739615549982 145.69807816103517 48
1739615549993 144.37068324527348 49
1739615550007 148.82877148160372 50
1739615550019 145.48745250947414 51
1739615550031 144.79264722615076 52
1739615550043 145.96175230968575 53
1739615550054 143.47340007123594 54
1739615550067 144.94286393407043 55
1739615550080 141.7201871045911 56
1739615550093 143.4692808520014 57
1739615550105 146.03057555804224 58
1739615550117 141.64854147991525 59
1739615550130 140.32124475611673 60
1739615550143 141.93162099125541 61
1739615550155 145.04674314700551 62
1739615550166 138.41633404206164 63
1739615550179 137.07484761875097 64
1739615550191 139.57350792339219 65
1739615550203 140.17031513645614 66
1739615550215 142.80428913162248 67
1739615550228 137.1246257538638 68
1739615550241 138.98883041928255 69
1739615550253 136.8969180495694 70
1739615550265 137.56395605452533 71
1739615550278 142.31174132161615 72
1739615550291 137.0077363441792 73
1739615550302 137.12891009088548 74
1739615550315 133.44116941580546 75
1739615550327 134.9804820548657 76
1739615550340 137.5813010830646 77
1739615550351 136.02935485245342 78
1739615550365 136.06142598206026 79
1739615550378 133.79635424947452 80
1739615550389 132.99630090693626 81
1739615550401 134.2687959793401 82
1739615550413 132.4478781890558 83
1739615550425 135.33408490135665 84
1739615550437 133.10724092030824 85
1739615550448 134.1136386842485 86
1739615550460 133.80658007134832 87
1739615550472 131.54488459772952 88
1739615550483 134.15036667100426 89
1739615550496 129.06971490059183 90
1739615550508 131.3856688134425 91
1739615550521 127.93012339188161 92
1739615550532 130.66876485808615 93
1739615550545 131.39887622935558 94
1739615550558 127.81001567208853 95
1739615550570 126.13086285846138 96
1739615550582 126.56308669957777 97
1739615550594 126.10632955358214 98
1739615550606 130.0680398796082 99
1739615550617 130.0114041167763 100
1739615550629 125.26270215433827 101
1739615550641 126.76604176241526 102
1739615550653 125.32824094346753 103
1739615550664 126.66279691412853 104
1739615550676 125.079483627204 105
1739615550688 123.2832279992415 106
1739615550700 125.4707770990383 107
1739615550721 125.93029399074429 108
1739615550733 124.11126804323128 109
1739615550745 122.88424693359413 110
1739615550758 123.45587002599794 111
1739615550771 123.48621276831268 112
1739615550783 122.3748550032662 113
1739615550796 122.9602113031528 114
1739615550808 122.76450415950775 115
1739615550821 120.80135243615611 116
1739615550833 121.26570451418496 117
1739615550845 122.85428287875014 118
1739615550857 117.23950973045591 119
1739615550870 116.27785414150057 120
1739615550882 123.46573860630325 121
1739615550896 116.0992037945749 122
1739615550909 123.70675211555317 123
1739615550921 116.07514472923276 124
1739615550934 117.87929750073263 125
1739615550946 119.72043124879767 126
1739615550958 118.41420886770267 127
1739615550971 120.59201050398056 128
1739615550984 113.27545221881465 129
1739615550995 114.59570092063974 130
1739615551007 113.4233069427433 131
1739615551019 112.87581885348801 132
1739615551031 118.34652514314057 133
1739615551044 113.748028951784 134
1739615551056 114.54945644325791 135
1739615551069 116.56478373304692 136
1739615551081 117.0610598757465 137
1739615551093 115.41787001619069 138
1739615551107 112.75426360126866 139
1739615551122 112.94545119389218 140
1739615551133 109.9433900005313 141
1739615551145 112.15251076444747 142
1739615551157 113.45821066152206 143
1739615551169 114.69328434397528 144
1739615551182 109.758924904528 145
1739615551194 113.54761142130846 146
1739615551207 109.59857698928307 147
1739615551218 110.10265386627007 148
1739615551230 112.6244184192408 149
1739615551242 110.55701975858774 150
1739615551255 112.42904447711463 151
1739615551266 112.52065459389354 152
1739615551279 109.14815804322966 153
1739615551292 106.80931939116124 154
1739615551304 113.1924643041269 155
1739615551317 107.63906445170696 156
1739615551330 110.9802411900174 157
1739615551343 106.47588654266983 158
1739615551355 107.75849662813617 159
1739615551367 106.7119793622675 160
1739615551380 110.05779121552698 161
1739615551394 110.02178105250586 162
1739615551407 106.25498386028079 163
1739615551420 103.33743840992203 164
1739615551433 105.75138826400776 165
1739615551446 106.23717127670609 166
1739615551460 107.87254895538618 167
1739615551471 108.00333836027443 168
1739615551483 109.14257081574442 169
1739615551495 103.07834169906936 170
1739615551507 106.8970709921921 171
1739615551519 104.71185921855091 172
1739615551532 104.92436971816515 173
1739615551545 100.99407361371372 174
1739615551566 100.20968868026276 175
1739615551579 100.67007960211522 176
1739615551591 100.67603293562676 177
1739615551605 105.58106774374792 178
1739615551617 104.49680949554076 179
1739615551630 102.34640958727888 180
1739615551643 103.39495272516692 181
1739615551655 101.57417968637519 182
1739615551667 100.25841000499813 183
1739615551678 101.02537314883851 184
1739615551690 98.93231750438787 185
1739615551702 98.9982845379135 186
1739615551714 101.95266342957277 187
1739615551726 99.20226768447866 188
1739615551738 101.74381642511153 189
1739615551751 100.7781448269434 190
1739615551763 101.74677349822488 191
1739615551775 98.96246512276036 192
1739615551787 99.54596556133532 193
1739615551800 100.61035137857314 194
1739615551812 95.51047296588868 195
1739615551825 98.70844743656444 196
1739615551838 98.41535479180993 197
1739615551851 97.75304571071663 198
1739615551864 98.6576368706507 199
1739615551877 95.73313466670581 200
1739615551893 102.17102642866884 201
1739615551906 98.32995413980497 202
1739615551917 93.74394864285523 203
1739615551929 96.14766389709678 204
1739615551941 93.88964231978798 205
1739615551953 97.387138520249 206
1739615551965 96.68679389375166 207
1739615551977 93.76505217008189 208
1739615551988 97.56168776875025 209
1739615552000 96.47592794409248 210
1739615552012 93.3100309764166 211
1739615552024 93.43258536419998 212
1739615552036 94.0342849489424 213
1739615552048 93.70055122211033 214
1739615552060 95.85671631872376 215
1739615552071 91.96877635122864 216
1739615552083 95.97803403997752 217
1739615552096 93.06304423158487 218
1739615552108 89.3610572116639 219
1739615552120 95.05828797130008 220
1739615552132 92.97945908180336 221
1739615552144 90.68415629875639 222
1739615552155 92.29106003906877 223
1739615552167 92.14224215042405 224
1739615552179 88.9442673674466 225
1739615552193 95.74624069786255 226
1739615552205 92.79414695427704 227
1739615552216 92.257063897293 228
1739615552228 90.70128978043698 229
1739615552240 86.24594009403775 230
1739615552252 89.50108309610587 231
1739615552264 93.87023234114587 232
1739615552276 91.47461066584816 233
1739615552288 87.23383711144353 234
1739615552299 86.23661070781627 235
1739615552311 90.49179377149241 236
1739615552324 91.00709343036377 237
1739615552335 89.39765982067657 238
1739615552347 89.97891162525497 239
1739615552359 86.17989159003022 240
1739615552371 87.81021498375779 241
1739615552384 85.37854337078335 242
1739615552397 86.25082554353207 243
1739615552409 90.04490796464268 244
1739615552422 84.40428957290301 245
1739615552435 85.94720594518944 246
1739615552447 84.83232530079086 247
1739615552468 83.93143924364776 248
1739615552480 83.95310275239673 249
1739615552493 82.84738238120558 250
1739615552506 84.29424278740942 251
1739615552519 84.30278610836903 252
1739615552531 88.45884788996511 253
1739615552543 83.14678178374966 254
1739615552555 84.52213226789225 255
1739615552567 79.76362172525796 256
1739615552579 84.3587203208442 257
1739615552591 80.81692871046161 258
1739615552603 83.94109423831298 259
1739615552615 83.3356987458643 260
1739615552628 83.25306305591575 261
1739615552641 84.2924327357537 262
1739615552653 81.99414447889039 263
1739615552665 78.59358505465741 264
1739615552677 85.41336612889518 265
1739615552690 84.81780567946944 266
1739615552702 82.31340134993096 267
1739615552714 81.29983016143308 268
1739615552727 85.250364616505 269
1739615552740 84.73944200790365 270
1739615552751 82.2228858814426 271
1739615552763 80.0419049420129 272
1739615552776 82.38777943393698 273
1739615552789 82.14430167454266 274
1739615552800 82.6077352698594 275
1739615552812 82.68772706398472 276
1739615552825 78.98154722401429 277
1739615552837 75.464388438968 278
1739615552849 77.79462011059918 279
1739615552860 80.36740013359874 280
1739615552873 80.01159652133299 281
1739615552885 80.007039645548 282
1739615552899 76.87632684521841 283
1739615552912 73.85302327386549 284
1739615552924 76.06368317994811 285
1739615552936 73.35666521335094 286
1739615552948 82.44680023957939 287
1739615552961 76.94585271960275 288
1739615552974 80.6590604243445 289
1739615552985 82.32038267232211 290
1739615552997 75.63412944753696 291
1739615553010 75.38978581878918 292
1739615553022 78.63115529700305 293
1739615553034 75.87925788376818 294
1739615553046 74.3074114130627 295
1739615553058 75.7135750285308 296
1739615553070 76.76845463418712 297
1739615553082 74.81825188914347 298
1739615553095 76.78766434073817 299
1739615553108 77.67417947265037 300
1739615553119 74.98847022675945 301
1739615553132 75.42778578092192 302
1739615553145 75.62144242547868 303
1739615553158 70.53757151034719 304
1739615553171 73.61271537066357 305
1739615553183 72.84426620037216 306
1739615553196 72.91457598744624 307
1739615553211 74.05024995822086 308
1739615553223 71.96802776688662 309
1739615553236 74.30420280015296 310
1739615553248 70.96977159336664 311
1739615553260 72.47244705018976 312
1739615553272 70.24660306088522 313
1739615553284 71.8837378968001 314
1739615553296 73.72356613151341 315
1739615553308 72.68568292456304 316
1739615553321 72.54208443320202 317
1739615553332 72.97180150008253 318
1739615553344 71.76828378335274 319
1739615553357 68.47271690435745 320
1739615553368 75.40547308657696 321
1739615553380 72.29297518330043 322
1739615553392 74.24055789968001 323
1739615553403 76.46843801949755 324
1739615553416 75.02151497284486 325
1739615553429 65.89482231162974 326
1739615553451 72.40051982495564 327
1739615553463 76.22905215072288 328
1739615553476 70.4229749848827 329
1739615553488 72.16635624179969 330
1739615553500 73.79639765622241 331
1739615553512 69.66955461568686 332
1739615553524 68.47745813859714 333
1739615553536 73.96933304171493 334
1739615553547 74.36735058554883 335
1739615553560 66.67099346696092 336
1739615553572 70.84017907674098 337
1739615553585 68.22327655938344 338
1739615553597 68.50301149664206 339
1739615553609 67.0299856036061 340
1739615553621 72.9207708409773 341
1739615553633 66.37042052420148 342
1739615553645 67.98484556017624 343
1739615553658 66.84789594301597 344
1739615553670 62.815622191372164 345
1739615553683 65.03567137843946 346
1739615553695 65.46323071397464 347
1739615553707 68.48458188086329 348
1739615553719 72.78381582532424 349
1739615553732 66.44139138310915 350
1739615553746 66.71446138381063 351
1739615553763 69.58437671445753 352
1739615553778 71.61143177652839 353
1739615553792 64.226236901382 354
1739615553806 61.61483776890577 355
1739615553819 63.33067467171602 356
1739615553832 66.31641488164243 357
1739615553846 67.03107662582185 358
1739615553860 66.87065840717533 359
1739615553874 68.79680111337457 360
1739615553887 65.64942403479249 361
1739615553900 65.02520820539668 362
1739615553931 72.57895767843037 363
1739615553961 66.15150217610872 364
1739615553974 67.16955409006192 365
1739615553986 60.99407909170322 366
1739615553999 62.192886438850564 367
1739615554012 61.048093406316255 368
1739615554025 63.521684288727045 369
1739615554039 64.24091789118846 370
1739615554051 59.679309178573824 371
1739615554064 61.284887230361974 372
1739615554077 64.92979889798694 373
1739615554090 63.95047417621001 374
1739615554103 63.12575627378506 375
1739615554116 65.71628809712901 376
1739615554130 69.07084387589957 377
1739615554142 63.12322220552207 378
1739615554155 67.43142248762435 379
1739615554167 68.09470593075436 380
1739615554180 62.71031870512941 381
1739615554193 63.55630459706729 382
1739615554206 62.65808625675588 383
1739615554221 62.254739698208915 384
1739615554233 64.40670128032251 385
1739615554246 62.30358757766898 386
1739615554259 60.84300847488758 387
1739615554271 62.44522984318425 388
1739615554283 63.877776261734326 389
1739615554295 62.5893176132871 390
1739615554308 58.7693875222846 391
1739615554320 62.43417967096404 392
1739615554333 60.50049856686842 393
1739615554346 56.12449262596 394
1739615554358 55.48373836570034 395
1739615554370 60.0660001302026 396
1739615554382 61.519495821468055 397
1739615554395 58.82236430118051 398
1739615554408 57.206308091371284 399
1739615554420 55.15955536396547 400
1739615554433 56.76852873229794 401
1739615554446 56.940822732024145 402
1739615554459 57.54127231885921 403
1739615554472 57.08537943443684 404
1739615554483 59.817417714581644 405
1739615554496 60.98023464828627 406
1739615554510 59.17386882381693 407
1739615554523 59.727979496125755 408
1739615554534 53.873700793122815 409
1739615554550 57.47989941792924 410
1739615554564 56.15494458781725 411
1739615554578 57.96614702170264 412
1739615554592 60.80740303018428 413
1739615554606 62.20384091162159 414
1739615554620 57.38162836465742 415
1739615554633 56.93575248507813 416
1739615554646 63.09408072314326 417
1739615554660 58.53689926100431 418
1739615554673 53.98034100211122 419
1739615554685 58.50318144252734 420
1739615554697 56.024222077147186 421
1739615554710 54.68700259600023 422
1739615554731 57.09757031553327 423
1739615554745 54.40089700210935 424
1739615554758 56.37227933840512 425
1739615554771 59.252049544245004 426
1739615554784 50.92018494594594 427
1739615554797 51.419023769257045 428
1739615554810 56.8825120341619 429
1739615554822 54.672219168114445 430
1739615554834 56.34892854394406 431
1739615554846 54.41323177095471 432
1739615554859 51.40770185809875 433
1739615554871 53.89870204577189 434
1739615554884 48.358130959432174 435
1739615554898 52.89072267070229 436
1739615554911 53.83135043718897 437
1739615554925 55.3282276861921 438
1739615554937 54.49456968965046 439
1739615554950 50.670132492135714 440
1739615554963 53.15562772557393 441
1739615554976 52.378574318117806 442
1739615554988 49.5059229029729 443
1739615555000 55.08590129373884 444
1739615555012 53.011185940457175 445
1739615555026 51.23358070404766 446
1739615555042 53.56393967728451 447
1739615555056 51.88969358982915 448
1739615555069 57.62500040951429 449
1739615555082 48.655796712798335 450
1739615555097 51.9355055097216 451
1739615555110 49.52110450302873 452
1739615555124 50.110601364648176 453
1739615555138 55.401726751559856 454
1739615555152 53.85846602524411 455
1739615555167 55.41765479178695 456
1739615555179 49.647888956195395 457
1739615555191 52.79224381199861 458
1739615555203 54.18559538998515 459
1739615555216 55.76226716810255 460
1739615555228 50.29811418706063 461
1739615555241 54.2144365205822 462
1739615555253 49.07008888697707 463
1739615555266 50.36310163822784 464
1739615555279 48.41845737556508 465
1739615555291 53.046397476832304 466
1739615555303 49.62368517407476 467
1739615555315 54.08916343743395 468
1739615555328 53.94698801808542 469
1739615555340 45.79727206669178 470
1739615555352 51.06291447452529 471
1739615555364 47.513705260785684 472
1739615555377 59.59735900743319 473
1739615555390 56.18086085799562 474
1739615555403 53.36082749462642 475
1739615555416 49.04840017580777 476
1739615555428 52.22470165830254 477
1739615555442 44.29099969533032 478
1739615555454 48.59355441047687 479
1739615555467 52.3752792575915 480
1739615555480 47.154502076275904 481
1739615555493 50.25551195298425 482
1739615555506 49.32970900382009 483
1739615555520 54.77015869534984 484
1739615555532 46.28421545702685 485
1739615555546 51.803498433580856 486
1739615555561 44.11661161804376 487
1739615555574 50.583543056596376 488
1739615555587 46.2709590729196 489
1739615555600 54.86787981858891 490
1739615555614 46.34241022575656 491
1739615555626 46.931234111311646 492
1739615555639 49.13772508456348 493
1739615555652 51.721585586217415 494
1739615555664 48.80377199668158 495
1739615555677 54.3143446337666 496
1739615555690 52.568496995809426 497
1739615555703 53.7865766344872 498
1739615555715 50.19228371588488 499
