1739612614148 43.92136661649523 0
1739612614158 16.74552846529217 1
1739612614167 8.95711787097298 2
1739612614177 7.428036672920377 3
1739612614186 5.887491275980017 4
1739612614195 6.882756193648093 5
1739612614204 4.853568185473739 6
1739612614213 6.178644742538443 7
1739612614223 6.398686856726028 8
1739612614231 6.694186517291908 9
1739612614240 5.548845169787436 10
1739612614253 6.251351807327707 11
1739612614262 5.47664793734809 12
1739612614271 5.908901172612956 13
1739612614280 5.917143600735336 14
1739612614289 6.01662103570413 15
1739612614298 5.66377079727799 16
1739612614307 6.275264951683485 17
1739612614316 5.223357384692102 18
1739612614325 4.862387263316037 19
1739612614343 5.409844857282297 20
1739612614355 6.4471375813911616 21
1739612614364 5.711632356195268 22
1739612614373 6.12244763585955 23
1739612614382 4.736784441186714 24
1739612614392 5.7994856473585985 25
1739612614401 5.63086537525908 26
1739612614410 5.085406887767425 27
1739612614419 5.5987001682111766 28
1739612614430 5.603114954267641 29
1739612614441 5.99218044639232 30
1739612614450 4.961417908082688 31
1739612614459 5.722270144867486 32
1739612614468 5.78960425157538 33
1739612614477 6.180487133856234 34
1739612614486 6.748298739346385 35
1739612614494 6.7947430805141735 36
1739612614504 6.434753648860537 37
1739612614513 6.652959444035969 38
1739612614521 6.012106969708407 39
1739612614530 4.949768088511646 40
1739612614539 4.763445903690783 41
1739612614548 5.485946050847091 42
1739612614557 5.250718405036932 43
1739612614565 5.130063579738848 44
1739612614575 5.78067463043732 45
1739612614584 5.552597698890678 46
1739612614592 5.695113580765889 47
1739612614601 5.957460099320483 48
1739612614610 5.433231662242819 49
1739612614619 6.434360939161829 50
1739612614628 5.73532170779939 51
1739612614637 4.779639401537096 52
1739612614646 5.57121229671833 53
1739612614655 6.335978178552105 54
1739612614664 5.816252803033743 55
1739612614673 4.7970755677030965 56
1739612614681 5.563725505962313 57
1739612614690 5.946883308913597 58
1739612614699 5.163299512210512 59
1739612614708 5.813459179258738 60
1739612614717 5.288564531674 61
1739612614725 6.651472999197786 62
1739612614734 5.927588011258899 63
1739612614743 5.473345857288475 64
1739612614752 5.337560716632978 65
1739612614761 6.306049048780371 66
1739612614771 5.385182687453094 67
1739612614780 4.846747432632434 68
1739612614791 6.442415940342405 69
1739612614802 6.535382508164487 70
1739612614812 6.116381679730773 71
1739612614823 5.094978023646032 72
1739612614833 5.437520930399438 73
1739612614842 5.801035557066402 74
1739612614851 5.153957355152558 75
1739612614860 6.37690219836787 76
1739612614870 5.361160528136536 77
1739612614879 5.077589717605021 78
1739612614888 6.642698969946 79
1739612614897 6.072556226179136 80
1739612614906 4.89291073689833 81
1739612614916 5.453552420005411 82
1739612614925 4.959881152581594 83
1739612614933 5.529103401883849 84
1739612614943 4.8910181701635675 85
1739612614952 5.827228408341957 86
1739612614961 5.90843995009258 87
1739612614970 7.22590877394829 88
1739612614980 4.9536879342953934 89
1739612614989 6.574092952129548 90
1739612614998 4.31842490351005 91
1739612615008 5.410435809664625 92
1739612615017 6.437017070010496 93
1739612615027 5.2845508576633575 94
1739612615036 5.492656775962018 95
1739612615045 6.851748508103298 96
1739612615054 5.356927294350529 97
1739612615063 5.114737038304907 98
1739612615072 5.5756088899296055 99
1739612615081 6.640736456561677 100
1739612615090 4.74986244951559 101
1739612615099 5.543011203699733 102
1739612615108 4.952959777137578 103
1739612615117 5.867586129163165 104
1739612615126 5.846534163103191 105
1739612615135 6.01545204890977 106
1739612615144 5.948936620995674 107
1739612615153 4.681998794452196 108
1739612615162 5.717224378489189 109
1739612615171 5.486326670622619 110
1739612615180 5.478063429666892 111
1739612615189 5.614377294938906 112
1739612615198 4.997828829769184 113
1739612615207 5.350620395074389 114
1739612615216 5.897677096812612 115
1739612615224 5.486651516559482 116
1739612615233 5.669341833540365 117
1739612615242 5.601983618880956 118
1739612615254 5.955224982541779 119
1739612615263 4.7339222138875865 120
1739612615272 5.527145627913365 121
1739612615281 4.829902271038312 122
1739612615290 5.136907007212767 123
1739612615299 5.788418635767655 124
1739612615308 4.962125201701809 125
1739612615318 6.208507448539987 126
1739612615327 6.075523633478395 127
1739612615336 6.11132856507547 128
1739612615345 6.143757374618638 129
1739612615354 6.367961394670521 130
1739612615364 5.791379773433107 131
1739612615374 4.935705440346038 132
1739612615383 5.783173354666631 133
1739612615393 6.038904823578862 134
1739612615402 6.132576398124333 135
1739612615412 5.2342210183294045 136
1739612615421 6.050727302113475 137
1739612615430 6.214137535251789 138
1739612615439 5.7630152530010115 139
1739612615448 5.089758964408087 140
1739612615458 5.487109523204041 141
1739612615467 6.4056954431329585 142
1739612615476 5.410353544598974 143
1739612615486 6.115610861950895 144
1739612615495 5.722994356802359 145
1739612615504 6.491017602347665 146
1739612615513 6.905494720106214 147
1739612615522 6.045336405670954 148
1739612615531 5.051881515572402 149
1739612615540 5.546293871515409 150
1739612615549 6.576698349910951 151
1739612615558 6.14348467083693 152
1739612615567 5.216544727012796 153
1739612615576 5.9381404199848475 154
1739612615585 5.355480634779501 155
1739612615594 5.821014296125103 156
1739612615603 5.73641531125555 157
1739612615612 5.776172058165346 158
1739612615621 4.907065095970946 159
1739612615630 5.274524617157151 160
1739612615639 5.4921347472112645 161
1739612615648 6.538438746304912 162
1739612615657 5.432734778687738 163
1739612615666 5.471607713029824 164
1739612615675 5.958951391441856 165
1739612615683 4.949174969373828 166
1739612615692 6.240444979309955 167
1739612615701 6.142166780555878 168
1739612615710 5.970763291258463 169
1739612615719 6.557812558193794 170
1739612615727 5.043562190210351 171
1739612615736 6.523333160316692 172
1739612615745 5.720942220993652 173
1739612615754 6.636119413991899 174
1739612615762 5.746620133381573 175
1739612615771 5.053257486778998 176
1739612615780 5.10834552926543 177
1739612615788 6.092198266228087 178
1739612615797 5.2253015395486395 179
1739612615806 5.680577344172109 180
1739612615814 5.11258178982478 181
1739612615823 5.505468402012627 182
1739612615832 5.060558142166077 183
1739612615841 6.30130722777433 184
1739612615849 5.549739480213766 185
1739612615858 5.586791317859744 186
1739612615867 5.975016228218752 187
1739612615875 6.475397787258608 188
1739612615884 5.22891099502451 189
1739612615893 5.624921900249749 190
1739612615903 5.032885768499007 191
1739612615912 5.489893009428705 192
1739612615920 5.0545094593349935 193
1739612615929 5.130789702386747 194
1739612615938 5.2125003012779985 195
1739612616017 6.909511870128874 196
1739612616034 5.824424120253179 197
1739612616043 5.994006533096621 198
1739612616053 6.098855490581762 199
1739612616064 5.82499356708415 200
1739612616074 5.860821382166712 201
1739612616084 6.654735522530552 202
1739612616094 6.406775078165307 203
1739612616103 5.270828086356312 204
1739612616113 5.546403974242988 205
1739612616123 6.243726605849252 206
1739612616132 5.503420285815211 207
1739612616142 4.638406183069608 208
1739612616151 5.480902939412707 209
1739612616161 4.874434960393636 210
1739612616171 6.153143092544347 211
1739612616181 4.702747166757818 212
1739612616191 6.117201059842722 213
1739612616201 4.877515800081872 214
1739612616211 5.2152765016492575 215
1739612616221 4.545816434832833 216
1739612616230 6.498554397425897 217
1739612616240 4.558089840954615 218
1739612616250 5.572246786687976 219
1739612616262 5.514607992235982 220
1739612616272 5.740393580272517 221
1739612616281 5.67294216596795 222
1739612616291 4.76490170562339 223
1739612616300 5.814365410059233 224
1739612616310 5.3163487066227075 225
1739612616319 5.940070845800243 226
1739612616328 4.5652089538589875 227
1739612616338 6.235415062750581 228
1739612616347 6.449927152042019 229
1739612616357 6.161154383756267 230
1739612616367 5.833630709480891 231
1739612616377 5.516523825641958 232
1739612616386 5.035642221507736 233
1739612616396 6.560532328215219 234
1739612616406 5.405162969111407 235
1739612616415 6.016086707891724 236
1739612616425 5.635506352524806 237
1739612616434 5.023099752125605 238
1739612616443 6.543105923051532 239
1739612616453 6.350717363521392 240
1739612616463 4.9497442298575285 241
1739612616474 5.534970951924295 242
1739612616483 5.803121603703524 243
1739612616493 5.578486545322027 244
1739612616504 6.311709249541138 245
1739612616514 5.2027939294309355 246
1739612616524 5.1694991942534925 247
1739612616534 5.463940417523979 248
1739612616544 6.188428312246439 249
1739612616553 6.295326235003203 250
1739612616563 6.2372676034632315 251
1739612616573 5.038722989352141 252
1739612616582 5.686102177589476 253
1739612616592 5.373513873918755 254
1739612616602 5.223594471641523 255
1739612616612 6.7934417312192465 256
1739612616622 5.765456583810706 257
1739612616631 5.9148411205277025 258
1739612616641 6.326217469490955 259
1739612616650 5.598796103150744 260
1739612616660 5.655052951896235 261
1739612616670 5.63067515950283 262
1739612616680 6.618337644850286 263
1739612616689 5.710042594512628 264
1739612616700 6.195512920162551 265
1739612616709 5.815509105801207 266
1739612616719 5.40159971800908 267
1739612616729 5.423340975173624 268
1739612616739 6.65922766006996 269
1739612616749 5.600685345949494 270
1739612616759 5.014150108873814 271
1739612616768 6.361720373652557 272
1739612616778 5.965946558761841 273
1739612616787 6.563631341734168 274
1739612616797 4.897885032960885 275
1739612616807 6.047527133888321 276
1739612616816 4.209889525710875 277
1739612616826 5.951182021547245 278
1739612616836 6.109639795940417 279
1739612616845 6.68379692829923 280
1739612616855 6.226571790108709 281
1739612616865 4.907215223558194 282
1739612616875 5.242022788812224 283
1739612616884 5.84210918887881 284
1739612616894 5.6409962793644235 285
1739612616907 6.822828332088964 286
1739612616920 4.567336171406201 287
1739612616929 5.134771491436156 288
1739612616940 6.003561982532498 289
1739612616950 5.964725990883216 290
1739612616960 5.68460852017695 291
1739612616970 5.854766259373337 292
1739612616979 6.561227111880489 293
1739612616989 6.155295916558525 294
1739612616999 5.763933941599621 295
1739612617009 4.958937439412329 296
1739612617019 6.600188072071448 297
1739612617028 5.614029396163184 298
1739612617038 5.7586451707157815 299
1739612617047 6.040192179106355 300
1739612617057 6.051681974874458 301
1739612617067 6.2764561814943685 302
1739612617076 5.408889631393293 303
1739612617086 5.100390047208134 304
1739612617096 6.442127019518571 305
1739612617105 4.848399904598887 306
1739612617116 4.957707506059811 307
1739612617127 5.612782579962758 308
1739612617137 5.299403847941614 309
1739612617146 6.529091637316043 310
1739612617156 6.612695599762665 311
1739612617166 5.326308463491065 312
1739612617176 4.841626859532103 313
1739612617185 6.4002474219521766 314
1739612617195 6.487487305112545 315
1739612617204 7.099828096682068 316
1739612617214 4.469598228761116 317
1739612617224 6.305517570569795 318
1739612617234 5.136610925209777 319
1739612617243 5.582078992173933 320
1739612617253 5.0358870478836915 321
1739612617268 5.863154484096027 322
1739612617277 5.741618756575333 323
1739612617287 5.313008250088415 324
1739612617297 5.755732890616779 325
1739612617307 4.873147082434366 326
1739612617317 6.074350738955135 327
1739612617327 5.795485403281596 328
1739612617337 5.250793199739826 329
1739612617347 6.285628331860036 330
1739612617357 6.175381012149161 331
1739612617366 6.850183563625995 332
1739612617376 6.879759016253356 333
1739612617385 5.073534234765963 334
1739612617395 5.290279138361295 335
1739612617404 5.9249609604743565 336
1739612617414 6.266626769179185 337
1739612617424 5.821722374729992 338
1739612617434 5.9072357005319 339
1739612617443 6.877187163802206 340
1739612617453 5.762049592690064 341
1739612617463 6.171393415235011 342
1739612617473 5.851520636888188 343
1739612617483 5.024228640994369 344
1739612617493 5.274255124354409 345
1739612617502 5.570938163829814 346
1739612617512 6.096127707575436 347
1739612617522 6.034006934538678 348
1739612617531 5.465375366309265 349
1739612617540 4.841592843638169 350
1739612617550 6.268417006367876 351
1739612617560 5.623446818259778 352
1739612617569 5.534748271350394 353
1739612617579 5.290684110995556 354
1739612617589 5.29244495557914 355
1739612617599 5.123687580446048 356
1739612617609 6.186227861341685 357
1739612617619 6.673995267300852 358
1739612617629 5.448854446995473 359
1739612617638 5.405225453868289 360
1739612617648 4.906358530732363 361
1739612617657 5.962502752417499 362
1739612617667 4.300004220623948 363
1739612617677 5.393939862632882 364
1739612617687 6.196513789160815 365
1739612617697 5.739259855381569 366
1739612617706 5.420105633691245 367
1739612617716 5.536115601542156 368
1739612617726 6.600171199204659 369
1739612617735 5.210925061725777 370
1739612617745 6.052085303436506 371
1739612617755 5.3561819017055665 372
1739612617765 5.088248094961392 373
1739612617775 5.703887338191834 374
1739612617784 5.5746827339668075 375
1739612617794 5.70241554563169 376
1739612617804 5.928599425084014 377
1739612617813 5.320871312142953 378
1739612617823 5.35814005381127 379
1739612617833 7.170872992656721 380
1739612617843 5.1580433352308885 381
1739612617852 5.74460081662184 382
1739612617862 6.774161007688172 383
1739612617872 6.374571184313447 384
1739612617882 5.076400808619298 385
1739612617891 5.48242294878662 386
1739612617901 5.633456254484409 387
1739612617911 5.930267015738562 388
1739612617922 5.286692794461799 389
1739612617932 4.747383381670898 390
1739612617942 5.368413883726562 391
1739612617952 5.616665130337314 392
1739612617961 5.657613265115003 393
1739612617971 5.946232351308021 394
1739612617980 5.171109662173804 395
1739612617990 5.602665616414507 396
1739612618000 6.238250678854831 397
1739612618009 5.3200442677356286 398
1739612618019 6.011765712469838 399
1739612618029 5.605348766663521 400
1739612618039 4.650396451558175 401
1739612618048 5.163186852568225 402
1739612618058 6.5199941424570484 403
1739612618068 5.052859652928798 404
1739612618077 5.696579468167988 405
1739612618086 5.9692137497802475 406
1739612618096 5.6656808767891835 407
1739612618106 6.015337145083793 408
1739612618115 4.87159821522468 409
1739612618125 6.3792977371090585 410
1739612618135 5.3072558961815135 411
1739612618144 5.530549673909597 412
1739612618153 6.79795357006396 413
1739612618164 5.916620654631328 414
1739612618174 6.345662939855305 415
1739612618184 5.407836203955448 416
1739612618194 6.704956167317941 417
1739612618204 6.1781655231520975 418
1739612618213 6.011880263975876 419
1739612618223 5.944420855883354 420
1739612618232 4.764483738236201 421
1739612618242 6.21129425947202 422
1739612618251 6.815222788692596 423
1739612618261 5.812013213920994 424
1739612618274 5.7550551373941685 425
1739612618284 5.571518560580613 426
1739612618294 5.667900506786788 427
1739612618303 5.006443133736573 428
1739612618313 5.610325081919629 429
1739612618322 6.268540285010727 430
1739612618332 4.995078464963619 431
1739612618341 5.670807676064501 432
1739612618351 5.971147055540529 433
1739612618360 4.804545343420716 434
1739612618370 6.134951986067957 435
1739612618380 5.120869066337987 436
1739612618390 5.556374354327503 437
1739612618400 7.217972077305341 438
1739612618409 5.095834127692878 439
1739612618419 5.863362115371186 440
1739612618429 5.406879084351221 441
1739612618439 5.101597263975662 442
1739612618449 7.022807274329696 443
1739612618458 6.36832631760033 444
1739612618468 5.863833332870833 445
1739612618477 5.78711566693212 446
1739612618487 5.924100366313469 447
1739612618497 6.504532274974539 448
1739612618507 6.150338319999598 449
1739612618517 5.536820929396533 450
1739612618527 5.883885408580218 451
1739612618537 5.5892145422477055 452
1739612618546 5.907865394066177 453
1739612618556 5.471856946749833 454
1739612618566 5.628571914458272 455
1739612618575 5.547630016419498 456
1739612618585 6.614320016023862 457
1739612618595 5.976611514473093 458
1739612618605 6.422157356028002 459
1739612618614 5.22773652582807 460
1739612618624 4.862319846610004 461
1739612618634 6.206122148487936 462
1739612618643 5.664749632135094 463
1739612618653 6.751838538169539 464
1739612618662 5.277745207346553 465
1739612618672 5.999057246521479 466
1739612618682 5.453610383879948 467
1739612618691 5.7922683672630475 468
1739612618701 5.579132742170105 469
1739612618711 5.226333643610119 470
1739612618721 5.098217602894452 471
1739612618731 5.246426324511479 472
1739612618741 5.161791932925785 473
1739612618750 6.762436409572422 474
1739612618760 5.569269321852127 475
1739612618770 5.560605704665632 476
1739612618779 4.8391586648124285 477
1739612618789 5.506517065558792 478
1739612618799 5.199643391984426 479
1739612618809 5.543680193992685 480
1739612618818 6.202087483384707 481
1739612618827 5.711663737938207 482
1739612618837 5.6020845601785325 483
1739612618847 5.731946623280153 484
1739612618856 5.86573006765068 485
1739612618865 6.160687647841343 486
1739612618875 5.928486622219923 487
1739612618885 5.77823468411782 488
1739612618894 5.6802527517676 489
1739612618904 6.2783121540495355 490
1739612618914 6.23720726839555 491
1739612618923 5.945188668755739 492
1739612618933 5.696579864459268 493
1739612618942 5.769870425519305 494
1739612618953 5.019346449028985 495
1739612618963 5.20620293754147 496
1739612618973 4.721901670087371 497
1739612618982 5.224798354614722 498
1739612618992 5.767200675784158 499
