1739556488440 168.72090282371335 0
1739556488450 167.42122097694488 1
1739556488461 166.14296521819696 2
1739556488470 164.87593865506247 3
1739556488481 163.62006122285288 4
1739556488492 162.37521067567465 5
1739556488502 161.1413087137816 6
1739556488512 159.91823502384815 7
1739556488521 158.70591303772184 8
1739556488534 157.50422433989237 9
1739556488544 156.31309406107766 10
1739556488553 155.13241623192513 11
1739556488562 153.96208587477128 12
1739556488572 152.80203060918734 13
1739556488582 151.65213661572395 14
1739556488592 150.5123331336689 15
1739556488601 149.38250812467678 16
1739556488611 148.26259241712418 17
1739556488620 147.1524757217824 18
1739556488630 146.05209042606245 19
1739556488643 144.961338344625 20
1739556488653 143.88012220905102 21
1739556488663 142.80837669074765 22
1739556488673 141.7459957365686 23
1739556488683 140.6929155042598 24
1739556488693 139.649031582365 25
1739556488702 138.61428158684 26
1739556488711 137.58856271847537 27
1739556488721 136.57181402383486 28
1739556488730 135.56393428704962 29
1739556488739 134.5648639582071 30
1739556488748 133.57451353358536 31
1739556488758 132.59279434288172 32
1739556488767 131.61964889236137 33
1739556488777 130.65497980090623 34
1739556488788 129.69873091279422 35
1739556488797 128.75080633316412 36
1739556488806 127.81115121895817 37
1739556488815 126.87967113496242 38
1739556488824 125.95631252591043 39
1739556488834 125.04099236857566 40
1739556488844 124.13362841073338 41
1739556488853 123.2341689837523 42
1739556488863 122.34252318770947 43
1739556488876 121.45864058160339 44
1739556488886 120.58243163578577 45
1739556488897 119.71384711360662 46
1739556488907 118.85279883119561 47
1739556488917 117.99923873341274 48
1739556488927 117.1530799581149 49
1739556488937 116.31427560925903 50
1739556488947 115.482749892776 51
1739556488958 114.65842771586998 52
1739556488968 113.84126388060432 53
1739556488979 113.03117472621474 54
1739556488989 112.2281161596514 55
1739556488999 111.43200576109544 56
1739556489009 110.64280052140877 57
1739556489018 109.86041923957498 58
1739556489028 109.08481996978637 59
1739556489037 108.31593231532041 60
1739556489047 107.55368652858887 61
1739556489056 106.7980422216004 62
1739556489065 106.04892114552344 63
1739556489074 105.30628392591773 64
1739556489084 104.57005345837764 65
1739556489094 103.84019136275361 66
1739556489103 103.1166216586781 67
1739556489113 102.39930694139356 68
1739556489122 101.6881723345529 69
1739556489131 100.98318139024708 70
1739556489140 100.28426973387506 71
1739556489150 99.5913735817054 72
1739556489160 98.90445788765985 73
1739556489169 98.22345044966634 74
1739556489179 97.54831713364499 75
1739556489189 96.87898677430442 76
1739556489198 96.21542613221023 77
1739556489208 95.55756506041914 78
1739556489217 94.90537119711563 79
1739556489226 94.25877539560662 80
1739556489235 93.61774615498862 81
1739556489245 92.98222454811446 82
1739556489254 92.35215218590642 83
1739556489263 91.72749882875709 84
1739556489272 91.10819775299102 85
1739556489282 90.49421953950655 86
1739556489292 89.88549840408362 87
1739556489301 89.28200573249335 88
1739556489311 88.68367666330457 89
1739556489320 88.0904833718219 90
1739556489330 87.50236190303873 91
1739556489339 86.91928520674261 92
1739556489349 86.34119928409366 93
1739556489359 85.76805062646362 94
1739556489368 85.19981331832973 95
1739556489377 84.63642560051618 96
1739556489386 84.07786229558278 97
1739556489396 83.52406249580437 98
1739556489406 82.97500174774049 99
1739556489415 82.43061998004517 100
1739556489424 81.89089344945975 101
1739556489433 81.3557629062189 102
1739556489442 80.82520530368795 103
1739556489451 80.29917110231014 104
1739556489461 79.77761120935172 105
1739556489470 79.26050359881779 106
1739556489479 78.747791011327 107
1739556489489 78.23945208471935 108
1739556489499 77.73543033147776 109
1739556489509 77.23570504059167 110
1739556489518 76.74022048277747 111
1739556489527 76.24895658572756 112
1739556489538 75.76185836500743 113
1739556489547 75.27890637480027 114
1739556489556 74.80005511105763 115
1739556489566 74.32525947720814 116
1739556489576 73.8545009453433 117
1739556489585 73.38772633560255 118
1739556489595 72.92491771703429 119
1739556489608 72.4660226096597 120
1739556489621 72.0110236680584 121
1739556489639 71.55986909980382 122
1739556489663 71.11254213379635 123
1739556489678 70.66899165305493 124
1739556489717 70.22920144980154 125
1739556489729 69.79312967257357 126
1739556489741 69.36073484169668 127
1739556489752 68.93200157477239 128
1739556489764 68.50688039132123 129
1739556489776 68.0853564456666 130
1739556489787 67.66738089209711 131
1739556489799 67.25293941136783 132
1739556489810 66.84198378138149 133
1739556489821 66.43450019922857 134
1739556489832 66.03044105547323 135
1739556489843 65.62979305363562 136
1739556489854 65.23250918618619 137
1739556489866 64.83857665335582 138
1739556489877 64.44795747694978 139
1739556489889 64.06061401262457 140
1739556489901 63.67653418842254 141
1739556489913 63.295672455219766 142
1739556489924 62.9180172142664 143
1739556489936 62.54352348220614 144
1739556489948 62.17218012440498 145
1739556489960 61.803942713364194 146
1739556489971 61.43880056964535 147
1739556489982 61.07670981187568 148
1739556489994 60.71766020706045 149
1739556490006 60.3616167172757 150
1739556490017 60.00854460957592 151
1739556490028 59.65843430515088 152
1739556490038 59.31124324593895 153
1739556490048 58.96696227840972 154
1739556490058 58.62554935792629 155
1739556490068 58.28699574805126 156
1739556490078 57.95125990860445 157
1739556490088 57.61833351220928 158
1739556490099 57.28817551433553 159
1739556490109 56.96077798878718 160
1739556490119 56.636100378035415 161
1739556490129 56.31413514933344 162
1739556490139 55.99485038400653 163
1739556490150 55.67821443764642 164
1739556490160 55.36422035407091 165
1739556490170 55.052828755860794 166
1739556490180 54.74403306158767 167
1739556490190 54.43779435177001 168
1739556490200 54.1341064125015 169
1739556490210 53.83293077426725 170
1739556490221 53.5342615835882 171
1739556490231 53.23806081308797 172
1739556490240 52.944322962754164 173
1739556490250 52.65301848284418 174
1739556490260 52.364118074491735 175
1739556490270 52.07761675568893 176
1739556490280 51.79347757050351 177
1739556490290 51.51169587356309 178
1739556490300 51.23223512476552 179
1739556490310 50.9550910088637 180
1739556490320 50.68022739436967 181
1739556490330 50.40764028977454 182
1739556490340 50.13729396511791 183
1739556490350 49.86918474636312 184
1739556490360 49.60327729811752 185
1739556490370 49.339568257669406 186
1739556490380 49.07803058959122 187
1739556490390 48.81863748443406 188
1739556490400 48.56138603576981 189
1739556490411 48.306241864418816 190
1739556490420 48.053202360413906 191
1739556490429 47.80223351575113 192
1739556490439 47.55333301117518 193
1739556490448 47.30646720344124 194
1739556490457 47.061634058365655 195
1739556490466 46.81880029116086 196
1739556490476 46.57796414718181 197
1739556490485 46.3390926939089 198
1739556490494 46.10218445080747 199
1739556490503 45.867214620566614 200
1739556490513 45.63415860961786 201
1739556490522 45.403015339207336 202
1739556490531 45.17375273055836 203
1739556490544 44.94636996590283 204
1739556490553 44.720835297927835 205
1739556490562 44.497148164774934 206
1739556490571 44.27527714488769 207
1739556490581 44.05522192733766 208
1739556490591 43.83695141071939 209
1739556490601 43.620465530149225 210
1739556490610 43.40573349886726 211
1739556490619 43.19275549324226 212
1739556490629 42.98150870883906 213
1739556490638 42.77197052509638 214
1739556490647 42.56414147204302 215
1739556490656 42.35799152551625 216
1739556490665 42.15352144521054 217
1739556490675 41.95070150310112 218
1739556490684 41.74953268406701 219
1739556490693 41.54998555114375 220
1739556490703 41.35206130999902 221
1739556490713 41.15573080974123 222
1739556490722 40.96099547251453 223
1739556490731 40.76782642860155 224
1739556490740 40.57622531239267 225
1739556490749 40.38617109453703 226
1739556490758 40.197642911796144 227
1739556490768 40.010642709742015 228
1739556490778 39.825142300159555 229
1739556490787 39.64114383063975 230
1739556490796 39.45861937767276 231
1739556490805 39.27757128691345 232
1739556490815 39.0979718950384 233
1739556490825 38.91982374188655 234
1739556490834 38.74309941988222 235
1739556490843 38.567801659242654 236
1739556490852 38.393903303779965 237
1739556490861 38.221407270356366 238
1739556490871 38.050294111255475 239
1739556490881 37.8805445289871 240
1739556490891 37.712161714104695 241
1739556490901 37.545119119749764 242
1739556490911 37.379420114095275 243
1739556490920 37.21503838701128 244
1739556490929 37.05197748080021 245
1739556490938 36.89021131803787 246
1739556490948 36.72974361173265 247
1739556490957 36.57054851321459 248
1739556490966 36.412629902839825 249
1739556490976 36.255962156811044 250
1739556490985 36.10054931953805 251
1739556490996 35.946373353076375 252
1739556491008 35.79341635549164 253
1739556491018 35.64168261180346 254
1739556491028 35.49114704329213 255
1739556491038 35.34181409106778 256
1739556491048 35.1936588882309 257
1739556491058 35.04668602890301 258
1739556491068 34.90087085442259 259
1739556491078 34.75621810890231 260
1739556491087 34.61270333839964 261
1739556491098 34.47033143405586 262
1739556491109 34.32907814319054 263
1739556491119 34.188948501067706 264
1739556491129 34.049918452873186 265
1739556491138 33.911993175143415 266
1739556491148 33.7751560679822 267
1739556491157 33.63939065293773 268
1739556491166 33.50470231379826 269
1739556491176 33.37106747537907 270
1739556491185 33.23849165585091 271
1739556491195 33.106951466474726 272
1739556491204 32.976452557139886 273
1739556491214 32.846971722418225 274
1739556491223 32.71851474130483 275
1739556491233 32.59105858860276 276
1739556491243 32.464609169850036 277
1739556491252 32.33914363705547 278
1739556491261 32.21466801978633 279
1739556491270 32.091166819972266 280
1739556491279 31.9686246497745 281
1739556491289 31.847047720764614 282
1739556491298 31.72641361450667 283
1739556491308 31.606728660525537 284
1739556491317 31.48797060741507 285
1739556491326 31.370145900304454 286
1739556491335 31.25323245202376 287
1739556491346 31.13723682100261 288
1739556491355 31.022137081562736 289
1739556491365 30.907939903174523 290
1739556491374 30.794623518954975 291
1739556491384 30.682194707198956 292
1739556491393 30.570631857169577 293
1739556491402 30.4599418538125 294
1739556491413 30.350110324046412 295
1739556491422 30.241122993517376 296
1739556491432 30.132986903731325 297
1739556491442 30.025680822459652 298
1739556491451 29.919211892605343 299
1739556491460 29.813559029174403 300
1739556491469 29.708729474435973 301
1739556491478 29.604702288183866 302
1739556491488 29.501484810061566 303
1739556491497 29.399056242246647 304
1739556491506 29.297424019803426 305
1739556491516 29.196567484931197 306
1739556491525 29.09649416619924 307
1739556491535 28.99719055333275 308
1739556491547 28.89864322591584 309
1739556491556 28.80085984983208 310
1739556491566 28.703820106700604 311
1739556491575 28.607531751279616 312
1739556491584 28.511974597263343 313
1739556491593 28.417156486494886 314
1739556491602 28.32305736256133 315
1739556491612 28.22968515263546 316
1739556491622 28.137019928053025 317
1739556491631 28.045069699595135 318
1739556491640 27.95381466423933 319
1739556491650 27.863262914686914 320
1739556491659 27.773394771486988 321
1739556491668 27.68421840760553 322
1739556491678 27.595721194631796 323
1739556491687 27.50789058490175 324
1739556491698 27.420734869312614 325
1739556491707 27.334234667950625 326
1739556491716 27.248398347976828 327
1739556491726 27.163206646083147 328
1739556491735 27.078668004148255 329
1739556491745 26.994763273556547 330
1739556491755 26.911500969387973 331
1739556491764 26.828862055839373 332
1739556491773 26.746855119705003 333
1739556491783 26.665461236146676 334
1739556491792 26.58468906221478 335
1739556491802 26.504519782220683 336
1739556491811 26.424962122040927 337
1739556491821 26.346004227981187 338
1739556491831 26.267634319041143 339
1739556491841 26.18986122228453 340
1739556491850 26.112666386589737 341
1739556491859 26.036058704391287 342
1739556491868 25.960019727607566 343
1739556491879 25.884558412708618 344
1739556491888 25.809656412974505 345
1739556491897 25.735322747601455 346
1739556491907 25.661539169581825 347
1739556491916 25.588314759554127 348
1739556491926 25.515631368602122 349
1739556491935 25.443498137547607 350
1739556491945 25.371903807869025 351
1739556491954 25.30083718751632 352
1739556491964 25.230307505847648 353
1739556491973 25.160296851696938 354
1739556491982 25.09081451156361 355
1739556491991 25.021842666917397 356
1739556492000 24.953390660223608 357
1739556492010 24.88544076408879 358
1739556492019 24.81800237579168 359
1739556492029 24.751057857602476 360
1739556492038 24.684616660483258 361
1739556492048 24.61866123492004 362
1739556492057 24.553201084450198 363
1739556492066 24.488218746352594 364
1739556492076 24.423723775653457 365
1739556492085 24.359705523247882 366
1739556492095 24.296153400093196 367
1739556492104 24.233077037026767 368
1739556492114 24.17045918167404 369
1739556492123 24.108309513736398 370
1739556492133 24.046610862841817 371
1739556492142 23.985372956541664 372
1739556492152 23.924578705149976 373
1739556492163 23.864237883073887 374
1739556492172 23.804333480019654 375
1739556492182 23.74487531627533 376
1739556492192 23.685846459667633 377
1739556492201 23.627256775409844 378
1739556492210 23.569089408199087 379
1739556492219 23.511354267236847 380
1739556492229 23.45404123986381 381
1739556492238 23.39714026780345 382
1739556492248 23.34066132509136 383
1739556492258 23.284587742701856 384
1739556492267 23.228929536395086 385
1739556492277 23.17367010980694 386
1739556492287 23.118819519547788 387
1739556492297 23.06436124075822 388
1739556492306 23.010305370041635 389
1739556492315 22.95663545290612 390
1739556492324 22.90336162510774 391
1739556492333 22.85046750140427 392
1739556492343 22.79796325588058 393
1739556492353 22.745832571445273 394
1739556492363 22.694085659704346 395
1739556492372 22.642712880570713 396
1739556492382 22.59170464330219 397
1739556492391 22.541071214875448 398
1739556492400 22.490796443321432 399
1739556492409 22.440890631186985 400
1739556492419 22.391337690953456 401
1739556492429 22.342147959984445 402
1739556492437 22.29330541419434 403
1739556492447 22.244820425024923 404
1739556492457 22.196677030823487 405
1739556492466 22.148885636385987 406
1739556492476 22.101430341509378 407
1739556492486 22.054321583634067 408
1739556492496 22.007543523040106 409
1739556492505 21.961106629116593 410
1739556492514 21.91500167841188 411
1739556492524 21.86921949234595 412
1739556492534 21.823770587525217 413
1739556492547 21.778639270745966 414
1739556492557 21.733836088883 415
1739556492567 21.68934540595993 416
1739556492576 21.645177798471167 417
1739556492585 21.601317686772322 418
1739556492594 21.557775676341482 419
1739556492603 21.514536242986015 420
1739556492612 21.471610020544322 421
1739556492622 21.4289815394101 422
1739556492631 21.3866614611711 423
1739556492642 21.344634369956438 424
1739556492654 21.302910954504355 425
1739556492666 21.261475851842775 426
1739556492678 21.220339777273463 427
1739556492692 21.179493920654902 428
1739556492703 21.13892951224484 429
1739556492713 21.09865730668393 430
1739556492723 21.058662069109495 431
1739556492733 21.018954579308215 432
1739556492743 20.979519652497697 433
1739556492753 20.94036809306349 434
1739556492763 20.90148476552818 435
1739556492773 20.862880498339948 436
1739556492783 20.824540204563984 437
1739556492794 20.78647473618553 438
1739556492804 20.74866905406278 439
1739556492814 20.71113403320297 440
1739556492823 20.67385468152019 441
1739556492833 20.636841896538847 442
1739556492844 20.60008718746166 443
1739556492853 20.56358210040646 444
1739556492864 20.527337566317712 445
1739556492874 20.491338707035535 446
1739556492884 20.455596474802675 447
1739556492894 20.420096036031314 448
1739556492904 20.38484836379212 449
1739556492914 20.34983866838591 450
1739556492924 20.31507794325033 451
1739556492934 20.280551441902745 452
1739556492944 20.24627017769608 453
1739556492955 20.212219446703326 454
1739556492965 20.178410281750036 455
1739556492975 20.14482802081489 456
1739556492984 20.111483715762326 457
1739556492994 20.078369158103584 458
1739556493003 20.045476173160637 459
1739556493013 20.012815841130788 460
1739556493023 19.980373601414488 461
1739556493032 19.94816055220069 462
1739556493042 19.91616217260489 463
1739556493052 19.8843895784037 464
1739556493061 19.852828287824703 465
1739556493070 19.82148943383635 466
1739556493080 19.790358573185337 467
1739556493089 19.75944685564407 468
1739556493099 19.728739875895133 469
1739556493110 19.69824880013488 470
1739556493122 19.667959260408207 471
1739556493133 19.63788243896302 472
1739556493143 19.60801037711163 473
1739556493152 19.578335147207877 474
1739556493162 19.54886795546415 475
1739556493172 19.519594524314126 476
1739556493183 19.490526075122933 477
1739556493193 19.46164836575285 478
1739556493203 19.4329726323751 479
1739556493213 19.40448466774819 480
1739556493223 19.376195722509824 481
1739556493233 19.348091623791102 482
1739556493243 19.320183636363524 483
1739556493252 19.29245762121568 484
1739556493263 19.264924856926903 485
1739556493273 19.237571237836672 486
1739556493283 19.21040805601285 487
1739556493292 19.183421238647384 488
1739556493301 19.156622090983877 489
1739556493311 19.130002903156807 490
1739556493319 19.10355599355976 491
1739556493328 19.07729268719616 492
1739556493338 19.051198990692885 493
1739556493347 19.025286241474113 494
1739556493356 18.999540477338716 495
1739556493365 18.97397304784057 496
1739556493375 18.94857002148771 497
1739556493384 18.92334275967867 498
1739556493394 18.898277361175307 499
