1739612447550 7.025873541582524 0
1739612447585 3.111651821486402 1
1739612447618 10.310539098816811 2
1739612447652 4.055610974241621 3
1739612447686 5.811171436273762 4
1739612447721 1.9344230846278647 5
1739612447755 4.026183599101118 6
1739612447790 7.649045909922782 7
1739612447823 3.07762638354889 8
1739612447857 1.9493530662837708 9
1739612447891 8.370404911795829 10
1739612447925 0.9060064507557914 11
1739612447959 7.210098206276025 12
1739612447993 2.469400026078613 13
1739612448026 3.181432998921123 14
1739612448060 2.6004627326094703 15
1739612448095 2.5562318016529093 16
1739612448129 2.4830625394356423 17
1739612448162 6.589951937526612 18
1739612448196 4.0934387403173185 19
1739612448230 1.870520165971191 20
1739612448264 2.077232009826454 21
1739612448298 10.967227345460515 22
1739612448332 6.750601678953723 23
1739612448366 2.4518272176336104 24
1739612448400 0.999280987607338 25
1739612448433 1.7846842176816153 26
1739612448467 1.0314815588102302 27
1739612448501 3.851964062611647 28
1739612448534 6.171927031181089 29
1739612448568 9.868326073947683 30
1739612448602 6.8893672648966815 31
1739612448636 4.5618274392711085 32
1739612448669 4.290174048162107 33
1739612448704 8.367593652773351 34
1739612448737 5.541373625270425 35
1739612448776 7.640371450838274 36
1739612448813 2.514136438616751 37
1739612448846 2.3196980165853223 38
1739612448908 7.389275058870296 39
1739612448942 4.819660199251863 40
1739612448976 2.047196905607298 41
1739612449010 13.613035481850062 42
1739612449044 3.229882225419376 43
1739612449077 7.706090122246658 44
1739612449112 4.134946935723422 45
1739612449145 2.183280720663308 46
1739612449179 3.385170031662105 47
1739612449213 0.4481135478815702 48
1739612449247 14.011272461267083 49
1739612449282 5.744726510436454 50
1739612449316 2.280946626943438 51
1739612449349 6.106006327783683 52
1739612449383 2.1876198053596956 53
1739612449417 5.690759576237884 54
1739612449450 7.132133378109018 55
1739612449484 3.5948843244854127 56
1739612449520 6.854444665678813 57
1739612449554 3.076106457693082 58
1739612449588 10.696456544194918 59
1739612449622 5.919601762281087 60
1739612449655 2.664902796476001 61
1739612449689 9.065433768045652 62
1739612449723 3.3720598585902923 63
1739612449756 3.915665627339041 64
1739612449790 2.8266752552472947 65
1739612449824 4.101614272677607 66
1739612449857 2.3159793998720084 67
1739612449891 17.345134602904455 68
1739612449925 1.1133468842503838 69
1739612449958 5.955533349098836 70
1739612449992 3.761185708594188 71
1739612450026 4.6030234034222985 72
1739612450060 4.38156106745461 73
1739612450094 7.958258498497601 74
1739612450127 8.29904866576091 75
1739612450161 5.308277577918315 76
1739612450194 6.921606719672254 77
1739612450228 7.18701056695946 78
1739612450262 4.606017416906764 79
1739612450296 4.429772395280578 80
1739612450330 1.7130484344258206 81
1739612450363 3.989965083599561 82
1739612450396 9.640143396458827 83
1739612450430 2.6042946432223055 84
1739612450463 3.7600669358134935 85
1739612450497 2.631712011916794 86
1739612450531 6.9353389968461245 87
1739612450565 2.4353150582122893 88
1739612450599 3.07176445635193 89
1739612450632 5.818745683074513 90
1739612450666 5.703715523417383 91
1739612450700 11.771748104796135 92
1739612450733 3.276087565547102 93
1739612450767 9.112803361152103 94
1739612450801 2.0955806166528848 95
1739612450835 7.165949939584476 96
1739612450868 9.124545633553115 97
1739612450901 3.411468962474047 98
1739612450935 3.443446018861839 99
1739612450969 10.421106176956258 100
1739612451002 3.768139069043785 101
1739612451036 8.878801504032129 102
1739612451070 7.946759527885001 103
1739612451104 1.627135033024291 104
1739612451138 2.693442613579921 105
1739612451172 8.091351217213834 106
1739612451205 1.5809455054093309 107
1739612451239 1.0304246075316363 108
1739612451273 3.674677694514221 109
1739612451306 5.436088468998225 110
1739612451340 9.205481310617868 111
1739612451374 10.598978300138082 112
1739612451407 25.729386540909907 113
1739612451442 2.6031062527030007 114
1739612451475 2.0678249895583045 115
1739612451509 5.183172054685452 116
1739612451543 1.2340324337051516 117
1739612451577 3.8725347971202697 118
1739612451611 3.646231480830928 119
1739612451647 4.221737160752091 120
1739612451682 4.484618965953359 121
1739612451716 8.64971336969512 122
1739612451750 4.195488332846853 123
1739612451784 8.964016243763812 124
1739612451818 9.385372740563287 125
1739612451852 5.573171856700911 126
1739612451886 5.859487465254213 127
1739612451920 11.338049172977877 128
1739612451954 4.86157803330245 129
1739612451988 7.434685143002611 130
1739612452022 6.600180911032196 131
1739612452056 3.159559886230479 132
1739612452090 5.854414118584537 133
1739612452124 5.651145591118433 134
1739612452158 8.351388060575069 135
1739612452191 1.9739446816416215 136
1739612452225 7.731726741403179 137
1739612452259 2.318814952113412 138
1739612452292 1.1201376673002401 139
1739612452326 4.512776192706118 140
1739612452360 1.4793404128458216 141
1739612452394 12.727064854123881 142
1739612452427 8.00522898060343 143
1739612452461 9.640099734335193 144
1739612452494 3.72831083338594 145
1739612452528 6.247386943421449 146
1739612452562 2.9602129852098056 147
1739612452596 3.9706806169345263 148
1739612452629 23.479307554429106 149
1739612452663 2.599094278935924 150
1739612452697 8.734038912557521 151
1739612452731 5.928229795956199 152
1739612452764 4.04663206288971 153
1739612452797 9.311120626621067 154
1739612452831 2.1471052592864046 155
1739612452865 8.014457253240645 156
1739612452898 3.090310697461926 157
1739612452935 4.976547411004266 158
1739612452969 4.253143960626997 159
1739612453003 7.241299579297066 160
1739612453036 10.727013977266058 161
1739612453071 2.3043499989687652 162
1739612453104 11.662380071036168 163
1739612453138 10.180009257298206 164
1739612453172 21.415912738411777 165
1739612453205 2.2666454282771897 166
1739612453240 0.9493444827346456 167
1739612453273 0.6431984984184489 168
1739612453307 5.846562250629541 169
1739612453340 6.97539810113754 170
1739612453374 7.649821726824656 171
1739612453408 5.155741442079209 172
1739612453442 6.552342020761909 173
1739612453476 5.517104873929928 174
1739612453509 2.47291390333499 175
1739612453543 1.2410812247923537 176
1739612453577 3.3064452509930025 177
1739612453611 6.377430147670254 178
1739612453645 3.799789394881365 179
1739612453678 6.593575993601756 180
1739612453712 5.854221729996532 181
1739612453747 11.125746092989079 182
1739612453781 5.580131629745182 183
1739612453814 3.3442418900378565 184
1739612453848 6.006216333818012 185
1739612453882 4.94016756122664 186
1739612453915 2.763483699927893 187
1739612453949 3.361923451321717 188
1739612453982 6.638844591607691 189
1739612454016 1.4514258817010213 190
1739612454050 8.189144669787748 191
1739612454083 2.8164686974890736 192
1739612454117 8.666862761847952 193
1739612454150 8.551895147915136 194
1739612454185 7.969383848388533 195
1739612454218 4.430650166996718 196
1739612454252 31.06296462706426 197
1739612454286 8.77024263497742 198
1739612454319 1.8258154054570634 199
1739612454353 7.095067053418319 200
1739612454387 2.0717804363649908 201
1739612454420 4.833783074192463 202
1739612454453 4.571741298328377 203
1739612454488 0.5429508844001188 204
1739612454521 4.617201028073592 205
1739612454555 14.703900960558283 206
1739612454589 4.8599551147825215 207
1739612454623 1.8818767575061734 208
1739612454656 3.9401551571872835 209
1739612454690 1.0816922653731011 210
1739612454724 4.344987798798202 211
1739612454758 10.752144691692436 212
1739612454792 8.78409797860531 213
1739612454826 8.761597632871275 214
1739612454861 5.0143567451633535 215
1739612454999 22.913987499814606 216
1739612455034 10.337404476379627 217
1739612455069 3.602913466921966 218
1739612455103 10.400011203599316 219
1739612455137 2.0671448930326854 220
1739612455172 4.89338851068436 221
1739612455206 3.982855064982992 222
1739612455240 12.604838347184788 223
1739612455274 6.777388623859187 224
1739612455308 5.486723726702711 225
1739612455342 8.059717216770636 226
1739612455376 4.881095643587077 227
1739612455410 3.8886999594404656 228
1739612455443 10.902112461462837 229
1739612455477 6.620132392173966 230
1739612455511 4.93856520540118 231
1739612455545 6.7848261726098835 232
1739612455579 1.8284867756487766 233
1739612455613 7.439124605824413 234
1739612455647 1.4424868915373805 235
1739612455681 1.6064341640713502 236
1739612455714 1.4841735013702442 237
1739612455748 4.714840830102255 238
1739612455781 5.037170388031959 239
1739612455815 3.752368284826038 240
1739612455849 0.6537655590439706 241
1739612455885 10.187664926187052 242
1739612455919 1.4668757246150674 243
1739612455953 6.483828291525138 244
1739612455987 2.5741767987595376 245
1739612456021 8.807164635117356 246
1739612456055 9.21217925034456 247
1739612456089 3.0768893005956803 248
1739612456123 6.6994883815826665 249
1739612456157 6.290399180196781 250
1739612456191 9.11640234535644 251
1739612456225 8.105340412212907 252
1739612456259 15.503157261776979 253
1739612456293 7.323154946788447 254
1739612456326 2.310070763140388 255
1739612456360 1.5231937671984512 256
1739612456394 5.439799602315325 257
1739612456427 4.6858882427309885 258
1739612456461 2.906408617425715 259
1739612456495 6.241419598047809 260
1739612456529 0.8942297551980318 261
1739612456562 5.66807698884151 262
1739612456596 5.344577349922418 263
1739612456630 0.7129260823390425 264
1739612456663 5.44539267384098 265
1739612456697 5.489156166731858 266
1739612456730 9.02178096974203 267
1739612456764 7.218314351907627 268
1739612456798 5.024566249462405 269
1739612456832 17.302813916480382 270
1739612456865 9.584645321080306 271
1739612456899 7.65882247840284 272
1739612456933 6.048194083160135 273
1739612456967 6.848631281157204 274
1739612457001 10.334555311903506 275
1739612457034 2.6402979417218146 276
1739612457067 10.251126106018384 277
1739612457101 8.123440278073064 278
1739612457135 6.476385305326715 279
1739612457169 2.916286239679469 280
1739612457203 2.3684071115911545 281
1739612457237 0.7294285813862819 282
1739612457270 5.274630371689977 283
1739612457303 1.664999189862747 284
1739612457337 10.457073376760407 285
1739612457371 4.388411486941097 286
1739612457405 9.501128516643108 287
1739612457439 3.84294710461747 288
1739612457473 4.5851454172439325 289
1739612457507 13.192410743946434 290
1739612457541 7.1956209461513625 291
1739612457574 0.004967489927931534 292
1739612457609 18.59062128709872 293
1739612457643 4.5379313127671494 294
1739612457677 14.841515468859502 295
1739612457711 2.574861476013792 296
1739612457744 5.64795961645119 297
1739612457778 2.856966977151212 298
1739612457812 7.334367343720792 299
1739612457846 2.113468309907449 300
1739612457879 3.871656667055871 301
1739612457913 4.493413566932344 302
1739612457946 1.489186168200583 303
1739612457981 7.480970448093911 304
1739612458015 1.9513703333226087 305
1739612458048 3.6462930854080318 306
1739612458082 1.9804535400651089 307
1739612458116 7.810511233608817 308
1739612458150 1.9530740473137884 309
1739612458183 5.34645643822557 310
1739612458217 3.325709471011691 311
1739612458251 2.905703290069537 312
1739612458285 20.07772816517099 313
1739612458318 2.385270495926242 314
1739612458352 16.094132183937102 315
1739612458386 5.610917123425477 316
1739612458419 8.254027607089926 317
1739612458453 7.784012630526996 318
1739612458487 4.44026117020879 319
1739612458521 7.6011723154115485 320
1739612458555 1.1232801761458726 321
1739612458588 6.077104597277829 322
1739612458622 6.430796228725376 323
1739612458656 13.724049793151543 324
1739612458689 2.0103248543081595 325
1739612458723 11.284409877134344 326
1739612458757 2.038332276454669 327
1739612458791 2.580431014181721 328
1739612458825 5.258685348664189 329
1739612458859 4.9670837661180185 330
1739612458893 4.723542860224686 331
1739612458927 11.790122402062655 332
1739612458960 1.181935476042338 333
1739612458994 3.938998954847266 334
1739612459028 2.936536140806746 335
1739612459062 21.384519554966857 336
1739612459095 6.698652093145408 337
1739612459129 2.454778272174395 338
1739612459162 2.481098684004613 339
1739612459195 6.501537806321631 340
1739612459229 5.426909089282985 341
1739612459263 7.516021429001334 342
1739612459296 1.9960276803455026 343
1739612459330 13.011368187690508 344
1739612459364 6.952311101514245 345
1739612459398 0.6510991802687723 346
1739612459431 10.442900785020624 347
1739612459465 5.3873896180760745 348
1739612459498 4.193784402629305 349
1739612459532 11.753021126907555 350
1739612459566 6.891948258953983 351
1739612459599 5.710206298111148 352
1739612459633 27.859760427074086 353
1739612459667 4.451730026385839 354
1739612459700 7.204798874099642 355
1739612459734 7.024323501394928 356
1739612459768 1.3626487434377514 357
1739612459801 3.894148733480203 358
1739612459835 9.43875486422414 359
1739612459868 7.392020653344132 360
1739612459902 10.112097952435395 361
1739612459937 7.907300373208489 362
1739612459971 6.885917783630363 363
1739612460004 1.4337316752439695 364
1739612460039 0.6452589056439842 365
1739612460072 6.197769554885026 366
1739612460107 5.608255709836505 367
1739612460142 9.350896697063085 368
1739612460176 4.802621488713 369
1739612460210 4.6016932987269765 370
1739612460245 3.7869475400128865 371
1739612460278 12.980089847193804 372
1739612460311 4.5845104219411 373
1739612460345 2.531243766383246 374
1739612460379 12.181097334931145 375
1739612460413 5.092885291908811 376
1739612460446 8.915279922902986 377
1739612460480 4.352776788600572 378
1739612460513 1.5517571269264239 379
1739612460547 1.7704066296022856 380
1739612460581 4.921213475878457 381
1739612460614 4.213067393703612 382
1739612460648 2.5387170283119165 383
1739612460681 4.233231943101621 384
1739612460715 4.980729117942415 385
1739612460748 2.6720921611000517 386
1739612460782 6.0487397150266045 387
1739612460815 6.078473837524524 388
1739612460849 2.5787620107581226 389
1739612460883 3.321214533894077 390
1739612460916 4.570841526219146 391
1739612460950 0.7495433035365062 392
1739612460984 1.051282268816886 393
1739612461018 5.341810287840674 394
1739612461052 7.771633159736685 395
1739612461086 1.9820436003068063 396
1739612461119 2.4187214512694424 397
1739612461153 5.99828297001751 398
1739612461187 3.529058102486091 399
1739612461221 7.5956906627241985 400
1739612461255 4.060648971478833 401
1739612461289 3.586662722699287 402
1739612461323 3.752994093108047 403
1739612461357 6.122975704715704 404
1739612461390 1.3231568525302624 405
1739612461424 5.6148169720572145 406
1739612461458 0.4610502357462806 407
1739612461492 7.209141187873808 408
1739612461525 7.66102485985234 409
1739612461559 7.8843261081553475 410
1739612461594 1.5881304833303422 411
1739612461627 4.2364976145125715 412
1739612461662 7.81812532151859 413
1739612461695 6.558228201428306 414
1739612461729 4.810215146304084 415
1739612461763 7.98565478273074 416
1739612461796 1.7213499748120253 417
1739612461830 5.597519298313258 418
1739612461863 2.6948762688736654 419
1739612461897 1.7143395071447234 420
1739612461930 1.95667315940632 421
1739612461964 3.535514990995166 422
1739612461998 3.9162944083958955 423
1739612462031 2.664820190089941 424
1739612462065 8.347216520112088 425
1739612462098 5.252972452019164 426
1739612462131 11.444305638142934 427
1739612462165 1.5119754983573777 428
1739612462199 6.680735984121946 429
1739612462234 6.343520205030556 430
1739612462268 9.982135271615508 431
1739612462302 2.333747230840926 432
1739612462336 2.6613709709974263 433
1739612462370 7.0301987455876445 434
1739612462403 5.7992221977816225 435
1739612462437 2.3932519551958187 436
1739612462471 6.107304194957245 437
1739612462504 6.046333528598137 438
1739612462538 3.3558648667435502 439
1739612462571 4.045852035520167 440
1739612462606 4.03628758795926 441
1739612462639 6.827346623071619 442
1739612462673 3.0368971781847613 443
1739612462707 4.0069671360043575 444
1739612462741 5.392177952616011 445
1739612462776 5.565610992118394 446
1739612462809 3.7221964411150403 447
1739612462843 8.239255922447233 448
1739612462877 6.045020209152949 449
1739612462911 6.1077070945079095 450
1739612462945 0.37885413246544075 451
1739612462979 3.756025432680655 452
1739612463013 6.225927962678776 453
1739612463047 6.655759296237671 454
1739612463081 1.4385729410290777 455
1739612463116 2.5603122205446858 456
1739612463150 7.504264522668098 457
1739612463184 7.501155910978759 458
1739612463218 7.224267872088176 459
1739612463251 2.788009947429344 460
1739612463285 4.823042086973077 461
1739612463319 6.424817802836762 462
1739612463352 3.071406180543038 463
1739612463386 2.054494650886641 464
1739612463420 21.743882793935857 465
1739612463453 5.698587961771789 466
1739612463487 3.3681086488246463 467
1739612463521 10.532247571609416 468
1739612463554 5.030191287067331 469
1739612463588 15.206521635597843 470
1739612463622 3.45306265652661 471
1739612463657 11.210608604292682 472
1739612463691 2.4524977419416585 473
1739612463724 2.9905746704564433 474
1739612463758 7.882117098711637 475
1739612463792 1.8574949314791773 476
1739612463826 5.740801722629324 477
1739612463860 6.983867810407357 478
1739612463894 13.203904029666422 479
1739612463928 4.936850133317711 480
1739612463961 3.2287539874237696 481
1739612463995 1.9495893204500756 482
1739612464029 1.602882365410198 483
1739612464063 3.3797197375080983 484
1739612464096 3.960728436041734 485
1739612464130 10.508759716791618 486
1739612464163 8.100868357544572 487
1739612464197 1.767096260055813 488
1739612464231 9.154510851204373 489
1739612464264 6.161277711943328 490
1739612464298 4.697152152806119 491
1739612464332 8.371230960172072 492
1739612464367 6.826156346571317 493
1739612464401 8.948585287021725 494
1739612464434 0.844256304730434 495
1739612464468 4.601768601452758 496
1739612464502 11.405856921838343 497
1739612464535 6.507023152667298 498
1739612464569 12.631684654332215 499
