1739611950901 5.959980225847522 0
1739611950935 5.552486433103716 1
1739611950968 36.04034101088844 2
1739611951001 0.004411160216717264 3
1739611951034 19.24941077480646 4
1739611951068 37.593494316818706 5
1739611951102 20.26545750936947 6
1739611951135 2.606660661746994 7
1739611951168 9.30009671812901 8
1739611951201 69.03533499096791 9
1739611951235 23.26118349310742 10
1739611951268 3.4789843041643973 11
1739611951302 2.3241373317907628 12
1739611951335 11.983774403650665 13
1739611951369 58.01558519672009 14
1739611951402 16.413607997163734 15
1739611951435 47.519973770042604 16
1739611951468 35.9511061092943 17
1739611951501 11.944859204301927 18
1739611951534 14.534705528313559 19
1739611951566 58.46370049770137 20
1739611951600 41.46487953334832 21
1739611951633 3.817377846243964 22
1739611951666 52.871690344857456 23
1739611951699 55.89608032721804 24
1739611951732 2.119271803721462 25
1739611951764 58.85385147141758 26
1739611951798 15.791856685233785 27
1739611951832 4.8112594386859175 28
1739611951865 67.33849981722834 29
1739611951897 9.245379783675435 30
1739611951931 11.715232536190294 31
1739611951964 30.59090656206544 32
1739611951997 40.17712526969806 33
1739611952030 8.68966544497511 34
1739611952063 7.803584944201984 35
1739611952096 5.269427945914647 36
1739611952130 26.592837965702685 37
1739611952163 36.19897571363148 38
1739611952196 6.130328884281783 39
1739611952228 10.375889522789912 40
1739611952261 40.00853065489502 41
1739611952294 24.89495038355199 42
1739611952327 21.574740368208488 43
1739611952360 19.60199262137961 44
1739611952393 35.33288373858515 45
1739611952426 22.302254465556604 46
1739611952459 24.16990447679726 47
1739611952492 33.51007780265156 48
1739611952525 43.43018337234395 49
1739611952558 1.7262209813921123 50
1739611952591 20.833191741522153 51
1739611952624 5.647888136335095 52
1739611952657 5.425717469376496 53
1739611952690 1.548449389762755 54
1739611952723 47.466066435208226 55
1739611952756 37.50246581188693 56
1739611952789 38.86141258929631 57
1739611952821 7.355941651279669 58
1739611952854 19.080655793720414 59
1739611952887 36.41876307237232 60
1739611952921 87.02277702255591 61
1739611952954 21.36201858746518 62
1739611952988 7.527252031535821 63
1739611953021 23.101987651103002 64
1739611953054 56.7647399885949 65
1739611953087 89.505435279709 66
1739611953120 0.05137840429111307 67
1739611953153 5.061906452912737 68
1739611953186 6.877783802694012 69
1739611953219 30.661432141859006 70
1739611953252 68.69686321628957 71
1739611953284 48.85071030587857 72
1739611953317 91.64208318589593 73
1739611953351 14.194529634686093 74
1739611953385 10.261294790982898 75
1739611953418 59.08089413252008 76
1739611953451 46.22573979151357 77
1739611953484 6.260337745101028 78
1739611953517 7.278648151724149 79
1739611953550 6.577165714114029 80
1739611953583 0.13138843902309505 81
1739611953616 19.096083977526906 82
1739611953649 5.5214451818623 83
1739611953682 62.484758773645396 84
1739611953715 26.402187321013816 85
1739611953748 5.492719896406391 86
1739611953780 11.984406505293038 87
1739611953813 27.09996665091896 88
1739611953846 38.60013502761673 89
1739611953879 44.1359744653543 90
1739611953912 50.4533496712715 91
1739611953945 82.79238191181483 92
1739611953978 39.50135614556956 93
1739611954011 22.18226931878235 94
1739611954046 13.728016283541583 95
1739611954079 91.84085022700303 96
1739611954112 59.08134546046628 97
1739611954145 13.226410584905102 98
1739611954178 7.690361474089799 99
1739611954211 62.43818180922034 100
1739611954244 21.94893734815848 101
1739611954277 11.182316506845659 102
1739611954310 70.78555176664992 103
1739611954343 29.583611682654723 104
1739611954375 22.912520462706453 105
1739611954408 16.815734515685826 106
1739611954441 41.522562021635785 107
1739611954474 33.892050745602 108
1739611954507 41.97156007834523 109
1739611954540 62.2732699272049 110
1739611954573 9.725123121364282 111
1739611954606 10.834723338563148 112
1739611954638 46.948340587123646 113
1739611954671 28.253454279124462 114
1739611954705 16.551185662517184 115
1739611954738 57.0748847901179 116
1739611954770 17.52735018231079 117
1739611954803 55.58536216150408 118
1739611954836 0.855582343248764 119
1739611954869 10.249678938045104 120
1739611954902 2.437659043924485 121
1739611954935 5.062018075021176 122
1739611954968 39.07610352486932 123
1739611955001 17.224791806255674 124
1739611955034 6.124026040137471 125
1739611955067 48.41629541484356 126
1739611955099 24.925911398582475 127
1739611955132 16.856661681283736 128
1739611955165 7.350865926262174 129
1739611955197 42.670200064719765 130
1739611955231 31.69503049828915 131
1739611955264 3.968752399465689 132
1739611955297 40.328907173976866 133
1739611955330 37.59365599790298 134
1739611955363 39.48423747451586 135
1739611955396 16.420319514763886 136
1739611955429 38.96003888257249 137
1739611955462 17.402468952545355 138
1739611955496 39.67963166509498 139
1739611955529 43.101838677660425 140
1739611955562 87.06191269174322 141
1739611955595 31.164290047270047 142
1739611955628 14.29617379359703 143
1739611955660 44.39862608596921 144
1739611955693 40.02558919586245 145
1739611955726 2.437241890059437 146
1739611955759 42.04523844439267 147
1739611955792 67.29775473738621 148
1739611955825 7.082312080551353 149
1739611955858 39.4129078501113 150
1739611955891 37.22105690560181 151
1739611955924 9.25053963964254 152
1739611955965 10.349899451363296 153
1739611956019 26.156306154197342 154
1739611956058 33.08367562303375 155
1739611956095 23.98219985406312 156
1739611956130 3.8668126743194557 157
1739611956165 54.08951997568019 158
1739611956199 16.846316039437443 159
1739611956234 10.145121745617454 160
1739611956269 10.48753553983501 161
1739611956304 33.009287447372834 162
1739611956339 13.041321859011244 163
1739611956373 28.117575433544037 164
1739611956407 30.11008918600413 165
1739611956443 15.384808812313466 166
1739611956477 65.56155935814567 167
1739611956512 22.608644235324025 168
1739611956546 54.11426257406474 169
1739611956581 42.2579683796159 170
1739611956616 74.26919305785873 171
1739611956650 11.505843172940315 172
1739611956685 2.659972728487069 173
1739611956719 11.0815587868588 174
1739611956755 0.17778432107981243 175
1739611956790 23.834983654372508 176
1739611956824 31.993696995071716 177
1739611956859 19.503320704121954 178
1739611956894 15.393865700458006 179
1739611956928 58.639496267627614 180
1739611956963 3.1047251514350833 181
1739611956998 17.117204351418696 182
1739611957033 25.84841077525105 183
1739611957069 46.18243513852079 184
1739611957104 25.07533568512276 185
1739611957138 125.23463516811539 186
1739611957173 31.07410288479105 187
1739611957207 3.2793179904708043 188
1739611957242 81.57115907941768 189
1739611957276 1.690137237762999 190
1739611957311 6.710485943189584 191
1739611957345 39.718047607155654 192
1739611957380 81.28006458562153 193
1739611957415 60.498355859247795 194
1739611957449 34.236910594095406 195
1739611957484 41.01504701241422 196
1739611957518 3.097068479926228 197
1739611957554 19.816211368934898 198
1739611957589 33.72421476334997 199
1739611957625 52.814230655861984 200
1739611957659 50.32094045275582 201
1739611957695 19.158014429040836 202
1739611957730 3.9949916299070374 203
1739611957764 17.127346988496544 204
1739611957799 14.618935749106834 205
1739611957834 15.060370101702421 206
1739611957868 32.390466431854556 207
1739611957903 2.2996293056650132 208
1739611957938 20.51670608278295 209
1739611957972 21.26043518559162 210
1739611958007 16.629940489546907 211
1739611958042 22.8352918627147 212
1739611958076 16.03739867851939 213
1739611958111 65.95633639375693 214
1739611958145 43.55063275108793 215
1739611958180 39.52675593389273 216
1739611958215 24.95110910771079 217
1739611958250 6.884360870733349 218
1739611958284 54.946281651736996 219
1739611958319 6.57629809448132 220
1739611958354 48.60683935990878 221
1739611958389 37.405336817741585 222
1739611958427 39.10436198595165 223
1739611958462 4.0864442066250195 224
1739611958496 11.760917400063406 225
1739611958531 4.726424963867822 226
1739611958566 23.55416632540959 227
1739611958601 66.9112520201843 228
1739611958635 12.532680057955028 229
1739611958670 1.8076081939754833 230
1739611958705 51.62550759969385 231
1739611958740 28.96843197314053 232
1739611958774 21.38270769115951 233
1739611958809 81.37507421866879 234
1739611958844 43.488361725555414 235
1739611958879 58.742834020629665 236
1739611958913 12.470616679103719 237
1739611958948 5.517056075674247 238
1739611958983 41.749847029634815 239
1739611959017 53.67957961655707 240
1739611959051 53.207439554924996 241
1739611959086 27.483122378940145 242
1739611959121 17.571661167402198 243
1739611959155 32.62580836450224 244
1739611959189 5.807122244476246 245
1739611959224 16.01685869679495 246
1739611959259 28.887042994133743 247
1739611959293 24.716391270728383 248
1739611959328 1.4081641870919035 249
1739611959362 8.900976913036093 250
1739611959397 15.623786612315998 251
1739611959432 20.540636760182544 252
1739611959467 30.840310994373407 253
1739611959502 23.61872043509411 254
1739611959536 76.51682125936728 255
1739611959571 8.241847867337308 256
1739611959605 30.78237370868308 257
1739611959640 35.575250551009695 258
1739611959674 15.163781117783135 259
1739611959710 15.572909186571916 260
1739611959745 9.323869445600078 261
1739611959780 23.994866047022363 262
1739611959815 21.590737812745203 263
1739611959850 6.182249031286372 264
1739611959885 74.95226581874469 265
1739611959920 45.796310142846295 266
1739611959954 36.39668742031118 267
1739611959988 105.44167221118438 268
1739611960021 32.85820623341955 269
1739611960054 8.81015269826925 270
1739611960087 25.146197653081607 271
1739611960120 28.575705485893902 272
1739611960153 7.793472823388091 273
1739611960186 24.001660324934512 274
1739611960219 10.2947636738229 275
1739611960252 1.4642911396852827 276
1739611960284 41.53088012540503 277
1739611960317 26.950719290981432 278
1739611960350 33.521597476317844 279
1739611960384 3.5135658006822523 280
1739611960417 4.807273138237605 281
1739611960450 34.98303785203311 282
1739611960483 25.362850937974855 283
1739611960516 104.89872667828078 284
1739611960548 56.89700017655524 285
1739611960581 39.911011094105895 286
1739611960617 7.475831964083397 287
1739611960650 18.51836187383427 288
1739611960683 10.151725474702486 289
1739611960716 68.41869995735597 290
1739611960749 19.29169360950545 291
1739611960782 17.012122812313976 292
1739611960814 13.876009163944605 293
1739611960847 21.715534620991022 294
1739611960880 53.869000018457996 295
1739611960913 19.17312998093789 296
1739611960946 24.53083533072832 297
1739611960979 34.1235564996412 298
1739611961012 37.722736427988586 299
1739611961045 19.214673839896307 300
1739611961078 7.647877868356643 301
1739611961111 46.79812011036466 302
1739611961144 26.58642582295547 303
1739611961179 5.219715519612266 304
1739611961215 36.956149797360176 305
1739611961249 32.542300041654435 306
1739611961282 13.58019377508065 307
1739611961316 8.869419942438531 308
1739611961350 7.261482765333225 309
1739611961383 25.394111578025292 310
1739611961416 70.28454710213607 311
1739611961449 104.1979422910397 312
1739611961482 1.4982181033176665 313
1739611961515 9.960516999774619 314
1739611961548 55.630976566481344 315
1739611961582 48.95663060649647 316
1739611961615 33.44737859793041 317
1739611961648 58.48349643817724 318
1739611961682 57.39704651204676 319
1739611961715 89.77391351827858 320
1739611961748 4.403315377676795 321
1739611961781 61.68638060731599 322
1739611961814 35.59264144427711 323
1739611961848 7.689620528492504 324
1739611961881 63.75656416544233 325
1739611961915 2.5651096332090106 326
1739611961948 17.879615381574848 327
1739611961981 33.03440561954029 328
1739611962014 69.70514482569148 329
1739611962047 5.952044983322452 330
1739611962080 37.0798904473871 331
1739611962113 42.42642965899943 332
1739611962146 44.36071619054839 333
1739611962178 14.89840408703876 334
1739611962211 4.19147438641567 335
1739611962244 15.72958891155644 336
1739611962276 45.378353107432574 337
1739611962309 46.645630528645604 338
1739611962342 27.18224522027025 339
1739611962374 38.31267211587725 340
1739611962407 5.330843084531834 341
1739611962440 37.40048954875745 342
1739611962473 20.7693355324455 343
1739611962505 19.445333467970865 344
1739611962538 7.173494851485808 345
1739611962571 17.3491854131765 346
1739611962603 18.227737187348264 347
1739611962636 13.915817917616195 348
1739611962669 46.569539094190624 349
1739611962702 32.435499553580705 350
1739611962735 18.53849246045846 351
1739611962768 9.962184531634325 352
1739611962801 67.03404142911307 353
1739611962834 3.4287273723333893 354
1739611962867 25.843602574552037 355
1739611962900 28.108026929885664 356
1739611962932 35.9436012143206 357
1739611962966 69.95652767785815 358
1739611962999 5.758529771491865 359
1739611963032 12.100015587456554 360
1739611963065 2.491882372942109 361
1739611963098 10.665621937061225 362
1739611963131 3.4794513785559547 363
1739611963164 43.10345908668131 364
1739611963197 8.110793788463285 365
1739611963230 82.45356606750738 366
1739611963262 56.226995541038406 367
1739611963295 66.99693299740711 368
1739611963328 55.943742642269974 369
1739611963361 17.219970963166162 370
1739611963394 10.449099642014952 371
1739611963427 10.828227793741801 372
1739611963459 17.504219023315926 373
1739611963492 102.65077209760565 374
1739611963525 34.218082620363866 375
1739611963558 1.9405451284113522 376
1739611963590 48.2324777484538 377
1739611963623 21.981607598034998 378
1739611963656 34.453485072452935 379
1739611963689 59.78733491503987 380
1739611963722 24.751343519266676 381
1739611963755 33.33683549696606 382
1739611963788 13.848154821187345 383
1739611963821 50.58691737534179 384
1739611963853 29.167579147243536 385
1739611963886 42.30913954236475 386
1739611963918 49.223890878266424 387
1739611963952 53.60269813585119 388
1739611963986 41.0863473474753 389
1739611964019 0.8721713486401083 390
1739611964053 23.367194559620273 391
1739611964087 38.262749948950926 392
1739611964120 25.567065372035966 393
1739611964152 13.871991278387002 394
1739611964185 5.463039396845125 395
1739611964218 42.87406553005391 396
1739611964251 9.611336828080232 397
1739611964284 71.66725575635576 398
1739611964317 1.4460072359383425 399
1739611964349 0.5129170740578153 400
1739611964382 4.93698886214234 401
1739611964415 8.895327343031337 402
1739611964447 39.92514128321295 403
1739611964480 60.48376966504942 404
1739611964513 9.733509427025178 405
1739611964545 37.300922804514684 406
1739611964578 33.549194185431155 407
1739611964611 44.04860411653617 408
1739611964644 82.93252905532498 409
1739611964677 44.00314253702324 410
1739611964710 6.023643066098255 411
1739611964744 4.575233287642605 412
1739611964777 15.678456376868729 413
1739611964809 5.640209732789002 414
1739611964842 31.300851335228604 415
1739611964875 22.894019755991522 416
1739611964908 15.60968911580344 417
1739611964940 39.221968953789066 418
1739611964973 9.30404197597648 419
1739611965007 44.2049503900879 420
1739611965040 34.180796442747685 421
1739611965073 41.27058512365199 422
1739611965106 56.899057865713736 423
1739611965139 20.93497777623335 424
1739611965171 9.413158279144394 425
1739611965204 24.8721200119045 426
1739611965237 28.82676321025225 427
1739611965270 43.06497781269956 428
1739611965302 15.895976605078543 429
1739611965335 10.255329682332212 430
1739611965368 30.800495774989557 431
1739611965402 9.079866386914357 432
1739611965435 18.115029522000242 433
1739611965468 45.98668703952212 434
1739611965501 24.949323010115926 435
1739611965534 43.61719548419759 436
1739611965567 35.65047520325209 437
1739611965600 38.83936589072964 438
1739611965635 0.2963318322217588 439
1739611965670 40.63799822367524 440
1739611965704 4.471403340370777 441
1739611965736 48.14227369265376 442
1739611965769 57.2947823881009 443
1739611965801 74.52413946555376 444
1739611965834 40.89204694273471 445
1739611965867 16.205750556670775 446
1739611965900 5.816621799718866 447
1739611965932 33.525006725882186 448
1739611965965 4.907989112180491 449
1739611965999 15.592316860220025 450
1739611966032 4.361400524225311 451
1739611966065 12.383725565992062 452
1739611966099 5.958420507624505 453
1739611966132 80.62944844187179 454
1739611966165 50.48176574670847 455
1739611966198 12.188334089943174 456
1739611966231 1.7988560781624399 457
1739611966265 38.398106613309025 458
1739611966298 70.40450409890096 459
1739611966331 10.440996504547128 460
1739611966364 9.265510425782567 461
1739611966397 59.22938794132765 462
1739611966430 9.15594419418604 463
1739611966463 11.50472592314486 464
1739611966496 9.167769184500697 465
1739611966529 12.4180030932973 466
1739611966561 11.953587922569602 467
1739611966594 27.079421987950923 468
1739611966628 60.990197499665015 469
1739611966661 34.70258295374831 470
1739611966694 18.35396318103141 471
1739611966727 77.40875564221301 472
1739611966760 10.346854866096681 473
1739611966793 15.319060575253417 474
1739611966826 10.365117457611042 475
1739611966859 59.014147405650064 476
1739611966892 17.75926899285402 477
1739611966925 65.48351525932071 478
1739611966958 39.34616808575526 479
1739611966991 21.394424085189556 480
1739611967025 11.801928824516384 481
1739611967057 80.44380373093841 482
1739611967091 4.197034264955675 483
1739611967124 6.344316416970641 484
1739611967157 6.591424247627101 485
1739611967191 52.43422586144768 486
1739611967224 6.6232019488014675 487
1739611967257 67.74352556457612 488
1739611967290 6.958761372996391 489
1739611967323 44.482455133412046 490
1739611967356 31.963824862599264 491
1739611967389 11.313064659202851 492
1739611967421 1.9559368028591173 493
1739611967454 59.541805865327014 494
1739611967487 53.009566930524066 495
1739611967520 26.941861982741482 496
1739611967552 38.088071854772465 497
1739611967585 36.20439977577759 498
1739611967618 10.407758259978403 499
