1739614115890 168.72090282371335 0
1739614115901 168.6490325367989 1
1739614115911 168.58597087058496 2
1739614115922 168.52192805939353 3
1739614115932 168.45791522519337 4
1739614115942 168.39392565049627 5
1739614115952 168.32996582265656 6
1739614115963 168.26602923302605 7
1739614115973 168.20212236753227 8
1739614115984 168.13823871892876 9
1739614115994 168.07438477176 10
1739614116004 168.01055402018042 11
1739614116045 167.94675294735228 12
1739614116060 167.88297504883047 13
1739614116074 167.8192268063952 14
1739614116090 167.75550171700132 15
1739614116102 167.69180626104784 16
1739614116115 167.62813393688884 17
1739614116127 167.56449122354257 18
1739614116138 167.5008716207619 19
1739614116149 167.43728160618483 20
1739614116161 167.3737168428981 21
1739614116172 167.31017624003053 22
1739614116183 167.24666519137867 23
1739614116194 167.18317720029006 24
1739614116205 167.11971874097216 25
1739614116217 167.05628331805136 26
1739614116227 166.992877404357 27
1739614116238 166.92949450591155 28
1739614116249 166.86614109416678 29
1739614116262 166.8028106765406 30
1739614116273 166.73950972310777 31
1739614116285 166.6762317426812 32
1739614116296 166.6129832039591 33
1739614116307 166.54975761714863 34
1739614116319 166.48656144957232 35
1739614116331 166.4233882128309 36
1739614116342 166.36024437287168 37
1739614116353 166.29712560070476 38
1739614116364 166.2340308074924 39
1739614116375 166.17096537730995 40
1739614116386 166.10792282534027 41
1739614116396 166.0449096141119 42
1739614116408 165.98191926008192 43
1739614116430 165.91895822440563 44
1739614116441 165.85602002493118 45
1739614116453 165.7931111214412 46
1739614116464 165.73022503317426 47
1739614116475 165.6673682185409 48
1739614116486 165.6045341981696 49
1739614116498 165.5417294290992 50
1739614116509 165.47894743334768 51
1739614116520 165.41619466658278 52
1739614116531 165.35346465221116 53
1739614116543 165.29076384453026 54
1739614116560 165.2280857683348 55
1739614116577 165.16543687655226 56
1739614116592 165.10281284901652 57
1739614116607 165.0402125991537 58
1739614116621 164.97764150021328 59
1739614116635 164.91509308055765 60
1739614116647 164.8525737897092 61
1739614116664 164.79007715729963 62
1739614116676 164.7276096314834 63
1739614116689 164.66516474327776 64
1739614116699 164.6027489394698 65
1739614116710 164.54035575246172 66
1739614116722 164.4779916276739 67
1739614116733 164.41565009889294 68
1739614116745 164.353337610173 69
1739614116756 164.29104769668447 70
1739614116767 164.22878680111586 71
1739614116778 164.1665484600208 72
1739614116789 164.1043391147227 73
1739614116800 164.0421523031579 74
1739614116811 163.97999446528527 75
1739614116822 163.91786128972697 76
1739614116833 163.85575169216398 77
1739614116844 163.79367103506212 78
1739614116855 163.73161285991105 79
1739614116866 163.6695836032781 80
1739614116876 163.60757680791698 81
1739614116888 163.54559890903258 82
1739614116900 163.48364345075856 83
1739614116911 163.42171686693789 84
1739614116924 163.35981270308375 85
1739614116937 163.29793739167764 86
1739614116950 163.23608447961155 87
1739614116962 163.17426039800628 88
1739614116973 163.11245869513215 89
1739614116984 163.05068580074948 90
1739614116995 162.9889352645064 91
1739614117007 162.92721351480364 92
1739614117019 162.8655141026663 93
1739614117032 162.80384345513605 94
1739614117043 162.74219726958813 95
1739614117056 162.68057446394886 96
1739614117069 162.61898038994312 97
1739614117082 162.55740860213527 98
1739614117094 162.4958655241887 99
1739614117117 162.43434471192677 100
1739614117133 162.37285258765567 101
1739614117149 162.31138270857346 102
1739614117164 162.24994149562968 103
1739614117178 162.18852250739621 104
1739614117190 162.12713216346663 105
1739614117204 162.0657640237863 106
1739614117219 162.0044245065932 107
1739614117232 161.9431071732055 108
1739614117243 161.88181844050635 109
1739614117254 161.82055187118604 110
1739614117265 161.75931388077336 111
1739614117276 161.69809803333035 112
1739614117287 161.63691074303196 113
1739614117299 161.57574771597163 114
1739614117310 161.5146078723119 115
1739614117322 161.45349655307876 116
1739614117334 161.39240732585932 117
1739614117345 161.33134660146357 118
1739614117355 161.2703079487326 119
1739614117367 161.2092977771247 120
1739614117379 161.14830965685007 121
1739614117389 161.0873499960157 122
1739614117401 161.02641236620013 123
1739614117411 160.96550317415966 124
1739614117423 160.90461599284092 125
1739614117433 160.84375722764997 126
1739614117444 160.78292045290075 127
1739614117455 160.72211207264976 128
1739614117467 160.66132566257758 129
1739614117478 160.60056762539188 130
1739614117490 160.53983367495562 131
1739614117506 160.47912273342413 132
1739614117518 160.41844013228788 133
1739614117529 160.35777945074008 134
1739614117541 160.29714708813506 135
1739614117558 160.23653662491554 136
1739614117573 160.17595445908904 137
1739614117586 160.11539417246223 138
1739614117600 160.0548621616961 139
1739614117612 159.99435200996106 140
1739614117624 159.93387011257218 141
1739614117638 159.87341005406282 142
1739614117652 159.81297822840259 143
1739614117665 159.7525682214874 144
1739614117678 159.692186425942 145
1739614117690 159.6318264290242 146
1739614117701 159.5714946220144 147
1739614117711 159.51118459353182 148
1739614117723 159.45090273351312 149
1739614117734 159.3906447644736 150
1739614117745 159.33040961078737 151
1739614117757 159.27020259332568 152
1739614117768 159.21001730420605 153
1739614117780 159.14986013002542 154
1739614117793 159.08972466414588 155
1739614117805 159.02961729182266 156
1739614117817 158.9695316077766 157
1739614117828 158.90947399592164 158
1739614117839 158.84943805233684 159
1739614117850 158.78943015959553 160
1739614117861 158.7294439151343 161
1739614117873 158.66948570018639 162
1739614117887 158.60954911354543 163
1739614117900 158.54964053510514 164
1739614117911 158.4897535650156 165
1739614117922 158.4298945818315 166
1739614117933 158.37005718705876 167
1739614117945 158.31024775791371 168
1739614117957 158.25046202552923 169
1739614117969 158.19069891648905 170
1739614117981 158.13096374108696 171
1739614117993 158.07125010431344 172
1739614118007 158.0115643800579 173
1739614118030 157.95190017455064 174
1739614118047 157.89226386034466 175
1739614118058 157.83264904502343 176
1739614118070 157.7730620998041 177
1739614118081 157.71349663362292 178
1739614118094 157.6539590163616 179
1739614118106 157.59444285830855 180
1739614118127 157.5349545280107 181
1739614118139 157.4754876371081 182
1739614118152 157.4160485528134 183
1739614118165 157.3566308881177 184
1739614118177 157.2972410088999 185
1739614118189 157.23787252950157 186
1739614118201 157.17853181446844 187
1739614118214 157.11921460351664 188
1739614118225 157.05991982543054 189
1739614118238 157.00065277996785 190
1739614118251 156.94140708494072 191
1739614118261 156.8821891015814 192
1739614118273 156.82299244893662 193
1739614118286 156.76382348690746 194
1739614118296 156.70467583588862 195
1739614118307 156.64555585445044 196
1739614118320 156.5864571643351 197
1739614118332 156.52738612278267 198
1739614118343 156.4683363528822 199
1739614118355 156.40931421054424 200
1739614118367 156.35031332020395 201
1739614118379 156.29134003644296 202
1739614118390 156.23238798504204 203
1739614118403 156.1734635192543 204
1739614118414 156.11456026620579 205
1739614118425 156.05568457782155 206
1739614118437 155.99683220236653 207
1739614118449 155.93800207081676 208
1739614118460 155.87919947243535 209
1739614118473 155.820418037805 210
1739614118485 155.7616641155504 211
1739614118500 155.7029313374839 212
1739614118510 155.6442260509043 213
1739614118522 155.58554188896662 214
1739614118535 155.52688519764396 215
1739614118546 155.46824961143355 216
1739614118558 155.40964147498363 217
1739614118570 155.35105442413263 218
1739614118581 155.29249480220457 219
1739614118592 155.2339562463788 220
1739614118605 155.17544509865547 221
1739614118617 155.11695499755433 222
1739614118629 155.0584922837522 223
1739614118642 155.00005059710858 224
1739614118655 154.94163627697756 225
1739614118667 154.8832450801388 226
1739614118678 154.82487593975097 227
1739614118691 154.7665341346238 228
1739614118709 154.70821330805967 229
1739614118721 154.64991979612526 230
1739614118734 154.5916472433478 231
1739614118745 154.53340198447336 232
1739614118758 154.47517766536623 233
1739614118771 154.41698061945223 234
1739614118783 154.35880449393244 235
1739614118794 154.3006556209129 236
1739614118807 154.24252764893077 237
1739614118820 154.18442690877302 238
1739614118832 154.12634705031235 239
1739614118844 154.06829440301698 240
1739614118856 154.0102626180948 241
1739614118868 153.95225802369586 242
1739614118880 153.89427427236245 243
1739614118891 153.8363176909272 244
1739614118903 153.77838404465032 245
1739614118916 153.7204722688641 246
1739614118927 153.66258763196623 247
1739614118939 153.60472378992782 248
1739614118952 153.54688706630728 249
1739614118964 153.48907111829573 250
1739614118977 153.4312822681359 251
1739614118989 153.37351417435104 252
1739614119002 153.31577315786873 253
1739614119016 153.2580528785435 254
1739614119029 153.20035965598845 255
1739614119040 153.1426871513889 256
1739614119062 153.08504168304404 257
1739614119074 153.02741691346932 258
1739614119088 152.96981915965054 259
1739614119100 152.9122420854329 260
1739614119113 152.85469200648927 261
1739614119125 152.79716258799394 262
1739614119137 152.73966014430744 263
1739614119150 152.6821804491367 264
1739614119162 152.62472243997877 265
1739614119174 152.5672913748599 266
1739614119189 152.5098809223698 267
1739614119201 152.45249739360756 268
1739614119214 152.3951344583779 269
1739614119225 152.33779842646956 270
1739614119237 152.28048296901397 271
1739614119254 152.2231943944898 272
1739614119265 152.16592637535462 273
1739614119277 152.10868521877782 274
1739614119290 152.05146459854237 275
1739614119302 151.99427082050883 276
1739614119313 151.93709755978514 277
1739614119325 151.87995112092366 278
1739614119338 151.82282518035672 279
1739614119351 151.76572604132883 280
1739614119362 151.70864738159622 281
1739614119373 151.65159550309627 282
1739614119386 151.59456618794894 283
1739614119397 151.53755837580707 284
1739614119409 151.48057731436631 285
1739614119422 151.42361668478466 286
1739614119435 151.3666827857509 287
1739614119447 151.3097692996332 288
1739614119460 151.2528825238151 289
1739614119472 151.19601614198612 290
1739614119485 151.1391764502251 291
1739614119498 151.0823571335423 292
1739614119511 151.02556448671234 293
1739614119523 150.96879219606572 294
1739614119536 150.91204655507335 295
1739614119549 150.85532125138542 296
1739614119560 150.7986225771698 297
1739614119572 150.74194422139576 298
1739614119586 150.6852924749285 299
1739614119597 150.62866102805586 300
1739614119609 150.57205617034114 301
1739614119622 150.5154736922835 302
1739614119633 150.45891253568288 303
1739614119645 150.402377937945 304
1739614119658 150.34586359274593 305
1739614119672 150.28937578641302 306
1739614119686 150.23290821382778 307
1739614119699 150.1764671600175 308
1739614119712 150.1200463211797 309
1739614119723 150.06365198104217 310
1739614119735 150.00727783711773 311
1739614119748 149.95093017183524 312
1739614119759 149.89460268402254 313
1739614119771 149.8383016548098 314
1739614119784 149.78202078433938 315
1739614119795 149.72576635244346 316
1739614119808 149.6695320605782 317
1739614119821 149.6133241872783 318
1739614119833 149.55713643531337 319
1739614119845 149.50097508192104 320
1739614119858 149.4448359259465 321
1739614119870 149.38871791132783 322
1739614119882 149.33262626522122 323
1739614119894 149.27655469377092 324
1739614119907 149.22050947099177 325
1739614119921 149.1644843042284 326
1739614119933 149.1084854662008 327
1739614119946 149.05250666556438 328
1739614119958 148.99655417374447 329
1739614119971 148.94062170070703 330
1739614119990 148.88471551658333 331
1739614120006 148.828829332649 332
1739614120019 148.7729694177419 333
1739614120032 148.71712948444684 334
1739614120044 148.6613158003088 335
1739614120056 148.60552207922123 336
1739614120070 148.5497545874368 337
1739614120082 148.49400704015693 338
1739614120094 148.43828570234254 339
1739614120107 148.38258638115107 340
1739614120119 148.32690802265012 341
1739614120133 148.27125584378672 342
1739614120148 148.21562356312364 343
1739614120162 148.16001744241134 344
1739614120174 148.10443120140846 345
1739614120186 148.04887110057552 346
1739614120199 147.9933308609767 347
1739614120210 147.93781674178317 348
1739614120222 147.88232246536415 349
1739614120233 147.82685428960193 350
1739614120244 147.77140593817026 351
1739614120257 147.71598366766318 352
1739614120269 147.66058120305826 353
1739614120281 147.60520479966178 354
1739614120295 147.54984818375476 355
1739614120307 147.49451760935617 356
1739614120319 147.43920680404995 357
1739614120333 147.38392202056824 358
1739614120344 147.32865907434794 359
1739614120354 147.2734169135771 360
1739614120368 147.218200745034 361
1739614120381 147.16300429965017 362
1739614120392 147.1078338269603 363
1739614120403 147.05268305908712 364
1739614120415 146.99755824428033 365
1739614120427 146.94245311596325 366
1739614120438 146.88737392110116 367
1739614120450 146.83231439441715 368
1739614120461 146.7772807815928 369
1739614120473 146.72226681865047 370
1739614120485 146.66727874998855 371
1739614120496 146.6123103129281 372
1739614120509 146.55736775058475 373
1739614120520 146.5024448015778 374
1739614120533 146.44754770774074 375
1739614120543 146.39267020899064 376
1739614120555 146.33781854587906 377
1739614120566 146.28298854208904 378
1739614120578 146.22817914792068 379
1739614120589 146.17339556002315 380
1739614120601 146.11863152164779 381
1739614120614 146.0638932701614 382
1739614120626 146.0091745500017 383
1739614120638 145.9544815972556 384
1739614120650 145.89980815765608 385
1739614120661 145.84516046601084 386
1739614120672 145.79053226934747 387
1739614120684 145.73592980119494 388
1739614120696 145.68134680987507 389
1739614120707 145.62678952763844 390
1739614120719 145.57225170410052 391
1739614120730 145.51773957023434 392
1739614120740 145.46324687694832 393
1739614120751 145.40877985393826 394
1739614120763 145.3543322534052 395
1739614120775 145.29991030376829 396
1739614120787 145.24550983692365 397
1739614120798 145.1911298052748 398
1739614120809 145.1367753953817 399
1739614120821 145.08244036276622 400
1739614120832 145.02813093267525 401
1739614120844 144.97384086181242 402
1739614120856 144.91957637414973 403
1739614120869 144.86533122768088 404
1739614120880 144.81111164510372 405
1739614120892 144.75691138570136 406
1739614120914 144.702736670898 407
1739614120927 144.64858126126575 408
1739614120940 144.59445137695556 409
1739614120952 144.54034077982809 410
1739614120964 144.48625568876147 411
1739614120976 144.43218986690442 412
1739614120987 144.3781495318629 413
1739614120999 144.32412844807288 414
1739614121010 144.27013283186884 415
1739614121022 144.21615852332727 416
1739614121034 144.1622044769463 417
1739614121045 144.10827586923637 418
1739614121057 144.05436646794112 419
1739614121069 144.0004824862353 420
1739614121080 143.94661769303937 421
1739614121091 143.89277830025824 422
1739614121103 143.83895807809742 423
1739614121115 143.78516323719262 424
1739614121127 143.73138754903366 425
1739614121139 143.67763722298747 426
1739614121150 143.62390603182797 427
1739614121161 143.57020018365375 428
1739614121173 143.516513452522 429
1739614121184 143.46285204526373 430
1739614121196 143.40920973721887 431
1739614121208 143.35559273395137 432
1739614121220 143.3019948120834 433
1739614121230 143.24842217591214 434
1739614121242 143.1948686033416 435
1739614121254 143.1413402974029 436
1739614121265 143.08783310717718 437
1739614121276 143.03434598946814 438
1739614121287 142.98088410972323 439
1739614121299 142.92744124913955 440
1739614121312 142.87402360760217 441
1739614121324 142.82062496747986 442
1739614121335 142.7672515273936 443
1739614121348 142.71389707099135 444
1739614121359 142.66056779563033 445
1739614121370 142.6072574862373 446
1739614121382 142.55397233890636 447
1739614121393 142.5007061398424 448
1739614121405 142.44746508387672 449
1739614121418 142.3942429584921 450
1739614121430 142.34104595725762 451
1739614121441 142.28786786893318 452
1739614121453 142.23471488582624 453
1739614121465 142.18158079797325 454
1739614121476 142.12847179642057 455
1739614121487 142.07538373836115 456
1739614121499 142.02231558267516 457
1739614121510 141.96927248484366 458
1739614121522 141.91624823818313 459
1739614121533 141.86324903060628 460
1739614121545 141.8102686565966 461
1739614121557 141.75731330280772 462
1739614121569 141.70437676499722 463
1739614121581 141.65146522855989 464
1739614121594 141.59857249052706 465
1739614121605 141.54570473503526 466
1739614121617 141.492855760389 467
1739614121628 141.4400317494671 468
1739614121640 141.38722650184658 469
1739614121652 141.3344461991491 470
1739614121664 141.28168464222384 471
1739614121675 141.2289480114356 472
1739614121687 141.1762301089052 473
1739614121699 141.12353711374135 474
1739614121711 141.07086489121616 475
1739614121722 141.0182124022781 476
1739614121734 140.96558479248088 477
1739614121744 140.912975867212 478
1739614121755 140.86039180245905 479
1739614121767 140.807826404772 480
1739614121779 140.75528584888406 481
1739614121791 140.70276394261427 482
1739614121804 140.65026685944218 483
1739614121816 140.59778840845536 484
1739614121827 140.54533476187996 485
1739614121839 140.49289973007183 486
1739614121860 140.44048948400425 487
1739614121871 140.3880978353005 488
1739614121884 140.33573095368175 489
1739614121897 140.28338265203828 490
1739614121909 140.23105909883938 491
1739614121921 140.17875410824192 492
1739614121933 140.126473847464 493
1739614121945 140.07421418982477 494
1739614121957 140.02197409833227 495
1739614121968 139.96975870865202 496
1739614121979 139.9175618381945 497
1739614121991 139.86538965106905 498
1739614122003 139.813235965844 499
