1739558040487 169.6210407770955 0
1739558040496 169.4877158870233 1
1739558040505 169.42113117063636 2
1739558040513 169.3545605453256 3
1739558040522 169.28801814713626 4
1739558040530 169.2215039611002 5
1739558040538 169.15501797525542 6
1739558040547 169.08856017764444 7
1739558040555 169.02213055631483 8
1739558040563 168.95572909931917 9
1739558040571 168.88935579471516 10
1739558040579 168.8230106305656 11
1739558040587 168.75669359493824 12
1739558040595 168.690404675906 13
1739558040603 168.62414386154683 14
1739558040611 168.55791113994363 15
1739558040619 168.49170649918455 16
1739558040627 168.42552992736262 17
1739558040635 168.359381412576 18
1739558040643 168.29326094292784 19
1739558040651 168.22716850652645 20
1739558040660 168.16110409148502 21
1739558040669 168.09506768592192 22
1739558040677 168.02905927796047 23
1739558040686 167.9630788557291 24
1739558040694 167.89712640736118 25
1739558040702 167.8312019209952 26
1739558040710 167.76530538477465 27
1739558040718 167.699436786848 28
1739558040726 167.63359611536882 29
1739558040735 167.56778335849563 30
1739558040743 167.50199850439208 31
1739558040751 167.43624154122676 32
1739558040759 167.3705124571732 33
1739558040767 167.30481124041012 34
1739558040775 167.23913787912113 35
1739558040783 167.17349236149488 36
1739558040791 167.10787467572507 37
1739558040799 167.0422848100103 38
1739558040808 166.97672275255428 39
1739558040816 166.9111884915657 40
1739558040824 166.84568201525823 41
1739558040832 166.78020331185053 42
1739558040839 166.7147523695663 43
1739558040847 166.6493291766341 44
1739558040855 166.58393372128774 45
1739558040863 166.51856599176568 46
1739558040871 166.45322597631173 47
1739558040878 166.38791366317437 48
1739558040886 166.32262904060724 49
1739558040894 166.25737209686895 50
1739558040902 166.19214282022298 51
1739558040910 166.1269411989379 52
1739558040918 166.0617672212873 53
1739558040926 165.99662087554955 54
1739558040934 165.93150215000813 55
1739558040942 165.86641103295145 56
1739558040950 165.80134751267292 57
1739558040958 165.73631157747084 58
1739558040966 165.67130321564858 59
1739558040975 165.6063224155144 60
1739558040983 165.54136916538147 61
1739558040991 165.47644345356804 62
1739558040999 165.4115452683972 63
1739558041006 165.346674598197 64
1739558041014 165.2818314313006 65
1739558041025 165.2170157560458 66
1739558041033 165.15222756077574 67
1739558041042 165.08746683383816 68
1739558041050 165.02273356358586 69
1739558041058 164.95802773837664 70
1739558041067 164.8933493465732 71
1739558041075 164.82869837654312 72
1739558041083 164.76407481665893 73
1739558041091 164.69947865529818 74
1739558041099 164.63490988084322 75
1739558041107 164.5703684816815 76
1739558041116 164.50585444620512 77
1739558041123 164.44136776281135 78
1739558041131 164.37690841990232 79
1739558041139 164.312476405885 80
1739558041147 164.24807170917137 81
1739558041155 164.18369431817825 82
1739558041162 164.1193442213274 83
1739558041170 164.0550214070455 84
1739558041178 163.99072586376414 85
1739558041186 163.9264575799198 86
1739558041194 163.86221654395388 87
1739558041202 163.7980027443126 88
1739558041210 163.73381616944727 89
1739558041218 163.66965680781385 90
1739558041226 163.6055246478734 91
1739558041234 163.54141967809173 92
1739558041242 163.47734188693968 93
1739558041250 163.41329126289284 94
1739558041258 163.34926779443177 95
1739558041266 163.2852714700419 96
1739558041274 163.22130227821356 97
1739558041282 163.15736020744185 98
1739558041290 163.09344524622696 99
1739558041298 163.02955738307372 100
1739558041306 162.96569660649195 101
1739558041314 162.90186290499642 102
1739558041323 162.83805626710657 103
1739558041331 162.774276681347 104
1739558041339 162.7105241362468 105
1739558041347 162.64679862034026 106
1739558041355 162.58310012216634 107
1739558041364 162.51942863026892 108
1739558041372 162.45578413319674 109
1739558041380 162.3921666195034 110
1739558041388 162.32857607774736 111
1739558041396 162.26501249649186 112
1739558041403 162.20147586430508 113
1739558041411 162.13796616975998 114
1739558041419 162.07448340143443 115
1739558041427 162.01102754791108 116
1739558041435 161.94759859777756 117
1739558041443 161.88419653962606 118
1739558041451 161.82082136205386 119
1739558041460 161.757473053663 120
1739558041468 161.69415160306033 121
1739558041476 161.63085699885755 122
1739558041484 161.5675892296712 123
1739558041492 161.5043482841226 124
1739558041500 161.44113415083794 125
1739558041508 161.37794681844827 126
1739558041516 161.3147862755893 127
1739558041525 161.25165251090178 128
1739558041533 161.18854551303107 129
1739558041541 161.12546527062747 130
1739558041549 161.06241177234614 131
1739558041557 160.99938500684686 132
1739558041566 160.93638496279445 133
1739558041573 160.8734116288583 134
1739558041581 160.81046499371277 135
1739558041589 160.747545046037 136
1739558041597 160.6846517745149 137
1739558041605 160.62178516783513 138
1739558041614 160.55894521469125 139
1739558041622 160.49613190378156 140
1739558041630 160.43334522380914 141
1739558041637 160.37058516348185 142
1739558041645 160.30785171151248 143
1739558041653 160.24514485661834 144
1739558041661 160.18246458752176 145
1739558041669 160.11981089294974 146
1739558041679 160.05718376163406 147
1739558041692 159.9945831823114 148
1739558041701 159.93200914372304 149
1739558041710 159.8694616346151 150
1739558041718 159.80694064373856 151
1739558041726 159.74444615984905 152
1739558041734 159.681978171707 153
1739558041743 159.61953666807764 154
1739558041751 159.55712163773097 155
1739558041759 159.49473306944165 156
1739558041768 159.43237095198927 157
1739558041777 159.37003527415803 158
1739558041786 159.3077260247369 159
1739558041794 159.24544319251973 160
1739558041803 159.18318676630497 161
1739558041811 159.12095673489588 162
1739558041819 159.05875308710054 163
1739558041827 158.99657581173162 164
1739558041835 158.9344248976067 165
1739558041844 158.87230033354797 166
1739558041852 158.8102021083824 167
1739558041860 158.74813021094178 168
1739558041868 158.68608463006254 169
1739558041876 158.62406535458578 170
1739558041884 158.56207237335752 171
1739558041893 158.50010567522838 172
1739558041900 158.43816524905375 173
1739558041908 158.3762510836937 174
1739558041916 158.31436316801307 175
1739558041924 158.25250149088146 176
1739558041933 158.19066604117305 177
1739558041941 158.1288568077669 178
1739558041949 158.06707377954666 179
1739558041957 158.00531694540078 180
1739558041965 157.94358629422234 181
1739558041974 157.88188181490924 182
1739558041982 157.820203496364 183
1739558041990 157.7585513274938 184
1739558041998 157.69692529721067 185
1739558042006 157.63532539443128 186
1739558042014 157.57375160807692 187
1739558042022 157.5122039270737 188
1739558042035 157.45068234035233 189
1739558042043 157.38918683684824 190
1739558042051 157.32771740550152 191
1739558042059 157.26627403525714 192
1739558042067 157.2048567150645 193
1739558042075 157.14346543387776 194
1739558042083 157.08210018065589 195
1739558042092 157.02076094436245 196
1739558042099 156.9594477139656 197
1739558042108 156.8981604784383 198
1739558042116 156.8368992267582 199
1739558042124 156.77566394790742 200
1739558042132 156.71445463087306 201
1739558042141 156.6532712646466 202
1739558042148 156.59211383822444 203
1739558042157 156.53098234060744 204
1739558042165 156.46987676080118 205
1739558042173 156.40879708781603 206
1739558042181 156.34774331066683 207
1739558042189 156.2867154183732 208
1739558042197 156.2257133999594 209
1739558042205 156.1647372444543 210
1739558042213 156.10378694089144 211
1739558042221 156.04286247830908 212
1739558042229 155.98196384574993 213
1739558042237 155.92109103226164 214
1739558042245 155.86024402689625 215
1739558042253 155.79942281871055 216
1739558042261 155.738627396766 217
1739558042269 155.67785775012862 218
1739558042277 155.6171138678691 219
1739558042285 155.5563957390628 220
1739558042294 155.49570335278966 221
1739558042302 155.43503669813427 222
1739558042310 155.37439576418583 223
1739558042318 155.3137805400382 224
1739558042326 155.2531910147899 225
1739558042334 155.1926271775439 226
1739558042342 155.13208901740805 227
1739558042349 155.07157652349457 228
1739558042357 155.01108968492053 229
1739558042365 154.95062849080733 230
1739558042373 154.89019293028127 231
1739558042381 154.8297829924731 232
1739558042388 154.76939866651819 233
1739558042397 154.70903994155657 234
1739558042405 154.64870680673286 235
1739558042413 154.58839925119625 236
1739558042421 154.52811726410053 237
1739558042429 154.46786083460412 238
1739558042437 154.40762995187004 239
1739558042445 154.34742460506584 240
1739558042453 154.28724478336386 241
1739558042461 154.22709047594074 242
1739558042469 154.16696167197787 243
1739558042478 154.10685836066128 244
1739558042485 154.04678053118147 245
1739558042493 153.98672817273356 246
1739558042501 153.9267012745173 247
1739558042509 153.86669982573702 248
1739558042517 153.80672381560143 249
1739558042525 153.74677323332415 250
1739558042533 153.6868480681231 251
1739558042541 153.62694830922098 252
1739558042549 153.56707394584478 253
1739558042557 153.50722496722636 254
1739558042565 153.447401362602 255
1739558042574 153.38760312121252 256
1739558042582 153.32783023230337 257
1739558042590 153.2680826851245 258
1739558042598 153.20836046893047 259
1739558042606 153.1486635729804 260
1739558042614 153.08899198653788 261
1739558042622 153.0293456988712 262
1739558042630 152.96972469925302 263
1739558042638 152.9101289769607 264
1739558042647 152.85055852127604 265
1739558042655 152.7910133214855 266
1739558042663 152.73149336687996 267
1739558042671 152.67199864675496 268
1739558042679 152.61252915041047 269
1739558042687 152.55308486715103 270
1739558042695 152.49366578628576 271
1739558042703 152.43427189712824 272
1739558042711 152.37490318899668 273
1739558042719 152.31555965121373 274
1739558042727 152.2562412731066 275
1739558042736 152.19694804400703 276
1739558042744 152.13767995325128 277
1739558042752 152.0784369901801 278
1739558042760 152.01921914413884 279
1739558042768 151.96002640447728 280
1739558042776 151.90085876054977 281
1739558042785 151.8417162017152 282
1739558042793 151.78259871733684 283
1739558042801 151.72350629678266 284
1739558042809 151.66443892942488 285
1739558042817 151.60539660464062 286
1739558042825 151.54637931181105 287
1739558042833 151.48738704032218 288
1739558042842 151.42841977956436 289
1739558042850 151.36947751893248 290
1739558042858 151.31056024782598 291
1739558042866 151.25166795564863 292
1739558042874 151.19280063180895 293
1739558042882 151.13395826571968 294
1739558042890 151.0751408467983 295
1739558042898 151.01634836446655 296
1739558042906 150.9575808081508 297
1739558042914 150.89883816728184 298
1739558042922 150.840120431295 299
1739558042931 150.78142758963003 300
1739558042939 150.7227596317312 301
1739558042947 150.66411654704717 302
1739558042955 150.60549832503125 303
1739558042963 150.54690495514103 304
1739558042971 150.48833642683866 305
1739558042979 150.42979272959082 306
1739558042987 150.3712738528685 307
1739558042995 150.3127797861473 308
1739558043002 150.2543105189072 309
1739558043011 150.19586604063267 310
1739558043019 150.13744634081266 311
1739558043027 150.07905140894047 312
1739558043038 150.02068123451403 313
1739558043046 149.9623358070356 314
1739558043054 149.90401511601195 315
1739558043062 149.84571915095418 316
1739558043070 149.78744790137802 317
1739558043078 149.72920135680351 318
1739558043086 149.6709795067552 319
1739558043094 149.61278234076198 320
1739558043102 149.55460984835742 321
1739558043110 149.4964620190792 322
1739558043118 149.4383388424697 323
1739558043126 149.3802403080756 324
1739558043134 149.3221664054481 325
1739558043142 149.26411712414267 326
1739558043150 149.20609245371946 327
1739558043158 149.14809238374286 328
1739558043166 149.09011690378165 329
1739558043175 149.0321660034092 330
1739558043183 148.9742396722032 331
1739558043191 148.91633789974574 332
1739558043199 148.8584606756234 333
1739558043207 148.80060798942714 334
1739558043215 148.7427798307523 335
1739558043223 148.68497618919866 336
1739558043231 148.62719705437044 337
1739558043239 148.56944241587627 338
1739558043247 148.51171226332906 339
1739558043255 148.4540065863463 340
1739558043263 148.3963253745498 341
1739558043271 148.3386686175658 342
1739558043279 148.2810363050248 343
1739558043287 148.22342842656195 344
1739558043295 148.16584497181654 345
1739558043303 148.1082859304324 346
1739558043311 148.0507512920578 347
1739558043319 147.9932410463452 348
1739558043327 147.93575518295165 349
1739558043335 147.87829369153852 350
1739558043343 147.82085656177142 351
1739558043351 147.76344378332055 352
1739558043359 147.70605534586048 353
1739558043367 147.64869123906996 354
1739558043375 147.59135145263232 355
1739558043383 147.53403597623512 356
1739558043391 147.4767447995704 357
1739558043399 147.41947791233463 358
1739558043407 147.36223530422836 359
1739558043415 147.30501696495682 360
1739558043423 147.2478228842295 361
1739558043431 147.19065305176017 362
1739558043439 147.133507457267 363
1739558043448 147.07638609047262 364
1739558043456 147.0192889411039 365
1739558043464 146.96221599889216 366
1739558043473 146.90516725357298 367
1739558043481 146.84814269488638 368
1739558043489 146.79114231257662 369
1739558043497 146.7341660963924 370
1739558043505 146.67721403608678 371
1739558043513 146.6202861214171 372
1739558043521 146.56338234214513 373
1739558043529 146.50650268803682 374
1739558043537 146.44964714886262 375
1739558043545 146.39281571439727 376
1739558043553 146.33600837441983 377
1739558043561 146.27922511871367 378
1739558043569 146.22246593706652 379
1739558043577 146.16573081927046 380
1739558043585 146.10901975512192 381
1739558043593 146.05233273442155 382
1739558043601 145.9956697469744 383
1739558043609 145.9390307825899 384
1739558043618 145.88241583108166 385
1739558043626 145.82582488226768 386
1739558043634 145.76925792597038 387
1739558043647 145.71271495201628 388
1739558043656 145.65619595023642 389
1739558043664 145.599700910466 390
1739558043673 145.54322982254465 391
1739558043681 145.4867826763162 392
1739558043689 145.43035946162888 393
1739558043697 145.37396016833515 394
1739558043705 145.3175847862918 395
1739558043713 145.26123330535992 396
1739558043721 145.204905715405 397
1739558043730 145.1486020062966 398
1739558043738 145.0923221679088 399
1739558043746 145.03606619011984 400
1739558043754 144.97983406281233 401
1739558043762 144.92362577587306 402
1739558043771 144.8674413191933 403
1739558043779 144.81128068266838 404
1739558043787 144.75514385619803 405
1739558043795 144.69903082968634 406
1739558043804 144.6429415930415 407
1739558043812 144.58687613617616 408
1739558043820 144.5308344490071 409
1739558043828 144.47481652145547 410
1739558043836 144.41882234344666 411
1739558043844 144.36285190491031 412
1739558043852 144.30690519578036 413
1739558043860 144.25098220599506 414
1739558043869 144.19508292549682 415
1739558043877 144.1392073442324 416
1739558043885 144.08335545215277 417
1739558043895 144.02752723921324 418
1739558043903 143.97172269537327 419
1739558043911 143.91594181059668 420
1739558043920 143.86018457485153 421
1739558043928 143.80445097810994 422
1739558043936 143.74874101034865 423
1739558043944 143.6930546615483 424
1739558043952 143.637391921694 425
1739558043960 143.581752780775 426
1739558043968 143.52613722878482 427
1739558043976 143.47054525572128 428
1739558043984 143.4149768515863 429
1739558043992 143.35943200638619 430
1739558044001 143.30391071013142 431
1739558044009 143.24841295283676 432
1739558044017 143.19293872452104 433
1739558044025 143.1374880152076 434
1739558044033 143.08206081492375 435
1739558044047 143.0266571137012 436
1739558044055 142.97127690157578 437
1739558044064 142.91592016858766 438
1739558044072 142.86058690478103 439
1739558044080 142.80527710020453 440
1739558044088 142.74999074491097 441
1739558044096 142.6947278289572 442
1739558044104 142.63948834240455 443
1739558044113 142.5842722753183 444
1739558044121 142.52907961776816 445
1739558044128 142.47391035982798 446
1739558044137 142.41876449157579 447
1739558044146 142.36364200309376 448
1739558044155 142.30854288446844 449
1739558044163 142.25346712579045 450
1739558044171 142.19841471715463 451
1739558044179 142.14338564866011 452
1739558044187 142.08837991041005 453
1739558044195 142.03339749251202 454
1739558044203 141.97843838507762 455
1739558044210 141.9235025782227 456
1739558044218 141.86859006206723 457
1739558044226 141.8137008267355 458
1739558044234 141.75883486235594 459
1739558044241 141.70399215906116 460
1739558044249 141.64917270698783 461
1739558044258 141.59437649627702 462
1739558044266 141.5396035170738 463
1739558044274 141.48485375952754 464
1739558044282 141.43012721379176 465
1739558044289 141.37542387002406 466
1739558044297 141.3207437183864 467
1739558044305 141.2660867490447 468
1739558044313 141.2114529521692 469
1739558044321 141.15684231793418 470
1739558044330 141.1022548365183 471
1739558044338 141.04769049810412 472
1739558044346 140.99314929287857 473
1739558044354 140.93863121103266 474
1739558044362 140.88413624276149 475
1739558044370 140.8296643782645 476
1739558044378 140.77521560774505 477
1739558044387 140.72078992141087 478
1739558044395 140.66638730947375 479
1739558044403 140.61200776214955 480
1739558044411 140.55765126965846 481
1739558044419 140.5033178222247 482
1739558044427 140.44900741007655 483
1739558044435 140.3947200234467 484
1739558044443 140.34045565257162 485
1739558044451 140.28621428769233 486
1739558044459 140.2319959190536 487
1739558044467 140.1778005369046 488
1739558044474 140.12362813149855 489
1739558044483 140.06947869309278 490
1739558044491 140.0153522119487 491
1739558044499 139.96124867833205 492
1739558044507 139.90716808251247 493
1739558044515 139.8531104147639 494
1739558044524 139.79907566536423 495
1739558044532 139.74506382459566 496
1739558044540 139.69107488274437 497
1739558044548 139.63710883010071 498
1739558044556 139.5831656569592 499
