1739614344840 168.72090282371332 0
1739614344851 168.5162912091471 1
1739614344862 168.35393665514908 2
1739614344872 168.18963468300558 3
1739614344882 168.0254960560363 4
1739614344892 167.86151956491008 5
1739614344903 167.69770504948968 6
1739614344913 167.53405234927558 7
1739614344924 167.37056130392787 8
1739614344934 167.20723175326575 9
1739614344945 167.04406353726728 10
1739614344956 166.88105649606948 11
1739614344966 166.71821046996791 12
1739614344976 166.55552529941676 13
1739614344987 166.3930008250284 14
1739614344997 166.23063688757352 15
1739614345007 166.06843332798067 16
1739614345019 165.90638998733655 17
1739614345031 165.74450670688523 18
1739614345043 165.58278332802863 19
1739614345054 165.42121969232588 20
1739614345064 165.25981564149336 21
1739614345074 165.0985710174047 22
1739614345084 164.9374856620903 23
1739614345095 164.77655941773736 24
1739614345105 164.61579212668974 25
1739614345116 164.45518363144777 26
1739614345126 164.29473377466803 27
1739614345136 164.13444239916333 28
1739614345146 163.97430934790242 29
1739614345157 163.81433446400987 30
1739614345167 163.65451759076598 31
1739614345177 163.49485857160656 32
1739614345187 163.3353572501229 33
1739614345197 163.17601347006135 34
1739614345207 163.01682707532345 35
1739614345218 162.8577979099656 36
1739614345228 162.69892581819894 37
1739614345238 162.54021064438933 38
1739614345248 162.38165223305694 39
1739614345259 162.22325042887636 40
1739614345270 162.06500507667627 41
1739614345279 161.90691602143932 42
1739614345290 161.74898310830207 43
1739614345299 161.5912061825547 44
1739614345309 161.433585089641 45
1739614345319 161.2761196751581 46
1739614345330 161.11880978485635 47
1739614345340 160.96165526463926 48
1739614345351 160.8046559605631 49
1739614345362 160.64781171883715 50
1739614345372 160.49112238582302 51
1739614345382 160.3345878080351 52
1739614345392 160.1782078321399 53
1739614345403 160.02198230495617 54
1739614345414 159.86591107345467 55
1739614345425 159.70999398475806 56
1739614345437 159.55423088614057 57
1739614345449 159.39862162502817 58
1739614345461 159.24316604899826 59
1739614345473 159.08786400577924 60
1739614345486 158.932715343251 61
1739614345502 158.7777199094441 62
1739614345513 158.62287755254005 63
1739614345525 158.46818812087108 64
1739614345538 158.3136514629197 65
1739614345549 158.159267427319 66
1739614345561 158.00503586285225 67
1739614345573 157.85095661845273 68
1739614345584 157.6970295432037 69
1739614345595 157.54325448633816 70
1739614345607 157.3896312972387 71
1739614345619 157.2361598254374 72
1739614345629 157.0828399206157 73
1739614345641 156.9296714326042 74
1739614345653 156.77665421138255 75
1739614345663 156.62378810707912 76
1739614345674 156.47107296997126 77
1739614345685 156.31850865048477 78
1739614345694 156.16609499919383 79
1739614345704 156.01383186682105 80
1739614345714 155.86171910423707 81
1739614345724 155.70975656246054 82
1739614345735 155.55794409265803 83
1739614345745 155.40628154614367 84
1739614345755 155.25476877437933 85
1739614345765 155.10340562897414 86
1739614345776 154.95219196168455 87
1739614345788 154.80112762441414 88
1739614345800 154.6502124692134 89
1739614345810 154.49944634827963 90
1739614345821 154.34882911395692 91
1739614345832 154.19836061873582 92
1739614345842 154.04804071525325 93
1739614345852 153.8978692562924 94
1739614345862 153.74784609478255 95
1739614345874 153.59797108379883 96
1739614345885 153.44824407656233 97
1739614345894 153.29866492643978 98
1739614345905 153.1492334869433 99
1739614345915 152.9999496117305 100
1739614345926 152.85081315460417 101
1739614345937 152.70182396951222 102
1739614345948 152.55298191054743 103
1739614345958 152.40428683194733 104
1739614345969 152.25573858809437 105
1739614345980 152.10733703351517 106
1739614345991 151.95908202288092 107
1739614346003 151.81097341100693 108
1739614346014 151.66301105285265 109
1739614346027 151.51519480352144 110
1739614346045 151.36752451826047 111
1739614346057 151.22000005246045 112
1739614346071 151.07262126165574 113
1739614346082 150.92538800152403 114
1739614346094 150.77830012788618 115
1739614346106 150.63135749670607 116
1739614346119 150.48455996409072 117
1739614346130 150.33790738628977 118
1739614346143 150.19139961969555 119
1739614346159 150.04503652084293 120
1739614346174 149.89881794640908 121
1739614346188 149.7527437532135 122
1739614346200 149.60681379821773 123
1739614346212 149.4610279385252 124
1739614346224 149.3153860313812 125
1739614346237 149.1698879341727 126
1739614346248 149.0245335044281 127
1739614346260 148.87932259981733 128
1739614346273 148.73425507815142 129
1739614346285 148.5893307973826 130
1739614346296 148.444549615604 131
1739614346308 148.29991139104956 132
1739614346320 148.155415982094 133
1739614346330 148.01106324725248 134
1739614346342 147.86685304518056 135
1739614346354 147.72278523467412 136
1739614346365 147.57885967466916 137
1739614346377 147.4350762242416 138
1739614346388 147.2914347426073 139
1739614346399 147.14793508912175 140
1739614346411 147.00457712328 141
1739614346423 146.86136070471662 142
1739614346435 146.71828569320536 143
1739614346447 146.57535194865918 144
1739614346459 146.43255933113005 145
1739614346470 146.2899077008088 146
1739614346482 146.147396918025 147
1739614346492 146.00502684324687 148
1739614346506 145.862797337081 149
1739614346517 145.72070826027237 150
1739614346528 145.57875947370414 151
1739614346540 145.43695083839745 152
1739614346552 145.2952822155115 153
1739614346564 145.15375346634312 154
1739614346576 145.01236445232684 155
1739614346588 144.87111503503473 156
1739614346600 144.73000507617613 157
1739614346612 144.58903443759772 158
1739614346624 144.44820298128317 159
1739614346636 144.30751056935313 160
1739614346647 144.16695706406514 161
1739614346659 144.02654232781342 162
1739614346671 143.88626622312862 163
1739614346681 143.7461286126779 164
1739614346693 143.60612935926468 165
1739614346705 143.46626832582854 166
1739614346716 143.32654537544508 167
1739614346727 143.18696037132563 168
1739614346739 143.04751317681746 169
1739614346750 142.90820365540338 170
1739614346762 142.76903167070157 171
1739614346774 142.6299970864656 172
1739614346786 142.49109976658428 173
1739614346797 142.35233957508152 174
1739614346809 142.21371637611603 175
1739614346821 142.07523003398134 176
1739614346832 141.9368804131058 177
1739614346843 141.79866737805207 178
1739614346853 141.6605907935174 179
1739614346863 141.52265052433313 180
1739614346874 141.38484643546488 181
1739614346886 141.24717839201213 182
1739614346896 141.10964625920835 183
1739614346907 140.97224990242066 184
1739614346918 140.83498918714977 185
1739614346928 140.69786397902993 186
1739614346939 140.5608741438286 187
1739614346950 140.42401954744662 188
1739614346962 140.28730005591763 189
1739614346973 140.15071553540844 190
1739614346984 140.0142658522186 191
1739614346994 139.8779508727803 192
1739614347004 139.74177046365824 193
1739614347014 139.6057244915496 194
1739614347024 139.46981282328386 195
1739614347034 139.3340353258225 196
1739614347044 139.19839186625913 197
1739614347055 139.0628823118192 198
1739614347065 138.92750652985995 199
1739614347076 138.7922643878702 200
1739614347086 138.65715575347028 201
1739614347096 138.52218049441186 202
1739614347107 138.38733847857787 203
1739614347117 138.25262957398223 204
1739614347127 138.11805364877006 205
1739614347138 137.98361057121707 206
1739614347148 137.84930020972982 207
1739614347158 137.71512243284536 208
1739614347168 137.5810771092313 209
1739614347178 137.4471641076855 210
1739614347189 137.31338329713597 211
1739614347199 137.17973454664084 212
1739614347210 137.04621772538815 213
1739614347220 136.91283270269577 214
1739614347230 136.77957934801123 215
1739614347241 136.64645753091153 216
1739614347253 136.51346712110322 217
1739614347264 136.380607988422 218
1739614347276 136.24788000283286 219
1739614347289 136.11528303442975 220
1739614347301 135.98281695343545 221
1739614347312 135.85048163020164 222
1739614347324 135.71827693520865 223
1739614347336 135.58620273906516 224
1739614347347 135.45425891250844 225
1739614347359 135.32244532640394 226
1739614347371 135.1907618517452 227
1739614347382 135.05920835965384 228
1739614347394 134.9277847213793 229
1739614347406 134.79649080829887 230
1739614347418 134.66532649191737 231
1739614347429 134.53429164386716 232
1739614347441 134.40338613590797 233
1739614347453 134.27260983992676 234
1739614347464 134.1419626279377 235
1739614347476 134.0114443720818 236
1739614347492 133.88105494462707 237
1739614347506 133.75079421796818 238
1739614347517 133.62066206462654 239
1739614347528 133.49065835724988 240
1739614347539 133.3607829686124 241
1739614347549 133.23103577161456 242
1739614347560 133.10141663928286 243
1739614347570 132.97192544476982 244
1739614347581 132.84256206135387 245
1739614347594 132.7133263624391 246
1739614347605 132.58421822155526 247
1739614347616 132.4552375123576 248
1739614347626 132.3263841086267 249
1739614347636 132.19765788426847 250
1739614347646 132.06905871331372 251
1739614347656 131.94058646991857 252
1739614347666 131.8122410283637 253
1739614347676 131.68402226305474 254
1739614347687 131.55593004852187 255
1739614347698 131.42796425941972 256
1739614347708 131.30012477052742 257
1739614347718 131.17241145674816 258
1739614347728 131.04482419310946 259
1739614347738 130.9173628547627 260
1739614347748 130.79002731698318 261
1739614347758 130.66281745517 262
1739614347768 130.5357331448458 263
1739614347778 130.40877426165684 264
1739614347789 130.28194068137267 265
1739614347800 130.1552322798862 266
1739614347810 130.0286489332134 267
1739614347820 129.90219051749327 268
1739614347830 129.77585690898775 269
1739614347841 129.64964798408155 270
1739614347852 129.52356361928202 271
1739614347862 129.39760369121902 272
1739614347872 129.2717680766449 273
1739614347883 129.14605665243417 274
1739614347893 129.02046929558364 275
1739614347903 128.89500588321206 276
1739614347913 128.76966629256023 277
1739614347923 128.6444504009906 278
1739614347933 128.51935808598742 279
1739614347943 128.3943892251565 280
1739614347954 128.26954369622496 281
1739614347964 128.14482137704144 282
1739614347974 128.02022214557564 283
1739614347987 127.89574587991838 284
1739614347999 127.77139245828138 285
1739614348010 127.64716175899738 286
1739614348022 127.52305366051964 287
1739614348033 127.39906804142208 288
1739614348045 127.27520478039918 289
1739614348057 127.15146375626568 290
1739614348069 127.0278448479566 291
1739614348080 126.90434793452714 292
1739614348093 126.78097289515237 293
1739614348106 126.65771960912735 294
1739614348118 126.5345879558669 295
1739614348129 126.41157781490541 296
1739614348145 126.28868906589689 297
1739614348159 126.16592158861468 298
1739614348221 126.04327526295144 299
1739614348235 125.92074996891903 300
1739614348248 125.79834558664832 301
1739614348260 125.67606199638911 302
1739614348273 125.55389907851007 303
1739614348284 125.4318567134985 304
1739614348296 125.30993478196035 305
1739614348307 125.18813316461994 306
1739614348319 125.06645174232003 307
1739614348329 124.94489039602158 308
1739614348340 124.8234490068036 309
1739614348351 124.70212745586318 310
1739614348361 124.58092562451523 311
1739614348372 124.45984339419242 312
1739614348382 124.33888064644509 313
1739614348393 124.21803726294108 314
1739614348404 124.09731312546565 315
1739614348414 123.97670811592135 316
1739614348424 123.85622211632788 317
1739614348435 123.73585500882206 318
1739614348445 123.6156066756576 319
1739614348455 123.49547699920501 320
1739614348465 123.37546586195158 321
1739614348475 123.25557314650118 322
1739614348485 123.13579873557408 323
1739614348496 123.01614251200704 324
1739614348507 122.89660435875295 325
1739614348517 122.77718415888091 326
1739614348527 122.657881795576 327
1739614348537 122.53869715213919 328
1739614348547 122.41963011198729 329
1739614348559 122.30068055865272 330
1739614348570 122.18184837578347 331
1739614348582 122.063133447143 332
1739614348592 121.94453565661009 333
1739614348602 121.82605488817869 334
1739614348611 121.70769102595791 335
1739614348623 121.58944395417177 336
1739614348633 121.47131355715925 337
1739614348643 121.353299719374 338
1739614348654 121.23540232538436 339
1739614348664 121.11762125987316 340
1739614348674 120.99995640763774 341
1739614348684 120.88240765358958 342
1739614348694 120.76497488275452 343
1739614348705 120.64765798027229 344
1739614348715 120.53045683139673 345
1739614348725 120.41337132149549 346
1739614348735 120.29640133604991 347
1739614348745 120.17954676065499 348
1739614348755 120.0628074810192 349
1739614348766 119.94618338296449 350
1739614348776 119.82967435242595 351
1739614348786 119.71328027545198 352
1739614348796 119.59700103820398 353
1739614348806 119.48083652695625 354
1739614348816 119.36478662809603 355
1739614348827 119.24885122812316 356
1739614348837 119.13303021365019 357
1739614348847 119.0173234714021 358
1739614348857 118.9017308882163 359
1739614348867 118.78625235104245 360
1739614348877 118.67088774694236 361
1739614348888 118.55563696308991 362
1739614348898 118.44049988677094 363
1739614348908 118.32547640538309 364
1739614348918 118.21056640643572 365
1739614348928 118.09576977754979 366
1739614348939 117.98108640645778 367
1739614348949 117.86651618100355 368
1739614348959 117.7520589891422 369
1739614348969 117.63771471894002 370
1739614348979 117.52348325857439 371
1739614348990 117.40936449633357 372
1739614349001 117.29535832061666 373
1739614349011 117.18146461993355 374
1739614349023 117.06768328290465 375
1739614349035 116.95401419826095 376
1739614349045 116.84045725484378 377
1739614349058 116.72701234160479 378
1739614349070 116.61367934760577 379
1739614349082 116.50045816201863 380
1739614349093 116.38734867412519 381
1739614349106 116.2743507733171 382
1739614349118 116.1614643490958 383
1739614349130 116.04868929107231 384
1739614349141 115.93602548896722 385
1739614349153 115.8234728326105 386
1739614349164 115.7110312119414 387
1739614349176 115.5987005170084 388
1739614349189 115.48648063796907 389
1739614349201 115.37437146508992 390
1739614349212 115.26237288874634 391
1739614349224 115.15048479942251 392
1739614349237 115.03870708771126 393
1739614349248 114.9270396443139 394
1739614349260 114.81548236004024 395
1739614349273 114.7040351258084 396
1739614349285 114.59269783264475 397
1739614349295 114.4814703716837 398
1739614349308 114.37035263416774 399
1739614349321 114.25934451144724 400
1739614349332 114.14844589498034 401
1739614349344 114.0376566763329 402
1739614349356 113.92697674717832 403
1739614349368 113.81640599929746 404
1739614349380 113.70594432457865 405
1739614349392 113.59559161501736 406
1739614349404 113.48534776271623 407
1739614349415 113.375212659885 408
1739614349427 113.26518619884033 409
1739614349440 113.15526827200566 410
1739614349452 113.04545877191123 411
1739614349463 112.93575759119386 412
1739614349475 112.82616462259688 413
1739614349486 112.71667975897005 414
1739614349497 112.60730289326943 415
1739614349510 112.49803391855727 416
1739614349520 112.3888727280019 417
1739614349531 112.27981921487768 418
1739614349541 112.17087327256479 419
1739614349551 112.06203479454925 420
1739614349562 111.95330367442268 421
1739614349573 111.84467980588235 422
1739614349585 111.73616308273093 423
1739614349596 111.62775339887645 424
1739614349608 111.51945064833222 425
1739614349620 111.41125472521671 426
1739614349632 111.30316552375338 427
1739614349643 111.19518293827068 428
1739614349656 111.08730686320182 429
1739614349667 110.97953719308485 430
1739614349679 110.87187382256236 431
1739614349691 110.76431664638153 432
1739614349703 110.65686555939389 433
1739614349714 110.5495204565553 434
1739614349727 110.4422812329259 435
1739614349739 110.33514778366983 436
1739614349750 110.22812000405533 437
1739614349762 110.1211977894545 438
1739614349774 110.01438103534325 439
1739614349787 109.90766963730115 440
1739614349797 109.80106349101139 441
1739614349845 109.69456249226067 442
1739614349859 109.58816653693906 443
1739614349872 109.48187552103987 444
1739614349883 109.37568934065969 445
1739614349894 109.26960789199806 446
1739614349907 109.16363107135764 447
1739614349918 109.05775877514385 448
1739614349929 108.95199089986492 449
1739614349942 108.84632734213177 450
1739614349954 108.74076799865789 451
1739614349964 108.63531276625918 452
1739614349977 108.52996154185395 453
1739614349989 108.42471422246278 454
1739614350001 108.3195707052084 455
1739614350012 108.21453088731558 456
1739614350025 108.10959466611106 457
1739614350037 108.00476193902348 458
1739614350047 107.90003260358316 459
1739614350058 107.79540655742214 460
1739614350069 107.69088369827396 461
1739614350080 107.5864639239737 462
1739614350091 107.48214713245767 463
1739614350102 107.37793322176354 464
1739614350115 107.27382209003005 465
1739614350126 107.16981363549706 466
1739614350138 107.06590775650534 467
1739614350149 106.96210435149654 468
1739614350160 106.85840331901301 469
1739614350172 106.75480455769777 470
1739614350183 106.65130796629447 471
1739614350194 106.54791344364705 472
1739614350206 106.44462088869996 473
1739614350218 106.34143020049781 474
1739614350228 106.23834127818537 475
1739614350240 106.1353540210075 476
1739614350251 106.03246832830897 477
1739614350262 105.92968409953444 478
1739614350274 105.8270012342283 479
1739614350286 105.72441963203461 480
1739614350298 105.62193919269696 481
1739614350309 105.51955981605842 482
1739614350321 105.4172814020614 483
1739614350332 105.31510385074763 484
1739614350343 105.21302706225791 485
1739614350355 105.11105093683216 486
1739614350366 105.00917537480927 487
1739614350377 104.90740027662697 488
1739614350388 104.80572554282176 489
1739614350399 104.7041510740288 490
1739614350410 104.60267677098186 491
1739614350422 104.50130253451317 492
1739614350433 104.40002826555332 493
1739614350444 104.29885386513119 494
1739614350454 104.19777923437385 495
1739614350464 104.09680427450641 496
1739614350475 103.99592888685204 497
1739614350485 103.89515297283172 498
1739614350496 103.79447643396428 499
