1739613880621 165.63244050104916 0
1739613880634 173.632967481447 1
1739613880646 168.02298675092726 2
1739613880658 172.27511447183267 3
1739613880670 162.85820839039533 4
1739613880681 166.53090036890148 5
1739613880693 172.0405251956103 6
1739613880704 165.7391532970892 7
1739613880716 166.4405307679841 8
1739613880727 167.1969733197535 9
1739613880739 162.69025930103228 10
1739613880751 161.82539711410732 11
1739613880763 162.45395866504094 12
1739613880774 160.68303571197325 13
1739613880787 159.3121686536359 14
1739613880799 165.01283960334945 15
1739613880811 160.7254635817369 16
1739613880822 161.85649331985363 17
1739613880834 163.48671606693412 18
1739613880846 155.1037530136483 19
1739613880857 155.81586501031137 20
1739613880870 162.8652186863685 21
1739613880881 161.65937203219318 22
1739613880894 155.42197813040494 23
1739613880907 156.7849524283085 24
1739613880918 156.70974267301446 25
1739613880930 155.18414844879308 26
1739613880942 160.57023792322167 27
1739613880954 156.67101363274836 28
1739613880966 156.60077536040825 29
1739613880977 156.0232797491288 30
1739613880989 159.99739198991833 31
1739613881001 150.44856077593303 32
1739613881015 148.2186065937584 33
1739613881027 155.8209606050198 34
1739613881039 155.39692237588824 35
1739613881051 153.10333940116132 36
1739613881064 152.44279571463073 37
1739613881077 152.31185768355456 38
1739613881088 148.19209222798366 39
1739613881100 148.48244435658924 40
1739613881111 146.91159129934022 41
1739613881122 150.89362781138078 42
1739613881135 144.1825623468074 43
1739613881147 147.63423573991292 44
1739613881159 145.68093220399064 45
1739613881171 148.9930099827086 46
1739613881183 149.0452003338657 47
1739613881196 148.4560467453949 48
1739613881208 147.21539775210692 49
1739613881220 147.05177725306012 50
1739613881232 148.34101023335796 51
1739613881245 150.85160320351414 52
1739613881256 146.66374208958806 53
1739613881269 144.58740957178733 54
1739613881281 144.30527558986415 55
1739613881293 138.77111157320982 56
1739613881304 141.07204078301586 57
1739613881315 141.25705429392008 58
1739613881327 140.8030950407468 59
1739613881339 145.11346135943973 60
1739613881350 144.78969628676168 61
1739613881362 138.29186192854385 62
1739613881373 143.054968869198 63
1739613881386 139.68340262011813 64
1739613881399 136.86075573753422 65
1739613881410 137.73951155987578 66
1739613881423 137.9222706627905 67
1739613881435 136.7939164702267 68
1739613881458 139.07541194933208 69
1739613881470 138.47044767072924 70
1739613881482 136.59062075894246 71
1739613881496 138.25400337048416 72
1739613881508 136.14208362592495 73
1739613881520 135.7611058354081 74
1739613881532 135.13507325820427 75
1739613881544 136.9454696161899 76
1739613881557 133.99241129135643 77
1739613881568 134.72747398209935 78
1739613881580 135.6709623713468 79
1739613881592 133.06708923051437 80
1739613881604 133.01837135157288 81
1739613881616 129.84856302049107 82
1739613881628 133.08084674124632 83
1739613881640 135.21827589189266 84
1739613881652 133.08325563700419 85
1739613881663 135.10844937984436 86
1739613881675 133.58496510502712 87
1739613881687 129.32935314842854 88
1739613881699 131.65771475512705 89
1739613881712 127.69322990075801 90
1739613881723 123.90813066674714 91
1739613881735 130.51297678383744 92
1739613881747 131.92509379990778 93
1739613881758 134.43221884396357 94
1739613881770 128.0002550311778 95
1739613881780 126.70645360773669 96
1739613881792 130.55294610190734 97
1739613881804 131.32014306061868 98
1739613881815 123.25686081926156 99
1739613881827 128.82188996884878 100
1739613881839 129.57814303279653 101
1739613881849 122.4327901978182 102
1739613881862 129.95905648243308 103
1739613881873 125.26062748790945 104
1739613881885 124.4426958868955 105
1739613881897 126.64248882309687 106
1739613881908 127.00449001492214 107
1739613881919 124.88757497823237 108
1739613881931 122.150107912564 109
1739613881943 124.14376246810151 110
1739613881954 126.91344962208177 111
1739613881965 124.65860681707824 112
1739613881976 123.9767599736812 113
1739613881987 123.01485391611034 114
1739613881998 121.1444332296866 115
1739613882010 119.66337314879446 116
1739613882029 123.62168415737344 117
1739613882039 122.42823597853193 118
1739613882050 123.04165633682209 119
1739613882061 117.20027380416175 120
1739613882071 119.44264924464633 121
1739613882081 119.60818315528986 122
1739613882091 122.22279510846651 123
1739613882102 118.44622085486267 124
1739613882113 117.66098385555091 125
1739613882125 115.2414968357356 126
1739613882136 119.97631415837122 127
1739613882147 116.24062504792553 128
1739613882158 115.80390860204864 129
1739613882169 116.77588462721111 130
1739613882180 115.06222803935336 131
1739613882192 117.4339120541243 132
1739613882203 114.67470447197668 133
1739613882214 114.88658577208378 134
1739613882225 115.9453265531772 135
1739613882236 116.09250676901692 136
1739613882247 113.71525887366292 137
1739613882258 112.31210833615498 138
1739613882269 116.58664876467698 139
1739613882281 115.26520965539177 140
1739613882293 112.50757842725776 141
1739613882303 110.91063645343354 142
1739613882314 109.36372796897014 143
1739613882325 115.45197661425529 144
1739613882335 112.45041864525537 145
1739613882347 111.12834268325788 146
1739613882358 113.90778972577041 147
1739613882370 106.6940635835349 148
1739613882391 113.36090099590568 149
1739613882402 113.18769184624887 150
1739613882414 110.94647728507319 151
1739613882426 111.76433444683222 152
1739613882437 111.03687453051077 153
1739613882447 107.98469610907009 154
1739613882457 110.19120252390823 155
1739613882468 108.7828973677565 156
1739613882479 107.85419990322767 157
1739613882490 107.63789298740694 158
1739613882501 105.88984569918594 159
1739613882512 107.43418618331226 160
1739613882523 106.75176107073034 161
1739613882534 106.42570006775098 162
1739613882544 103.88647581849526 163
1739613882555 103.30659151129723 164
1739613882565 103.25024521585752 165
1739613882577 106.78518364243224 166
1739613882588 107.60835000946192 167
1739613882598 108.44430232138579 168
1739613882610 109.52798912667288 169
1739613882620 101.06330325335294 170
1739613882632 104.16827902041263 171
1739613882642 102.69495607226773 172
1739613882654 107.63821687953744 173
1739613882665 102.66177886964073 174
1739613882676 105.08118040269358 175
1739613882687 101.42858691973117 176
1739613882698 103.03601995563545 177
1739613882709 103.07502194151492 178
1739613882720 102.56509998920815 179
1739613882731 105.82498856913294 180
1739613882742 100.59458367234582 181
1739613882752 96.66432196944034 182
1739613882764 100.74848108980196 183
1739613882775 98.45181316848875 184
1739613882786 100.3154853311623 185
1739613882796 104.69242814270451 186
1739613882807 99.91600554286167 187
1739613882817 99.94418247017973 188
1739613882829 100.24522832770445 189
1739613882840 101.04317852545253 190
1739613882851 98.93059645649247 191
1739613882861 97.83659400493696 192
1739613882873 100.81015453275708 193
1739613882884 96.7053159153852 194
1739613882895 97.91211674691971 195
1739613882905 94.01390818639463 196
1739613882917 99.466681378117 197
1739613882928 94.80499916215756 198
1739613882938 94.56083463944883 199
1739613882949 98.92620207302197 200
1739613882960 99.76266837445928 201
1739613882971 94.55091544991556 202
1739613882983 98.69116507770438 203
1739613882993 91.90272953454875 204
1739613883003 94.836915586536 205
1739613883014 93.63597204403115 206
1739613883027 97.09220667607417 207
1739613883037 91.43535289571017 208
1739613883048 94.36161686891131 209
1739613883059 93.29590369412385 210
1739613883069 93.31337910349986 211
1739613883080 94.99733692084698 212
1739613883090 92.79642068581722 213
1739613883101 93.76342547825384 214
1739613883113 90.59916989696877 215
1739613883124 89.8210677121756 216
1739613883135 96.98114867248796 217
1739613883146 95.28581963772481 218
1739613883157 94.19113773870197 219
1739613883168 93.34985938896641 220
1739613883180 89.55960209792636 221
1739613883191 87.4422474755527 222
1739613883202 89.02615858950149 223
1739613883213 91.1159102404718 224
1739613883223 89.41822902465265 225
1739613883234 90.57616937187291 226
1739613883245 88.63248490589915 227
1739613883256 91.27725065883078 228
1739613883267 89.22425234991314 229
1739613883279 88.3511340520201 230
1739613883291 92.84556969783338 231
1739613883302 87.36395648111818 232
1739613883321 91.40307237328548 233
1739613883332 90.29467557551384 234
1739613883344 88.07294265837986 235
1739613883355 90.38824781198406 236
1739613883366 87.95098443577298 237
1739613883376 89.22170441079433 238
1739613883386 85.36128972441999 239
1739613883397 84.14476221939981 240
1739613883408 94.08999271745878 241
1739613883420 89.48536897929243 242
1739613883431 84.9889143671631 243
1739613883441 85.65888869917733 244
1739613883451 85.72604942382907 245
1739613883463 84.59998374401336 246
1739613883475 86.72953832556743 247
1739613883485 85.26150824324264 248
1739613883496 79.954865472313 249
1739613883507 87.26217100369087 250
1739613883518 84.3986839189278 251
1739613883528 87.33000252230106 252
1739613883539 84.29467795477782 253
1739613883549 81.05435536696655 254
1739613883561 81.18452093711304 255
1739613883571 83.77167337990544 256
1739613883582 79.61115483985083 257
1739613883593 85.24877291657593 258
1739613883604 86.73307089366521 259
1739613883616 81.92624464940317 260
1739613883627 81.97996754733445 261
1739613883638 78.25095158324056 262
1739613883649 81.77957411552147 263
1739613883660 80.64433141975098 264
1739613883672 80.68783675084858 265
1739613883683 76.11334160567942 266
1739613883694 79.39900591038365 267
1739613883705 75.0598903682411 268
1739613883716 81.66182993564452 269
1739613883727 85.62605153509078 270
1739613883737 77.86513365234939 271
1739613883748 79.11742447016586 272
1739613883758 74.73742862652689 273
1739613883768 83.19365286799847 274
1739613883779 81.93200710047003 275
1739613883790 79.2512736964636 276
1739613883801 82.41837538666181 277
1739613883812 81.44391971348952 278
1739613883824 79.33820456382016 279
1739613883835 77.66044489020382 280
1739613883846 77.53306839566739 281
1739613883857 76.24940076123346 282
1739613883868 78.87666690147144 283
1739613883879 75.9118435216907 284
1739613883890 76.81794890843462 285
1739613883900 79.40292006129361 286
1739613883911 82.09972270933369 287
1739613883922 73.1054797363337 288
1739613883933 76.26367759453106 289
1739613883944 77.5775789628176 290
1739613883955 72.29578692267079 291
1739613883965 72.6700550552674 292
1739613883976 74.55495488578042 293
1739613883987 76.58904364379573 294
1739613883997 75.14525188564424 295
1739613884008 75.1876457701851 296
1739613884022 76.93240032149762 297
1739613884032 73.01854667468315 298
1739613884043 74.15910670195409 299
1739613884055 72.41877585908827 300
1739613884067 71.49517664096086 301
1739613884078 69.9255464823184 302
1739613884090 68.78413563975455 303
1739613884102 75.39034575136544 304
1739613884113 68.6278163840376 305
1739613884125 71.75794933973049 306
1739613884135 74.3032078949781 307
1739613884146 70.94463551323653 308
1739613884157 72.32754404457422 309
1739613884168 69.86229245858988 310
1739613884179 72.62678203356752 311
1739613884190 73.41800859522652 312
1739613884200 77.82738509571068 313
1739613884211 70.42710144953483 314
1739613884221 74.13338452769571 315
1739613884232 68.97493174443562 316
1739613884243 68.66964772288944 317
1739613884253 68.99353485381758 318
1739613884275 71.9358367824383 319
1739613884286 68.57116368024917 320
1739613884298 71.50121141653996 321
1739613884310 70.20079880688975 322
1739613884321 69.87804895335104 323
1739613884333 68.04530326486154 324
1739613884344 71.90626090780611 325
1739613884355 65.91975087385035 326
1739613884365 72.85284503281163 327
1739613884376 72.30759845022445 328
1739613884386 71.61296701950255 329
1739613884398 68.06754939492781 330
1739613884409 67.9259572565193 331
1739613884420 67.8720767390999 332
1739613884431 67.16206077742696 333
1739613884442 69.56918370832392 334
1739613884453 67.05027647253695 335
1739613884464 67.96800204886806 336
1739613884476 69.69347250186578 337
1739613884487 67.10533672888687 338
1739613884497 65.59164548742605 339
1739613884507 64.4325995711729 340
1739613884518 65.83317131126132 341
1739613884530 66.9721650183052 342
1739613884540 68.21817625667701 343
1739613884551 65.19356838814613 344
1739613884562 67.21848264431938 345
1739613884572 64.28641418970403 346
1739613884583 62.726494829527425 347
1739613884594 66.36263152137931 348
1739613884605 65.72057572177653 349
1739613884615 65.97661155987517 350
1739613884626 65.16898149011556 351
1739613884636 66.223167380348 352
1739613884647 63.55158062396178 353
1739613884658 65.32484388612856 354
1739613884668 64.67179220929634 355
1739613884680 65.65591929821183 356
1739613884691 69.04586765751866 357
1739613884702 64.06771659742436 358
1739613884713 59.75750101340956 359
1739613884723 62.596253538204884 360
1739613884734 71.13367330055532 361
1739613884746 67.83800188358381 362
1739613884758 65.38451035198585 363
1739613884769 61.56454807350865 364
1739613884780 59.9358459019421 365
1739613884791 60.59570013716137 366
1739613884802 65.52447190680726 367
1739613884813 61.43751781335861 368
1739613884825 67.63430392700576 369
1739613884837 63.10561617744679 370
1739613884847 58.84483842745446 371
1739613884857 63.61652489986871 372
1739613884868 62.65778173519844 373
1739613884879 67.54711523224681 374
1739613884889 59.77491039823544 375
1739613884901 59.83286267673556 376
1739613884912 55.14468779723319 377
1739613884924 55.38506718664262 378
1739613884934 62.74644919450232 379
1739613884945 62.32324012858476 380
1739613884956 55.18773060117266 381
1739613884967 60.700466234742365 382
1739613884977 57.74570812370466 383
1739613884987 55.56111991890052 384
1739613884998 57.919950321902846 385
1739613885009 56.630010942795124 386
1739613885020 54.484357013141974 387
1739613885033 60.56612978563999 388
1739613885044 52.916706306652074 389
1739613885054 59.077341779125575 390
1739613885066 58.67247160345493 391
1739613885078 61.787184552033196 392
1739613885088 58.89815905056702 393
1739613885099 57.08124230200515 394
1739613885110 57.33813606430213 395
1739613885121 58.5526853053917 396
1739613885132 55.788546323139876 397
1739613885143 55.09941660808677 398
1739613885153 57.28441994649834 399
1739613885164 57.94685351113682 400
1739613885176 53.91173417822885 401
1739613885246 53.79758054572631 402
1739613885257 54.993085998639984 403
1739613885268 57.91514565576249 404
1739613885280 60.05304436086008 405
1739613885292 59.01475938802382 406
1739613885303 55.95510277887423 407
1739613885315 59.476448590099935 408
1739613885327 61.64141462397435 409
1739613885338 55.63238884284281 410
1739613885349 57.542463583586674 411
1739613885360 51.74672287477614 412
1739613885371 57.56038017267299 413
1739613885383 57.14380927261454 414
1739613885395 60.871488029470186 415
1739613885405 50.80717970821072 416
1739613885416 56.045353496595325 417
1739613885426 57.71245163258721 418
1739613885437 55.12305711466083 419
1739613885448 55.425942402628735 420
1739613885458 52.25884776614595 421
1739613885470 50.77142427999803 422
1739613885480 60.48571631749365 423
1739613885491 52.09763912541118 424
1739613885502 55.66635581967719 425
1739613885513 55.10219170840411 426
1739613885524 52.43266666278525 427
1739613885535 54.55018135691155 428
1739613885546 52.75220690154087 429
1739613885556 55.75871675900789 430
1739613885567 53.90814439083626 431
1739613885578 50.49711350568789 432
1739613885589 53.31026084511091 433
1739613885601 49.73344276960522 434
1739613885611 55.9317811772984 435
1739613885622 53.5514965585694 436
1739613885633 54.72356785835094 437
1739613885644 52.88118989069343 438
1739613885655 51.11639075364249 439
1739613885666 50.68887196401644 440
1739613885677 50.83023100637562 441
1739613885689 49.65044401337079 442
1739613885701 50.50731009694306 443
1739613885712 51.09825898241085 444
1739613885723 54.765934793736484 445
1739613885734 54.07493923581279 446
1739613885746 49.28126806842645 447
1739613885756 57.85183925565961 448
1739613885767 49.43016305569735 449
1739613885778 51.42950632378365 450
1739613885789 46.367537567801286 451
1739613885799 54.10849858252481 452
1739613885810 52.946123177833215 453
1739613885821 52.49355388222066 454
1739613885832 46.38775406491112 455
1739613885843 55.185746449085656 456
1739613885853 48.10543623474205 457
1739613885864 52.4498536538004 458
1739613885875 49.75978879926008 459
1739613885886 47.265288034228995 460
1739613885897 51.779616250593236 461
1739613885908 56.52924379251602 462
1739613885919 49.85106453843864 463
1739613885929 48.549470977807154 464
1739613885940 42.000050229726426 465
1739613885951 45.06992645940373 466
1739613885962 51.546555581284814 467
1739613885973 48.61247356901881 468
1739613885984 49.660080226554335 469
1739613885995 52.522819432773574 470
1739613886006 46.14434269910419 471
1739613886016 48.918071214126755 472
1739613886031 47.4934337043886 473
1739613886043 50.46164367543007 474
1739613886053 51.25425754653287 475
1739613886064 46.25022980319973 476
1739613886075 51.43106168041436 477
1739613886086 54.78466320760777 478
1739613886096 45.09208795988792 479
1739613886107 49.60511929866887 480
1739613886117 49.09354650715478 481
1739613886129 48.43355790842192 482
1739613886139 49.88586219244867 483
1739613886150 45.05688214966272 484
1739613886161 44.500058427459365 485
1739613886173 49.95299498817061 486
1739613886184 49.5367162836578 487
1739613886204 46.466959915051646 488
1739613886216 45.714016448617755 489
1739613886227 46.996675488119934 490
1739613886240 41.76947427913587 491
1739613886251 45.06033238208888 492
1739613886262 46.395803157858055 493
1739613886273 45.58127450273774 494
1739613886284 46.07928500653099 495
1739613886294 47.077715722181345 496
1739613886305 43.61315911585471 497
1739613886316 46.972101512344786 498
1739613886326 47.22430786348003 499
