1739614022429 173.10929835435962 0
1739614022440 163.39289604045362 1
1739614022451 163.72818069761578 2
1739614022462 162.112063041612 3
1739614022473 165.62730952639885 4
1739614022483 166.64285573542833 5
1739614022494 160.78659975875672 6
1739614022504 158.8772550818794 7
1739614022516 156.72766043724275 8
1739614022527 152.78129651770973 9
1739614022538 156.93577299521385 10
1739614022548 154.64102215229457 11
1739614022558 152.64574414068466 12
1739614022569 151.333559223135 13
1739614022579 140.34293756897125 14
1739614022590 148.38053652304242 15
1739614022600 148.76843322331618 16
1739614022612 146.34478319232855 17
1739614022624 147.32980975175414 18
1739614022634 149.8434148876904 19
1739614022645 144.88876064976134 20
1739614022656 145.7271536766846 21
1739614022666 141.02844608655138 22
1739614022677 136.98007364439886 23
1739614022687 143.74383074157663 24
1739614022698 137.69648847756068 25
1739614022709 139.2917657045123 26
1739614022719 140.44097727659778 27
1739614022730 140.19071890186424 28
1739614022741 134.29994186402388 29
1739614022752 137.76189579611582 30
1739614022762 136.66649652792844 31
1739614022773 130.39249874164722 32
1739614022783 131.6921732057221 33
1739614022794 124.94180498274596 34
1739614022805 128.67139645439312 35
1739614022816 129.54300804165723 36
1739614022826 127.12781747269294 37
1739614022837 128.1990296231376 38
1739614022848 122.90129102320144 39
1739614022859 123.17278130931435 40
1739614022869 123.00569601779776 41
1739614022879 123.9323357806026 42
1739614022890 119.54321392456207 43
1739614022901 117.80626285652146 44
1739614022912 118.2258660164592 45
1739614022923 123.54215988669043 46
1739614022934 116.89965710010192 47
1739614022944 122.33359121124639 48
1739614022956 118.45683246337002 49
1739614022967 116.36923046676041 50
1739614022978 113.86245719883148 51
1739614022991 112.12497800306451 52
1739614023002 114.957519721029 53
1739614023012 112.7400773080384 54
1739614023023 109.80440816633906 55
1739614023034 111.9560396228885 56
1739614023045 112.69041924450242 57
1739614023055 109.6448424937762 58
1739614023066 115.63684135623231 59
1739614023076 106.71902849465081 60
1739614023087 107.62425280152569 61
1739614023097 106.50879947412002 62
1739614023109 106.77976494319627 63
1739614023119 105.09618435626771 64
1739614023131 101.56424552572626 65
1739614023142 100.44765803747678 66
1739614023152 101.74739499106803 67
1739614023163 104.89914701827003 68
1739614023174 107.31453820530433 69
1739614023185 100.49643733987527 70
1739614023196 99.91177736869895 71
1739614023207 100.83167152789343 72
1739614023218 99.52828022089422 73
1739614023229 99.72938702466524 74
1739614023239 97.72101064916306 75
1739614023250 94.6988029261253 76
1739614023260 97.4179448239771 77
1739614023271 97.6641137355439 78
1739614023282 92.41628545813795 79
1739614023293 90.77682099333616 80
1739614023304 92.41565585613068 81
1739614023315 91.17570055740943 82
1739614023336 90.51226593824502 83
1739614023346 88.83573644407171 84
1739614023358 90.31602764885812 85
1739614023369 87.15056448303801 86
1739614023380 89.49604515076402 87
1739614023391 84.54183309687471 88
1739614023401 87.28683152037068 89
1739614023412 89.31099750940535 90
1739614023423 85.21356056395446 91
1739614023433 85.27879555538082 92
1739614023444 87.5689933744438 93
1739614023455 84.68147410486885 94
1739614023466 84.76192530456983 95
1739614023476 83.02652308070164 96
1739614023487 84.97630720096818 97
1739614023498 80.60103292119791 98
1739614023509 81.50831799648398 99
1739614023519 79.22729730742904 100
1739614023531 81.27938282946081 101
1739614023542 79.0100808224521 102
1739614023553 78.4305025693023 103
1739614023563 78.23146535541468 104
1739614023574 77.70220494320006 105
1739614023585 75.5649704659974 106
1739614023596 77.38523945529985 107
1739614023607 72.59086630708107 108
1739614023618 75.77087077921249 109
1739614023629 73.5095818854982 110
1739614023640 74.09635568638936 111
1739614023651 74.77299018552846 112
1739614023662 74.12450777341733 113
1739614023673 74.25639811938503 114
1739614023684 72.4227637595734 115
1739614023695 71.99061025740723 116
1739614023706 71.58995079419847 117
1739614023716 71.86818245768335 118
1739614023726 71.09249093793512 119
1739614023737 70.31451470072282 120
1739614023747 67.56288055136932 121
1739614023759 67.72786127231292 122
1739614023769 67.46351084527439 123
1739614023779 67.88754898063583 124
1739614023791 67.42801254522556 125
1739614023801 65.32254242337609 126
1739614023812 66.92309719569297 127
1739614023822 61.792026485564755 128
1739614023832 64.4277665230607 129
1739614023844 65.85089575457933 130
1739614023855 65.74007663266096 131
1739614023866 64.02606914874596 132
1739614023879 64.39817818879742 133
1739614023890 63.55510101612162 134
1739614023901 63.54938783613706 135
1739614023912 65.11652376204108 136
1739614023923 62.887054532356004 137
1739614023934 60.45879593037862 138
1739614023945 61.453625511866775 139
1739614023955 60.548520910888456 140
1739614023966 60.57655181843033 141
1739614023978 58.84298210838133 142
1739614023992 59.35294306411498 143
1739614024002 57.47615630732328 144
1739614024013 59.38292943782174 145
1739614024028 57.413762237454826 146
1739614024039 58.985611997283435 147
1739614024049 57.60207887779124 148
1739614024061 57.82325935208155 149
1739614024072 55.43286547398664 150
1739614024082 57.05827877033196 151
1739614024092 52.7547345468185 152
1739614024103 54.27713637785744 153
1739614024113 53.401474088068106 154
1739614024125 53.441187376367324 155
1739614024135 55.49975681917959 156
1739614024146 54.75308985780877 157
1739614024156 53.1291385664941 158
1739614024167 51.85402880002294 159
1739614024178 52.39035841485369 160
1739614024188 53.35040077227359 161
1739614024198 48.38916168639134 162
1739614024209 51.720821794042074 163
1739614024221 51.37630704446611 164
1739614024232 53.03307471306603 165
1739614024243 50.898414862314084 166
1739614024253 49.58356784977644 167
1739614024264 49.24939212558717 168
1739614024286 49.40140928381477 169
1739614024297 49.161313324603505 170
1739614024309 48.5638029798447 171
1739614024320 48.55487044835129 172
1739614024330 48.63816741881935 173
1739614024340 47.090065863893386 174
1739614024351 45.828834544748254 175
1739614024361 47.50453345178847 176
1739614024371 45.015553952609345 177
1739614024382 46.75869093687565 178
1739614024394 46.33925970963928 179
1739614024405 46.510783686684235 180
1739614024415 45.95286333884898 181
1739614024426 45.814700934797095 182
1739614024436 45.919981059909816 183
1739614024447 45.014450223618745 184
1739614024458 43.34477155576576 185
1739614024495 43.4232526161789 186
1739614024514 44.698997605598684 187
1739614024525 43.48416894194554 188
1739614024536 43.17094495514642 189
1739614024547 41.64473615669488 190
1739614024558 43.59443210290599 191
1739614024568 41.30660684617474 192
1739614024579 43.06538030258724 193
1739614024590 41.36402107101874 194
1739614024601 39.85010218396408 195
1739614024612 40.64393544404498 196
1739614024623 41.54009661625782 197
1739614024633 39.2842224490934 198
1739614024644 38.58681154074333 199
1739614024656 41.27263617606224 200
1739614024667 39.68358519281228 201
1739614024677 39.2399222343109 202
1739614024688 39.93237850435036 203
1739614024699 38.0419677635292 204
1739614024710 37.43993711752677 205
1739614024721 35.86017170361096 206
1739614024731 39.5641830368485 207
1739614024742 38.08305442362768 208
1739614024752 39.205987200920724 209
1739614024762 36.85399209639528 210
1739614024774 36.60404224914869 211
1739614024784 36.15982368303232 212
1739614024795 36.22165688358375 213
1739614024805 33.97284585679201 214
1739614024819 33.819229468509164 215
1739614024835 35.60704568947885 216
1739614024848 36.11560084070658 217
1739614024861 34.53210024593032 218
1739614024877 34.74288401286714 219
1739614024891 33.671213976830494 220
1739614024905 33.60828891310911 221
1739614024917 34.97851367657008 222
1739614024928 32.92939609474758 223
1739614024940 33.950792396589 224
1739614024953 34.10401664695377 225
1739614024963 33.30720129294875 226
1739614024973 32.0710216174574 227
1739614024984 31.816683103102843 228
1739614024994 31.92187463072553 229
1739614025005 30.997918466620312 230
1739614025017 31.25104614235109 231
1739614025030 32.11961461733791 232
1739614025042 28.759748720229982 233
1739614025053 30.95530358515479 234
1739614025064 29.969223929785596 235
1739614025074 30.493977552989442 236
1739614025085 30.413457632560977 237
1739614025096 30.74926432897624 238
1739614025107 29.422247551451704 239
1739614025117 30.260952454935758 240
1739614025128 28.6957555859512 241
1739614025139 28.643161199260554 242
1739614025149 29.699766423403073 243
1739614025161 29.196602931520083 244
1739614025174 28.632883768988208 245
1739614025187 27.328962386879176 246
1739614025198 28.1052913982086 247
1739614025209 29.279800474044176 248
1739614025221 27.312185970502544 249
1739614025232 27.80964190909164 250
1739614025245 25.917813347858065 251
1739614025260 26.978463574470876 252
1739614025274 28.35572843107937 253
1739614025287 28.548985465500248 254
1739614025300 26.45309038052826 255
1739614025312 26.95695104161558 256
1739614025325 25.911401790013286 257
1739614025338 25.03145683407869 258
1739614025352 24.2177613943526 259
1739614025363 26.13875251793253 260
1739614025374 25.32028267306454 261
1739614025384 25.392062237312846 262
1739614025395 25.219488475813062 263
1739614025405 24.4758546054794 264
1739614025415 25.06315225004394 265
1739614025426 24.981127688045795 266
1739614025437 25.01178483675133 267
1739614025447 23.877981025027633 268
1739614025458 25.83352122427842 269
1739614025469 25.04406956468478 270
1739614025479 22.54803296904144 271
1739614025490 24.4090494732581 272
1739614025501 23.945305415922142 273
1739614025512 23.12069480989499 274
1739614025523 22.44090265190765 275
1739614025533 22.017606417498804 276
1739614025543 24.19795581529079 277
1739614025555 23.677407447974907 278
1739614025565 22.002350617603582 279
1739614025580 22.990135073465414 280
1739614025593 22.17319796654442 281
1739614025606 20.631786713134126 282
1739614025619 22.370769135711576 283
1739614025632 21.581776956140942 284
1739614025644 22.638114961691077 285
1739614025657 21.508791114646964 286
1739614025669 20.776086195178465 287
1739614025681 20.518947748294245 288
1739614025691 20.981132655288096 289
1739614025703 21.74557173429833 290
1739614025713 20.924500467882687 291
1739614025725 19.465711163165178 292
1739614025735 21.604426161928224 293
1739614025745 19.9116180501375 294
1739614025756 19.693243525020023 295
1739614025778 20.646190985722814 296
1739614025791 19.189674243871266 297
1739614025803 18.8026602895695 298
1739614025816 18.68005511472844 299
1739614025828 20.408053863086256 300
1739614025840 19.02950875151779 301
1739614025851 20.266205538914132 302
1739614025862 19.638722026359456 303
1739614025875 19.358368546204616 304
1739614025886 18.24245813098433 305
1739614025897 18.62770964297782 306
1739614025908 18.51261834620242 307
1739614025918 19.638449651471106 308
1739614025929 17.621484359900116 309
1739614025941 19.82951260097841 310
1739614025951 18.888320819790202 311
1739614025963 18.326350183766493 312
1739614025975 17.978587636600444 313
1739614025988 19.09056162245479 314
1739614026003 19.58761650466041 315
1739614026014 17.75079541861893 316
1739614026025 17.619823917115628 317
1739614026039 16.353676598529116 318
1739614026051 17.0054565492533 319
1739614026063 17.675611557540748 320
1739614026075 16.548587279226446 321
1739614026086 15.89895863516089 322
1739614026097 18.15091998095997 323
1739614026109 16.33243908827092 324
1739614026121 15.818712307365512 325
1739614026131 15.524752788370227 326
1739614026143 16.64124180313577 327
1739614026154 17.086685224009205 328
1739614026165 16.431892745219542 329
1739614026176 15.741287102584131 330
1739614026188 16.17509743358771 331
1739614026198 15.04749651280493 332
1739614026211 17.039684918758184 333
1739614026223 16.066849137702576 334
1739614026235 15.338032816228754 335
1739614026246 15.014592644067173 336
1739614026257 15.789848405525209 337
1739614026268 14.18241512946814 338
1739614026279 14.672468324521189 339
1739614026291 15.512766315702114 340
1739614026302 15.132471083924822 341
1739614026313 14.197777171447665 342
1739614026324 15.96193884344754 343
1739614026336 13.477697575081093 344
1739614026347 13.754606522953425 345
1739614026359 14.791349264810112 346
1739614026372 15.450728518190932 347
1739614026382 13.830354948860652 348
1739614026394 13.9776946463712 349
1739614026407 14.849591072742102 350
1739614026420 13.467124963069397 351
1739614026431 12.954549643358638 352
1739614026446 15.307064800091798 353
1739614026460 13.314453952015393 354
1739614026474 12.353299477292687 355
1739614026487 14.23938042695471 356
1739614026498 13.10402757502874 357
1739614026511 13.079271635411974 358
1739614026523 13.057190842152384 359
1739614026537 13.232004004650655 360
1739614026552 12.827070765788921 361
1739614026563 12.086466145223268 362
1739614026576 13.233522939698307 363
1739614026587 12.51106266263073 364
1739614026597 11.841362729656902 365
1739614026609 12.332908757023718 366
1739614026620 13.518318414661026 367
1739614026630 12.08029198194973 368
1739614026641 11.845223442117868 369
1739614026651 11.889739342130161 370
1739614026662 12.349148321190208 371
1739614026672 12.593500747493218 372
1739614026683 11.093639928214499 373
1739614026694 12.332472879055222 374
1739614026704 12.40243296333065 375
1739614026715 12.436312204037849 376
1739614026725 10.803624900050382 377
1739614026737 11.58527286403253 378
1739614026748 11.378245181121509 379
1739614026760 10.909305696717892 380
1739614026771 11.329886750132266 381
1739614026782 10.86329769117891 382
1739614026793 10.832159899625248 383
1739614026804 10.129918506069885 384
1739614026814 11.539649618558226 385
1739614026825 10.442218064451144 386
1739614026840 10.880030820477664 387
1739614026854 10.100942495607276 388
1739614026867 10.516157917791798 389
1739614026879 11.204832834775377 390
1739614026891 10.532859557410791 391
1739614026904 11.774863901780847 392
1739614026915 11.180500158487792 393
1739614026928 12.211184027277138 394
1739614026941 10.860427913714641 395
1739614026955 10.376181102565239 396
1739614026966 9.336311872390008 397
1739614026976 10.028636786620847 398
1739614026988 11.087739479088205 399
1739614027002 10.56780118042344 400
1739614027013 9.997932463350399 401
1739614027025 8.224341715512535 402
1739614027035 10.563039190133793 403
1739614027046 9.090071423623352 404
1739614027058 10.14104878113668 405
1739614027070 10.583803454179735 406
1739614027081 9.457000195120168 407
1739614027092 9.101466013997426 408
1739614027103 9.315685744261849 409
1739614027113 10.013313719625472 410
1739614027123 10.457232329687237 411
1739614027133 8.810702803083629 412
1739614027143 8.452610158077345 413
1739614027154 8.62117001505282 414
1739614027164 9.575633232679627 415
1739614027175 9.492313227124585 416
1739614027186 8.780437918734188 417
1739614027197 7.553622000702287 418
1739614027207 8.410803212205334 419
1739614027218 8.940268195693541 420
1739614027231 9.146315219213726 421
1739614027243 9.049645294342561 422
1739614027255 9.048643803424179 423
1739614027267 7.906813425797506 424
1739614027288 10.105466636726149 425
1739614027300 10.49711246374468 426
1739614027311 9.020183184787275 427
1739614027323 8.62127667636438 428
1739614027333 8.079216974495907 429
1739614027345 7.638633513209413 430
1739614027358 9.650367019555832 431
1739614027369 7.787689594036329 432
1739614027381 9.699255295217748 433
1739614027392 8.505668579058302 434
1739614027403 8.161433086615869 435
1739614027414 8.57010584739914 436
1739614027426 7.091243900131413 437
1739614027437 7.737259264093009 438
1739614027449 8.108152833686567 439
1739614027460 7.757171297934864 440
1739614027472 7.3533483637122865 441
1739614027483 8.375495690956813 442
1739614027495 7.297723594625741 443
1739614027507 7.744401135184742 444
1739614027519 8.39693235909889 445
1739614027530 6.90996010347704 446
1739614027542 8.278789721548067 447
1739614027553 8.561174491651688 448
1739614027564 6.66760471680025 449
1739614027576 7.5910408900703565 450
1739614027589 7.114045013124663 451
1739614027599 7.303957206850447 452
1739614027611 7.506324263460218 453
1739614027623 8.116569532125322 454
1739614027633 6.964234998068529 455
1739614027645 7.098684565885273 456
1739614027657 7.93400277295793 457
1739614027668 6.85507526049836 458
1739614027680 6.277808399312656 459
1739614027693 5.941225233197939 460
1739614027704 6.110408950761318 461
1739614027715 7.107203859604549 462
1739614027727 6.737036007293888 463
1739614027739 5.568464841865923 464
1739614027751 7.990970630581501 465
1739614027762 6.563964707577999 466
1739614027774 6.921585363601818 467
1739614027787 6.732950441737949 468
1739614027797 7.447449629810715 469
1739614027809 7.120114482558019 470
1739614027820 7.5183401644633765 471
1739614027831 6.494115358266458 472
1739614027844 6.58633721950153 473
1739614027856 7.146131308776478 474
1739614027867 7.4008850744379 475
1739614027879 5.908666598825928 476
1739614027890 6.892031283904206 477
1739614027902 6.7036473671169325 478
1739614027913 6.724022725435753 479
1739614027925 6.553649107274506 480
1739614027936 4.8315545881809365 481
1739614027947 5.536932358963937 482
1739614027958 6.679884775959276 483
1739614027969 6.8731939487111875 484
1739614027980 6.6324019473822045 485
1739614027992 5.526518277613198 486
1739614028009 5.962689977802288 487
1739614028022 4.122197847807777 488
1739614028035 5.463851315193328 489
1739614028048 6.50179915767651 490
1739614028060 6.356102436654269 491
1739614028073 6.247610703887805 492
1739614028085 5.2307924953023335 493
1739614028099 6.108907095638444 494
1739614028113 6.735685266218806 495
1739614028126 5.784778318597142 496
1739614028139 4.579385556072898 497
1739614028157 5.35924065131089 498
1739614028170 5.415583585103679 499
