1739554217798 168.04774514216857 0
1739554217831 124.92803545741694 1
1739554217863 113.2449030442942 2
1739554217897 82.60271299121204 3
1739554217930 102.33062839584531 4
1739554217962 45.58121429459731 5
1739554217996 49.23642035342062 6
1739554218030 63.464393348912004 7
1739554218063 75.3637699565019 8
1739554218095 28.260850359435317 9
1739554218127 13.379270011970624 10
1739554218160 83.03360307371373 11
1739554218192 58.52801947325219 12
1739554218224 37.17658802311939 13
1739554218257 84.18746725041123 14
1739554218289 24.935663949995703 15
1739554218321 0.648488830775296 16
1739554218354 2.770339120383853 17
1739554218387 0.23675910722416565 18
1739554218419 9.626837736334656 19
1739554218451 26.864243747070013 20
1739554218484 4.462405930056565 21
1739554218516 2.7418116251626525 22
1739554218548 37.399749425112084 23
1739554218580 2.178873302900576e-05 24
1739554218612 14.453891294257806 25
1739554218644 14.424419194135307 26
1739554218677 0.019420665640910915 27
1739554218709 2.140839999156702 28
1739554218741 15.703472468888847 29
1739554218774 7.58527726489515 30
1739554218806 2.772518486017318 31
1739554218838 14.900824296662845 32
1739554218871 36.5168586911254 33
1739554218903 7.554643118258495 34
1739554218935 52.22552273256419 35
1739554218967 0.18172229401201725 36
1739554219001 1.241516158072194 37
1739554219037 28.635284990725776 38
1739554219069 54.8091688637049 39
1739554219101 20.739830046420554 40
1739554219134 8.771233474528572 41
1739554219165 5.557779115478346 42
1739554219198 12.3565403854693 43
1739554219230 0.004133132749506763 44
1739554219263 1.333554315231106 45
1739554219296 0.775309772422722 46
1739554219328 3.742187608696275 47
1739554219360 22.701333008958212 48
1739554219393 4.0915357787477955 49
1739554219425 2.1712827503582095 50
1739554219457 25.790107703677332 51
1739554219489 9.419510985916112 52
1739554219521 29.097431260671875 53
1739554219553 3.1407991564370583 54
1739554219585 6.051573044204708 55
1739554219618 7.017418300430386 56
1739554219650 0.1186483378474197 57
1739554219682 0.1997003945382544 58
1739554219714 19.8134590511419 59
1739554219747 0.09770525703905208 60
1739554219779 34.64136072820351 61
1739554219811 3.0386276655462474 62
1739554219843 5.456131589240334 63
1739554219875 8.152558762996986 64
1739554219907 9.488828596157127 65
1739554219939 0.5395188418310587 66
1739554219971 3.9088649749981252 67
1739554220004 14.296293934261927 68
1739554220037 52.68110030887349 69
1739554220069 42.806146643943634 70
1739554220101 16.547079322928944 71
1739554220135 17.75906124965899 72
1739554220168 0.011017726299557858 73
1739554220201 10.50514270599331 74
1739554220233 2.9075469769855253 75
1739554220265 22.718836498900245 76
