1739611979639 21.372781431990393 0
1739611979673 30.97590029479916 1
1739611979706 42.09745814221705 2
1739611979739 37.88606018039926 3
1739611979771 47.850404985659594 4
1739611979804 36.983148156854874 5
1739611979837 9.72766153409568 6
1739611979870 11.137064975022616 7
1739611979904 15.493664402013923 8
1739611979936 26.92554535061688 9
1739611979969 18.76501307188429 10
1739611980002 13.66740629677589 11
1739611980036 37.05242942159167 12
1739611980069 18.04804597550085 13
1739611980102 11.944810746853681 14
1739611980135 43.44592293914491 15
1739611980169 7.2758884873512155 16
1739611980201 73.39314173525322 17
1739611980234 53.23643861290543 18
1739611980267 13.529725176223446 19
1739611980300 14.307155606023233 20
1739611980333 2.6244831892847937 21
1739611980366 48.2472394692157 22
1739611980399 26.789294022782524 23
1739611980432 6.520967818113747 24
1739611980465 19.964057674521786 25
1739611980497 53.27095523521023 26
1739611980530 52.62578706882174 27
1739611980563 21.742933168636725 28
1739611980596 21.277110119900968 29
1739611980629 59.42310861028332 30
1739611980662 30.49905111210553 31
1739611980695 33.918557386617586 32
1739611980727 39.62733720473417 33
1739611980760 10.460673355345513 34
1739611980793 52.42399069736252 35
1739611980826 23.815732396103638 36
1739611980860 42.00937960445015 37
1739611980893 12.445583540849748 38
1739611980927 18.268266241100836 39
1739611980960 45.24557346879086 40
1739611980995 39.19461106966859 41
1739611981029 23.09542652375545 42
1739611981061 44.399427726180086 43
1739611981094 10.962726100256699 44
1739611981127 37.75193261670438 45
1739611981159 36.85779507392934 46
1739611981192 43.84736967834056 47
1739611981225 5.8818063680604 48
1739611981258 5.524808468470569 49
1739611981290 3.5266902567448724 50
1739611981323 19.794716763023217 51
1739611981355 12.221515541683813 52
1739611981388 34.55244573521027 53
1739611981421 60.75720689208977 54
1739611981453 9.183723857613352 55
1739611981486 73.551026133595 56
1739611981518 24.644744105786433 57
1739611981551 10.471782299022047 58
1739611981584 13.37044194447888 59
1739611981616 10.37926969131401 60
1739611981650 27.148834155553555 61
1739611981683 46.551676936857184 62
1739611981717 49.18778337135354 63
1739611981751 8.769652048149505 64
1739611981783 1.700030928576016 65
1739611981816 96.80253378115916 66
1739611981851 9.176012832393173 67
1739611981886 26.54051607400856 68
1739611981919 7.646345836059837 69
1739611981952 24.321546860078595 70
1739611981984 61.69702404040512 71
1739611982017 58.41338317574603 72
1739611982051 29.218746505280446 73
1739611982084 40.543339112314264 74
1739611982116 25.379201021042906 75
1739611982149 10.588083466474188 76
1739611982181 8.923440411460962 77
1739611982214 76.98494898125023 78
1739611982247 46.20228692922595 79
1739611982280 13.192923429455844 80
1739611982312 21.61844684910911 81
1739611982345 35.338854144253546 82
1739611982377 8.792577917414102 83
1739611982410 68.05534027152491 84
1739611982442 36.62669286332528 85
1739611982476 39.39560201221014 86
1739611982508 3.3687724619599417 87
1739611982541 40.4514651518811 88
1739611982574 37.82041413907291 89
1739611982607 49.87986461170756 90
1739611982639 27.96385693383205 91
1739611982672 40.5833152446896 92
1739611982704 31.409156936783177 93
1739611982737 113.22774980018556 94
1739611982771 63.31726295080462 95
1739611982805 44.32612316572553 96
1739611982838 54.37416151087944 97
1739611982871 26.760350699730417 98
1739611982903 5.156030018247566 99
1739611982936 31.422130036922663 100
1739611982969 45.49830587248167 101
1739611983003 1.8007065802768167 102
1739611983036 9.74628638452476 103
1739611983069 52.39196112514128 104
1739611983102 13.640363391350354 105
1739611983135 20.283047979325126 106
1739611983167 4.657915192545518 107
1739611983200 16.547052744249207 108
1739611983233 1.9895954046618298 109
1739611983266 22.088070588381235 110
1739611983299 11.149548515939067 111
1739611983332 2.3762926523570136 112
1739611983366 17.91841112798292 113
1739611983399 40.80106840783048 114
1739611983432 28.1343298452639 115
