1739557922539 171.57296491044593 0
1739557922549 171.73284049537574 1
1739557922558 164.6114003284513 2
1739557922567 160.7565935492763 3
1739557922576 155.75288298923712 4
1739557922585 156.8738646286796 5
1739557922593 156.38855183528563 6
1739557922601 152.790140121514 7
1739557922612 150.411482115472 8
1739557922620 141.71428550883994 9
1739557922629 142.1253272645035 10
1739557922637 137.5004380545285 11
1739557922646 139.9981158738159 12
1739557922654 138.47671026350332 13
1739557922663 139.63522446585816 14
1739557922672 132.19332447835922 15
1739557922680 131.74181972476154 16
1739557922688 130.57156964390063 17
1739557922697 128.33399846543952 18
1739557922706 126.02899903176557 19
1739557922715 123.11554934200205 20
1739557922724 118.96581058067204 21
1739557922743 121.2915918531739 22
1739557922752 117.35436565959293 23
1739557922761 115.31043709641726 24
1739557922769 116.66887482348001 25
1739557922778 113.4020448450436 26
1739557922786 117.03811618720363 27
1739557922794 103.59894539214717 28
1739557922803 107.66592918425694 29
1739557922811 103.82873308256202 30
1739557922820 104.12925124864154 31
1739557922829 102.5372088833456 32
1739557922838 102.61447958081227 33
1739557922847 102.04111440952055 34
1739557922855 99.707218447873 35
1739557922864 96.46822588805955 36
1739557922872 96.07791338473449 37
1739557922881 96.49806238319228 38
1739557922889 94.52268936087007 39
1739557922897 89.50135692832494 40
1739557922905 90.79208831696177 41
1739557922913 91.08113729201875 42
1739557922922 88.44502713268699 43
1739557922930 86.99339450368373 44
1739557922938 84.57769401529775 45
1739557922946 82.46743329436096 46
1739557922955 83.83178043526473 47
1739557922964 80.11210787713696 48
1739557922973 80.26568276384451 49
1739557922981 79.64708472247244 50
1739557922989 79.31203080227361 51
1739557922998 75.3496976241775 52
1739557923006 74.58369156140029 53
1739557923015 74.7929536626406 54
1739557923023 75.11013159393359 55
1739557923031 72.75329587271649 56
1739557923040 71.54586877247904 57
1739557923048 70.20661786002161 58
1739557923057 70.85244034644624 59
1739557923065 66.22756354250554 60
1739557923075 66.65452934857417 61
1739557923083 69.41483110881562 62
1739557923092 64.86828536015483 63
1739557923100 63.66958693768982 64
1739557923109 65.14122902331592 65
1739557923118 62.11251732308903 66
1739557923126 62.3581300142301 67
1739557923137 60.552116381026046 68
1739557923149 58.24196442694657 69
1739557923160 60.77376190133989 70
1739557923170 59.751658627157774 71
1739557923180 55.92818459637164 72
1739557923190 54.217997047069254 73
1739557923199 55.76816635549507 74
1739557923209 54.06904469863521 75
1739557923217 55.73710148574307 76
1739557923227 51.84892847505158 77
1739557923236 53.660621546673376 78
1739557923244 49.95830720474295 79
1739557923253 51.83420098326047 80
1739557923263 52.342261079284455 81
1739557923272 50.89435007184182 82
1739557923281 48.464845061387834 83
1739557923292 47.570549267280164 84
1739557923301 48.40616407238625 85
1739557923310 45.545824107535765 86
1739557923318 45.89044230452746 87
1739557923328 46.2677859930021 88
1739557923338 42.409697264287125 89
1739557923348 44.27879326912205 90
1739557923356 43.239488487138054 91
1739557923366 42.79418607728285 92
1739557923375 43.11743359320762 93
1739557923384 40.12260092802725 94
1739557923392 41.60337456433615 95
1739557923400 40.95297042771281 96
1739557923409 39.51946777868359 97
1739557923417 39.487327430469875 98
1739557923427 39.364704371832275 99
1739557923435 38.885313562337146 100
1739557923444 36.59006127538904 101
1739557923452 37.91086444911758 102
1739557923462 36.384960684259546 103
1739557923470 35.32025544593084 104
1739557923479 36.55357692813039 105
1739557923487 34.61406796378325 106
1739557923496 34.78633568842412 107
1739557923505 32.62126279130639 108
1739557923514 34.34603207557457 109
1739557923523 33.28194202841848 110
1739557923532 33.14093645218042 111
1739557923540 30.273915013047827 112
1739557923548 30.658722135809434 113
1739557923556 30.56324527604188 114
1739557923565 29.789612352535617 115
1739557923573 29.044968812390493 116
1739557923582 28.537321430139013 117
1739557923590 30.107603897494023 118
1739557923599 30.21719885058239 119
1739557923607 28.668654825297782 120
1739557923616 27.463348644896936 121
1739557923625 27.81609234061367 122
1739557923634 27.19309282331385 123
1739557923642 26.298014771843373 124
1739557923651 26.039960496747174 125
1739557923659 26.813535291760537 126
1739557923667 24.105469196457737 127
1739557923676 25.56096797339371 128
1739557923684 24.809732831310928 129
1739557923693 24.054165624776637 130
1739557923701 23.821357666601834 131
1739557923710 24.887319602754054 132
1739557923719 22.570093081549068 133
1739557923728 23.995230035425205 134
1739557923736 23.326454752481347 135
1739557923745 23.518000786898657 136
1739557923754 22.298075744948694 137
1739557923762 21.914500288854832 138
1739557923772 21.351817867433322 139
1739557923781 22.096393365764367 140
1739557923790 21.994820845763787 141
1739557923798 20.168162142688164 142
1739557923807 18.222302115787144 143
1739557923816 19.296120828433267 144
1739557923824 19.609921342325325 145
1739557923833 19.50734495036325 146
1739557923841 19.51678503155052 147
1739557923850 18.67462322768257 148
1739557923859 18.40096579273978 149
1739557923867 18.33228482618629 150
1739557923876 18.5106114191347 151
1739557923884 18.12164640582858 152
1739557923893 17.525259029424692 153
1739557923901 16.989905797436226 154
1739557923909 16.187778935205944 155
1739557923918 16.66675355780431 156
1739557923926 15.787652281934736 157
1739557923935 16.935659706696285 158
1739557923943 15.883192889890326 159
1739557923952 16.94853064327213 160
1739557923960 16.68140821341469 161
1739557923969 16.4701533417121 162
1739557923977 14.774371437404845 163
1739557923985 15.770565147774777 164
1739557923994 13.70943833494486 165
1739557924003 14.176653572451562 166
1739557924011 13.687765730933059 167
1739557924019 13.126574247705953 168
1739557924028 13.0543805904063 169
1739557924036 13.075448588797089 170
1739557924045 13.433276183986889 171
1739557924053 13.059949480620636 172
1739557924062 14.606899889680323 173
1739557924070 12.250939228768749 174
1739557924079 12.846475425894596 175
1739557924087 12.136053159292166 176
1739557924096 12.561591186407744 177
1739557924104 11.538284645334773 178
1739557924113 11.555893341772643 179
1739557924122 12.211667001444289 180
1739557924131 13.16363905816592 181
1739557924140 11.398705065481694 182
1739557924148 11.502387042349174 183
1739557924157 10.87827884891695 184
1739557924166 12.13152286440459 185
1739557924174 10.592094689791466 186
1739557924183 11.435755268639946 187
1739557924192 9.811688183276198 188
1739557924200 11.953888505342258 189
1739557924208 10.48626236405844 190
1739557924217 10.308576894004657 191
1739557924225 11.915150224119353 192
1739557924234 10.697605256611798 193
1739557924243 10.30487519789875 194
1739557924251 8.73287694431378 195
1739557924260 9.233730933089237 196
1739557924268 10.943114494761808 197
1739557924279 10.816798360795854 198
1739557924289 8.889068709736277 199
1739557924301 9.881323332186577 200
1739557924311 8.248827136701875 201
1739557924320 7.882763846791944 202
1739557924329 8.592189905996701 203
1739557924337 8.912037765174924 204
1739557924346 7.709713861749859 205
1739557924355 8.71796903021185 206
1739557924364 8.57565105208785 207
1739557924373 8.462787715740115 208
1739557924382 9.195460795699665 209
1739557924391 8.048360137351244 210
1739557924399 7.739393520712718 211
1739557924408 6.893551675374732 212
1739557924417 7.780851746900038 213
1739557924425 7.2847338232363334 214
1739557924433 6.326506763254668 215
1739557924442 7.790664187483865 216
1739557924451 7.323271946542996 217
1739557924459 7.039844230113504 218
1739557924467 6.9625501100945515 219
1739557924476 6.0768543448254375 220
1739557924485 6.638395510172336 221
1739557924493 8.596939267693633 222
1739557924502 5.763954590130209 223
1739557924511 6.756970252250473 224
1739557924519 6.036204194673638 225
1739557924528 6.822587358183767 226
1739557924536 6.9135931245059385 227
1739557924545 5.601221918816482 228
1739557924553 6.569388917784926 229
1739557924562 6.090813807372598 230
1739557924570 6.510428846345308 231
1739557924579 6.803724823895498 232
1739557924588 6.294842847964254 233
1739557924597 5.196994014932308 234
1739557924605 5.233368187378687 235
1739557924614 5.290851157658933 236
1739557924622 5.531874320224207 237
1739557924631 5.824856815380568 238
1739557924639 5.316196122703754 239
1739557924647 5.3301542397018675 240
1739557924656 6.471973597414705 241
1739557924664 6.20638904296289 242
1739557924673 4.691292440898799 243
1739557924684 4.662099780525426 244
1739557924700 5.809759011204338 245
1739557924709 5.190295280851792 246
1739557924718 5.549476151986903 247
1739557924726 5.631381477646272 248
1739557924735 5.214425125963203 249
1739557924743 4.902038989876094 250
1739557924752 4.936081699786047 251
1739557924761 4.008390988295315 252
1739557924769 4.570915892458119 253
1739557924778 6.140313249065369 254
1739557924787 4.739740102975856 255
1739557924795 4.614364355257227 256
1739557924804 3.728919539670669 257
1739557924813 4.401609993585247 258
1739557924821 4.157066865342432 259
1739557924829 5.215936181443478 260
1739557924838 3.8345630303198392 261
1739557924846 4.323786158115811 262
1739557924855 4.843501596367842 263
1739557924863 4.292966746176946 264
1739557924872 4.396876935952048 265
1739557924881 3.615743024830609 266
1739557924890 2.89026875837868 267
1739557924899 3.469609052995964 268
1739557924907 4.0612506128874415 269
1739557924915 3.444929205352753 270
1739557924924 3.3098994425206505 271
1739557924933 3.9956597287884996 272
1739557924942 4.78559818389855 273
1739557924950 4.4097007896074185 274
1739557924959 2.6720989339712484 275
1739557924968 2.986595744782458 276
1739557924978 4.236664711057173 277
1739557924987 2.886223072999554 278
1739557924995 3.4279860574983743 279
1739557925004 3.365926516467607 280
1739557925013 2.906232165457297 281
1739557925022 2.39684669321767 282
1739557925030 2.8652829081034357 283
1739557925039 2.649610285235165 284
1739557925048 3.2612072544233777 285
1739557925056 2.892356751382272 286
1739557925065 3.072734106280426 287
1739557925074 3.425721734645633 288
1739557925083 2.6968762515969527 289
1739557925092 3.198440089047496 290
1739557925105 2.6770915529802197 291
1739557925115 4.393363448026578 292
1739557925124 2.232173885439272 293
1739557925133 2.8111192760602632 294
1739557925141 2.4449295979694154 295
1739557925150 2.967227051815906 296
1739557925159 2.3283395023654294 297
1739557925168 3.512149522585198 298
1739557925177 3.264210700327186 299
1739557925186 2.9083002807629215 300
1739557925194 2.1724432060841594 301
1739557925203 2.233983580423789 302
1739557925212 2.2610343382788933 303
1739557925220 3.0313096076273744 304
1739557925229 2.292632720946843 305
1739557925237 2.178113687448284 306
1739557925246 2.2802555914448925 307
1739557925255 2.5859667018324832 308
1739557925267 2.3346282480132596 309
1739557925277 2.2313311916709226 310
1739557925286 2.2894783359962334 311
1739557925295 3.120208332337244 312
1739557925306 2.4461324439056376 313
1739557925315 3.4304279502074944 314
1739557925324 2.417778332452924 315
1739557925333 2.617629054829904 316
1739557925341 1.9951465122256318 317
1739557925350 2.087585343947048 318
1739557925359 1.7104911121157802 319
1739557925367 2.44242057825877 320
1739557925377 2.311265706748589 321
1739557925386 2.239718461404886 322
1739557925395 2.412481295789602 323
1739557925403 2.1386711765281006 324
1739557925412 2.619273769190979 325
1739557925421 2.5579598282222746 326
1739557925430 2.2447650782133453 327
1739557925438 1.5428115238936386 328
1739557925447 1.5022626349290256 329
1739557925455 2.042989994598332 330
1739557925464 2.6436688828337167 331
1739557925474 1.7361695141317228 332
1739557925482 2.5755178978433717 333
1739557925493 1.6361958160676078 334
1739557925505 2.7415778567534446 335
1739557925516 1.6850585644436253 336
1739557925526 3.0734511869840384 337
1739557925540 1.615909028861719 338
1739557925555 2.983510494741763 339
1739557925575 1.75089749955391 340
1739557925593 2.5396804007833595 341
1739557925641 1.7605122523794876 342
1739557925651 1.6696283990260683 343
1739557925661 2.489153076416696 344
1739557925671 2.1449319278441292 345
1739557925681 1.343510494633428 346
1739557925690 1.7498288933963415 347
1739557925700 1.7218241729493255 348
1739557925709 1.7747418194864053 349
1739557925719 2.217838668819829 350
1739557925729 1.8889648876676521 351
1739557925738 1.6701870114483568 352
1739557925748 1.765209464981068 353
1739557925757 2.0397410031249645 354
1739557925766 1.486588460687811 355
1739557925775 2.4936920863376306 356
1739557925784 1.2948776300889062 357
1739557925793 1.9042716661973116 358
1739557925802 1.5887859629666632 359
1739557925811 3.280405177169758 360
1739557925820 1.6703711070269633 361
1739557925829 1.7680690184453696 362
1739557925838 3.8579543524943367 363
1739557925847 1.1981952216730403 364
1739557925856 1.6576423880729545 365
1739557925865 1.6859199888378928 366
1739557925875 3.108048479291842 367
1739557925885 1.0944943824489803 368
1739557925893 0.826188208225357 369
1739557925902 2.138961697870968 370
1739557925912 2.087651492615405 371
1739557925920 1.4720572818668232 372
1739557925929 2.303086987421382 373
1739557925937 1.6875610616732888 374
1739557925945 1.2300022168199038 375
1739557925954 1.426796657298846 376
1739557925962 1.2000299365455238 377
1739557925971 1.5366981093847003 378
1739557925979 1.6833843992134336 379
1739557925988 1.1868919593615483 380
1739557925996 0.9100773387473874 381
1739557926004 1.614863110101874 382
1739557926013 2.0833948790317254 383
1739557926022 2.284966431041003 384
1739557926031 1.4228182927280546 385
1739557926039 1.8166437021549864 386
1739557926048 1.631056620513167 387
1739557926056 1.6368525757526555 388
1739557926065 0.9356900603830793 389
1739557926073 1.1481680282139717 390
1739557926082 1.281920942797031 391
1739557926091 0.9146053614999521 392
1739557926100 2.124424314033357 393
1739557926109 0.9507353205166378 394
1739557926117 2.0182707690340367 395
1739557926126 1.2205905372327266 396
1739557926135 0.7997334431795258 397
1739557926146 1.2176647641456362 398
1739557926194 1.3049019035860285 399
1739557926208 0.9608258861106461 400
1739557926228 1.531583931131575 401
1739557926247 1.264041315973934 402
1739557926260 1.9304457987413652 403
1739557926271 1.0099796576367441 404
1739557926282 1.1885142802340305 405
1739557926292 1.9345987176044224 406
1739557926303 1.5645933222476018 407
1739557926315 0.9942475258995455 408
1739557926339 1.0112590901192529 409
1739557926351 1.05657110214491 410
1739557926363 0.6074007775044084 411
1739557926374 1.7427018620889854 412
1739557926384 0.7130043225037114 413
1739557926395 1.3578386137534812 414
1739557926405 0.9227221895321339 415
1739557926413 2.017058087058047 416
1739557926423 1.2943380910859632 417
1739557926432 1.2030800197493918 418
1739557926441 0.9967995242062343 419
1739557926451 0.9881922423902375 420
1739557926462 1.6251603394357133 421
1739557926475 0.5140891293085156 422
1739557926490 0.7886811754475053 423
1739557926503 1.6768401953549872 424
1739557926516 0.9563768630643549 425
1739557926527 0.9130201000246205 426
1739557926538 1.327458346206706 427
1739557926548 1.5850963537561633 428
1739557926558 1.3172585347216064 429
1739557926567 1.747707877567112 430
1739557926576 0.796711215591653 431
1739557926586 1.4127084320517764 432
1739557926595 0.7860040617059406 433
1739557926605 0.708855928804773 434
1739557926614 1.1377332418984907 435
1739557926623 1.305107208865772 436
1739557926632 1.4545142027431992 437
1739557926641 1.49514212881684 438
1739557926651 1.0904409952134493 439
1739557926660 0.9978440434156302 440
1739557926669 1.206738813873018 441
1739557926678 0.7946843586434792 442
1739557926687 0.8301861100764654 443
1739557926696 1.8829710343227433 444
1739557926706 1.1371948395246299 445
1739557926715 1.594820678838424 446
1739557926723 1.373926554259498 447
1739557926732 0.9115737079724514 448
1739557926740 0.6313058673235002 449
1739557926749 1.6167327249284738 450
1739557926758 1.1056597120315508 451
1739557926766 1.5842166028558702 452
1739557926775 1.07495638330445 453
1739557926784 0.851354006708601 454
1739557926792 1.279355322791209 455
1739557926801 0.6749169184646359 456
1739557926809 1.0479961125895976 457
1739557926818 0.8198305916820844 458
1739557926826 0.9191173765737737 459
1739557926835 1.0636679449198254 460
1739557926843 1.0058557658413008 461
1739557926852 1.0549912844525473 462
1739557926860 1.1837599435844874 463
1739557926868 0.615595440546937 464
1739557926877 1.1962262585941492 465
1739557926886 0.757415046249535 466
1739557926894 1.4929700805472386 467
1739557926905 1.155585280521262 468
1739557926920 0.9893155756144165 469
1739557926933 1.2423554996778563 470
1739557926947 0.9314285657375667 471
1739557926960 1.0611373824285208 472
1739557926973 1.7127179422577807 473
1739557926982 0.7740763200620545 474
1739557926991 1.7107519117351238 475
1739557927001 0.8016192628427838 476
1739557927009 1.613609775947676 477
1739557927018 0.7817220058077211 478
1739557927027 1.2128978735979998 479
1739557927035 1.6682435240604168 480
1739557927044 0.7597954678517042 481
1739557927052 1.085062334425972 482
1739557927061 0.6786639347537676 483
1739557927069 0.7831515172374253 484
1739557927078 0.5686539834324357 485
1739557927087 1.0381902653714712 486
1739557927096 1.0870571859478364 487
1739557927104 1.3458469472741903 488
1739557927113 1.00205202458137 489
1739557927122 1.046434092611921 490
1739557927130 1.5626093756487207 491
1739557927139 1.464913472224733 492
1739557927147 1.3770995390434655 493
1739557927155 1.0270925712052488 494
1739557927164 0.6382872040139244 495
1739557927172 1.4603683243392316 496
1739557927180 1.5580269866621792 497
1739557927189 0.7963090203843465 498
1739557927197 1.8734916547748879 499
