1739553649019 169.56260254371597 0
1739553649027 167.78106456670858 1
1739553649035 170.28474474785952 2
1739553649042 163.253295018116 3
1739553649051 159.19479594421256 4
1739553649061 162.9503233745518 5
1739553649068 161.50869476066262 6
1739553649077 160.37512589571864 7
1739553649085 155.71764189011685 8
1739553649093 155.77252445531468 9
1739553649101 159.63513340071714 10
1739553649108 153.04452426474344 11
1739553649115 153.42216977597369 12
1739553649124 153.0461401432257 13
1739553649131 153.18985487222642 14
1739553649139 152.93781277779834 15
1739553649147 152.49905161769314 16
1739553649156 153.5349819302092 17
1739553649165 146.7213886403531 18
1739553649172 143.54238644007702 19
1739553649179 148.30208070224438 20
1739553649190 143.10724413007475 21
1739553649199 142.73814229611492 22
1739553649208 145.23272999664482 23
1739553649219 141.2643365300714 24
1739553649228 138.31754246261798 25
1739553649236 137.65734190385498 26
1739553649244 140.23405388524222 27
1739553649255 134.7656317874974 28
1739553649264 135.63690919576925 29
1739553649272 139.18204308012213 30
1739553649280 131.64430149134495 31
1739553649292 133.7840541249464 32
1739553649301 131.9173268101268 33
1739553649311 125.15970306592949 34
1739553649323 130.97394989841268 35
1739553649332 129.25528131656242 36
1739553649340 129.75387627045723 37
1739553649348 125.03278701395043 38
1739553649358 124.81454322416167 39
1739553649367 124.19540269412481 40
1739553649375 125.4367579160054 41
1739553649384 122.37140566552281 42
1739553649393 123.78254553908792 43
1739553649400 121.38806349155189 44
1739553649409 122.41928221272015 45
1739553649419 122.66223986298013 46
1739553649427 121.05297866935425 47
1739553649435 119.46168577403691 48
1739553649443 117.54184035996771 49
1739553649454 116.10093208476484 50
1739553649463 115.4876304999422 51
1739553649472 113.13001277553224 52
1739553649482 116.83452442853613 53
1739553649491 114.12034012467318 54
1739553649499 111.18010180373415 55
1739553649507 112.83280348882934 56
1739553649518 109.85244215497025 57
1739553649526 112.09310716411898 58
1739553649534 110.18898744745599 59
1739553649542 107.31498278337149 60
1739553649552 112.2817217281166 61
1739553649561 107.87363934490531 62
1739553649569 108.64452373343055 63
1739553649577 105.25128815430719 64
1739553649589 105.15658292447075 65
1739553649597 107.4722279028121 66
1739553649606 102.10300958319988 67
1739553649617 101.99010019560028 68
1739553649625 101.51150501359301 69
1739553649634 101.39880850960245 70
1739553649642 100.86566367661493 71
1739553649652 101.62092904165854 72
1739553649661 96.65589757126827 73
1739553649669 97.99787666133216 74
1739553649678 99.47953438112872 75
1739553649688 100.55264575853118 76
1739553649697 97.09387087217219 77
1739553649705 95.24313791230661 78
1739553649716 93.14707078391646 79
1739553649726 93.51257588898902 80
1739553649734 94.1494900637334 81
1739553649742 90.48720733040618 82
1739553649752 94.28410583710088 83
1739553649761 91.35303960381451 84
1739553649768 90.65544590999772 85
1739553649776 90.4922783508123 86
1739553649785 91.52972684834909 87
1739553649794 90.8906535048049 88
1739553649802 91.00499200989594 89
1739553649811 88.29950872155108 90
1739553649822 86.58940333655809 91
1739553649830 87.00654823265486 92
1739553649838 81.83580457562371 93
1739553649846 86.99744480827597 94
1739553649856 85.25607574278457 95
1739553649865 85.48933891190165 96
1739553649873 80.93161995713108 97
1739553649884 80.31794401969597 98
1739553649892 82.34873512506135 99
1739553649900 83.50235963458076 100
1739553649909 81.25293114172278 101
1739553649919 83.06597253583254 102
1739553649928 80.59955295559202 103
1739553649936 81.25539349900909 104
1739553649945 79.98096638493557 105
1739553649955 79.46462062475894 106
1739553649965 82.86050303794354 107
1739553649975 79.74662586099615 108
1739553649987 77.6682835121322 109
1739553649996 79.01185773052619 110
1739553650006 76.96365601387721 111
1739553650017 75.44109453442013 112
1739553650026 76.88061998537476 113
1739553650034 76.46472185058427 114
1739553650042 74.73009089418174 115
1739553650052 73.56908791703701 116
1739553650060 72.0200687679145 117
1739553650068 74.09585424594617 118
1739553650076 70.86030315817256 119
1739553650087 72.92696632754786 120
1739553650095 70.8363122668898 121
1739553650104 74.60510732087151 122
1739553650116 69.85835819191297 123
1739553650125 69.5380259134346 124
1739553650133 72.61961481534736 125
1739553650143 69.08387501761244 126
1739553650154 66.36209396452944 127
1739553650164 66.82301194815123 128
1739553650172 68.59711755166676 129
1739553650180 66.69085194030941 130
1739553650190 69.33795338143086 131
1739553650199 65.64558637701755 132
1739553650207 66.97306171067825 133
1739553650217 67.03324788943237 134
1739553650226 66.06440176834776 135
1739553650234 64.61145000011756 136
1739553650242 67.87299230063903 137
1739553650253 65.27267076463956 138
1739553650262 62.71721501776401 139
1739553650270 62.5976428772129 140
1739553650279 62.523812989073825 141
1739553650291 64.58790443150517 142
1739553650299 61.24811368604092 143
1739553650308 60.77777310505911 144
1739553650319 59.65932015640435 145
1739553650327 60.42370114861673 146
1739553650335 59.759615091884136 147
1739553650343 61.20745232731466 148
1739553650352 57.87568505427158 149
1739553650361 59.491312286271075 150
1739553650370 59.51514541494246 151
1739553650379 60.498619770776685 152
1739553650389 58.35702919176993 153
1739553650398 57.52846449528021 154
1739553650408 56.73758596227363 155
1739553650417 61.09232513489673 156
1739553650426 57.4431156451265 157
1739553650434 56.93492980438765 158
1739553650443 55.421464006008826 159
1739553650453 56.243784907950214 160
1739553650462 55.074735111666016 161
1739553650470 53.4381157079082 162
1739553650482 55.13653233304841 163
1739553650496 54.92243132137692 164
1739553650504 53.56730665633027 165
1739553650516 56.509737744497414 166
1739553650525 53.72378427193008 167
1739553650534 54.51193730341707 168
1739553650543 53.01366615496578 169
1739553650553 52.01386543666124 170
1739553650561 51.056351179788784 171
1739553650569 52.312672445618894 172
1739553650578 49.49458969913484 173
1739553650588 52.264393456647284 174
1739553650596 51.54544076341619 175
1739553650604 49.39447020187977 176
1739553650614 47.640808876760474 177
1739553650623 49.37700754875335 178
1739553650631 49.15474151051472 179
1739553650639 49.19524855299966 180
1739553650648 49.59169160143897 181
1739553650659 49.948347501781406 182
1739553650667 48.99229986871215 183
1739553650675 46.55471929825773 184
1739553650685 48.48461217044832 185
1739553650694 50.1888800757265 186
1739553650702 46.871621970006174 187
1739553650710 46.299958415811595 188
1739553650720 47.24459623781697 189
1739553650728 45.161498270976125 190
1739553650736 45.044295716428984 191
1739553650744 45.24590124149392 192
1739553650755 45.476337977804185 193
1739553650763 45.777837918241154 194
1739553650770 46.36597864829024 195
1739553650778 43.79909388774072 196
1739553650790 43.78597539401403 197
1739553650798 43.421438123814504 198
1739553650807 45.14348975604512 199
1739553650818 44.126873025844 200
1739553650826 43.405619894932144 201
1739553650835 42.834528572335095 202
1739553650844 42.668065812388356 203
1739553650854 45.39895043403114 204
1739553650864 42.807329292109884 205
1739553650872 42.47468115718075 206
1739553650880 42.08270931117892 207
1739553650890 40.94847140633891 208
1739553650898 40.62848015085896 209
1739553650907 41.1993284187716 210
1739553650920 40.217908853248986 211
1739553650929 39.43303949151493 212
1739553650937 38.928048516310604 213
1739553650948 38.633003266034045 214
1739553650957 39.972227118376615 215
1739553650965 42.28900411324328 216
1739553650973 40.203197213882156 217
1739553650985 38.752897462172044 218
1739553650994 38.500373126664414 219
1739553651002 39.147399662220316 220
1739553651009 38.553494010375985 221
1739553651018 37.6276268556452 222
1739553651027 38.825076447782365 223
1739553651035 38.99990923176816 224
1739553651043 37.89634119623363 225
1739553651054 35.43242282815799 226
1739553651063 35.82883689348835 227
1739553651072 37.645141606343024 228
1739553651081 36.41002629825418 229
1739553651090 34.99912076903485 230
1739553651098 38.04105993914375 231
1739553651106 36.980643490370355 232
1739553651116 35.59744068049321 233
1739553651125 36.35930092620995 234
1739553651133 34.42600409540498 235
1739553651140 35.98600895763925 236
1739553651148 34.24333441565736 237
1739553651157 34.62663578890942 238
1739553651165 35.47919124229139 239
1739553651172 33.664939750841356 240
1739553651180 33.65694683265556 241
1739553651191 33.948050999101426 242
1739553651199 34.35569262889038 243
1739553651208 32.89099886931598 244
1739553651218 35.53424563890239 245
1739553651227 33.56161381444928 246
1739553651235 33.07388429175159 247
1739553651243 33.91926245992981 248
1739553651254 31.91849622799042 249
1739553651262 34.555128380384865 250
1739553651270 31.745737058408345 251
1739553651277 31.502579970050178 252
1739553651287 34.78965858942296 253
1739553651297 32.29102949901839 254
1739553651305 32.879341148096245 255
1739553651319 32.12274913748204 256
1739553651327 32.21180352843807 257
1739553651336 30.225285746649348 258
1739553651345 30.549804548971387 259
1739553651355 31.783596941299027 260
1739553651363 29.524562985661138 261
1739553651370 31.022409991761716 262
1739553651378 29.9329399654753 263
1739553651388 31.66112295610225 264
1739553651397 30.235977961808548 265
1739553651404 28.67663758480244 266
1739553651411 29.966684159363382 267
1739553651419 29.1045549460522 268
1739553651427 28.41722163741709 269
1739553651435 29.421586773553017 270
1739553651443 29.756736484362765 271
1739553651454 29.007404765980883 272
1739553651463 29.33034485205879 273
1739553651471 28.641601327860357 274
1739553651480 29.011213173937133 275
1739553651490 27.044731577545516 276
1739553651499 27.868801215984995 277
1739553651506 26.540119723893778 278
1739553651516 28.921619348530168 279
1739553651525 28.212004349710682 280
1739553651533 29.123882271089176 281
1739553651541 27.766817292872815 282
1739553651550 28.266482124222637 283
1739553651559 25.607690798166942 284
1739553651566 27.720214593698305 285
1739553651596 26.668089639166915 286
1739553651619 26.58361287131145 287
1739553651628 27.807056838176916 288
1739553651637 25.10495984664231 289
1739553651648 26.510291508169356 290
1739553651658 26.323697407894393 291
1739553651667 26.17925798120523 292
1739553651676 24.738977493652264 293
1739553651687 27.959467835134216 294
1739553651697 26.24231832422731 295
1739553651706 26.444783104607595 296
1739553651715 25.396016831701544 297
1739553651725 26.514994650046887 298
1739553651734 26.62662364876739 299
1739553651742 23.993351820001372 300
1739553651751 25.45665166389919 301
1739553651761 23.616304506858263 302
1739553651768 24.827363827283133 303
1739553651776 25.324233935361068 304
1739553651785 25.000215151173226 305
1739553651794 24.719523826083144 306
1739553651801 25.082386092102002 307
1739553651808 24.398325791877834 308
1739553651817 25.54955335504899 309
1739553651826 23.423737870774058 310
1739553651833 25.136681972288276 311
1739553651842 24.355403928071926 312
1739553651853 25.82893479487413 313
1739553651862 22.87871802440567 314
1739553651870 24.9884689269201 315
1739553651881 23.241452201506682 316
1739553651890 23.533430721470044 317
1739553651897 23.404491655046197 318
1739553651905 21.597161711817265 319
1739553651914 23.320100185789833 320
1739553651923 23.524206765191824 321
1739553651932 22.196891345007803 322
1739553651940 22.906095636758824 323
1739553651949 22.824049339869514 324
1739553651957 21.324557700198977 325
1739553651965 22.313573580818865 326
1739553651973 21.56740231444313 327
1739553651985 22.38266464833785 328
1739553651995 23.36399558093899 329
1739553652003 22.783770883618395 330
1739553652011 21.946303908768183 331
1739553652020 22.752210594433446 332
1739553652027 21.833424309109006 333
1739553652035 21.689863574200434 334
1739553652043 20.28515226700625 335
1739553652053 20.661495429604035 336
1739553652061 21.48030867788319 337
1739553652069 20.2827590874903 338
1739553652080 22.105674320593383 339
1739553652090 22.035914852126922 340
1739553652098 20.843525674738608 341
1739553652106 20.010373326631314 342
1739553652114 21.008799998736162 343
1739553652125 21.16674419307863 344
1739553652133 20.459230313683285 345
1739553652141 19.983937230864726 346
1739553652151 21.55956010394813 347
1739553652160 21.021643280437516 348
1739553652168 19.27190866910582 349
1739553652176 20.570730829624562 350
1739553652186 19.683480965950608 351
1739553652194 20.823250940158225 352
1739553652202 20.4271083814185 353
1739553652210 19.59811279548646 354
1739553652219 19.097135119923383 355
1739553652227 18.46025131540793 356
1739553652235 19.408100978620247 357
1739553652242 21.911606969039838 358
1739553652253 18.940250859258555 359
1739553652262 21.28039228121399 360
1739553652272 18.70888114106293 361
1739553652284 18.846652298789003 362
1739553652294 19.289281370203508 363
1739553652303 19.118680708488764 364
1739553652313 17.705295630419098 365
1739553652323 18.637590905992656 366
1739553652331 19.54899676464621 367
1739553652339 17.35280530429173 368
1739553652349 18.34632799465901 369
1739553652358 19.67174758193434 370
1739553652366 18.218864592334228 371
1739553652375 18.127858751611335 372
1739553652388 17.444743666401486 373
1739553652396 19.789560498528523 374
1739553652404 18.0783843371169 375
1739553652415 18.004599654178563 376
1739553652423 18.44445256238703 377
1739553652431 18.253151606057717 378
1739553652440 19.154232114094686 379
1739553652450 17.548877722446854 380
1739553652458 17.60182281444375 381
1739553652466 18.198552776366853 382
1739553652475 16.598032386356387 383
1739553652485 17.760345201525247 384
1739553652493 16.535801006935923 385
1739553652501 17.387323092246408 386
1739553652509 17.80665320436547 387
1739553652521 17.103282849741955 388
1739553652529 18.628284724192355 389
1739553652537 17.194466844857583 390
1739553652547 18.850660363020886 391
1739553652556 16.39961426656295 392
1739553652564 17.181803452359006 393
1739553652571 16.537165026645937 394
1739553652581 17.645975643699536 395
1739553652591 15.55919073289667 396
1739553652598 17.316999485360896 397
1739553652606 16.35204959905142 398
1739553652616 16.01397521138723 399
1739553652624 17.185217329588735 400
1739553652632 15.623262628908238 401
1739553652640 15.912498813272336 402
1739553652651 17.019404586571003 403
1739553652661 16.89605674266839 404
1739553652669 16.581152758951827 405
1739553652681 15.784157518657677 406
1739553652690 15.385689923477521 407
1739553652699 16.76294326750215 408
1739553652707 17.556611989032575 409
1739553652716 16.44812851144589 410
1739553652725 16.59499396780158 411
1739553652733 16.619552360286406 412
1739553652741 16.111045840389338 413
1739553652750 15.352788671557848 414
1739553652759 15.741381320099883 415
1739553652767 15.609651580435264 416
1739553652775 16.843463439219164 417
1739553652787 15.614144418413675 418
1739553652795 13.987331581966266 419
1739553652804 14.6728991768556 420
1739553652815 14.528533598318758 421
1739553652824 14.909287999860025 422
1739553652832 15.049594005803334 423
1739553652840 14.64146196699118 424
1739553652850 17.06672316009357 425
1739553652859 14.882021505226088 426
1739553652867 15.334924900199393 427
1739553652875 14.4964918709882 428
1739553652885 15.036922254297238 429
1739553652894 14.25798821969257 430
1739553652902 15.12257781610112 431
1739553652913 14.571328230832593 432
1739553652923 14.619710110386084 433
1739553652932 15.157141076901434 434
1739553652940 13.57964898003637 435
1739553652949 13.412015664242105 436
1739553652957 14.70585380264411 437
1739553652965 13.501122657314099 438
1739553652973 13.927762303268807 439
1739553652981 13.759883668116174 440
1739553652992 13.6999300516373 441
1739553653000 14.153849047204952 442
1739553653008 13.951583384133603 443
1739553653017 14.074051012564238 444
1739553653026 12.838550277035957 445
1739553653034 14.970213768581333 446
1739553653042 12.69885760793086 447
1739553653054 13.762487069448733 448
1739553653062 14.078670302879036 449
1739553653070 14.48056201109393 450
1739553653079 13.634128454301566 451
1739553653089 13.824303386764113 452
1739553653097 13.930128848845136 453
1739553653105 13.559135561457259 454
1739553653113 13.137138169402464 455
1739553653123 14.418888946316814 456
1739553653131 13.370390591270311 457
1739553653139 14.757343713454683 458
1739553653148 11.650993353789495 459
1739553653156 13.683828984606544 460
1739553653164 13.259663654004294 461
1739553653171 12.506247525259715 462
1739553653180 12.868976506063564 463
1739553653190 12.306587103564679 464
1739553653198 13.988530782608816 465
1739553653206 12.628664493957576 466
1739553653215 13.501746582732356 467
1739553653224 13.122092309785028 468
1739553653232 13.098447383710658 469
1739553653239 12.700509046005823 470
1739553653248 13.263985116939663 471
1739553653258 13.545387297125721 472
1739553653266 13.651705337793091 473
1739553653275 12.847813012758497 474
1739553653284 13.032676575092232 475
1739553653294 11.359348722533527 476
1739553653302 12.635748451382465 477
1739553653313 12.552680983683604 478
1739553653323 12.49527637611591 479
1739553653331 13.04937760182328 480
1739553653340 12.647562872663272 481
1739553653350 13.561362553108717 482
1739553653358 11.573929456541373 483
1739553653366 11.289522880774227 484
1739553653374 12.823445351838112 485
1739553653383 11.280143058207795 486
1739553653392 12.508421445597328 487
1739553653400 12.114456894811381 488
1739553653408 10.36850473524387 489
1739553653417 12.202586901196014 490
1739553653425 13.129276623480111 491
1739553653433 12.229221480051908 492
1739553653440 11.779574303153128 493
1739553653450 12.535981739902876 494
1739553653459 10.644610179018354 495
1739553653468 12.386494516269435 496
1739553653479 12.737861538934814 497
1739553653488 11.408830404155506 498
1739553653496 12.243767318349368 499
