1739615450481 165.13266210443078 0
1739615450496 158.71404950460544 1
1739615450517 159.6050276387256 2
1739615450529 152.34678018791735 3
1739615450541 148.5402145735034 4
1739615450552 145.12671928445425 5
1739615450564 138.36910862706088 6
1739615450577 133.0670552645249 7
1739615450588 131.284110048068 8
1739615450600 125.18015923545474 9
1739615450612 124.76775377489926 10
1739615450624 118.56752112889355 11
1739615450635 118.52253733625194 12
1739615450647 110.45396600909429 13
1739615450659 109.71599768417036 14
1739615450670 109.8248820425127 15
1739615450682 103.85945246647168 16
1739615450693 101.63294406679287 17
1739615450704 100.4102516314673 18
1739615450715 97.05663761999752 19
1739615450728 94.94875034963653 20
1739615450739 93.3792720435067 21
1739615450751 87.78560569683573 22
1739615450763 87.65172678317273 23
1739615450775 84.8109440218248 24
1739615450786 85.20197044044652 25
1739615450799 83.48486892129537 26
1739615450811 79.03929394282648 27
1739615450823 76.00011577003467 28
1739615450835 78.76349413523239 29
1739615450847 73.54729938595484 30
1739615450859 70.5909808974547 31
1739615450871 71.75311119936099 32
1739615450883 69.39797613710313 33
1739615450893 66.12703687190066 34
1739615450904 64.44629181658397 35
1739615450916 61.24515774338582 36
1739615450927 61.233055223263385 37
1739615450939 59.17769063117875 38
1739615450950 60.087464260066334 39
1739615450961 59.29349038348598 40
1739615450973 58.0666714259707 41
1739615450985 56.574086021626954 42
1739615450997 55.14733384696704 43
1739615451010 54.17069776073748 44
1739615451020 56.88586170891207 45
1739615451032 48.35456909642943 46
1739615451044 48.18377493376515 47
1739615451055 45.36414655688727 48
1739615451067 44.717949161043705 49
1739615451079 42.55945140564357 50
1739615451091 46.12616108244706 51
1739615451102 46.25664843776263 52
1739615451113 49.68366511533305 53
1739615451125 46.79515518965336 54
1739615451136 37.58013694799105 55
1739615451148 41.00644487278135 56
1739615451160 39.37320837207888 57
1739615451171 40.27923841868866 58
1739615451183 37.74114841174008 59
1739615451195 35.83900857540101 60
1739615451206 40.724749134897294 61
1739615451218 34.24016622842759 62
1739615451230 35.38386269720418 63
1739615451242 33.610892030339926 64
1739615451253 39.13582294888271 65
1739615451266 33.7110365684234 66
1739615451278 30.80722915992778 67
1739615451289 38.806033877301296 68
1739615451302 35.45297814232747 69
1739615451314 36.06646111703821 70
1739615451326 32.80104764723613 71
1739615451338 32.49246488730568 72
1739615451350 32.44848882597486 73
1739615451361 25.619194424335397 74
1739615451373 24.063794769033787 75
1739615451384 36.55442114516056 76
1739615451397 31.000913493403967 77
1739615451409 26.802659108848275 78
1739615451420 27.787165883807862 79
1739615451433 26.810372319657947 80
1739615451454 25.324204095227316 81
1739615451466 26.338542231663535 82
1739615451478 35.12763668224517 83
1739615451490 27.079023817815255 84
1739615451506 31.117582711576976 85
1739615451517 31.254197163642772 86
1739615451528 25.20474985600088 87
1739615451540 28.575624270806582 88
1739615451552 24.405550857228008 89
1739615451564 29.96878413772772 90
1739615451576 24.109641584616703 91
1739615451587 27.888452414943814 92
1739615451600 24.209294069338824 93
1739615451611 23.36028495011431 94
1739615451624 23.99477586625969 95
1739615451635 28.157529711643733 96
1739615451648 25.421033298460113 97
1739615451660 21.795349380449448 98
1739615451672 27.84637822638381 99
1739615451683 24.376527846508694 100
1739615451696 20.98148000298152 101
1739615451708 27.9408879447442 102
1739615451719 19.419298494116386 103
1739615451732 21.04734293561055 104
1739615451744 16.168934720614462 105
1739615451756 21.088272478962857 106
1739615451768 21.001512569649396 107
1739615451780 23.623577819639042 108
1739615451793 23.804330468862748 109
1739615451805 21.430856540568573 110
1739615451817 23.76171879454882 111
1739615451830 20.226855319832676 112
1739615451842 18.395541957125058 113
1739615451854 20.651496303102522 114
1739615451866 15.507808442476952 115
1739615451878 20.881903974732555 116
1739615451889 20.259490203006983 117
1739615451901 23.025622223688416 118
1739615451913 18.5637631854043 119
1739615451925 21.74616260439259 120
1739615451936 24.112721903499036 121
1739615451948 19.60541248493447 122
1739615451961 17.16729830864995 123
1739615451972 17.137407713339417 124
1739615451984 20.461064205081225 125
1739615451996 23.46850085574676 126
1739615452007 21.722158380006576 127
1739615452018 19.011520525209143 128
1739615452030 19.341343823735222 129
1739615452041 15.83526917354935 130
1739615452052 17.748154256750862 131
1739615452064 16.297366795582633 132
1739615452076 18.73816781101394 133
1739615452087 17.957094793761236 134
1739615452100 15.870123127731487 135
1739615452118 20.354984178279828 136
1739615452130 17.66128504019947 137
1739615452141 22.23131394407274 138
1739615452153 17.816694740370753 139
1739615452165 17.034074953014827 140
1739615452178 16.617904441595762 141
1739615452191 15.979020842263429 142
1739615452202 17.55615948235647 143
1739615452214 13.729049310528682 144
1739615452226 17.869105409740147 145
1739615452237 14.923732685839221 146
1739615452249 14.534637222067351 147
1739615452261 19.946993177497458 148
1739615452273 15.849812326798984 149
1739615452286 21.304949069111252 150
1739615452298 19.988730061136426 151
1739615452310 16.408023478488005 152
1739615452321 23.265223329769697 153
1739615452333 26.266668234101367 154
1739615452346 8.704399449083358 155
1739615452359 14.716898636793195 156
1739615452370 12.35504504148394 157
1739615452391 13.329219649381264 158
1739615452403 14.502601072173157 159
1739615452415 18.33156333447224 160
1739615452427 19.31496385520311 161
1739615452440 17.181074835366797 162
1739615452451 14.702124559089004 163
1739615452463 18.246673796226986 164
1739615452476 16.54517362483388 165
1739615452487 18.613028212636568 166
1739615452502 10.921703037130793 167
1739615452514 16.764095642690386 168
1739615452527 17.309633300879934 169
1739615452538 21.43937790752173 170
1739615452550 12.113469934583305 171
1739615452563 13.772029621704663 172
1739615452574 19.6801652127352 173
1739615452586 20.511719561623476 174
1739615452599 11.108467320720253 175
1739615452612 19.086649488389526 176
1739615452623 14.90422296042209 177
1739615452635 13.442499188672775 178
1739615452646 16.228191583199724 179
1739615452659 15.145351901715184 180
1739615452669 15.610010830104846 181
1739615452681 16.566732487705526 182
1739615452693 10.448985799754054 183
1739615452704 14.159854518028714 184
1739615452716 16.233611093034018 185
1739615452728 16.415762283366522 186
1739615452741 16.1751186683991 187
1739615452752 20.11001682102823 188
1739615452764 12.063182748712457 189
1739615452775 15.204296195712688 190
1739615452787 13.044537147624366 191
1739615452799 14.474105556884588 192
1739615452810 20.138746278176114 193
1739615452821 17.488131623807302 194
1739615452836 17.815027996006094 195
1739615452848 13.804053761771456 196
1739615452860 21.889379057967666 197
1739615452872 20.731468475653735 198
1739615452884 15.88597427241764 199
1739615452896 8.287059720577059 200
1739615452910 20.525880453499678 201
1739615452921 14.512320578141338 202
1739615452933 12.969662961624675 203
1739615452945 10.108730631497803 204
1739615452956 11.92630410460109 205
1739615452969 11.725275039680664 206
1739615452981 15.494865625780582 207
1739615452993 13.466874181734896 208
1739615453004 16.69826297839935 209
1739615453016 11.996500822505514 210
1739615453053 16.192603948493748 211
1739615453074 16.75371977018801 212
1739615453086 22.311452026564616 213
1739615453098 17.091154464390666 214
1739615453111 9.485499430916843 215
1739615453124 11.886424076796857 216
1739615453135 18.839351472079485 217
1739615453146 14.676869599466864 218
1739615453159 11.492963661847886 219
1739615453171 11.47951579459913 220
1739615453183 20.642519393803163 221
1739615453195 10.191196152552164 222
1739615453212 14.361653278573696 223
1739615453224 10.615114403511466 224
1739615453235 12.248082976272846 225
1739615453248 10.898064189457749 226
1739615453260 21.516149259313597 227
1739615453272 15.681132667551713 228
1739615453284 18.16817999048866 229
1739615453296 15.800436034672021 230
1739615453314 15.422120521554316 231
1739615453328 12.964954464715035 232
1739615453340 13.839374781647962 233
1739615453351 13.67021526501062 234
1739615453363 17.16126364478439 235
1739615453375 16.092501900192108 236
1739615453386 12.37682218682759 237
1739615453398 15.308444768285755 238
1739615453410 14.958643729282276 239
1739615453423 15.16239671207594 240
1739615453434 14.966486406726649 241
1739615453446 13.553376099554486 242
1739615453457 16.663537588466355 243
1739615453469 10.15133750771362 244
1739615453480 14.753455377262034 245
1739615453493 13.47784282817324 246
1739615453505 17.156818033739835 247
1739615453516 20.631671476755972 248
1739615453528 14.928271449892303 249
1739615453541 8.333544338417168 250
1739615453553 17.175671776752775 251
1739615453565 12.666783249714978 252
1739615453576 17.22126017451434 253
1739615453588 8.493448567390868 254
1739615453600 17.67503415732274 255
1739615453611 8.199803976428017 256
1739615453623 16.39779886247943 257
1739615453636 22.03469336807051 258
1739615453648 15.810637387663448 259
1739615453660 17.82957063767834 260
1739615453672 15.5916078794508 261
1739615453684 17.363784109547208 262
1739615453696 18.098723280987628 263
1739615453708 18.168192824031657 264
1739615453720 14.686078573221495 265
1739615453732 16.612650205284528 266
1739615453744 13.64283413084158 267
1739615453756 17.54075063607329 268
1739615453767 13.093315276780055 269
1739615453779 11.41188954059386 270
1739615453790 15.636030432185306 271
1739615453802 16.481967736730063 272
1739615453814 16.058946612431217 273
1739615453827 17.320153142781255 274
1739615453839 11.498550714372762 275
1739615453852 10.391265054272754 276
1739615453864 16.33842292117721 277
1739615453877 14.353699214539125 278
1739615453889 15.608196825501853 279
1739615453902 16.27514304609886 280
1739615453914 12.789911182159843 281
1739615453926 15.457280844758492 282
1739615453939 16.815230678708502 283
1739615453950 10.794185282545703 284
1739615453962 18.356190349365686 285
1739615453973 19.292486249453194 286
1739615453986 12.552769034706818 287
1739615453999 15.68263725324719 288
1739615454011 16.83491389370514 289
1739615454022 22.082102326832977 290
1739615454034 15.469013433866923 291
1739615454047 14.246225462787097 292
1739615454059 14.74265569602694 293
1739615454070 15.732811654258795 294
1739615454082 8.260183340226064 295
1739615454095 18.797219489039406 296
1739615454107 20.190560092631312 297
1739615454119 16.691769556075446 298
1739615454131 14.827838174999702 299
1739615454143 14.933068325312004 300
1739615454155 18.64747495880334 301
1739615454167 13.085431490469578 302
1739615454179 10.636916544558014 303
1739615454192 16.87628560860114 304
1739615454204 13.993127701066713 305
1739615454216 12.669458850779222 306
1739615454229 18.42744696927031 307
1739615454250 17.248918554901262 308
1739615454263 16.258143048491284 309
1739615454275 15.20617983904251 310
1739615454287 12.03140164047405 311
1739615454301 12.341685668215272 312
1739615454314 11.387142352580662 313
1739615454325 13.505909399366177 314
1739615454336 20.451596769507706 315
1739615454348 15.775853448823165 316
1739615454361 17.073490558620335 317
1739615454372 19.336036013950764 318
1739615454384 14.078750942686643 319
1739615454396 10.639510719821187 320
1739615454408 17.0056146354157 321
1739615454419 9.900353601937207 322
1739615454431 13.848051885367632 323
1739615454443 20.705445119004338 324
1739615454455 19.088406815349753 325
1739615454466 11.03692312813488 326
1739615454479 14.59194279051677 327
1739615454491 18.34892803526245 328
1739615454502 12.820370100127477 329
1739615454515 12.039377848471156 330
1739615454527 18.215263127892907 331
1739615454538 16.891010213585055 332
1739615454550 12.266227689940795 333
1739615454563 10.048497079942619 334
1739615454574 15.49308201415759 335
1739615454586 17.578103129152158 336
1739615454598 12.576018124725346 337
1739615454611 18.335266941915346 338
1739615454625 13.541304980973027 339
1739615454637 7.192952079055169 340
1739615454650 15.333399399003982 341
1739615454661 7.714321601750316 342
1739615454674 15.070884219783629 343
1739615454685 14.0190178190649 344
1739615454697 17.28605468070531 345
1739615454708 14.700667608239876 346
1739615454721 15.996678160919192 347
1739615454732 14.024660023052611 348
1739615454744 9.503695668658827 349
1739615454756 15.525551635926773 350
1739615454768 11.693903452540296 351
1739615454781 16.746489727328136 352
1739615454794 13.564859505882966 353
1739615454806 15.201606832088544 354
1739615454818 23.018568439108755 355
1739615454831 18.239494686609067 356
1739615454843 11.502156954989855 357
1739615454855 13.096643128079277 358
1739615454867 10.85554484098783 359
1739615454879 16.134261028146735 360
1739615454892 20.7539935287794 361
1739615454903 14.196594505756492 362
1739615454916 11.099577531224124 363
1739615454928 16.142256832978003 364
1739615454940 15.928159986363273 365
1739615454951 11.457968186247205 366
1739615454964 17.724563469964483 367
1739615454976 10.560486201511713 368
1739615454987 15.274664865088292 369
1739615455000 14.234481191123237 370
1739615455012 10.90716057110508 371
1739615455024 13.945970608424048 372
1739615455037 13.481597955800476 373
1739615455049 13.748062784327887 374
1739615455061 10.791537864937133 375
1739615455081 12.181833742547289 376
1739615455095 14.466025687312872 377
1739615455107 12.310653667712206 378
1739615455118 13.519497261336342 379
1739615455130 13.62301789155687 380
1739615455142 15.700797023799065 381
1739615455153 13.403647952032054 382
1739615455166 18.883246248513093 383
1739615455178 10.473256591306766 384
