1739554824396 174.4768382066891 0
1739554824405 171.35761654659507 1
1739554824414 169.86784873439683 2
1739554824424 164.57032239956064 3
1739554824433 162.52233004394787 4
1739554824442 156.0921741888051 5
1739554824451 158.18463389297185 6
1739554824461 161.7866749971093 7
1739554824471 163.60743699282685 8
1739554824481 159.52857964476826 9
1739554824491 156.52335241421903 10
1739554824501 154.1664007251951 11
1739554824511 154.9713192807738 12
1739554824521 152.88586176713173 13
1739554824532 153.8777219380838 14
1739554824543 149.03754422086166 15
1739554824553 148.98829478597605 16
1739554824564 147.44209524219124 17
1739554824575 151.98276339077879 18
1739554824585 147.60245113846784 19
1739554824598 143.4540243307248 20
1739554824610 146.40486942617306 21
1739554824621 146.37115526926058 22
1739554824638 136.82669126830703 23
1739554824648 138.6388183165905 24
1739554824659 140.19140101029518 25
1739554824671 136.0235486694912 26
1739554824682 142.8138974044469 27
1739554824693 140.12728241745108 28
1739554824703 135.24665672439573 29
1739554824713 135.3510341332162 30
1739554824724 134.0206589493918 31
1739554824734 134.53592384293853 32
1739554824745 131.63695756873338 33
1739554824755 129.91936762939469 34
1739554824766 130.64828357593473 35
1739554824776 130.15158143468662 36
1739554824787 127.1458494472216 37
1739554824797 123.00701084023342 38
1739554824808 125.96437718608175 39
1739554824818 129.70293544974732 40
1739554824828 129.29803644809704 41
1739554824838 121.57999372741172 42
1739554824848 123.26270269875835 43
1739554824860 121.10975535488045 44
1739554824870 118.53750014727882 45
1739554824880 117.69203334456894 46
1739554824891 116.65847331598934 47
1739554824901 118.98902063035003 48
1739554824911 118.99304497209019 49
1739554824921 115.96069389844743 50
1739554824932 115.78866035420974 51
1739554824944 114.35847212212357 52
1739554824956 115.53269162124221 53
1739554824967 111.69000929667224 54
1739554824977 114.65050031322895 55
1739554824987 111.22667229201417 56
1739554824998 107.98313927831668 57
1739554825008 106.85885871508556 58
1739554825019 107.92890317558012 59
1739554825030 110.90555821098799 60
1739554825040 108.19611724753229 61
1739554825050 105.86671178151964 62
1739554825060 105.40427153582166 63
1739554825070 104.84803428947009 64
1739554825080 103.66362128038412 65
1739554825090 103.26878058331877 66
1739554825099 103.03296498307569 67
1739554825109 103.15372474329732 68
1739554825120 106.20134362532822 69
1739554825129 101.0458085572947 70
1739554825140 97.19965854264015 71
1739554825152 98.44645196865305 72
1739554825162 99.0976880124871 73
1739554825172 99.52682235179792 74
1739554825182 97.70145662060385 75
1739554825193 94.64915616113774 76
1739554825204 95.74924006314491 77
1739554825214 92.670000857818 78
1739554825224 93.86481546514011 79
1739554825235 92.55444339623466 80
1739554825245 92.27000446554648 81
1739554825255 93.76010488013249 82
1739554825266 91.6633993300893 83
1739554825276 90.52536420986083 84
1739554825286 88.62721510865084 85
1739554825296 89.21896995977576 86
1739554825307 90.49064622171302 87
1739554825317 91.01717039205383 88
1739554825328 86.77505593000204 89
1739554825338 85.96641371006167 90
1739554825349 86.04659462537819 91
1739554825359 87.38226976184093 92
1739554825368 85.07992096777552 93
1739554825378 85.62120686163426 94
1739554825387 83.26513189601718 95
1739554825397 80.91889942682975 96
1739554825407 83.26162754940331 97
1739554825417 79.93103998378247 98
1739554825427 82.53914971686685 99
1739554825438 82.1428789625588 100
1739554825449 80.31957406753617 101
1739554825459 80.32168901413003 102
1739554825469 81.49855989800258 103
1739554825478 78.64670339114636 104
1739554825489 76.58064824440073 105
1739554825498 79.30554798221758 106
1739554825510 77.23149335123257 107
1739554825520 78.30498183653778 108
1739554825530 73.24959613672354 109
1739554825541 74.30628551395931 110
1739554825551 75.38347267166688 111
1739554825561 75.52720420911996 112
1739554825570 73.44009105244876 113
1739554825580 73.34830851286432 114
1739554825623 73.54260392241581 115
1739554825636 70.39766240990674 116
1739554825648 70.8714065090422 117
1739554825660 71.63043256128698 118
1739554825670 70.48790638494995 119
1739554825681 69.5405587767792 120
1739554825690 66.98539874947515 121
1739554825701 69.53425028180594 122
1739554825719 66.89177168289304 123
1739554825740 68.72988716591598 124
1739554825760 66.28695315525829 125
1739554825777 67.51425658850555 126
1739554825796 67.56481722134814 127
1739554825816 66.09081104103784 128
1739554825836 65.63772958274524 129
1739554825856 63.52152328835729 130
1739554825874 61.75627900078891 131
1739554825886 65.22650845945071 132
1739554825900 64.15637669610962 133
1739554825914 60.02496330447737 134
1739554825927 64.26492130385472 135
1739554825941 60.98270295010177 136
1739554825955 61.13540114335181 137
1739554825969 64.57097165716728 138
1739554825982 61.108933536546466 139
1739554825995 59.42995289651599 140
1739554826007 60.07333485509435 141
1739554826021 57.33907426776821 142
1739554826034 59.08386491846724 143
1739554826048 58.80510337317277 144
1739554826062 58.25445104402553 145
1739554826075 58.68995103407309 146
1739554826089 55.87477258784326 147
1739554826102 56.27915835313434 148
1739554826115 57.98324737790207 149
1739554826128 54.913728298254135 150
1739554826142 55.36758333591373 151
1739554826155 55.38456954313956 152
1739554826169 55.59250138730835 153
1739554826182 53.10245783445986 154
1739554826194 54.645024228010335 155
1739554826207 54.21512716280656 156
1739554826219 54.01606040188497 157
1739554826230 55.98299707540246 158
1739554826242 53.64156808609637 159
1739554826254 53.0356854293619 160
1739554826266 53.337902470048064 161
1739554826277 51.594967720464304 162
1739554826290 50.19768427596467 163
1739554826301 49.63375060342934 164
1739554826313 50.64698922306347 165
1739554826325 50.53543772272656 166
1739554826336 50.58666234355102 167
1739554826348 49.674852942302074 168
1739554826360 46.93926629741355 169
1739554826374 47.91522805931337 170
1739554826388 47.71089785142016 171
1739554826399 47.78747992363212 172
1739554826411 47.09372768667493 173
1739554826423 47.19525379855032 174
1739554826435 45.87479150566947 175
1739554826448 47.40792180730851 176
1739554826461 45.84774530516152 177
1739554826473 46.858942531706774 178
1739554826485 46.01727900578699 179
1739554826498 44.086087997674646 180
1739554826511 45.644850919154976 181
1739554826523 41.506439339874476 182
1739554826534 45.20742167913825 183
1739554826547 45.81425078489806 184
1739554826559 43.268204179019015 185
1739554826572 43.441723992021295 186
1739554826584 43.61328540693719 187
1739554826596 41.792025144265686 188
1739554826608 42.62053544379419 189
1739554826621 42.37632691345492 190
1739554826632 41.236019412747176 191
1739554826643 41.1018771814458 192
1739554826654 40.89381660735786 193
1739554826666 39.002603797962685 194
1739554826679 41.43474388916235 195
1739554826690 41.052603706269366 196
1739554826701 39.44305011041307 197
1739554826712 40.96271579250943 198
1739554826723 37.88654802639619 199
1739554826734 38.90625334310317 200
1739554826746 39.82646961871121 201
1739554826757 39.5489807458962 202
1739554826768 37.63699032001868 203
1739554826778 37.44325719395147 204
1739554826789 37.95260290463998 205
1739554826800 36.24799325605701 206
1739554826810 38.04484302062465 207
1739554826821 36.52990852392546 208
1739554826831 36.56662871658462 209
1739554826841 38.987703210293645 210
1739554826852 36.218720333404804 211
1739554826862 36.84201985500645 212
1739554826873 33.96240135957067 213
1739554826884 34.383892684089645 214
1739554826895 35.41921793514219 215
1739554826905 35.20956084198429 216
1739554826915 32.84680996125901 217
1739554826926 33.937504257928005 218
1739554826936 33.39764693278694 219
1739554826946 33.300145774094034 220
1739554826957 33.248145289728775 221
1739554826967 34.88929230873029 222
1739554826977 32.304432178930504 223
1739554826986 33.53061739010075 224
1739554826996 32.68972552235626 225
1739554827005 33.8351032710284 226
1739554827014 32.302875733259626 227
1739554827024 32.55479680954599 228
1739554827033 31.495399120863528 229
1739554827043 31.152574243786855 230
1739554827052 31.05220004228876 231
1739554827062 31.514126858171217 232
1739554827071 31.61616226876993 233
1739554827081 30.15752758518436 234
1739554827090 32.11549022526169 235
1739554827100 31.45471780757457 236
1739554827109 31.055512608144504 237
1739554827118 30.053390384814865 238
1739554827128 28.63755579905467 239
1739554827137 31.07657890292219 240
1739554827147 30.30537729832995 241
1739554827157 30.002882020450368 242
1739554827167 30.498303190027947 243
1739554827177 29.577065287005475 244
1739554827186 29.091001843404136 245
1739554827196 28.848507220802222 246
1739554827205 27.208244271131736 247
1739554827215 28.89422401407291 248
1739554827225 29.403573218307205 249
1739554827234 27.103544546187965 250
1739554827244 26.837973460131213 251
1739554827254 27.094558537238804 252
1739554827264 26.708573277547327 253
1739554827274 26.333307570115736 254
1739554827283 27.040553443809337 255
1739554827293 26.86547460269518 256
1739554827302 26.820383247098963 257
1739554827312 26.033785504898407 258
1739554827321 26.314273498874158 259
1739554827330 26.66667360990104 260
1739554827340 24.795524766475697 261
1739554827349 25.990760379059353 262
1739554827359 25.093861347433734 263
1739554827368 24.329324514093045 264
1739554827378 27.30158602131837 265
1739554827387 24.303888178452045 266
1739554827397 24.304913750078995 267
1739554827407 24.263747676062675 268
1739554827416 25.59976781214257 269
1739554827426 23.845916029313294 270
1739554827435 24.358721153376308 271
1739554827444 24.213258924059318 272
1739554827453 23.15727117122184 273
1739554827463 23.612810964505243 274
1739554827472 22.949306728081435 275
1739554827482 22.591954422988753 276
1739554827491 23.057048942713667 277
1739554827500 23.257151146404553 278
1739554827510 23.0369413843929 279
1739554827519 22.07406698179733 280
1739554827529 21.578448860907002 281
1739554827538 22.464404304070307 282
1739554827548 23.49071552864939 283
1739554827557 20.960464349102693 284
1739554827567 21.238859234786872 285
1739554827577 21.183352133344837 286
1739554827586 21.32240493495111 287
1739554827596 22.214221823133595 288
1739554827605 20.572275190688533 289
1739554827614 20.929561019716846 290
1739554827624 19.87644657021572 291
1739554827634 20.394913598668925 292
1739554827643 19.98196825043155 293
1739554827652 19.519651787583246 294
1739554827661 19.034221371379306 295
1739554827671 19.0750474713732 296
1739554827684 20.162921111990887 297
1739554827694 20.155050469711874 298
1739554827704 19.344683730767052 299
1739554827714 20.76896541726868 300
1739554827723 18.187527090945515 301
1739554827733 19.22452055847485 302
1739554827743 18.908230319885764 303
1739554827752 21.88900495756619 304
1739554827762 18.94497582833822 305
1739554827771 17.89475064725939 306
1739554827781 18.121589116283356 307
1739554827790 18.515321409425802 308
1739554827800 18.128533183208287 309
1739554827809 18.02172033599596 310
1739554827819 17.252973875314357 311
1739554827829 17.83753372932122 312
1739554827838 16.628325174009635 313
1739554827847 16.323657457875914 314
1739554827856 17.070611251825454 315
1739554827865 17.385219474912443 316
1739554827874 18.854953331320274 317
1739554827883 16.243912462919692 318
1739554827893 17.96075559320077 319
1739554827902 17.696466439597867 320
1739554827911 17.96876854398864 321
1739554827920 17.372363325849946 322
1739554827929 16.856513033981727 323
1739554827938 15.88344312437341 324
1739554827947 17.068484323822958 325
1739554827957 16.895719294662882 326
1739554827965 16.82290920280677 327
1739554827974 16.35527161942531 328
1739554827983 15.563372593582274 329
1739554827993 16.28775535577711 330
1739554828002 15.294936273702143 331
1739554828011 15.77489792832691 332
1739554828022 14.202965405568818 333
1739554828031 14.254868976035821 334
1739554828041 16.241008988250755 335
1739554828050 14.396806539591035 336
1739554828059 16.24265404793115 337
1739554828068 15.539957641421838 338
1739554828077 15.34950218585003 339
1739554828087 13.900671155052924 340
1739554828096 15.769228675497276 341
1739554828106 14.564483333711165 342
1739554828115 13.964353087014922 343
1739554828124 13.061034396336272 344
1739554828133 15.296407046648323 345
1739554828142 15.024363930019211 346
1739554828151 15.2271395450309 347
1739554828161 13.421203477637835 348
1739554828170 14.739690804333955 349
1739554828180 12.807407709670182 350
1739554828190 14.844767039477057 351
1739554828199 14.141306781926149 352
1739554828208 14.542975353227455 353
1739554828217 13.660643032321554 354
1739554828227 13.891390566833959 355
1739554828236 14.053084126754579 356
1739554828246 13.019907061394047 357
1739554828255 13.198316700360126 358
1739554828264 12.504423160822183 359
1739554828274 13.510213322711197 360
1739554828283 12.295876713666157 361
1739554828293 12.27987693739706 362
1739554828302 13.524937821485867 363
1739554828312 14.307314736391675 364
1739554828321 12.9863395807286 365
1739554828330 11.211057296563139 366
1739554828339 11.863719270960878 367
1739554828348 12.880016425193453 368
1739554828358 10.755894344542275 369
1739554828367 11.247742038919315 370
1739554828376 11.527873550343589 371
1739554828385 11.270780367693806 372
1739554828395 11.14181069723286 373
1739554828404 11.28958530195884 374
1739554828413 12.450084817144033 375
1739554828422 12.113078115869353 376
1739554828431 10.618914810704052 377
1739554828440 10.954861905748382 378
1739554828449 12.81199434933631 379
1739554828458 10.726669680508664 380
1739554828467 10.898251722411363 381
1739554828477 10.940543418981747 382
1739554828487 10.747864629308618 383
1739554828500 12.072472453100486 384
1739554828535 10.930412690420486 385
1739554828548 9.90560394052103 386
1739554828561 10.806769473408558 387
1739554828572 10.217525896331034 388
1739554828582 10.964198585200524 389
1739554828594 11.760164295426135 390
1739554828605 9.972185659866604 391
1739554828615 11.158356361988172 392
1739554828626 9.478447205844038 393
1739554828637 9.784303663930823 394
1739554828647 9.152463647164202 395
1739554828658 9.827322753981159 396
1739554828668 10.425212467793544 397
1739554828679 10.078227835598511 398
1739554828693 9.47326676856233 399
1739554828702 9.51375056105391 400
1739554828712 12.254694617151415 401
1739554828722 10.831701029491466 402
1739554828731 10.99768828871314 403
1739554828740 9.860441797151056 404
1739554828750 9.168297130211176 405
1739554828759 10.952566456265718 406
1739554828768 10.157658335618247 407
1739554828777 10.25405089364816 408
1739554828786 8.174811804442447 409
1739554828795 8.238351336712693 410
1739554828805 8.947688211965911 411
1739554828816 9.329991262153925 412
1739554828826 8.867499881559132 413
1739554828835 8.594964889708994 414
1739554828845 8.953889937306515 415
1739554828855 8.927643825608701 416
1739554828864 9.33108036215105 417
1739554828873 9.111233677220877 418
1739554828882 8.36451068591496 419
1739554828891 8.46621032811711 420
1739554828901 9.462272500738173 421
1739554828911 9.36349807171429 422
1739554828920 8.404370390080286 423
1739554828930 7.928921714391793 424
1739554828940 9.755897532547763 425
1739554828949 10.638013267673985 426
1739554828959 7.654607243781265 427
1739554828969 8.416856868832086 428
1739554828978 8.502611038116722 429
1739554828988 8.44835824648124 430
1739554828998 8.019288734100625 431
1739554829008 7.028003278015104 432
1739554829018 6.973697071500112 433
1739554829028 9.149333859142304 434
1739554829037 8.258432975955412 435
1739554829046 6.916493118216407 436
1739554829056 8.933867430816258 437
1739554829065 7.464794283130724 438
1739554829074 7.98141229736764 439
1739554829084 8.025663370892293 440
1739554829093 7.770676644432443 441
1739554829102 7.862173863037674 442
1739554829112 8.033669463120587 443
1739554829122 7.648933624955241 444
1739554829131 8.028893749319014 445
1739554829141 7.481292141374145 446
1739554829151 6.712652767674263 447
1739554829161 6.712691607442811 448
1739554829170 6.274768946355821 449
1739554829180 7.19107638692961 450
1739554829189 7.183811863636956 451
1739554829198 7.0071231146154105 452
1739554829209 7.354801418881192 453
1739554829218 7.9254201838534275 454
1739554829229 7.471625770241843 455
1739554829238 7.533153347517896 456
1739554829247 7.5536512308148165 457
1739554829257 7.141264376015909 458
1739554829267 6.6670867950884025 459
1739554829276 6.044087413200699 460
1739554829285 6.317596015168684 461
1739554829294 6.59159346137255 462
1739554829304 7.117118837440399 463
1739554829313 6.513737773908152 464
1739554829323 6.247377747254402 465
1739554829332 6.164247392267504 466
1739554829342 6.802700829862163 467
1739554829352 7.102388940737614 468
1739554829362 5.2172232742626585 469
1739554829371 6.605858882532453 470
1739554829380 6.106345077142009 471
1739554829389 7.6942153778232925 472
1739554829399 6.246267232995293 473
1739554829409 7.099684598042644 474
1739554829418 7.05630294877313 475
1739554829427 6.254192132088074 476
1739554829436 5.3171723493826715 477
1739554829446 6.054620450628606 478
1739554829455 7.4093458569418775 479
1739554829465 5.1069780768874145 480
1739554829475 6.237847891413524 481
1739554829484 5.488456774403604 482
1739554829495 6.203201680014447 483
1739554829505 5.909625544966343 484
1739554829515 5.040152002127679 485
1739554829524 5.983431833306197 486
1739554829534 6.786187915697822 487
1739554829543 5.758649871490299 488
1739554829554 5.904822741124858 489
1739554829563 5.6724420860408875 490
1739554829573 5.562989642845539 491
1739554829582 5.383024669665129 492
1739554829592 4.708136751895455 493
1739554829601 5.961213614803172 494
1739554829611 4.620274014712216 495
1739554829620 4.910458813516037 496
1739554829630 5.77320264213952 497
1739554829641 5.116509391926884 498
1739554829650 6.235796091889991 499
