1739615898899 169.5681863921608 0
1739615898912 169.43432086991294 1
1739615898923 169.3021752861498 2
1739615898934 169.17014795235892 3
1739615898945 169.0382387597629 4
1739615898956 168.90644759968578 5
1739615898968 168.7747743635531 6
1739615898979 168.6432189428918 7
1739615898990 168.51178122933 8
1739615899002 168.3804611145971 9
1739615899014 168.24925849052343 10
1739615899025 168.1181732490404 11
1739615899036 167.98720528218035 12
1739615899048 167.85635448207626 13
1739615899060 167.7256207409619 14
1739615899071 167.59500395117166 15
1739615899083 167.46450400514033 16
1739615899094 167.3341207954032 17
1739615899105 167.2038542145959 18
1739615899116 167.07370415545415 19
1739615899127 166.94367051081394 20
1739615899139 166.81375317361125 21
1739615899150 166.68395203688183 22
1739615899162 166.5542669937616 23
1739615899174 166.42469793748594 24
1739615899185 166.29524476139005 25
1739615899196 166.16590735890864 26
1739615899207 166.03668562357586 27
1739615899218 165.90757944902532 28
1739615899230 165.77858872898977 29
1739615899241 165.64971335730135 30
1739615899253 165.5209532278911 31
1739615899268 165.3923082347892 32
1739615899280 165.2637782721246 33
1739615899291 165.13536323412524 34
1739615899302 165.00706301511767 35
1739615899313 164.87887750952711 36
1739615899334 164.7508066118772 37
1739615899348 164.62285021679028 38
1739615899360 164.4950082189868 39
1739615899374 164.36728051328555 40
1739615899386 164.23966699460354 41
1739615899399 164.11216755795573 42
1739615899411 163.98478209845524 43
1739615899424 163.85751051131294 44
1739615899436 163.73035269183754 45
1739615899448 163.60330853543545 46
1739615899460 163.47637793761075 47
1739615899472 163.3495607939649 48
1739615899485 163.22285700019702 49
1739615899498 163.09626645210335 50
1739615899511 162.96978904557744 51
1739615899523 162.8434246766101 52
1739615899536 162.71717324128906 53
1739615899550 162.5910346357991 54
1739615899563 162.46500875642192 55
1739615899577 162.33909549953592 56
1739615899590 162.21329476161625 57
1739615899603 162.08760643923466 58
1739615899616 161.96203042905947 59
1739615899628 161.83656662785526 60
1739615899641 161.71121493248322 61
1739615899655 161.58597523990048 62
1739615899667 161.46084744716057 63
1739615899681 161.335831451413 64
1739615899694 161.2109271499032 65
1739615899706 161.0861344399726 66
1739615899718 160.9614532190583 67
1739615899731 160.83688338469318 68
1739615899743 160.7124248345057 69
1739615899755 160.5880774662199 70
1739615899768 160.46384117765518 71
1739615899780 160.33971586672635 72
1739615899793 160.21570143144345 73
1739615899806 160.09179776991166 74
1739615899819 159.96800478033128 75
1739615899832 159.84432236099758 76
1739615899844 159.7207504103007 77
1739615899856 159.59728882672565 78
1739615899869 159.47393750885206 79
1739615899882 159.3506963553543 80
1739615899894 159.22756526500126 81
1739615899906 159.1045441366562 82
1739615899918 158.98163286927684 83
1739615899931 158.85883136191507 84
1739615899943 158.7361395137171 85
1739615899955 158.61355722392312 86
1739615899968 158.49108439186745 87
1739615899981 158.36872091697813 88
1739615899993 158.24646669877723 89
1739615900006 158.12432163688052 90
1739615900019 158.00228563099736 91
1739615900031 157.8803585809307 92
1739615900043 157.758540386577 93
1739615900056 157.6368309479262 94
1739615900069 157.51523016506127 95
1739615900082 157.3937379381586 96
1739615900094 157.2723541674878 97
1739615900107 157.15107875341127 98
1739615900123 157.02991159638455 99
1739615900140 156.90885259695597 100
1739615900153 156.78790165576666 101
1739615900166 156.66705867355043 102
1739615900178 156.5463235511337 103
1739615900192 156.4256961894354 104
1739615900204 156.30517648946693 105
1739615900216 156.184764352332 106
1739615900229 156.0644596792265 107
1739615900241 155.94426237143873 108
1739615900253 155.8241723303487 109
1739615900266 155.70418945742878 110
1739615900291 155.58431365424303 111
1739615900304 155.46454482244746 112
1739615900318 155.3448828637897 113
1739615900331 155.22532768010913 114
1739615900344 155.10587917333663 115
1739615900356 154.98653724549453 116
1739615900369 154.86730179869673 117
1739615900382 154.74817273514824 118
1739615900394 154.62914995714536 119
1739615900406 154.5102333670755 120
1739615900419 154.39142286741722 121
1739615900432 154.27271836073993 122
1739615900445 154.15411974970394 123
1739615900457 154.0356269370604 124
1739615900470 153.91723982565114 125
1739615900482 153.79895831840864 126
1739615900494 153.68078231835577 127
1739615900506 153.56271172860608 128
1739615900518 153.4447464523634 129
1739615900531 153.32688639292172 130
1739615900543 153.20913145366538 131
1739615900555 153.09148153806876 132
1739615900568 152.97393654969633 133
1739615900581 152.8564963922024 134
1739615900593 152.73916096933118 135
1739615900606 152.62193018491678 136
1739615900619 152.50480394288277 137
1739615900631 152.3877821472425 138
1739615900644 152.2708647020988 139
1739615900656 152.15405151164384 140
1739615900668 152.0373424801593 141
1739615900681 151.920737512016 142
1739615900693 151.80423651167405 143
1739615900705 151.6878393836826 144
1739615900717 151.57154603267978 145
1739615900730 151.4553563633927 146
1739615900742 151.33927028063732 147
1739615900754 151.2232876893184 148
1739615900767 151.10740849442936 149
1739615900780 150.9916326010521 150
1739615900791 150.87595991435722 151
1739615900804 150.76039033960362 152
1739615900816 150.6449237821387 153
1739615900828 150.52956014739792 154
1739615900840 150.41429934090505 155
1739615900852 150.29914126827197 156
1739615900865 150.18408583519857 157
1739615900878 150.0691329474726 158
1739615900890 149.9542825109698 159
1739615900902 149.83953443165345 160
1739615900915 149.72488861557477 161
1739615900927 149.61034496887248 162
1739615900940 149.49590339777282 163
1739615900952 149.38156380858936 164
1739615900965 149.26732610772328 165
1739615900979 149.15319020166282 166
1739615900991 149.03915599698354 167
1739615901004 148.925223400348 168
1739615901016 148.81139231850585 169
1739615901029 148.6976626582937 170
1739615901041 148.58403432663508 171
1739615901054 148.4705072305401 172
1739615901066 148.35708127710583 173
1739615901079 148.24375637351582 174
1739615901091 148.13053242704018 175
1739615901104 148.01740934503536 176
1739615901116 147.9043870349445 177
1739615901129 147.7914654042967 178
1739615901141 147.67864436070752 179
1739615901153 147.56592381187846 180
1739615901166 147.45330366559725 181
1739615901178 147.34078382973746 182
1739615901191 147.22836421225858 183
1739615901203 147.116044721206 184
1739615901216 147.0038252647107 185
1739615901236 146.89170575098944 186
1739615901250 146.77968608834448 187
1739615901263 146.6677661851635 188
1739615901276 146.5559459499197 189
1739615901288 146.44422529117165 190
1739615901300 146.33260411756305 191
1739615901312 146.22108233782274 192
1739615901325 146.10965986076476 193
1739615901337 145.99833659528815 194
1739615901350 145.88711245037678 195
1739615901362 145.77598733509944 196
1739615901374 145.66496115860969 197
1739615901387 145.55403383014578 198
1739615901400 145.44320525903055 199
1739615901412 145.3324753546713 200
1739615901424 145.22184402655995 201
1739615901436 145.1113111842726 202
1739615901448 145.0008767374698 203
1739615901460 144.89054059589617 204
1739615901473 144.78030266938063 205
1739615901485 144.67016286783598 206
1739615901497 144.5601211012591 207
1739615901510 144.45017727973078 208
1739615901523 144.34033131341553 209
1739615901535 144.23058311256162 210
1739615901548 144.12093258750113 211
1739615901561 144.01137964864947 212
1739615901573 143.90192420650575 213
1739615901585 143.79256617165242 214
1739615901597 143.68330545475536 215
1739615901610 143.57414196656356 216
1739615901622 143.46507561790932 217
1739615901635 143.356106319708 218
1739615901647 143.24723398295808 219
1739615901660 143.13845851874083 220
1739615901672 143.02977983822055 221
1739615901686 142.92119785264427 222
1739615901700 142.81271247334172 223
1739615901712 142.70432361172527 224
1739615901724 142.59603117929 225
1739615901737 142.48783508761326 226
1739615901750 142.37973524835496 227
1739615901762 142.27173157325726 228
1739615901774 142.16382397414466 229
1739615901787 142.0560123629238 230
1739615901799 141.9482966515833 231
1739615901812 141.840676752194 232
1739615901823 141.73315257690857 233
1739615901836 141.62572403796162 234
1739615901849 141.51839104766944 235
1739615901861 141.41115351843015 236
1739615901873 141.30401136272343 237
1739615901886 141.19696449311056 238
1739615901899 141.0900128222343 239
1739615901911 140.98315626281888 240
1739615901923 140.87639472766972 241
1739615901936 140.7697281296736 242
1739615901985 140.66315638179847 243
1739615901999 140.55667939709335 244
1739615902012 140.45029708868827 245
1739615902024 140.34400936979432 246
1739615902038 140.23781615370333 247
1739615902051 140.131717353788 248
1739615902065 140.02571288350177 249
1739615902078 139.91980265637864 250
1739615902092 139.81398658603328 251
1739615902104 139.70826458616082 252
1739615902118 139.6026365705368 253
1739615902131 139.49710245301702 254
1739615902144 139.39166214753774 255
1739615902157 139.2863155681153 256
1739615902169 139.1810626288461 257
1739615902193 139.07590324390668 258
1739615902206 138.97083732755348 259
1739615902220 138.86586395169564 260
1739615902234 138.76098471596046 261
1739615902247 138.65619784994595 262
1739615902260 138.55150495281154 263
1739615902273 138.44690425494147 264
1739615902287 138.34239735502752 265
1739615902300 138.23798332572696 266
1739615902312 138.13366124059948 267
1739615902323 138.02943269764117 268
1739615902335 137.92529592919294 269
1739615902347 137.82125253278397 270
1739615902360 137.71730074153837 271
1739615902373 137.6134421525187 272
1739615902385 137.5096749996314 273
1739615902398 137.40600087947269 274
1739615902410 137.30241802673038 275
1739615902422 137.1989280375347 276
1739615902434 137.09552998712843 277
1739615902447 136.99222295165168 278
1739615902460 136.88900852654152 279
1739615902472 136.7858849484301 280
1739615902485 136.6828538122892 281
1739615902497 136.5799133555293 282
1739615902510 136.47706517265715 283
1739615902521 136.37430750186076 284
1739615902533 136.271641937182 285
1739615902546 136.1690667175856 286
1739615902557 136.06658343664895 287
1739615902570 135.96419033411246 288
1739615902583 135.8618890030894 289
1739615902595 135.75967852185556 290
1739615902606 135.6575579695784 291
1739615902619 135.5555289386809 292
1739615902631 135.45358967083354 293
1739615902643 135.35174175799588 294
1739615902656 135.24998344261095 295
1739615902668 135.14831631617528 296
1739615902681 135.04673862190361 297
1739615902693 134.9452519508297 298
1739615902705 134.84385454693907 299
1739615902718 134.74254800080305 300
1739615902731 134.64133139324395 301
1739615902743 134.54020380597103 302
1739615902755 134.43916682886766 303
1739615902768 134.33821870783746 304
1739615902780 134.23736103230195 305
1739615902793 134.1365920489326 306
1739615902805 134.0359133466895 307
1739615902817 133.93532317301103 308
1739615902829 133.83482311639608 309
1739615902841 133.73441142504913 310
1739615902853 133.63408968700816 311
1739615902866 133.53385615124287 312
1739615902879 133.4337124053306 313
1739615902891 133.33365753308127 314
1739615902903 133.23369061918595 315
1739615902916 133.13381325053706 316
1739615902928 133.03402367800814 317
1739615902940 132.93432348803174 318
1739615902952 132.8347109322436 319
1739615902964 132.73518759661667 320
1739615902977 132.63575173354812 321
1739615902989 132.53640492855152 322
1739615903002 132.43714543478455 323
1739615903014 132.33797483730177 324
1739615903025 132.23889222242158 325
1739615903038 132.1398966773388 326
1739615903050 132.04098978642548 327
1739615903063 131.9421698047313 328
1739615903075 131.84343831617002 329
1739615903086 131.74479357654883 330
1739615903100 131.64623716932354 331
1739615903113 131.5477673510579 332
1739615903126 131.4493857047501 333
1739615903148 131.35109048771963 334
1739615903161 131.2528832825073 335
1739615903173 131.15476234718747 336
1739615903186 131.05672926384392 337
1739615903198 130.95878312173775 338
1739615903211 130.860923011001 339
1739615903223 130.76315051303771 340
1739615903236 130.6654638878004 341
1739615903248 130.5678647162368 342
1739615903261 130.47035125905134 343
1739615903273 130.37292509673566 344
1739615903288 130.27558449074522 345
1739615903300 130.17833102111604 346
1739615903312 130.0811629500537 347
1739615903324 129.98408185713882 348
1739615903337 129.88708683410337 349
1739615903350 129.79017697354564 350
1739615903361 129.69335385436884 351
1739615903373 129.5966157406451 352
1739615903386 129.49996421082292 353
1739615903398 129.4033975297218 354
1739615903411 129.30691727533568 355
1739615903422 129.2105217132304 356
1739615903435 129.114212420946 357
1739615903448 129.0179876647937 358
1739615903460 128.92184902185974 359
1739615903472 128.82579475920014 360
1739615903485 128.72982645344752 361
1739615903498 128.6339431992327 362
1739615903511 128.53814409204728 363
1739615903523 128.4424307078494 364
1739615903535 128.34680131554788 365
1739615903548 128.25125749064816 366
1739615903560 128.15579750280085 367
1739615903572 128.06042292705882 368
1739615903585 127.9651320338136 369
1739615903598 127.86992639766592 370
1739615903610 127.77480428974741 371
1739615903623 127.67976728420685 372
1739615903635 127.58481447810911 373
1739615903647 127.48994496937513 374
1739615903659 127.39516033148172 375
1739615903672 127.30045883740176 376
1739615903684 127.20584206016089 377
1739615903696 127.11130827346919 378
1739615903707 127.01685904990143 379
1739615903720 126.922492663904 380
1739615903732 126.82821068760106 381
1739615903744 126.73401139617458 382
1739615903755 126.63989636129843 383
1739615903768 126.54586385888919 384
1739615903780 126.45191546017082 385
1739615903792 126.35805026506367 386
1739615903804 126.26426737433879 387
1739615903818 126.17056835855092 388
1739615903831 126.07695149544448 389
1739615903843 125.98341835512493 390
1739615903856 125.8899672160685 391
1739615903869 125.79659964793169 392
1739615903881 125.70331392992169 393
1739615903894 125.61011163124631 394
1739615903906 125.51699103184289 395
1739615903919 125.4239537004709 396
1739615903932 125.33099873944849 397
1739615903944 125.23812525193985 398
1739615903956 125.14533480603774 399
1739615903969 125.05262568349593 400
1739615903982 124.95999945195953 401
1739615903994 124.86745439390957 402
1739615904006 124.77499207654384 403
1739615904019 124.68261078306978 404
1739615904032 124.59031208023812 405
1739615904044 124.49809425198195 406
1739615904060 124.40595886460524 407
1739615904079 124.3139042027659 408
1739615904092 124.22193183232142 409
1739615904104 124.13004085840294 410
1739615904117 124.03823038698233 411
1739615904130 123.94650198325323 412
1739615904142 123.85485393367671 413
1739615904155 123.76328780300067 414
1739615904167 123.67180187840815 415
1739615904179 123.58039772420159 416
1739615904191 123.48907362828524 417
1739615904203 123.3978311545163 418
1739615904215 123.30666859151945 419
1739615904228 123.215587502707 420
1739615904241 123.12458617742311 421
1739615904253 123.0336661786356 422
1739615904265 122.94282661426598 423
1739615904277 122.85206659307102 424
1739615904294 122.76138767735762 425
1739615904306 122.67078815825985 426
1739615904318 122.58026959764075 427
1739615904331 122.48983028735113 428
1739615904343 122.3994717888104 429
1739615904355 122.30919239458531 430
1739615904367 122.21899366565212 431
1739615904380 122.12887389529254 432
1739615904392 122.03883464403994 433
1739615904404 121.94887502215876 434
1739615904417 121.85899414074431 435
1739615904429 121.76919355967144 436
1739615904441 121.67947157400067 437
1739615904453 121.58982974316464 438
1739615904466 121.50026636293626 439
1739615904478 121.41078299230614 440
1739615904490 121.3213779277587 441
1739615904503 121.23205272784293 442
1739615904514 121.14280568975391 443
1739615904527 121.05363837159932 444
1739615904539 120.96454907128414 445
1739615904551 120.87553934647495 446
1739615904563 120.7866083101851 447
1739615904575 120.69775507625347 448
1739615904587 120.60898120169102 449
1739615904600 120.52028498616863 450
1739615904613 120.43166798625687 451
1739615904625 120.34312850233373 452
1739615904637 120.2546680905298 453
1739615904649 120.16628505192939 454
1739615904661 120.07798094222326 455
1739615904674 119.98975406320132 456
1739615904686 119.90160597011491 457
1739615904697 119.81353577828563 458
1739615904710 119.72554260385617 459
1739615904722 119.63762800142469 460
1739615904734 119.549790274536 461
1739615904746 119.4620309773495 462
1739615904759 119.37434841411276 463
1739615904771 119.28674413854677 464
1739615904783 119.19921645560103 465
1739615904795 119.11176691855843 466
1739615904808 119.02439383306971 467
1739615904820 118.93709875197982 468
1739615904832 118.84987998163992 469
1739615904845 118.76273907445749 470
1739615904857 118.67567514846219 471
1739615904869 118.58868732249974 472
1739615904881 118.50177714832719 473
1739615904894 118.41494293403784 474
1739615904906 118.32818623095196 475
1739615904919 118.24150534786045 476
1739615904931 118.15490183564711 477
1739615904944 118.06837400379968 478
1739615904956 117.98192340276572 479
1739615904968 117.89554834272906 480
1739615904981 117.80925037370133 481
1739615905002 117.7230278065617 482
1739615905015 117.63688219088613 483
1739615905028 117.55081264739063 484
1739615905040 117.4648182976021 485
1739615905053 117.37890069044892 486
1739615905065 117.2930581385397 487
1739615905077 117.207292190368 488
1739615905089 117.12160115923501 489
1739615905101 117.03598659319965 490
1739615905114 116.95044680625489 491
1739615905127 116.86498334602535 492
1739615905139 116.779594527195 493
1739615905152 116.69428189695445 494
1739615905164 116.60904457827547 495
1739615905176 116.52388169493634 496
1739615905187 116.43879479348244 497
1739615905200 116.35378219031672 498
1739615905213 116.26884543155114 499
