1739613432340 106.06963132382549 0
1739613432378 41.54362869918411 1
1739613432414 12.945427647473615 2
1739613432461 9.512625497074707 3
1739613432501 1.7551896119560806 4
1739613432542 4.145364797240066 5
1739613432578 0.1086908963634039 6
1739613432614 0.0018581840047334757 7
1739613432649 0.8993368396620606 8
1739613432684 0.018152661510631076 9
1739613432718 0.1993644976712779 10
1739613432753 0.01772079428764566 11
1739613432790 0.5992253547527275 12
1739613432830 1.6383275463498614 13
1739613432869 0.4114373492885797 14
1739613432906 0.057012778798968496 15
1739613432942 0.06887672360425685 16
1739613432979 13.013763008076374 17
1739613433016 0.7143742673497924 18
1739613433052 1.1880254249232296 19
1739613433092 0.3645264980003726 20
1739613433131 0.3841414293425569 21
1739613433171 1.179058456225212 22
1739613433207 0.3612071903923536 23
1739613433244 0.8887265646111048 24
1739613433280 0.5267760444416729 25
1739613433317 1.8241931063938346 26
1739613433358 0.20392051413289694 27
1739613433395 8.259972200159755 28
1739613433431 0.449292169768936 29
1739613433467 0.21394676412134978 30
1739613433503 0.7240466397311323 31
1739613433541 0.7032870665102221 32
1739613433580 0.36533655964957845 33
1739613433619 3.6845032047301287 34
1739613433656 1.1338863931808074 35
1739613433692 1.6022147910006843 36
1739613433728 0.48995177834052434 37
1739613433763 0.3420188568864269 38
1739613433797 1.3798367164808922 39
1739613433833 1.5857050033413171 40
1739613433870 0.003303100215637546 41
1739613433908 0.28999641180264896 42
1739613433948 8.393745265490981 43
1739613434002 0.16864746533851752 44
1739613434059 0.0031932564296125033 45
1739613434105 1.180270167901309 46
1739613434151 0.19806654725713274 47
1739613434190 25.591573695923625 48
1739613434228 1.1279692290136967 49
1739613434265 8.231982187935479 50
1739613434301 0.17718575640894238 51
1739613434341 0.28021302114655033 52
1739613434381 0.032725837173802175 53
1739613434419 0.006752227655346672 54
1739613434458 0.19654516253357318 55
1739613434495 0.27579308457265184 56
1739613434530 0.12628305000206508 57
1739613434565 0.45674477393252033 58
1739613434600 0.17220595170241892 59
1739613434635 0.03275860756780215 60
1739613434674 1.0809517055965157 61
1739613434713 0.21665225697946636 62
1739613434752 0.17642438067014748 63
1739613434794 0.5783800663882165 64
1739613434830 1.3671466062161741 65
1739613434866 0.6706107076157175 66
1739613434904 0.01182536909213191 67
1739613434941 0.7910338982891774 68
1739613434981 0.0030318259856262067 69
1739613435020 0.02780788613175027 70
1739613435059 3.8102326467678838 71
1739613435097 1.1170474156883665 72
1739613435133 0.9597649431618557 73
1739613435167 0.16315003983491408 74
1739613435203 0.0008391320014055641 75
1739613435239 0.25037359133385384 76
1739613435278 0.03589968059662536 77
1739613435319 0.7314815616692052 78
1739613435357 0.10712090281307875 79
1739613435396 0.014940289784644787 80
1739613435432 1.3693431919900572 81
1739613435467 1.0569310353823953 82
1739613435504 0.14666318309436227 83
1739613435540 1.464724679870177 84
1739613435576 0.0732296304115515 85
1739613435614 1.878027212462528 86
1739613435653 0.23038369570071876 87
1739613435694 0.9674623642595157 88
1739613435732 0.5073256276520763 89
1739613435767 0.09748639622626035 90
1739613435803 0.3881901204207663 91
1739613435839 0.6610363600138031 92
1739613435874 0.487945453179812 93
1739613435910 0.359912546648677 94
1739613435946 0.5850883652475896 95
1739613435982 0.78650580356229 96
1739613436030 1.0978655181503176 97
1739613436070 1.4492428380564755 98
1739613436110 0.19573323062294926 99
1739613436150 0.49166783406752934 100
1739613436186 0.6500293643620629 101
1739613436221 0.06351183686977634 102
1739613436256 0.03780761304962034 103
1739613436291 0.3348608640863209 104
1739613436326 2.406500559714998 105
1739613436365 5.907306631780462 106
1739613436404 0.0016415079647143 107
1739613436443 2.03087446713625 108
1739613436481 1.7083054141086875 109
1739613436517 0.04991146051931821 110
1739613436552 0.10503454463284784 111
1739613436589 1.7814964725824158 112
1739613436628 0.27257763521352996 113
1739613436667 0.2771852843475397 114
1739613436708 2.4576960869192295 115
1739613436749 1.2195335261864686 116
1739613436785 0.022489051790523833 117
1739613436821 0.15966350422363276 118
1739613436856 2.0907487873668664 119
1739613436892 0.5799446809096852 120
1739613436931 6.391678717221853 121
1739613436971 0.09459343656734219 122
1739613437010 0.5783541909928468 123
1739613437050 0.5794948465603194 124
1739613437088 0.5219965198288099 125
1739613437125 0.0017734495394121888 126
1739613437162 1.2634984671060057 127
1739613437202 0.9282117343455923 128
1739613437244 0.010550882759843045 129
1739613437284 0.10005453972288275 130
1739613437325 1.4557678410432302 131
1739613437363 0.014455107728267108 132
1739613437399 0.09896667203515062 133
1739613437435 0.0637221392027762 134
1739613437472 0.692744621665165 135
1739613437507 0.5917889250100015 136
1739613437544 0.016548252202763267 137
1739613437581 0.08548833902916059 138
1739613437617 8.516653141356147e-05 139
1739613437654 0.3223410902788545 140
1739613437692 0.0018592491093235314 141
1739613437730 0.026408985014659426 142
1739613437766 0.1309066908835329 143
1739613437812 0.007727341902701857 144
1739613437849 0.003328969244934014 145
1739613437886 0.13351633108929553 146
1739613437923 0.5162505355228563 147
1739613437965 0.1244476926831646 148
1739613438004 0.7115775425237209 149
1739613438043 0.06161284946811555 150
1739613438081 0.13396697196426746 151
1739613438117 0.4609273331581354 152
1739613438154 4.931893341849019 153
1739613438190 0.09364747181224367 154
1739613438225 0.7563738328909267 155
1739613438260 0.6422011639404993 156
1739613438295 1.0023385496588173 157
1739613438331 0.08360461157745563 158
1739613438367 0.17409803015251854 159
1739613438404 4.004143733888342 160
1739613438442 0.27902157632519675 161
1739613438479 0.2382236582629975 162
1739613438516 2.4149146338508696 163
1739613438553 0.002023954254820604 164
1739613438591 0.03282665475055583 165
1739613438628 0.468757251188695 166
1739613438665 0.9478600673915811 167
1739613438701 0.4909251280197546 168
1739613438738 0.03551288926805936 169
1739613438775 0.2818836036121548 170
1739613438813 0.054344861459909556 171
1739613438849 0.5695985491609596 172
1739613438888 0.1111009221023349 173
1739613438927 2.644833992037438 174
1739613438964 1.8166164631486355 175
1739613439010 0.01867896744926391 176
1739613439048 3.0616442009108216 177
1739613439084 1.0100919613535644 178
1739613439120 0.5217032940413165 179
1739613439158 0.2258576608997542 180
1739613439196 0.14575535154819677 181
1739613439233 0.3643394361084635 182
1739613439269 1.0265280349093684 183
1739613439306 1.326691729462089 184
1739613439345 0.6655479905292356 185
1739613439381 1.4044257099252976e-05 186
1739613439417 0.3030616180777467 187
1739613439454 0.004301977332160294 188
1739613439491 0.37382364391974293 189
1739613439529 0.3422712195693088 190
1739613439566 4.731908033499158 191
1739613439602 0.15301751423409515 192
1739613439641 2.061357604167458e-05 193
1739613439678 0.48261805887562476 194
1739613439714 0.0012710266352644222 195
1739613439751 0.8505437026470802 196
1739613439789 0.7111217058923994 197
1739613439827 0.08707365799848898 198
1739613439864 0.4902746915922057 199
1739613439900 2.106926981850248 200
1739613439937 0.4406415724650827 201
1739613439984 4.459185374634764 202
1739613440022 0.21986298304579785 203
1739613440059 0.01578420822108286 204
1739613440096 0.6054848239717322 205
1739613440133 0.5310215230548478 206
1739613440169 0.7147568337819193 207
1739613440207 0.20815101652564372 208
1739613440244 1.7749742355355054 209
1739613440280 0.019403089486295 210
1739613440318 0.3629973015902878 211
1739613440354 0.16743606923217771 212
1739613440391 0.03729526796983032 213
1739613440429 6.2618030085618726 214
1739613440466 0.5393878723776736 215
1739613440502 1.173620847359362 216
1739613440540 1.3575545048590707 217
1739613440578 0.042886168854258576 218
1739613440614 0.8576540302965708 219
1739613440650 0.9017885436182346 220
1739613440687 0.9381342490285237 221
1739613440725 0.7004940976292188 222
1739613440763 3.208485387835113 223
1739613440799 0.6387249515378929 224
1739613440836 1.1556677961573487 225
1739613440882 0.0903057425008907 226
1739613440925 0.9720168201333836 227
1739613440964 1.3442601156000018 228
1739613441001 0.044756767291134085 229
1739613441038 0.18097456451868826 230
1739613441073 0.058595311628886315 231
1739613441111 0.44600278042249136 232
1739613441146 0.8695839997193147 233
1739613441182 0.0004894722599828342 234
1739613441217 0.010716593368410302 235
1739613441254 0.05741869139303814 236
1739613441291 0.7221294321166554 237
1739613441331 0.273378810082097 238
1739613441372 0.6123502754963795 239
1739613441412 0.34288875838411004 240
1739613441447 0.18491247641939296 241
1739613441482 0.07450600931863957 242
1739613441517 1.2905789282839875 243
1739613441552 0.3845234339887448 244
1739613441586 0.6350273115719935 245
1739613441622 0.45208193398777885 246
1739613441660 0.8093958299524826 247
1739613441697 4.392535571604112 248
1739613441733 2.1741115907827268e-07 249
1739613441771 0.001119652830718535 250
1739613441809 1.3278342420341966 251
1739613441846 0.5536685505363546 252
1739613441882 2.913255862418757 253
1739613441919 0.1747371354182076 254
1739613441958 1.0178593668997207 255
1739613441995 1.027587503850676 256
1739613442032 0.033258459900486016 257
1739613442068 1.2865983888322339 258
1739613442107 1.349636837163939 259
1739613442144 0.6707037421752392 260
1739613442182 0.07779247593509145 261
1739613442218 0.01655176273375067 262
1739613442265 0.1422393432758099 263
1739613442303 1.8609452012214174 264
1739613442341 0.7035862931854728 265
1739613442378 0.18074213459135843 266
1739613442415 1.6658532094593275 267
1739613442453 4.957656307786259 268
1739613442490 0.16593574118069288 269
1739613442527 3.18242475668613 270
1739613442564 0.6766380534908889 271
1739613442601 0.6716736504721094 272
1739613442637 0.9793906388841639 273
1739613442675 0.5979722138656133 274
1739613442712 1.9453251746744185 275
1739613442749 6.966136119322946 276
1739613442786 0.04373951440290188 277
1739613442824 3.0935358925626733 278
1739613442861 0.0022925039950397776 279
1739613442898 0.0036135263930557413 280
1739613442934 1.085422458797339 281
1739613442972 3.354417372591811e-05 282
1739613443010 4.710997891687931e-05 283
1739613443047 0.6481899166828993 284
1739613443084 8.537444496729162 285
1739613443120 0.3666468042780052 286
1739613443158 3.024126172563595 287
1739613443204 0.020458202808779507 288
1739613443243 0.21858763388579838 289
1739613443279 0.1810954876855812 290
1739613443315 0.4331506353608989 291
1739613443352 0.13049456445088714 292
1739613443389 0.0982408613558401 293
1739613443427 0.07774253611498454 294
1739613443464 0.6317664027379186 295
1739613443500 1.0297363214673008 296
1739613443538 0.0059720450241669545 297
1739613443576 0.041713600558589685 298
1739613443612 0.00026506015776121844 299
1739613443648 0.03152769805873782 300
1739613443684 4.399686168107106 301
1739613443722 0.9130509525583358 302
1739613443761 0.0011684031373236294 303
1739613443798 0.012620185339157512 304
1739613443835 0.2883092267348031 305
1739613443874 0.41307811767023167 306
1739613443911 0.0002771684782296898 307
1739613443948 0.029752007441927335 308
1739613443985 0.7459619286143261 309
1739613444024 5.347641262080744 310
1739613444060 3.006142058506505 311
1739613444097 0.7582096426116736 312
1739613444143 0.0008373149892028858 313
1739613444179 0.0813288993742665 314
1739613444215 0.7913179500906973 315
1739613444251 0.07568064426374344 316
1739613444288 1.3736874950095466 317
1739613444325 1.4442644359885508 318
1739613444361 0.027849550309951097 319
1739613444396 0.883687330389893 320
1739613444432 1.4770650921053607 321
1739613444468 0.10211810344901515 322
1739613444504 0.0012708904600483356 323
1739613444540 0.4062620673931198 324
1739613444576 0.05652482984946717 325
1739613444612 0.024979315607120578 326
1739613444648 1.514429706029135 327
1739613444685 0.38293554245418127 328
1739613444722 2.969195212195918 329
1739613444758 0.0006206638692220734 330
1739613444794 0.2935509584399051 331
1739613444831 0.0008038658113564459 332
1739613444867 0.5209476308269453 333
1739613444903 0.3699032674634296 334
1739613444939 1.479352443362561 335
1739613444978 0.055403931665017614 336
1739613445014 2.288796830256623 337
1739613445051 3.366288279489421 338
1739613445094 0.07799682298238325 339
1739613445131 0.1184942580884888 340
1739613445167 0.15666091335603152 341
1739613445203 0.008097979026570666 342
1739613445239 0.2936358182469008 343
1739613445275 0.24728303229430093 344
1739613445312 1.5908679716664895 345
1739613445348 0.4560668845383522 346
1739613445384 0.12489206079236717 347
1739613445421 0.004693779375316697 348
1739613445458 0.0036229261590008804 349
1739613445493 1.1687792391129992e-06 350
1739613445529 1.7136635899527322 351
1739613445567 0.05618167961115037 352
1739613445603 3.4137929124892756 353
1739613445639 3.8960390479497473 354
1739613445674 0.49075079525695064 355
1739613445710 0.05024725075077008 356
1739613445747 10.001394965123476 357
1739613445783 0.1810199919133955 358
1739613445820 1.7200280371392311 359
1739613445856 0.02305805219221221 360
1739613445893 0.004329659260425034 361
1739613445930 0.370718591952767 362
1739613445966 4.53304059077063 363
1739613446003 5.194930837275977 364
1739613446049 0.19927395909911372 365
1739613446086 0.5142425720043966 366
1739613446122 0.0022483464913791783 367
1739613446158 0.4185724952087484 368
1739613446194 0.22891677144357767 369
1739613446229 2.1958645228989666 370
1739613446265 2.6735948452890663 371
1739613446301 0.29771433073284514 372
1739613446337 0.13262057000938995 373
1739613446374 4.569738588382793 374
1739613446411 0.225087659925136 375
1739613446447 0.2831410875332003 376
1739613446484 0.3442041198417319 377
1739613446520 6.826881856600718 378
1739613446557 0.9819202418194488 379
1739613446593 6.117830257983706 380
1739613446629 1.361320348628235 381
1739613446665 25.62895859410575 382
1739613446701 1.0791464577893726 383
1739613446738 3.6237987358430974 384
1739613446774 0.21919150676388832 385
1739613446810 0.6677609529466574 386
1739613446847 31.43007237112437 387
1739613446884 0.10239262550001903 388
1739613446920 0.23808015440556585 389
1739613446956 1.9744377476626411 390
1739613447002 0.6240291513101057 391
1739613447039 0.6362668320445298 392
1739613447075 1.6681059851753473 393
1739613447111 0.812174130464349 394
1739613447147 0.002579840513257105 395
1739613447182 0.04191667119042984 396
1739613447218 0.8664933819341064 397
1739613447254 0.5169741798298003 398
1739613447290 0.07250354025887408 399
1739613447325 0.03800313126164559 400
1739613447361 0.012900482070377023 401
1739613447397 0.012399272705117372 402
1739613447432 0.3326313559670277 403
1739613447468 0.3623417852565372 404
1739613447505 0.025934419356423474 405
1739613447541 0.031045728853627115 406
1739613447578 0.09972737686208441 407
1739613447614 0.9204530602644311 408
1739613447650 1.177462730134977 409
1739613447686 0.2628409903073445 410
1739613447722 1.879113480290699 411
1739613447759 0.9892158261844827 412
1739613447795 0.007034822076360608 413
1739613447831 1.9101303853576737 414
1739613447867 0.08211938775485955 415
1739613447904 0.011097841974281068 416
1739613447949 3.905658622540415 417
1739613447986 0.02906664523971274 418
1739613448023 0.6209597963445187 419
1739613448059 0.24366846934747505 420
1739613448095 1.1160780539104467 421
1739613448132 0.004344475772050081 422
1739613448168 1.0212245974951353 423
1739613448203 0.5748918321289197 424
1739613448239 0.10778249027991701 425
1739613448275 2.7107471039167637 426
1739613448312 0.527281352536205 427
1739613448349 0.5594062730225697 428
1739613448385 0.44873409418282995 429
1739613448420 0.028694438902058295 430
1739613448456 0.0004252981797608601 431
1739613448492 1.592604365255439 432
1739613448528 2.160182605256495 433
1739613448563 0.6458292104229337 434
1739613448600 2.7925678417564 435
1739613448635 0.057996764707981874 436
1739613448673 0.33814444894048795 437
1739613448709 0.4860540152997628 438
1739613448745 0.8863377103101002 439
1739613448781 6.761055055652526 440
1739613448817 3.14233570897531 441
1739613448853 0.030247667338189132 442
1739613448899 4.205130730516855 443
1739613448938 0.7808884733388377 444
1739613448976 6.033221087786591 445
1739613449012 5.169297739583269 446
1739613449049 1.0815362251693916 447
1739613449085 0.04110831842148154 448
1739613449121 0.24419308968259165 449
1739613449157 1.7000224784956264 450
1739613449193 0.06029123328607972 451
1739613449229 0.7753334337795489 452
1739613449264 3.653500058501009 453
1739613449300 0.5090722159724546 454
1739613449336 0.28553142926723896 455
1739613449372 0.00020841028144642925 456
1739613449408 0.4630223875594712 457
1739613449445 0.6708641791727341 458
1739613449481 0.6165883718482152 459
1739613449517 0.06633319341548008 460
1739613449553 1.0746276593435142 461
1739613449589 0.00023975649532860895 462
1739613449626 0.04951034822177448 463
1739613449662 0.44308081666432003 464
1739613449697 1.261808574638823 465
1739613449733 0.3060282598300537 466
1739613449770 0.040473015986919075 467
1739613449806 0.0417632121743166 468
1739613449852 3.434066851190251 469
1739613449889 0.028592348417065233 470
1739613449926 0.027593852417012066 471
1739613449962 0.1768774256041229 472
1739613449997 2.667631122912481 473
1739613450033 0.22826899477380513 474
1739613450070 0.43633173438659884 475
1739613450106 0.6979387359082375 476
1739613450142 0.6170170679731626 477
1739613450178 1.098014308566537 478
1739613450215 0.28119891700215177 479
1739613450251 4.711515754704427 480
1739613450287 0.16943707191938845 481
1739613450324 1.9406142400255753 482
1739613450360 2.193508446182433 483
1739613450396 1.876728118492232 484
1739613450432 0.12508905879009663 485
1739613450468 1.6888592671444802 486
1739613450505 1.5317943535555867 487
1739613450541 0.3636583142662855 488
1739613450578 1.4004625546947196 489
1739613450613 0.3624716423875269 490
1739613450650 0.001431219199612373 491
1739613450686 1.2773191998719167 492
1739613450723 1.7305361171780616 493
1739613450764 0.004966538912328449 494
1739613450805 0.05194444553370118 495
1739613450842 0.5138159772553547 496
1739613450878 0.4108556661531633 497
1739613450913 1.493318864973235 498
1739613450949 13.469557752176527 499
