1739615473440 172.7203804919289 0
1739615473451 168.09857066476056 1
1739615473464 166.56373672125875 2
1739615473476 166.16307418610324 3
1739615473489 166.0145467784954 4
1739615473500 165.35568947026283 5
1739615473512 166.07349201846426 6
1739615473524 169.15640435065933 7
1739615473535 167.40847121355122 8
1739615473548 164.20212051523475 9
1739615473559 158.8651379192348 10
1739615473570 161.50501656110146 11
1739615473583 163.15892514214977 12
1739615473598 159.20938686145078 13
1739615473610 165.8201879226516 14
1739615473622 157.77267646226832 15
1739615473634 159.1457004979209 16
1739615473647 161.62001107309206 17
1739615473658 159.52506617549597 18
1739615473672 159.92163601489267 19
1739615473684 159.10215204069056 20
1739615473697 157.39483172252628 21
1739615473709 160.84263405311646 22
1739615473721 157.45948783855812 23
1739615473733 158.8510638861139 24
1739615473750 155.76809682027428 25
1739615473764 157.51776842711672 26
1739615473779 156.23975095361567 27
1739615473793 152.20042100586994 28
1739615473805 159.9871199997274 29
1739615473818 154.45556100869763 30
1739615473831 150.9558219526667 31
1739615473844 151.38536133446152 32
1739615473855 152.61690467977178 33
1739615473867 153.71040103745193 34
1739615473879 149.95353071513915 35
1739615473891 147.89948116986525 36
1739615473902 155.30248748780537 37
1739615473916 150.84815838119434 38
1739615473928 148.2931571550012 39
1739615473939 147.0406180941381 40
1739615473951 147.6637501951562 41
1739615473963 150.13686155503586 42
1739615473975 144.82156837198465 43
1739615473986 149.29551498881148 44
1739615473998 147.8887842329742 45
1739615474011 149.0681719831078 46
1739615474022 146.34250142554288 47
1739615474034 144.8503689496835 48
1739615474046 149.44515522354718 49
1739615474057 143.18083734638117 50
1739615474070 144.2829091047322 51
1739615474083 142.59405709535798 52
1739615474096 144.52235957708209 53
1739615474109 143.93517664326725 54
1739615474121 141.76560874548375 55
1739615474133 142.79006623751386 56
1739615474156 141.22414830981933 57
1739615474168 139.36825417353543 58
1739615474180 140.60164997364845 59
1739615474193 139.74918034143764 60
1739615474205 141.1653369873772 61
1739615474217 143.6226050498555 62
1739615474229 138.48660927912314 63
1739615474242 138.89819834411105 64
1739615474253 142.6385463018283 65
1739615474265 142.48913290197973 66
1739615474278 139.76904852300416 67
1739615474291 137.8506246678414 68
1739615474303 137.31267721327518 69
1739615474316 144.69421309220024 70
1739615474329 134.9268881314477 71
1739615474342 134.65077948954416 72
1739615474353 138.04745172194228 73
1739615474366 137.7564159977769 74
1739615474378 139.9268487136622 75
1739615474391 135.61308242297696 76
1739615474402 137.66445904007128 77
1739615474415 138.48002338468484 78
1739615474427 134.06124656152033 79
1739615474439 134.90945164540645 80
1739615474451 132.17005844430358 81
1739615474463 134.3171161004528 82
1739615474475 137.57498495704257 83
1739615474486 132.21387855521158 84
1739615474499 131.28381029650117 85
1739615474512 134.6837027804928 86
1739615474523 129.3513781338424 87
1739615474535 131.32438207656793 88
1739615474548 128.7383779228037 89
1739615474560 129.7243835511875 90
1739615474573 130.628965440434 91
1739615474585 130.22793651339424 92
1739615474598 129.57328256289694 93
1739615474610 130.30728976970798 94
1739615474622 128.80353949930907 95
1739615474634 126.26147017345502 96
1739615474648 122.77365153997805 97
1739615474661 128.14502417746095 98
1739615474673 127.54442392081187 99
1739615474685 127.87089509151129 100
1739615474698 124.80479414306203 101
1739615474710 128.49196178338812 102
1739615474722 125.65101908133677 103
1739615474735 123.43772189673695 104
1739615474747 124.85361223104955 105
1739615474760 126.3981818671549 106
1739615474771 125.41991220606609 107
1739615474784 123.23935303778319 108
1739615474796 127.52083327896496 109
1739615474809 122.494096561874 110
1739615474821 122.43125216731936 111
1739615474834 125.3996623414756 112
1739615474847 124.39209094370013 113
1739615474859 125.4648134137838 114
1739615474872 120.43972737705901 115
1739615474884 123.76452731586086 116
1739615474896 123.30107018977883 117
1739615474908 123.87982336597021 118
1739615474923 119.98796759681026 119
1739615474936 121.20802349880275 120
1739615474948 119.65181088854555 121
1739615474961 123.08073480847463 122
1739615474974 120.15088478222945 123
1739615474986 119.4562016821671 124
1739615474998 118.12574070008277 125
1739615475011 115.37450309040307 126
1739615475024 118.23385831280306 127
1739615475037 119.71000326529489 128
1739615475049 114.11466523442061 129
1739615475062 118.92853520507293 130
1739615475074 120.38638696340695 131
1739615475088 114.96714655427375 132
1739615475113 116.35681219316294 133
1739615475127 118.97212490179628 134
1739615475139 117.07007361158219 135
1739615475151 117.3734109649129 136
1739615475164 115.6837140858869 137
1739615475176 114.10659086277687 138
1739615475188 114.9944339375907 139
1739615475200 113.73001846687409 140
1739615475212 115.9449079445383 141
1739615475225 115.07520391126181 142
1739615475237 113.57217638657454 143
1739615475250 110.89083022629889 144
1739615475263 110.03886176900218 145
1739615475276 115.5299461322821 146
1739615475290 111.52622615319831 147
1739615475303 111.07522460033047 148
1739615475316 112.2247939928549 149
1739615475329 110.62831644785699 150
1739615475341 111.4178760830762 151
1739615475353 112.78333510736046 152
1739615475366 109.9223418523836 153
1739615475378 111.76561768250222 154
1739615475391 108.28856023091924 155
1739615475403 107.97635714823748 156
1739615475415 111.70449548619479 157
1739615475427 110.05288875748928 158
1739615475441 108.15330639234662 159
1739615475452 108.6455515314911 160
1739615475465 109.52494548828676 161
1739615475477 109.45117180950284 162
1739615475489 105.82652406553022 163
1739615475500 107.2528243807592 164
1739615475513 103.27218742873134 165
1739615475525 107.27325924153874 166
1739615475537 105.54060860163419 167
1739615475550 108.6526208400752 168
1739615475562 106.41805722222513 169
1739615475575 106.76810233731715 170
1739615475587 106.38520719916782 171
1739615475600 106.43623315472335 172
1739615475613 106.20367965228233 173
1739615475626 104.3777814824513 174
1739615475638 109.30246403433146 175
1739615475650 103.70535667392338 176
1739615475663 104.87066787143439 177
1739615475675 102.53228470437105 178
1739615475686 102.83339621065089 179
1739615475699 103.0355197014604 180
1739615475711 102.2871733511588 181
1739615475724 104.96954381846471 182
1739615475735 102.85322123408716 183
1739615475748 102.51785717038584 184
1739615475761 105.35767242205768 185
1739615475773 101.68163773458821 186
1739615475785 97.77007808003965 187
1739615475799 100.15297172458799 188
1739615475811 100.6515132793176 189
1739615475824 102.25588828566978 190
1739615475836 100.3890524312751 191
1739615475849 102.044208192748 192
1739615475862 101.81173139134182 193
1739615475873 102.34505600362975 194
1739615475887 98.39298667468803 195
1739615475900 97.49466434552308 196
1739615475913 98.98564626057887 197
1739615475926 96.80598690566303 198
1739615475939 98.29833673428286 199
1739615475950 94.11827496381447 200
1739615475963 93.28496275802814 201
1739615475975 99.18021570381562 202
1739615475987 97.28452973932876 203
1739615476000 94.44983324946284 204
1739615476012 94.97440511612534 205
1739615476024 95.58644138561925 206
1739615476037 93.683407196209 207
1739615476059 97.71718438109494 208
1739615476072 95.36948902515785 209
1739615476085 96.06585169186339 210
1739615476098 98.37050034925996 211
1739615476111 93.21861101328714 212
1739615476123 94.57783718541523 213
1739615476134 92.01432156400706 214
1739615476147 92.77590627032997 215
1739615476159 98.84395874248969 216
1739615476171 91.93528995818951 217
1739615476183 94.47715107674335 218
1739615476196 94.4447391572225 219
1739615476208 92.1631004419157 220
1739615476221 91.34229837243711 221
1739615476233 94.38776169399975 222
1739615476246 93.74596915802937 223
1739615476259 96.35030914081516 224
1739615476271 92.87081776681156 225
1739615476284 91.22508238749181 226
1739615476297 92.31314686647652 227
1739615476309 93.84657437065917 228
1739615476322 90.23493935530709 229
1739615476334 91.8622620628632 230
1739615476346 92.8396289872058 231
1739615476360 90.82417391453973 232
1739615476373 88.72837911691944 233
1739615476388 90.12638766969343 234
1739615476401 91.06098251198362 235
1739615476415 86.04312838141104 236
1739615476429 89.93903401548076 237
1739615476442 89.89137257794543 238
1739615476456 91.63731540919875 239
1739615476468 89.00391978586792 240
1739615476481 87.33278877782493 241
1739615476496 88.6118165750826 242
1739615476510 91.05344867311584 243
1739615476522 82.74808323758973 244
1739615476534 86.70609572706609 245
1739615476547 85.86919850006073 246
1739615476559 88.24868339242128 247
1739615476571 83.93116945742796 248
1739615476584 85.54089829719314 249
1739615476598 84.13077231090412 250
1739615476610 87.83978315298805 251
1739615476622 84.39319719464054 252
1739615476634 89.79408326598252 253
1739615476646 82.8373166032316 254
1739615476657 83.04779950761174 255
1739615476669 82.27510688803255 256
1739615476681 83.38264019209925 257
1739615476693 80.85583222691106 258
1739615476704 84.41757115163195 259
1739615476716 82.7428431060752 260
1739615476729 83.64816545522972 261
1739615476741 79.023783811291 262
1739615476752 83.86135658426696 263
1739615476764 81.6506848136114 264
1739615476777 79.26455070746204 265
1739615476789 77.99412080568895 266
1739615476803 79.59720483158625 267
1739615476815 85.20625905066657 268
1739615476828 84.32914404838573 269
1739615476841 78.22267439537832 270
1739615476853 83.3251215026694 271
1739615476867 82.28168080453557 272
1739615476880 78.99576848324425 273
1739615476893 81.94635410305146 274
1739615476904 77.73865411549124 275
1739615476917 81.50927353302555 276
1739615476930 85.51754798255112 277
1739615476942 76.62160442497294 278
1739615476954 78.84178458871033 279
1739615476966 76.1382998602271 280
1739615476979 77.54341303228367 281
1739615476991 74.56121030123086 282
1739615477003 79.39327643152983 283
1739615477015 79.30664464193063 284
1739615477027 81.03626200053806 285
1739615477040 76.70168175723897 286
1739615477053 79.986252364504 287
1739615477065 77.4111158789155 288
1739615477078 80.11811887548929 289
1739615477091 75.29736137231507 290
1739615477104 75.42694007573779 291
1739615477116 78.39648157772027 292
1739615477129 78.60978224224695 293
1739615477141 80.90231840054687 294
1739615477156 76.8930651818153 295
1739615477168 72.57936334259327 296
1739615477180 78.97752312327356 297
1739615477194 80.38413419355783 298
1739615477208 77.02747750209603 299
1739615477219 74.18776526816298 300
1739615477233 72.06367862324548 301
1739615477257 77.25346816638597 302
1739615477270 75.60493365854454 303
1739615477283 74.34247421312561 304
1739615477296 77.04833129570576 305
1739615477308 72.9854535616001 306
1739615477320 75.57244884145135 307
1739615477333 70.39583010181025 308
1739615477345 73.9124524819786 309
1739615477359 73.7355261311664 310
1739615477372 78.84002616670533 311
1739615477383 74.56709270676387 312
1739615477396 76.01986221906562 313
1739615477409 75.53931469182312 314
1739615477421 78.86578797620247 315
1739615477433 68.84539663484901 316
1739615477446 68.74034532957029 317
1739615477458 76.23702196855832 318
1739615477471 69.40325622411194 319
1739615477483 75.51493034940756 320
1739615477496 67.2342151332497 321
1739615477507 72.32136813656557 322
1739615477520 69.30529435561186 323
1739615477532 71.64758099099399 324
1739615477545 73.1617464433397 325
1739615477557 69.00086476230486 326
1739615477569 79.37968492136312 327
1739615477582 66.85757538096189 328
1739615477600 70.85622828675935 329
1739615477613 75.76464306014427 330
1739615477626 68.21195639558842 331
1739615477637 69.53366006541557 332
1739615477650 67.78324326141058 333
1739615477662 64.65112310305993 334
1739615477675 65.16241654943273 335
1739615477687 72.58869015313512 336
1739615477699 64.68780780468967 337
1739615477712 69.7865906310037 338
1739615477724 73.98995860909689 339
1739615477737 70.7791342182884 340
1739615477749 68.2715728155255 341
1739615477762 68.04918997627989 342
1739615477775 70.15652544692834 343
1739615477786 64.72251137728009 344
1739615477799 68.45464383359972 345
1739615477811 68.72072916796104 346
1739615477823 69.69897514852006 347
1739615477836 73.31507463475694 348
1739615477849 68.93586293956393 349
1739615477862 70.77531641014218 350
1739615477874 66.81140439619871 351
1739615477886 63.61405967712262 352
1739615477898 71.04790165186537 353
1739615477913 65.58052151954496 354
1739615477927 65.65316336340994 355
1739615477940 62.44389090869227 356
1739615477951 67.5887255132197 357
1739615477964 65.39246269775371 358
1739615477977 66.38863036917667 359
1739615477989 67.52226412973525 360
1739615478001 68.18210865368522 361
1739615478014 64.79549048971579 362
1739615478027 67.7322215386542 363
1739615478038 67.19669783114345 364
1739615478050 65.97464397257166 365
1739615478064 63.800532984077535 366
1739615478076 65.2451589603359 367
1739615478089 61.60666313416596 368
1739615478101 68.86791320228811 369
1739615478114 57.85768765334827 370
1739615478127 68.62332424348938 371
1739615478139 63.57013469334287 372
1739615478152 60.53187727977739 373
1739615478174 65.33560157687907 374
1739615478186 61.80828840414874 375
1739615478198 61.30036627981205 376
1739615478211 64.62182234262455 377
1739615478223 58.922285029325494 378
1739615478235 64.08580329174777 379
1739615478247 61.37097507478549 380
1739615478259 62.56865196394508 381
1739615478272 62.312354518504755 382
1739615478285 62.369345996831946 383
1739615478297 62.22783670031407 384
1739615478310 62.85846854425424 385
1739615478323 59.8773624763214 386
1739615478335 59.69322149078051 387
1739615478347 61.85157410232491 388
1739615478360 61.11914578598787 389
1739615478372 62.708812887096656 390
1739615478384 59.31856274629944 391
1739615478397 64.28908987143969 392
1739615478409 58.66529742978125 393
1739615478421 62.5394799518471 394
1739615478433 60.25807188165671 395
1739615478446 61.54967928937536 396
1739615478459 61.32990379605874 397
1739615478471 61.86033800308259 398
1739615478484 63.939552674111084 399
1739615478496 56.54481831842481 400
1739615478509 60.944409796715235 401
1739615478521 55.565663667553096 402
1739615478533 64.03223940839595 403
1739615478546 64.26104721234104 404
1739615478559 60.23288753826607 405
1739615478571 63.85387983772603 406
1739615478583 64.1533725845073 407
1739615478597 56.06011381924979 408
1739615478612 65.2340915608432 409
1739615478625 62.72409811688377 410
1739615478636 57.5237094043257 411
1739615478649 57.3736391496645 412
1739615478662 54.58702790632232 413
1739615478674 58.03833178537411 414
1739615478686 61.286168252471896 415
1739615478699 59.37620827644337 416
1739615478712 54.5263587277813 417
1739615478724 52.75307872033318 418
1739615478735 63.28316599523372 419
1739615478748 62.825701876853095 420
1739615478761 55.48124103289014 421
1739615478772 53.72734992124199 422
1739615478785 55.805317243258344 423
1739615478799 57.71030743310657 424
1739615478812 57.93985683103851 425
1739615478825 56.64314194490958 426
1739615478838 57.62493582724796 427
1739615478850 60.63930062825542 428
1739615478863 62.07252471374773 429
1739615478876 55.46936664242952 430
1739615478888 52.390526419682736 431
1739615478900 55.05024295663958 432
1739615478913 57.485286736878436 433
1739615478925 58.32590210397079 434
1739615478937 59.80033641626571 435
1739615478949 59.34505744492718 436
1739615478963 49.4463857623891 437
1739615478975 63.456455186189444 438
1739615478987 51.71194250302547 439
1739615479000 59.95037804412873 440
1739615479013 55.37234488343029 441
1739615479026 52.08115855863808 442
1739615479038 53.67189521880492 443
1739615479050 55.06457142698587 444
1739615479063 53.069757214427916 445
1739615479075 54.17824426248674 446
1739615479087 54.45742340936597 447
1739615479099 57.06005573335242 448
1739615479112 52.60299191438367 449
1739615479126 52.987319916153616 450
1739615479137 55.62530175255133 451
1739615479150 52.67013148273921 452
1739615479171 55.59806858139101 453
1739615479183 51.67742339067349 454
1739615479195 56.18431650969399 455
1739615479208 52.11502933532352 456
1739615479220 54.15198105481719 457
1739615479232 53.64652668484458 458
1739615479245 51.81359827160999 459
1739615479257 53.36419495457928 460
1739615479270 43.89374345614609 461
1739615479283 51.48056740016907 462
1739615479295 53.37637587703623 463
1739615479307 51.166574127083024 464
1739615479319 55.461850789202956 465
1739615479332 52.90837793978722 466
1739615479344 57.443911534880655 467
1739615479356 49.61453836368817 468
1739615479368 50.713131861425936 469
1739615479381 53.075882923872435 470
1739615479392 53.60195520288339 471
1739615479403 53.7891732973977 472
1739615479415 55.573135237427906 473
1739615479428 47.1265301270718 474
1739615479439 56.53189186828416 475
1739615479450 50.264795949017426 476
1739615479462 51.329761175325224 477
1739615479473 55.40646404579954 478
1739615479485 48.56601527737649 479
1739615479498 53.14134780497319 480
1739615479510 53.028167334208014 481
1739615479521 54.41046803295083 482
1739615479533 47.02498100129029 483
1739615479544 51.334645475944676 484
1739615479556 49.667182279378274 485
1739615479568 48.89518190712136 486
1739615479580 49.011711051649 487
1739615479592 54.09354625795766 488
1739615479604 49.49377047511032 489
1739615479617 51.48478181725384 490
1739615479629 44.72555009084871 491
1739615479640 48.40022328135999 492
1739615479652 51.54110361361323 493
1739615479664 48.408776884023176 494
1739615479677 42.52961363171304 495
1739615479688 53.63286467876482 496
1739615479700 45.93539844344104 497
1739615479712 47.27018690399961 498
1739615479724 53.9787683001232 499
