1739556517545 169.62104077709552 0
1739556517561 169.60770574306412 1
1739556517570 169.59447339933672 2
1739556517580 169.5812421514071 3
1739556517589 169.5680121763332 4
1739556517598 169.55478329684266 5
1739556517606 169.54155568998632 6
1739556517615 169.5283291784991 7
1739556517623 169.51510393942453 8
1739556517632 169.5018797955048 9
1739556517640 169.48865692377646 10
1739556517649 169.47543514698853 11
1739556517660 169.46221464217066 12
1739556517669 169.44899532064272 13
1739556517677 169.4357770937339 14
1739556517686 169.42256013846318 15
1739556517695 169.40934427759737 16
1739556517703 169.3961296881485 17
1739556517712 169.38291619289038 18
1739556517721 169.36970396882793 19
1739556517730 169.35649283874218 20
1739556517754 169.343282979631 21
1739556517781 169.3300742142824 22
1739556517791 169.31686671968723 23
1739556517800 169.3036604071849 24
1739556517811 169.29045518812424 25
1739556517821 169.2772512394854 26
1739556517830 169.2640483840742 27
1739556517839 169.25084679886376 28
1739556517849 169.23764630666713 29
1739556517859 169.22444708445033 30
1739556517869 169.21124895503337 31
1739556517878 169.1980520953753 32
1739556517888 169.1848563283033 33
1739556517897 169.17166183076927 34
1739556517907 169.1584685141323 35
1739556517916 169.14527628976066 36
1739556517925 169.13208533459576 37
1739556517934 169.11889547148252 38
1739556517944 169.1057068773552 39
1739556517954 169.09251937506585 40
1739556517964 169.0793331415417 41
1739556517973 169.0661479996418 42
1739556517983 169.0529641262864 43
1739556517992 169.03978134434172 44
1739556518001 169.02659983072084 45
1739556518011 169.01341940829704 46
1739556518020 169.00024025397641 47
1739556518030 168.9870622791412 48
1739556518039 168.97388539518278 49
1739556518050 168.9607097789967 50
1739556518059 168.94753525347392 51
1739556518068 168.93436199550297 52
1739556518078 168.92118982798195 53
1739556518087 168.90801892779228 54
1739556518098 168.89484911783907 55
1739556518108 168.8816805749968 56
1739556518117 168.86851312217766 57
1739556518126 168.855346936249 58
1739556518135 168.84218192861258 59
1739556518145 168.82901801067936 60
1739556518155 168.81585535930606 61
1739556518165 168.80269379742273 62
1739556518174 168.78953350187908 63
1739556518183 168.7763742956122 64
1739556518192 168.76321635546466 65
1739556518201 168.75005950438072 66
1739556518211 168.736903919196 67
1739556518220 168.7237494228617 68
1739556518229 168.71059619220642 69
1739556518239 168.6974441386514 70
1739556518249 168.68429317362717 71
1739556518258 168.6711434739518 72
1739556518267 168.65799486259422 73
1739556518276 168.64484751636536 74
1739556518285 168.63170125824132 75
1739556518294 168.618556265026 76
1739556518304 168.60541235970254 77
1739556518314 168.59226971906773 78
1739556518323 168.5791281661119 79
1739556518332 168.56598787762485 80
1739556518342 168.55284876504734 81
1739556518351 168.53971073982947 82
1739556518360 168.52657397875055 83
1739556518370 168.5134383048184 84
1739556518379 168.50030389480534 85
1739556518389 168.48717057172638 86
1739556518398 168.47403851234665 87
1739556518408 168.4609075396883 88
1739556518417 168.44777783050938 89
1739556518427 168.4346492078391 90
1739556518436 168.42152184842857 91
1739556518447 168.40839566373813 92
1739556518456 168.3952705652374 93
1739556518465 168.38214672966689 94
1739556518475 168.36902398007348 95
1739556518484 168.35590249319065 96
1739556518493 168.3427820920724 97
1739556518502 168.32966295344517 98
1739556518511 168.31654490036996 99
1739556518520 168.30342810956623 100
1739556518529 168.29031240410205 101
1739556518538 168.27719796068985 102
1739556518548 168.2640846908095 103
1739556518558 168.25097250595002 104
1739556518567 168.2378615828134 105
1739556518576 168.22475174448527 106
1739556518585 168.21164316766058 107
1739556518597 168.19853567543214 108
1739556518608 168.18542944448768 109
1739556518618 168.17232429792716 110
1739556518627 168.1592204124314 111
1739556518636 168.14611761110731 112
1739556518646 168.13301607062863 113
1739556518655 168.11991561410946 114
1739556518667 168.10681641821643 115
1739556518677 168.0937183944525 116
1739556518686 168.0806214543298 117
1739556518696 168.06752577450447 118
1739556518706 168.05443117810833 119
1739556518716 168.0413378417904 120
1739556518725 168.0282455886896 121
1739556518734 168.01515459544788 122
1739556518746 168.00206468521122 123
1739556518758 167.98897603461464 124
1739556518769 167.97588846681114 125
1739556518780 167.96280215842873 126
1739556518790 167.94971702098974 127
1739556518800 167.9366329660259 128
1739556518810 167.92355017015473 129
1739556518820 167.91046845654677 130
1739556518829 167.89738800181246 131
1739556518838 167.88430862912963 132
1739556518847 167.87123051510162 133
1739556518856 167.85815348291317 134
1739556518866 167.84507770916073 135
1739556518875 167.83200301703613 136
1739556518884 167.81892958312872 137
1739556518893 167.80585731898037 138
1739556518902 167.79278613614224 139
1739556518912 167.77971621119323 140
1739556518921 167.76664736734278 141
1739556518929 167.75357978116276 142
1739556518939 167.7405132758696 143
1739556518948 167.7274480280282 144
1739556518957 167.71438386086214 145
1739556518968 167.70132095092922 146
1739556518977 167.68825912146005 147
1739556518986 167.6751985490055 148
1739556518996 167.66213914512684 149
1739556519005 167.6490808213947 150
1739556519015 167.63602375434934 151
1739556519024 167.62296776723903 152
1739556519033 167.60991303659705 153
1739556519042 167.59685938567875 154
1739556519051 167.5838069910103 155
1739556519061 167.57075567585417 156
1739556519070 167.5577056167295 157
1739556519079 167.5446566369058 158
1739556519094 167.53160891289522 159
1739556519129 167.51856235627864 160
1739556519139 167.5055168786461 161
1739556519149 167.49247265649922 162
1739556519160 167.47942951312515 163
1739556519170 167.46638762501854 164
1739556519180 167.45334681547348 165
1739556519190 167.44030726097768 166
1739556519200 167.42726878483236 167
1739556519210 167.4142315635181 168
1739556519220 167.40119542034316 169
1739556519229 167.38816053178118 170
1739556519239 167.37512680943243 171
1739556519250 167.36209416490638 172
1739556519260 167.3490627746662 173
1739556519270 167.33603246203768 174
1739556519280 167.323003403477 175
1739556519290 167.30997542231705 176
1739556519300 167.29694869500693 177
1739556519311 167.28392304488665 178
1739556519321 167.2708986483983 179
1739556519331 167.25787532888876 180
1739556519340 167.2448532627932 181
1739556519350 167.23183236173136 182
1739556519360 167.21881253733213 183
1739556519369 167.20579396602014 184
1739556519379 167.19277647115996 185
1739556519388 167.17976022916918 186
1739556519397 167.16674506341948 187
1739556519406 167.15373115032148 188
1739556519415 167.14071831325376 189
1739556519424 167.12770672861998 190
1739556519433 167.1146962198059 191
1739556519442 167.10168696320804 192
1739556519451 167.0886787822192 193
1739556519461 167.07567185322898 194
1739556519470 167.06266608788 195
1739556519479 167.0496613978242 196
1739556519488 167.0366579594406 197
1739556519498 167.0236555961396 198
1739556519507 167.01065448429327 199
1739556519516 166.99765444731904 200
1739556519524 166.98465566158202 201
1739556519533 166.97165795050662 202
1739556519543 166.95866149045096 203
1739556519552 166.9456661048465 204
1739556519561 166.9326719700444 205
1739556519570 166.91967899770663 206
1739556519580 166.9066870995045 207
1739556519589 166.89369645177862 208
1739556519599 166.8807068779781 209
1739556519608 166.8677185544365 210
1739556519617 166.85473130460994 211
1739556519626 166.84174530482505 212
1739556519635 166.82876037854498 213
1739556519645 166.81577670208935 214
1739556519654 166.8027940989283 215
1739556519666 166.78981274537446 216
1739556519676 166.77683255310933 217
1739556519685 166.76385343382358 218
1739556519694 166.75087556381928 219
1739556519704 166.7378987665843 220
1739556519714 166.72492321841366 221
1739556519723 166.71194874280232 222
1739556519732 166.69897551603825 223
1739556519742 166.6860033616234 224
1739556519751 166.67303245583886 225
1739556519761 166.66006262219352 226
1739556519770 166.6470940369615 227
1739556519779 166.63412661184375 228
1739556519789 166.62116025855025 229
1739556519798 166.60819515334472 230
1739556519807 166.5952311197536 231
1739556519817 166.58226833403356 232
1739556519826 166.56930661971808 233
1739556519835 166.55634615305684 234
1739556519845 166.54338675759035 235
1739556519854 166.53042860956128 236
1739556519863 166.51747153251725 237
1739556519872 166.50451570269388 238
1739556519882 166.49156103181147 239
1739556519892 166.47860743159947 240
1739556519901 166.46565507828305 241
1739556519911 166.45270379542742 242
1739556519920 166.4397537592507 243
1739556519929 166.42680479332515 244
1739556519938 166.41385707386195 245
1739556519947 166.40091042444024 246
1739556519956 166.3879650212644 247
1739556519965 166.37502068792043 248
1739556519974 166.36207760060574 249
1739556519984 166.34913567105994 250
1739556519993 166.33619481103185 251
1739556520002 166.32325519670823 252
1739556520012 166.31031665169292 253
1739556520021 166.29737935216565 254
1739556520030 166.2844431217373 255
1739556520039 166.27150813658056 256
1739556520049 166.25857422031333 257
1739556520058 166.24564154910146 258
1739556520066 166.23270994656974 259
1739556520076 166.21977958887697 260
1739556520085 166.20685029965512 261
1739556520095 166.19392225505595 262
1739556520104 166.18099536684207 263
1739556520113 166.16806954678518 264
1739556520122 166.15514497102666 265
1739556520131 166.14222146321598 266
1739556520139 166.1292991994875 267
1739556520148 166.11637800349763 268
1739556520157 166.10345805137385 269
1739556520166 166.0905391667796 270
1739556520175 166.07762152583535 271
1739556520184 166.0647049522115 272
1739556520193 166.05178962202166 273
1739556520202 166.03887544704762 274
1739556520211 166.02596233908042 275
1739556520220 166.01305047422318 276
1739556520229 166.00013967616385 277
1739556520237 165.9872301209985 278
1739556520246 165.97432163242215 279
1739556520255 165.96141438652384 280
1739556520264 165.9485082070056 281
1739556520273 165.93560326994955 282
1739556520282 165.92269939906473 283
1739556520291 165.90979677042625 284
1739556520301 165.89689529583532 285
1739556520311 165.8839948871024 286
1739556520319 165.87109572029215 287
1739556520328 165.85819761913115 288
1739556520337 165.8453007596771 289
1739556520347 165.83240496566353 290
1739556520355 165.81951041314122 291
1739556520364 165.8066169258507 292
1739556520373 165.7937246798358 293
1739556520383 165.7808334988441 294
1739556520393 165.76794355891226 295
1739556520402 165.75505477186107 296
1739556520410 165.7421670495201 297
1739556520420 165.72928056791582 298
1739556520429 165.7163951508132 299
1739556520437 165.70351097423173 300
1739556520446 165.69062786194348 301
1739556520455 165.6777459899609 302
1739556520465 165.66486518206304 303
1739556520473 165.65198561425535 304
1739556520482 165.63910711032406 305
1739556520492 165.62622984626753 306
1739556520501 165.6133537339257 307
1739556520510 165.6004786851476 308
1739556520519 165.58760487592133 309
1739556520527 165.57473213005048 310
1739556520536 165.56186062351608 311
1739556520546 165.54899018012887 312
1739556520555 165.53612097586284 313
1739556520563 165.52325283453573 314
1739556520572 165.51038593211464 315
1739556520582 165.4975200924242 316
1739556520591 165.4846554914246 317
1739556520600 165.4717919529475 318
1739556520609 165.4589296529461 319
1739556520618 165.44606850328313 320
1739556520628 165.43320841583045 321
1739556520637 165.42034956653083 322
1739556520646 165.40749177923345 323
1739556520655 165.39463522987413 324
1739556520664 165.38177974230896 325
1739556520677 165.36892549246687 326
1739556520686 165.35607230421095 327
1739556520695 165.34322035346312 328
1739556520704 165.3303694640935 329
1739556520714 165.3175198120171 330
1739556520726 165.30467130911583 331
1739556520735 165.29182386728098 332
1739556520744 165.27897766241693 333
1739556520753 165.2661325184114 334
1739556520762 165.25328861116196 335
1739556520772 165.24044576456316 336
1739556520781 165.22760415450568 337
1739556520791 165.2147636048911 338
1739556520801 165.20192429160298 339
1739556520810 165.18908603855007 340
1739556520820 165.17624902160898 341
1739556520830 165.16341315268104 342
1739556520839 165.1505783436767 343
1739556520848 165.1377447704622 344
1739556520858 165.12491225696374 345
1739556520867 165.11208097904048 346
1739556520876 165.0992507606256 347
1739556520885 165.0864217775714 348
1739556520895 165.07359385381804 349
1739556520905 165.06076716521082 350
1739556520914 165.04794153569688 351
1739556520923 165.03511714111463 352
1739556520932 165.02229389338467 353
1739556520942 165.00947170443675 354
1739556520951 164.99665075009892 355
1739556520961 164.98383085433565 356
1739556520971 164.97101219296812 357
1739556520981 164.95819458996775 358
1739556520990 164.94537822114873 359
1739556521000 164.93256291048962 360
1739556521010 164.91974883379748 361
1739556521019 164.90693581505798 362
1739556521029 164.89412403007117 363
1739556521038 164.88131339077702 364
1739556521047 164.86850380912452 365
1739556521056 164.85569546090343 366
1739556521066 164.84288817011685 367
1739556521076 164.83008211254753 368
1739556521085 164.8172771122055 369
1739556521095 164.8044733448666 370
1739556521105 164.79167063454787 371
1739556521115 164.7788691570182 372
1739556521124 164.76606873630158 373
1739556521134 164.75326954815998 374
1739556521142 164.74047150455252 375
1739556521151 164.72767451744753 376
1739556521161 164.71487876259658 377
1739556521170 164.70208406404106 378
1739556521179 164.68929059752568 379
1739556521188 164.67649818709882 380
1739556521197 164.66370700849808 381
1739556521206 164.65091688577894 382
1739556521215 164.63812799467212 383
1739556521224 164.62534015924 384
1739556521233 164.61255355520635 385
1739556521243 164.59976800664057 386
1739556521252 164.58698368925954 387
1739556521260 164.57420051504502 388
1739556521269 164.56141839598817 389
1739556521278 164.54863750779543 390
1739556521286 164.53585767455363 391
1739556521295 164.52307907196223 392
1739556521304 164.51030152411496 393
1739556521314 164.49752520670452 394
1739556521323 164.48474994383162 395
1739556521332 164.47197591118183 396
1739556521341 164.45920293286295 397
1739556521349 164.44643118455363 398
1739556521358 164.4336605782551 399
1739556521367 164.42089102597748 400
1739556521376 164.40812270338927 401
1739556521385 164.39535543461548 402
1739556521394 164.38258939531758 403
1739556521403 164.36982440962763 404
1739556521412 164.35706065320008 405
1739556521421 164.34429795017405 406
1739556521430 164.33153647619707 407
1739556521438 164.3187760554152 408
1739556521447 164.306016863469 409
1739556521456 164.29325881237887 410
1739556521466 164.28050181417424 411
1739556521475 164.2677460444853 412
1739556521484 164.25499132747566 413
1739556521493 164.24223783876846 414
1739556521501 164.2294854025342 415
1739556521511 164.2167341943892 416
1739556521520 164.20398403851092 417
1739556521529 164.1912351105087 418
1739556521537 164.17848723456703 419
1739556521546 164.16574058628828 420
1739556521555 164.152995077712 421
1739556521565 164.14025062088703 422
1739556521573 164.12750739140543 423
1739556521582 164.11476521346893 424
1739556521591 164.10202426266278 425
1739556521600 164.08928436319567 426
1739556521610 164.07654569064584 427
1739556521619 164.06380806922908 428
1739556521628 164.0510716745167 429
1739556521637 164.03833633073134 430
1739556521647 164.0256022134374 431
1739556521656 164.01286923469368 432
1739556521665 164.00013730656815 433
1739556521673 163.98740660461465 434
1739556521686 163.9746769530735 435
1739556521695 163.9619485274916 436
1739556521703 163.9492211521161 437
1739556521713 163.93649500248716 438
1739556521722 163.92376990285877 439
1739556521731 163.91104602876422 440
1739556521740 163.89832320446442 441
1739556521749 163.8856016054857 442
1739556521759 163.87288105609608 443
1739556521767 163.86016173181488 444
1739556521776 163.8474435447236 445
1739556521786 163.8347264069128 446
1739556521794 163.82201049389155 447
1739556521803 163.80929562994518 448
1739556521812 163.79658199057576 449
1739556521822 163.78386940007562 450
1739556521831 163.7711580339399 451
1739556521840 163.75844771646788 452
1739556521849 163.74573862314782 453
1739556521858 163.73303057828593 454
1739556521867 163.72032375736356 455
1739556521877 163.70761807248135 456
1739556521885 163.6949134357491 457
1739556521894 163.6822100226378 458
1739556521903 163.669507657471 459
1739556521912 163.6568065157128 460
1739556521921 163.6441064216937 461
1739556521931 163.63140755087085 462
1739556521940 163.6187097275819 463
1739556521949 163.6060131272768 464
1739556521957 163.59331757430027 465
1739556521966 163.58062324409548 466
1739556521976 163.5679300487823 467
1739556521984 163.55523790048971 468
1739556521993 163.5425469746506 469
1739556522003 163.52985709562688 470
1739556522012 163.5171684388445 471
1739556522021 163.5044808286723 472
1739556522031 163.49179444052942 473
1739556522040 163.47910909879155 474
1739556522050 163.46642497887092 475
1739556522058 163.45374190515025 476
1739556522067 163.44106005303476 477
1739556522076 163.4283793346635 478
1739556522085 163.4156996621846 479
1739556522094 163.403021210993 480
1739556522103 163.39034380548875 481
1739556522113 163.37766762105989 482
1739556522122 163.3649924821134 483
1739556522132 163.35231856403036 484
1739556522141 163.33964569122483 485
1739556522149 163.3269740390709 486
1739556522159 163.3143034319896 487
1739556522168 163.3016340453481 488
1739556522177 163.28896579130466 489
1739556522186 163.27629858202653 490
1739556522195 163.26363259287064 491
1739556522204 163.25096764827524 492
1739556522213 163.23830392359045 493
1739556522222 163.22564124326132 494
1739556522231 163.21297978263115 495
1739556522241 163.20031936615206 496
1739556522250 163.18766016916013 497
1739556522259 163.1750020161146 498
1739556522268 163.1623450823448 499
