1739557208475 16.262562955717563 0
1739557208515 3.656252320270728 1
1739557208553 0.6980149489655275 2
1739557208592 4.6934680802235915 3
1739557208631 8.640764636385567 4
1739557208671 1.9778839139511404 5
1739557208709 2.6055080151541836 6
1739557208748 2.991773749671214 7
1739557208787 34.592941137753485 8
1739557208827 8.39235405856174 9
1739557208866 47.86564968044243 10
1739557208905 32.829220137061284 11
1739557208943 25.52247381598266 12
1739557208980 3.5038744075692914 13
1739557209019 9.694005472840809 14
1739557209060 5.7808095392993915 15
1739557209100 45.401067771279315 16
1739557209139 8.26556956282876 17
1739557209178 4.8121528565612905 18
1739557209217 31.03901501239043 19
1739557209258 17.11347878268617 20
1739557209300 3.1126993643867125 21
1739557209344 8.574970181819985 22
1739557209389 7.177780544320248 23
1739557209431 50.0428328100689 24
1739557209473 5.281717642970535 25
1739557209514 32.64668870199013 26
1739557209552 5.341412445722101 27
1739557209590 32.933632849274076 28
1739557209629 5.46483373768755 29
1739557209670 11.105980883448638 30
1739557209713 1.3126149317868026e-05 31
1739557209791 34.95824757232128 32
1739557209840 0.8122911197600576 33
1739557209883 0.04539787624411193 34
1739557209926 0.26224199948124227 35
1739557209967 1.54986527105491 36
1739557210009 6.451441393886446 37
1739557210051 16.086125779965982 38
1739557210094 16.688549921329265 39
1739557210136 12.976704997519912 40
1739557210177 1.142125584095243 41
1739557210219 2.3709873116683067 42
1739557210257 20.551987593731603 43
1739557210295 0.018534946211974008 44
1739557210334 44.953459287319845 45
1739557210372 2.7268367419854753 46
1739557210411 36.51095410278405 47
1739557210449 41.066783441260746 48
1739557210487 0.2681137925075454 49
1739557210525 4.78086572093604 50
1739557210563 1.307590259464676 51
1739557210602 0.017238572965859792 52
1739557210640 0.9496076912194876 53
1739557210678 4.797580421877932 54
1739557210717 11.821085992594762 55
1739557210755 14.40087352731167 56
1739557210794 0.06480808406453899 57
1739557210832 5.280690397690503 58
1739557210871 2.0852565059559356 59
1739557210908 12.666639637270574 60
1739557210947 0.057124816175653036 61
1739557210985 22.48829309728659 62
1739557211023 7.225127431761114 63
1739557211062 6.65698336773151 64
1739557211100 6.372971354545272 65
1739557211139 37.75561166880706 66
1739557211178 5.59520156776712 67
1739557211218 7.8878329104808325 68
1739557211256 7.064687704463453 69
1739557211294 4.656191429838692 70
1739557211333 2.004551206628596 71
1739557211372 22.34950740005626 72
1739557211409 5.936086694989187 73
1739557211448 0.0001598530206178965 74
1739557211485 0.005060737290720808 75
1739557211523 15.130390307383776 76
1739557211562 57.494089727647896 77
1739557211599 19.51943394437279 78
1739557211637 3.1090007487686124 79
1739557211675 22.711044749231633 80
1739557211712 0.009134196011575646 81
1739557211749 0.5277154462116841 82
1739557211786 10.414868287882296 83
1739557211823 5.640371058779528 84
1739557211861 0.03875944762189028 85
1739557211898 2.5553348900413773 86
1739557211935 0.39226891673672454 87
1739557211973 0.20759204978505683 88
1739557212009 47.96051404000771 89
1739557212047 1.2036737531864647 90
1739557212085 38.46575052817338 91
1739557212123 14.739480902238492 92
1739557212161 33.94478400914157 93
1739557212198 0.04467116563987949 94
1739557212235 30.55040379957436 95
1739557212272 1.679822574214396 96
1739557212309 1.1967177062775263 97
1739557212347 3.6165227244823916 98
1739557212384 3.83051499190449 99
1739557212422 9.293351427164408 100
1739557212459 0.1773798585430799 101
1739557212497 1.0949467450904813 102
1739557212534 7.663378321697926 103
1739557212571 1.0008121856456265 104
1739557212609 0.17992707899854815 105
1739557212647 14.575915109680821 106
1739557212684 12.421565993826164 107
1739557212721 0.18746067628914606 108
1739557212758 10.25021422259154 109
1739557212795 10.82172662255232 110
1739557212833 1.774187187072215 111
1739557212870 0.8288694081197656 112
1739557212907 10.810472977622444 113
1739557212944 0.9751251639081596 114
1739557212982 1.8807546902169754 115
1739557213019 7.423488523703611 116
1739557213057 0.13271015036349246 117
1739557213094 30.368457089650907 118
1739557213131 0.3177626792491943 119
1739557213169 95.26134456957165 120
1739557213206 10.598242062535537 121
1739557213244 0.02896134493115654 122
1739557213282 0.9480021766658796 123
1739557213322 1.3149038955895642 124
1739557213361 1.1703419350266806 125
1739557213400 0.08365469748256268 126
1739557213438 8.620040596199052 127
1739557213477 5.591612857817095 128
1739557213515 0.05810441985800143 129
1739557213553 76.71822592069725 130
1739557213591 0.8947751800839622 131
1739557213628 33.921328568172775 132
1739557213665 2.8334528182758123 133
1739557213703 0.000831365765273119 134
1739557213739 0.1205595429065976 135
1739557213777 7.600288304066448 136
1739557213814 0.4641664249372597 137
1739557213851 8.37196558840812 138
1739557213888 4.571543517101252 139
1739557213925 0.2968109050984862 140
1739557213962 12.88474043998874 141
1739557213999 4.7580434770134055 142
1739557214036 25.943728976120358 143
1739557214074 0.09854843479080612 144
1739557214111 0.0019631360122190264 145
1739557214148 0.5753462688726992 146
1739557214185 9.682656157780146 147
1739557214223 8.133467145653366 148
1739557214260 0.729303018422055 149
1739557214297 4.458955467654673 150
1739557214334 4.403709341185648 151
1739557214371 8.460043712572213 152
1739557214409 2.1424825371798604 153
1739557214445 5.150778570296839 154
1739557214483 22.3030525289335 155
1739557214520 41.509399580906724 156
1739557214557 0.033792728556980116 157
1739557214594 0.05444424157481373 158
1739557214631 6.2150097342485635 159
1739557214669 6.970979240463687 160
1739557214706 3.6464689354825093 161
1739557214743 29.39986531651906 162
1739557214780 2.20792255515626 163
1739557214818 0.01730305238233183 164
1739557214855 4.492027264446579 165
1739557214892 2.4694703170636023 166
1739557214929 1.2531359387954724 167
1739557214966 1.4746318930927802 168
1739557215003 19.675508258935917 169
1739557215040 0.027025851000239968 170
1739557215078 0.6563434014874302 171
1739557215116 2.1066892878777006 172
1739557215152 0.08256042401437659 173
1739557215189 0.13619357212504832 174
1739557215227 4.78510125654844 175
1739557215264 6.4901758808442835 176
1739557215301 16.716557302407317 177
1739557215339 5.005977697160218 178
1739557215376 0.02541773344202321 179
1739557215416 1.794588544622857 180
1739557215454 2.7982571633967828 181
1739557215493 5.192119272489861 182
1739557215531 5.2554103701822665 183
1739557215570 6.885329117084479 184
1739557215608 7.762846855881807 185
1739557215646 0.6214769041016535 186
1739557215684 25.820454773035273 187
1739557215721 6.73008929651756 188
1739557215757 7.989381747987189 189
1739557215794 0.6523134863509744 190
1739557215832 49.852397159466555 191
1739557215868 47.4020922794088 192
1739557215906 0.45735678268597313 193
1739557215942 1.7115880550722211 194
1739557215978 12.705269601142978 195
1739557216016 17.60200546533152 196
1739557216053 0.2848563065148928 197
1739557216090 2.452410886500234 198
1739557216127 8.609458843406376 199
1739557216164 0.29229658097981537 200
1739557216201 11.808061582904294 201
1739557216238 16.688485126459355 202
1739557216274 25.449685765929363 203
1739557216312 0.1336245091189246 204
1739557216348 3.687795029548048 205
1739557216385 0.9888306747662637 206
1739557216422 2.902944689102436 207
1739557216458 0.0010325196838991413 208
1739557216496 0.00902141826152901 209
1739557216533 0.015252141200901055 210
1739557216569 0.0023661905201257656 211
1739557216606 0.3986358459101183 212
1739557216643 0.033469011059228664 213
1739557216679 5.391660717058188 214
1739557216716 1.16803486094203 215
1739557216754 0.007592470227900516 216
1739557216791 0.02806668963946785 217
1739557216828 3.42932916817203 218
1739557216864 18.37680302196523 219
1739557216901 0.02445659263436581 220
1739557216938 0.3123544309429108 221
1739557216974 3.6620020063776377 222
1739557217012 0.14386363330224367 223
1739557217049 8.35304714144201 224
1739557217086 18.59873717529598 225
1739557217124 0.6477464230080867 226
1739557217160 0.14942112935508872 227
1739557217197 2.865259068068249 228
1739557217234 2.789492334858881 229
1739557217270 5.22771433240294 230
1739557217308 2.1434957493278906 231
1739557217345 22.754876145593094 232
1739557217381 2.726977384184001 233
1739557217419 1.5438649327064569 234
1739557217456 13.83806637501504 235
1739557217492 15.429827830572947 236
1739557217532 19.791229212605703 237
1739557217570 21.115069790362462 238
1739557217609 33.416704857008426 239
1739557217647 1.9993344045553811 240
1739557217685 15.219935323543382 241
1739557217724 0.5050382490253952 242
1739557217762 1.2301770811865717e-05 243
1739557217801 0.8010319847726001 244
1739557217838 19.0308912286406 245
1739557217874 25.844437226266578 246
1739557217911 2.949379518337323 247
1739557217948 0.025224391514826538 248
1739557217985 42.89342937309176 249
1739557218022 3.036019565556871 250
1739557218059 5.810375843599623 251
1739557218095 0.018207241849594956 252
1739557218133 13.1851971640735 253
1739557218169 5.717298204873747 254
1739557218206 0.184179631883873 255
1739557218243 51.181561807476506 256
1739557218280 0.44427894633914833 257
1739557218317 0.0160174985789207 258
1739557218355 1.5536710225847534 259
1739557218391 12.202386381049646 260
1739557218428 18.704593110687274 261
1739557218465 25.458740123399966 262
1739557218502 0.16634727190256177 263
1739557218539 23.20924159428122 264
1739557218575 5.785664142642775 265
1739557218613 1.7534512237987356 266
1739557218650 6.314976894422018 267
1739557218687 23.404967533809792 268
1739557218724 26.063471019784505 269
1739557218761 35.75984496044407 270
1739557218797 0.08624597064431153 271
1739557218835 0.3120442670992904 272
1739557218872 15.725473438259742 273
1739557218909 23.422401436854074 274
1739557218946 26.830230604690836 275
1739557218983 3.3812351273214327 276
1739557219019 7.931385656644423 277
1739557219057 32.93025307120645 278
1739557219094 2.469496634013933 279
1739557219131 32.73948935193598 280
1739557219168 16.66924113224945 281
1739557219205 1.2586954050113466 282
1739557219242 2.135826800585615 283
1739557219279 37.87833828734924 284
1739557219315 43.40787972397478 285
1739557219352 42.193575062581445 286
1739557219390 0.04571268276008948 287
1739557219426 9.08985001058301 288
