1739557836542 147.46711548730605 0
1739557836551 126.49717556614692 1
1739557836560 113.84222032822295 2
1739557836570 96.69428676691764 3
1739557836579 80.73562424234373 4
1739557836587 68.82171898591687 5
1739557836596 59.625780424498544 6
1739557836604 52.65502985251225 7
1739557836613 45.1797714672834 8
1739557836621 37.97632492532928 9
1739557836629 32.352828582371636 10
1739557836637 30.690384556763682 11
1739557836646 25.432561159539446 12
1739557836654 21.0688723631308 13
1739557836662 19.19578278542403 14
1739557836672 16.933560669277362 15
1739557836681 14.99265186708086 16
1739557836690 12.314170109325705 17
1739557836698 10.841614526700733 18
1739557836706 8.909018772652372 19
1739557836715 8.492066229224948 20
1739557836724 7.150693242770076 21
1739557836733 5.665675940717502 22
1739557836742 5.833436373674108 23
1739557836751 6.101192089972346 24
1739557836760 4.234045815550136 25
1739557836768 4.9451756182582765 26
1739557836777 2.7107125297882537 27
1739557836785 4.188344454068403 28
1739557836793 2.369578977853991 29
1739557836802 3.2051435590305193 30
1739557836810 1.9219665237770411 31
1739557836819 2.419140577755888 32
1739557836827 2.1163683061077405 33
1739557836835 2.057065589334862 34
1739557836843 1.5359469580798817 35
1739557836851 1.675649233974648 36
1739557836860 2.2261247315210486 37
1739557836869 1.1511347723567669 38
1739557836877 0.5227083739746751 39
1739557836886 1.1770498152234894 40
1739557836895 1.0965807406033778 41
1739557836903 1.8814870362566847 42
1739557836911 1.2879950658621693 43
1739557836919 1.3014365979482958 44
1739557836928 1.15499811003774 45
1739557836937 1.1316172310573462 46
1739557836945 0.9171516605883173 47
1739557836954 0.9153562509541224 48
1739557836962 0.7953455167675407 49
1739557836970 1.178553545368071 50
1739557836979 0.998996317641888 51
1739557836988 0.9499005674269335 52
1739557836996 0.7971091270452462 53
1739557837005 0.6416288016117563 54
1739557837013 0.7307929837823839 55
1739557837021 1.7127337596530803 56
1739557837029 0.9168512507475294 57
1739557837037 0.8317923156813234 58
1739557837046 0.5615036784638392 59
1739557837054 0.9799282081909174 60
1739557837063 0.6986484638939383 61
1739557837072 0.582339805361986 62
1739557837080 0.677879349030487 63
1739557837089 1.684828362019383 64
1739557837098 0.8537081082045305 65
1739557837106 0.8017410967762169 66
1739557837115 1.1556237591810545 67
1739557837129 1.715409406320235 68
1739557837137 1.086062244875815 69
1739557837145 0.8953467500804517 70
1739557837154 0.8081565127533383 71
1739557837162 1.048012242249778 72
1739557837176 1.026713705402665 73
1739557837189 1.0213592690838256 74
1739557837198 1.1252865789483348 75
1739557837206 1.0089991204294702 76
1739557837215 1.1021730258123976 77
1739557837223 1.2635676403192375 78
1739557837231 0.6234265527135527 79
1739557837240 0.8853455544529716 80
1739557837249 0.6615762835708631 81
1739557837257 0.7489559769467204 82
1739557837265 0.7652277042377029 83
1739557837274 0.7454388907038269 84
1739557837282 0.9989579299528737 85
1739557837290 0.7397913940580912 86
1739557837299 0.8211340357448129 87
1739557837307 0.9052226689346962 88
1739557837315 0.7410293924332751 89
1739557837324 0.8190004435124006 90
1739557837332 0.9657514658341662 91
1739557837340 1.3002957745119834 92
1739557837349 0.8347295878725155 93
1739557837357 0.9478734469785326 94
1739557837366 0.7229586700854974 95
1739557837374 1.2256186881754412 96
1739557837383 0.9516855842720757 97
1739557837391 1.1294452432596898 98
1739557837400 0.7369154204116977 99
1739557837408 0.6710140187112311 100
1739557837417 1.4366605830445847 101
1739557837425 0.7860106745017591 102
1739557837434 0.8052103433992264 103
1739557837442 0.9060354933857004 104
1739557837451 0.8805952800799147 105
1739557837459 0.9616564826238934 106
1739557837468 1.6308088493768684 107
1739557837477 1.0263955105737856 108
1739557837489 0.8647523540381407 109
1739557837497 0.8069852277811747 110
1739557837506 0.7612647387339572 111
1739557837514 1.3081512943713611 112
1739557837523 0.9824468177568754 113
1739557837531 0.9938639082700979 114
1739557837540 0.6335905076276864 115
1739557837548 1.5561987906366752 116
1739557837556 0.7827207830688733 117
1739557837565 0.9626934907531621 118
1739557837574 0.5263636126527731 119
1739557837582 0.6280067541162007 120
1739557837591 1.2311747750083826 121
1739557837599 1.0839242506137317 122
1739557837607 1.3914416055149785 123
1739557837616 0.6598528798502784 124
1739557837624 1.3799913523145297 125
1739557837633 0.6328956208108935 126
1739557837641 0.6564409612138268 127
1739557837649 1.3838461713437538 128
1739557837657 0.8438776024896701 129
1739557837666 0.5908765146305577 130
1739557837674 0.6885655361820224 131
1739557837683 0.9857455954420603 132
1739557837691 0.9372028747395673 133
1739557837700 0.5295653765202267 134
1739557837708 1.7619964109876682 135
1739557837716 0.7165402163436628 136
1739557837725 0.8617154349281345 137
1739557837733 1.2068164065142126 138
1739557837742 1.3095517499811375 139
1739557837750 1.0696887276600286 140
1739557837760 0.7317077636035861 141
1739557837768 0.8437575643754578 142
1739557837778 1.092681592798081 143
1739557837787 1.303715382754251 144
1739557837796 1.035871405658165 145
1739557837804 0.6015969406216015 146
1739557837812 0.7290966963622764 147
1739557837820 0.9869821436704155 148
1739557837829 0.7902258529865904 149
1739557837837 1.5010388411632807 150
1739557837846 0.6678263191656459 151
1739557837854 0.8761506059340481 152
1739557837862 0.8115525212343475 153
1739557837871 1.1254235753246842 154
1739557837879 0.9779554521766114 155
1739557837887 1.7859372306030985 156
1739557837895 1.2324262949814444 157
1739557837903 0.8548640272407553 158
1739557837912 0.8607340252693817 159
1739557837921 0.6787504379601537 160
1739557837929 1.0377310992934161 161
1739557837938 1.370927883445317 162
1739557837946 0.9124275562813157 163
1739557837954 0.6467289302999069 164
1739557837962 0.7897458728185347 165
1739557837971 1.0663101676077915 166
1739557837979 0.7713138340396078 167
1739557837988 0.8552248791849789 168
1739557837996 1.1906653504374942 169
1739557838004 0.8683908583598468 170
1739557838013 0.6222646074401166 171
1739557838022 1.0424379412671982 172
1739557838030 0.9439804911486461 173
1739557838038 1.1870926703656084 174
1739557838046 0.8115837041164242 175
1739557838054 0.6229341788531029 176
1739557838063 0.7423690551861072 177
1739557838071 0.9947989168527606 178
1739557838079 1.0924045501594453 179
1739557838087 0.6923597407440816 180
1739557838096 1.3100739719566434 181
1739557838104 1.4774750851645282 182
1739557838113 0.7044945899819911 183
1739557838121 0.7835489509806657 184
1739557838135 0.8825354343468521 185
1739557838143 0.8800678743010618 186
1739557838151 1.079993475739622 187
1739557838159 0.5359575208414887 188
1739557838168 0.706170896514186 189
1739557838176 0.6301038609395542 190
1739557838185 0.3797882512291339 191
1739557838193 0.9418409521651426 192
1739557838201 0.8794247719352782 193
1739557838210 0.6732049909980962 194
1739557838218 0.8069244696931834 195
1739557838226 1.2527708941595974 196
1739557838234 0.6153981248570395 197
1739557838243 1.458168634467096 198
1739557838251 0.7437242737401621 199
1739557838260 0.6256723221877893 200
1739557838268 1.2538811349553889 201
1739557838276 0.9175710098643541 202
1739557838285 1.0373978933352686 203
1739557838293 1.1249755573328744 204
1739557838301 0.7096620821651721 205
1739557838310 1.2478984215210114 206
1739557838318 0.7188808958480395 207
1739557838326 1.4585248453019575 208
1739557838335 1.057959004683329 209
1739557838343 0.47636467543883076 210
1739557838351 0.630378384602439 211
1739557838360 1.1349302785406403 212
1739557838368 0.6944413577186177 213
1739557838376 0.8917230729044484 214
1739557838385 0.7397977068587491 215
1739557838396 1.4963070521554844 216
1739557838405 1.0230875047150005 217
1739557838414 0.6279262285817365 218
1739557838423 1.4872215926950292 219
1739557838432 0.9074536849398267 220
1739557838441 1.063130763038657 221
1739557838450 0.959422373091458 222
1739557838459 0.5494910625542676 223
1739557838469 0.8753245563532213 224
1739557838478 0.7405811930363031 225
1739557838487 0.5086326586322504 226
1739557838496 0.5690985943067076 227
1739557838504 0.7372552728241092 228
1739557838513 0.6726517011278095 229
1739557838521 1.1947505297882264 230
1739557838529 0.9646063439987015 231
1739557838538 0.5612692888672124 232
1739557838546 0.46353761165112356 233
1739557838555 0.8200227146470729 234
1739557838563 0.8820400093843553 235
1739557838572 0.5247206065196517 236
1739557838581 0.5396453920191002 237
1739557838589 0.579231689855889 238
1739557838598 0.6835233663856543 239
1739557838606 1.1012938660409366 240
1739557838614 1.508958879601777 241
1739557838623 0.75441844954201 242
1739557838631 1.311374369175151 243
1739557838640 0.7773408184883195 244
1739557838648 0.9717342809418141 245
1739557838657 0.7459768620343559 246
1739557838665 1.1421736846648063 247
1739557838675 1.2445209285070034 248
1739557838689 1.9809908971970989 249
1739557838698 1.0025238435275545 250
1739557838707 0.7351950539018738 251
1739557838715 0.7870646848368344 252
1739557838725 0.9770649858511815 253
1739557838733 0.8601491166549985 254
1739557838741 1.198609166407387 255
1739557838750 0.7576211478929803 256
1739557838758 0.9066265398671891 257
1739557838767 0.7509636377971324 258
1739557838775 0.7902546436103044 259
1739557838783 0.7397273894250145 260
1739557838792 0.9960454311193633 261
1739557838801 0.8060895455300745 262
1739557838809 0.5621863943325313 263
1739557838818 0.9390230848738734 264
1739557838826 1.2859975778710824 265
1739557838835 0.8326201561122422 266
1739557838843 0.5860588200068554 267
1739557838851 1.1975714096185992 268
1739557838859 0.5738738279297073 269
1739557838867 0.5681916040530638 270
1739557838876 1.0056764777650182 271
1739557838884 0.5030423124975955 272
1739557838893 0.6388500090566052 273
1739557838902 1.176490926685743 274
1739557838910 0.8440407792085816 275
1739557838918 0.8094871712476498 276
1739557838926 1.1360828565991405 277
1739557838934 0.6601482528808829 278
1739557838943 1.0229105902400086 279
1739557838951 0.9488455085404028 280
1739557838959 1.1964146933342945 281
1739557838968 0.7445966566429495 282
1739557838976 0.9189613738200172 283
1739557838985 1.1070283357021886 284
1739557838993 1.238573526154157 285
1739557839002 0.7377843871201728 286
1739557839010 1.3159634682326151 287
1739557839018 0.5233653505323292 288
1739557839027 0.8215187937883411 289
1739557839035 0.6416346460305192 290
1739557839044 1.2110115398712222 291
1739557839052 1.2672978526720693 292
1739557839060 0.6510475004223701 293
1739557839069 0.6797146585303127 294
1739557839077 1.179198938482985 295
1739557839085 0.5303292264468535 296
1739557839094 0.8342403341985688 297
1739557839102 0.6940316805510884 298
1739557839111 0.7894335553416042 299
1739557839119 0.95365957029037 300
1739557839128 0.9610263393171452 301
1739557839138 1.1463621366060512 302
1739557839146 0.4861256290840494 303
1739557839154 1.063566663973974 304
1739557839162 1.020343131633292 305
1739557839171 0.8471885155274308 306
1739557839179 0.7804804729188863 307
1739557839188 0.9671684427045619 308
1739557839196 0.8111275671736379 309
1739557839204 0.40262740414577175 310
1739557839213 0.9359780178139319 311
1739557839221 0.8359587947983071 312
1739557839230 1.0466425035428257 313
1739557839238 0.8323372259338149 314
1739557839248 0.7221154732742615 315
1739557839256 0.8695608844319291 316
1739557839265 0.7530042210782834 317
1739557839273 0.789115042949435 318
1739557839281 0.7271576871424688 319
1739557839289 1.9179707296662845 320
1739557839298 1.071900374208401 321
1739557839306 1.0381425378685434 322
1739557839314 1.6042128728406633 323
1739557839323 0.5910132563869436 324
1739557839331 0.5888913693856527 325
1739557839340 0.7501027431911304 326
1739557839348 1.3876835042610014 327
1739557839357 1.0675425606369715 328
1739557839365 0.4901551697644454 329
1739557839373 0.6429230126846447 330
1739557839381 1.290019986431687 331
1739557839389 0.9466291361886477 332
1739557839398 1.2651425466959652 333
1739557839406 1.2976533328059028 334
1739557839415 0.6406543906106793 335
1739557839423 1.0378822093017066 336
1739557839431 0.8890077383139743 337
1739557839440 0.5526927535389382 338
1739557839449 1.2540545428276855 339
1739557839457 1.1889198829546646 340
1739557839465 0.9492464791788243 341
1739557839474 1.2087743616863194 342
1739557839482 0.7828961243402036 343
1739557839491 0.7385625894335511 344
1739557839499 1.3059304227410333 345
1739557839508 0.7210690649066156 346
1739557839516 0.6860633775240749 347
1739557839524 1.8033597223572873 348
1739557839532 1.1948355633779715 349
1739557839541 0.9426390493755269 350
1739557839550 1.0836880902091643 351
1739557839558 1.6995393068478035 352
1739557839567 0.9531517632866343 353
1739557839576 0.733897771752089 354
1739557839584 0.5421455036903191 355
1739557839592 0.8539646329859852 356
1739557839601 0.6561189148610336 357
1739557839610 0.8607339017041776 358
1739557839618 0.8171231568238144 359
1739557839627 1.5360422105294098 360
1739557839636 1.1725624433894999 361
1739557839644 0.9712956105542179 362
1739557839653 0.7514071206902423 363
1739557839661 0.9017643937947188 364
1739557839670 0.5990174638690524 365
1739557839679 0.770711119289819 366
1739557839687 0.7574299120981797 367
1739557839696 1.2244502636465473 368
1739557839704 0.886515405601804 369
1739557839712 0.8416305813369004 370
1739557839720 0.5388710560183027 371
1739557839729 1.0205448730367426 372
1739557839737 0.7935670477516766 373
1739557839746 0.8733025441287426 374
1739557839754 1.007546239561369 375
1739557839762 0.9050090793414856 376
1739557839770 0.8557516823147209 377
1739557839779 1.1225334343123625 378
1739557839787 0.5897383202631153 379
1739557839795 0.797041292933861 380
1739557839805 1.19039352434792 381
1739557839813 1.2672331663246994 382
1739557839822 0.8707611941804896 383
1739557839830 0.6727547545729307 384
1739557839838 0.7613482638326473 385
1739557839847 0.7939546543983226 386
1739557839855 0.6267133184151997 387
1739557839864 0.5670108303792213 388
1739557839872 0.6759889724882403 389
1739557839880 0.6286739244085416 390
1739557839889 1.0932026648393753 391
1739557839897 0.9596901727981452 392
1739557839905 0.6629366259862514 393
1739557839914 1.1636944051665359 394
1739557839923 0.7275650107041574 395
1739557839931 0.7663735420176031 396
1739557839940 0.6958450843466233 397
1739557839948 0.66545233965944 398
1739557839956 0.5821805089403091 399
1739557839965 1.0313233692796124 400
1739557839973 1.0075240086450274 401
1739557839982 0.7961384791702535 402
1739557839990 0.6107949075326712 403
1739557839998 0.8013116372858056 404
1739557840007 0.6518737393710179 405
1739557840015 0.8128754802975867 406
1739557840024 0.6628548404687729 407
1739557840033 0.7971430331069395 408
1739557840041 1.3186555354501777 409
1739557840049 0.6781410146045103 410
1739557840058 0.48921723846904086 411
1739557840067 0.7200622471327476 412
1739557840075 0.9110833985928268 413
1739557840084 1.009313015747988 414
1739557840097 0.5666446269931682 415
1739557840108 1.597472395664807 416
1739557840118 0.9269781706222816 417
1739557840128 1.596861704873084 418
1739557840138 0.7678854109707121 419
1739557840147 1.17176610778653 420
1739557840156 1.0479934267384883 421
1739557840165 1.436447540372157 422
1739557840174 0.5478543199906627 423
1739557840183 0.9310124751543695 424
1739557840192 0.5406188281973566 425
1739557840201 1.8316376570230903 426
1739557840209 1.2273196858289335 427
1739557840218 1.2478219658085588 428
1739557840228 1.072018213349546 429
1739557840237 1.399595879832219 430
1739557840246 1.3811905268051647 431
1739557840254 0.7381922008658686 432
1739557840263 0.8663661503838852 433
1739557840272 0.7627141765933724 434
1739557840280 0.9711887243891861 435
1739557840289 0.7231075925038787 436
1739557840297 0.8435818673327091 437
1739557840306 1.1198967489974685 438
1739557840314 0.8076475116956396 439
1739557840322 0.6801410231430813 440
1739557840331 0.776010256143412 441
1739557840339 1.1098071625061885 442
1739557840347 1.3518741706609072 443
1739557840356 0.9418602809420838 444
1739557840364 0.4571039741898009 445
1739557840373 0.5931065482535335 446
1739557840381 1.01089211233697 447
1739557840390 0.9116458836976177 448
1739557840398 0.9926808973852911 449
1739557840407 0.7070051071199949 450
1739557840416 0.8696817899384013 451
1739557840424 1.534790589058595 452
1739557840433 0.6379688043684713 453
1739557840441 1.1402916833633483 454
1739557840450 0.7745025845907629 455
1739557840458 1.5493397272203155 456
1739557840466 0.8002265999066595 457
1739557840475 0.7652880528355522 458
1739557840484 0.8715760298691965 459
1739557840492 1.092433502477331 460
1739557840500 0.8316594827053327 461
1739557840512 0.5906055878173306 462
1739557840522 0.9314591600249422 463
1739557840531 1.4065671657830672 464
1739557840539 1.2041381850179815 465
1739557840548 0.90235803019378 466
1739557840557 0.7677911621489817 467
1739557840567 0.9659737141453111 468
1739557840576 0.8682058427658511 469
1739557840585 1.1788886502038907 470
1739557840594 0.9054636150503811 471
1739557840603 0.7377213121988911 472
1739557840612 0.9203511336487553 473
1739557840621 0.9376265796675284 474
1739557840629 0.5269977573315099 475
1739557840638 0.7617716037163405 476
1739557840646 0.8368423362675831 477
1739557840654 1.0265531010003563 478
1739557840663 0.7588085547975376 479
1739557840671 0.7502399078491215 480
1739557840680 0.73723608478778 481
1739557840689 0.8528536065264171 482
1739557840697 0.8005622328706786 483
1739557840706 0.7373663553627401 484
1739557840714 1.1076634437607027 485
1739557840723 0.6430614069566196 486
1739557840731 0.6128084379471238 487
1739557840740 0.8352521651322783 488
1739557840748 1.8203605302319057 489
1739557840757 1.130537194727913 490
1739557840765 1.1105932471141664 491
1739557840774 0.9533203588193591 492
1739557840783 2.019426799740319 493
1739557840791 0.5696296719689373 494
1739557840800 0.5398252425247694 495
1739557840808 0.9128314387731088 496
1739557840817 1.4000414768469818 497
1739557840825 1.0613798895175477 498
1739557840833 1.47726624501915 499
