1739617245883 173.23083095104505 0
1739617245903 170.84063241911662 1
1739617245924 170.86501119839616 2
1739617245945 164.14233616204461 3
1739617245964 167.6716729257726 4
1739617245983 167.0999991903808 5
1739617246001 167.92460325017888 6
1739617246020 164.56132357418056 7
1739617246040 157.81790821292554 8
1739617246062 157.22643670244494 9
1739617246082 158.8858684523271 10
1739617246101 158.24493926228658 11
1739617246120 157.36090402018215 12
1739617246139 157.72378486117273 13
1739617246157 155.2722111959134 14
1739617246173 153.55602637930912 15
1739617246189 153.1896214212508 16
1739617246205 153.79290845522746 17
1739617246222 148.46117337457298 18
1739617246238 147.3701766847572 19
1739617246256 148.63454340081603 20
1739617246276 149.34166181901963 21
1739617246297 146.10904158004467 22
1739617246315 146.5036941507092 23
1739617246331 147.04272890275195 24
1739617246348 146.98285703508543 25
1739617246364 142.89578505130882 26
1739617246380 145.27762465439437 27
1739617246396 144.57983280653806 28
1739617246412 140.3661578972419 29
1739617246436 141.777051816155 30
1739617246459 141.30960144793488 31
1739617246480 142.95282699060573 32
1739617246502 135.01920443609524 33
1739617246524 134.97747199152263 34
1739617246545 136.86962059871334 35
1739617246566 136.90237761268494 36
1739617246587 137.6815749585884 37
1739617246608 133.4304201850244 38
1739617246630 133.66857810683902 39
1739617246653 132.87949447521487 40
1739617246674 133.37654045113405 41
1739617246694 132.3599630538434 42
1739617246713 128.17587783318828 43
1739617246734 129.73663149357446 44
1739617246753 126.26030886293134 45
1739617246773 132.29586606506084 46
1739617246793 128.08891643281666 47
1739617246813 126.33468663302962 48
1739617246831 126.35004340139642 49
1739617246849 126.34556859422207 50
1739617246868 126.18752216068418 51
1739617246884 121.40251160356298 52
1739617246900 120.69549859349524 53
1739617246916 122.56891833550262 54
1739617246932 122.52664162838413 55
1739617246948 124.20342567698643 56
1739617246964 119.8509612319348 57
1739617246980 119.4950722289133 58
1739617246996 120.41901341954599 59
1739617247015 121.86261015810223 60
1739617247031 121.07700411972436 61
1739617247048 117.42874932986277 62
1739617247064 118.06413306212066 63
1739617247081 115.1487430988559 64
1739617247102 114.03039584458479 65
1739617247123 115.51409935739267 66
1739617247142 112.30526348253451 67
1739617247159 113.1828706759079 68
1739617247176 116.60717131459363 69
1739617247195 114.82220337913708 70
1739617247301 109.54467050097279 71
1739617247324 112.37291056788314 72
1739617247347 109.84670473543333 73
1739617247368 110.90693607367145 74
1739617247389 108.66076879128197 75
1739617247407 110.16380739341734 76
1739617247426 107.35256997999913 77
1739617247446 108.08919326998733 78
1739617247466 106.04080096636584 79
1739617247486 106.10067119267575 80
1739617247506 110.18874712325507 81
1739617247530 105.7080295148419 82
1739617247552 105.33962021908278 83
1739617247571 101.77130079811732 84
1739617247589 103.04065008631201 85
1739617247610 102.05271116499044 86
1739617247630 101.90829510056261 87
1739617247650 104.47780621098217 88
1739617247669 104.45693287567545 89
1739617247687 99.51018982011509 90
1739617247705 94.10228435760517 91
1739617247723 100.8769128634712 92
1739617247742 97.53919091786044 93
1739617247759 101.72361108014871 94
1739617247777 95.87846031591111 95
1739617247796 97.78823731927807 96
1739617247813 96.8878247551055 97
1739617247831 95.36240095681447 98
1739617247849 91.5153750674602 99
1739617247867 94.52033213030815 100
1739617247885 94.8338297349756 101
1739617247903 93.91278357699319 102
1739617247920 95.66196683383541 103
1739617247938 92.28712384185005 104
1739617247956 92.55321284658764 105
1739617247972 93.20909175823894 106
1739617247988 91.40502371476644 107
1739617248004 89.39644202185207 108
1739617248025 90.13684537400519 109
1739617248042 89.2486532460132 110
1739617248058 86.38740063013154 111
1739617248074 89.13709004660592 112
1739617248090 85.13017465372954 113
1739617248105 87.41735176811642 114
1739617248121 87.27787569231245 115
1739617248138 85.66803375764172 116
1739617248155 88.72434718243424 117
1739617248171 85.8756948534562 118
1739617248186 82.15726887689414 119
1739617248200 84.70101953534326 120
1739617248214 82.29269729445222 121
1739617248229 83.06742753463804 122
1739617248244 85.40816170148284 123
1739617248258 80.3457520577924 124
1739617248272 82.4200086902811 125
1739617248287 83.90360025415688 126
1739617248302 78.42652808830944 127
1739617248316 82.59765293153836 128
1739617248329 79.01731162015766 129
1739617248342 78.73685012826749 130
1739617248355 80.81778431456705 131
1739617248369 78.72533519553195 132
1739617248382 79.65926381845448 133
1739617248396 75.02816988215845 134
1739617248408 82.4669420747595 135
1739617248421 79.58139895980061 136
1739617248434 75.44077411956857 137
1739617248447 77.61865630713561 138
1739617248460 77.53601011560636 139
1739617248473 85.86891877837199 140
1739617248486 77.4745409036725 141
1739617248499 78.45573930664568 142
1739617248512 71.48503165461831 143
1739617248524 78.61664335615392 144
1739617248537 73.49617623335173 145
1739617248550 76.33555505654279 146
1739617248563 74.85519374851253 147
1739617248576 71.22061720575412 148
1739617248588 71.57323423182147 149
1739617248601 73.34041845099746 150
1739617248613 69.39779269842231 151
1739617248625 70.6139072842085 152
1739617248637 70.6025026010137 153
1739617248649 68.8476649921111 154
1739617248661 69.7905092563708 155
1739617248673 66.89504312901556 156
1739617248685 71.971388032007 157
1739617248697 68.56792363974691 158
1739617248709 71.31650131079583 159
1739617248721 71.29333170463313 160
1739617248733 71.10304009310258 161
1739617248745 67.98160293679653 162
1739617248758 64.28151584596232 163
1739617248770 69.68560369624183 164
1739617248782 74.37585958438015 165
1739617248794 64.75905503879544 166
1739617248807 63.7186604520846 167
1739617248820 63.56807671647703 168
1739617248833 68.0021408531776 169
1739617248845 64.73735819533877 170
1739617248857 60.99759198650643 171
1739617248870 60.78016560921307 172
1739617248882 68.6233917772857 173
1739617248895 66.4408059002449 174
1739617248907 63.171422444309385 175
1739617248919 61.82463321417524 176
1739617248931 62.11652470550323 177
1739617248944 59.02259051873072 178
1739617248956 59.342654708736546 179
1739617248970 61.73968200294513 180
1739617248984 58.76555704587024 181
1739617248997 59.81208341515499 182
1739617249009 58.14144549309729 183
1739617249024 59.928921690946154 184
1739617249036 59.741833846141596 185
1739617249048 60.86857883575426 186
1739617249061 56.602090999524634 187
1739617249073 57.99040222274421 188
1739617249086 59.29886881390477 189
1739617249098 60.18031307535403 190
1739617249112 59.9900093706337 191
1739617249124 56.19441593612423 192
1739617249136 58.77537492062502 193
1739617249149 56.37787390735974 194
1739617249161 54.82453364736195 195
1739617249174 47.238751330521005 196
1739617249187 62.521326375768396 197
1739617249201 59.04318866271082 198
1739617249216 50.67050380149332 199
1739617249231 55.14334686395982 200
1739617249246 52.60504178904126 201
1739617249259 57.357297036040165 202
1739617249273 55.03728893756685 203
1739617249286 55.59007522228454 204
1739617249302 53.96950127024053 205
1739617249316 58.47290480297942 206
1739617249330 56.026697226772164 207
1739617249342 52.00215923511953 208
1739617249355 52.56658420419094 209
1739617249368 55.315581010417475 210
1739617249381 50.158962680634794 211
1739617249394 53.957110894057905 212
1739617249407 50.73218856175021 213
1739617249420 52.305985396583466 214
1739617249433 48.698984080499365 215
1739617249445 48.65842809858255 216
1739617249458 55.684713064370904 217
1739617249471 52.303873245086244 218
1739617249483 55.78121476016907 219
1739617249496 52.08597909465377 220
1739617249508 48.778209907555905 221
1739617249522 53.03386818950486 222
1739617249537 51.84462218125009 223
1739617249550 55.163574374626975 224
1739617249565 52.71050667068334 225
1739617249579 46.6801497307345 226
1739617249593 48.41111889276196 227
1739617249608 43.043520995506036 228
1739617249622 47.64396231359187 229
1739617249635 52.285329687480015 230
1739617249648 51.42921296743129 231
1739617249661 49.25985893077256 232
1739617249674 43.63763531632194 233
1739617249687 49.27332013259943 234
1739617249700 44.260558691543295 235
1739617249713 48.4705258641228 236
1739617249726 40.014707455982645 237
1739617249738 49.02008998123817 238
1739617249751 50.64143313344538 239
1739617249763 52.56493690577653 240
1739617249775 50.572662889171305 241
1739617249788 42.931908892848966 242
1739617249802 40.45658113004062 243
1739617249814 44.25138911900043 244
1739617249827 48.684199275352974 245
1739617249840 45.29228661083893 246
1739617249853 41.89251944113946 247
1739617249867 45.688532312942016 248
1739617249885 40.25443792557062 249
1739617249900 50.158585251198836 250
1739617249915 44.60490049060663 251
1739617249930 34.91638951646266 252
1739617249947 47.99410466216677 253
1739617249964 40.46923945101432 254
1739617249983 42.15279753391263 255
1739617250000 43.33502777822964 256
1739617250017 40.77046092662219 257
1739617250034 38.34503061898133 258
1739617250050 42.48886822668184 259
1739617250067 48.20131079380473 260
1739617250088 43.236599761854436 261
1739617250110 37.3952789651878 262
1739617250128 45.84219091563282 263
1739617250144 37.899801236663876 264
1739617250159 38.16648101808425 265
1739617250174 40.73106127270167 266
1739617250188 46.01325580108452 267
1739617250204 39.607112818987574 268
1739617250222 36.15646932830661 269
1739617250241 40.05306580559628 270
1739617250261 44.755859687000964 271
1739617250278 35.73260433830172 272
1739617250295 44.55854856343197 273
1739617250312 47.325716733523215 274
1739617250330 45.41650706212176 275
1739617250348 35.457974677624264 276
1739617250372 35.99455527472569 277
1739617250389 38.330140962594584 278
1739617250406 36.856089034656925 279
1739617250423 28.68034434079056 280
1739617250440 38.61511801881643 281
1739617250454 35.91889416272489 282
1739617250470 35.83854355188809 283
1739617250484 43.8694551605957 284
1739617250499 39.08404966792001 285
1739617250514 36.2906841054693 286
1739617250528 38.723314411801454 287
1739617250543 38.17945176813774 288
1739617250557 38.112559431087504 289
1739617250572 36.88238996718616 290
1739617250586 35.43316737247701 291
1739617250600 38.41087422735599 292
1739617250614 37.04919949533202 293
1739617250630 37.26724656098907 294
1739617250645 33.08391213994869 295
1739617250660 35.49981403761146 296
1739617250675 33.52869291985233 297
1739617250688 33.19984056087701 298
1739617250701 35.096300289962024 299
1739617250714 36.453404056702475 300
1739617250727 32.120135074554064 301
1739617250741 37.122860604509754 302
1739617250754 37.32759356971353 303
1739617250767 34.447418611889304 304
1739617250780 29.78966868190548 305
1739617250793 35.95998750507255 306
1739617250806 33.65108075864288 307
1739617250819 38.98583406153354 308
1739617250831 36.13947650703038 309
1739617250844 34.57908942563885 310
1739617250857 34.540740232766964 311
1739617250870 35.085278349595264 312
1739617250883 40.57710070719764 313
1739617250896 37.559646191281175 314
1739617250909 33.85545278891632 315
1739617250922 29.890849555623657 316
1739617250935 29.327110065033718 317
1739617250948 35.43003446682948 318
1739617250960 34.067682821668136 319
1739617250973 38.013681814038144 320
1739617250986 30.131968813448555 321
1739617250999 30.75948762785903 322
1739617251011 26.415353409465343 323
1739617251023 30.28124331804904 324
1739617251035 39.319170829988956 325
1739617251047 33.615386304059385 326
1739617251059 29.562618641941047 327
1739617251072 35.875897648775045 328
1739617251084 33.385384494966786 329
1739617251097 40.10186193065591 330
1739617251109 33.28864652960399 331
1739617251122 33.53088878527939 332
1739617251135 30.789734255634393 333
1739617251147 27.675923030700915 334
1739617251159 31.696679296481083 335
1739617251172 32.62317805530375 336
1739617251184 32.33745977751503 337
1739617251197 30.160660635486014 338
1739617251211 30.21441468589309 339
1739617251227 27.224273146304025 340
1739617251242 28.852094378706994 341
1739617251258 26.619301262810133 342
1739617251273 27.473285113783266 343
1739617251289 26.43469699452905 344
1739617251305 29.919456916977097 345
1739617251321 27.788036696871494 346
1739617251337 31.26632352767869 347
1739617251352 25.896375504026256 348
1739617251367 29.3161780422731 349
1739617251382 27.623425524360503 350
1739617251399 30.68948529178901 351
1739617251455 23.807549243814037 352
1739617251473 27.649957479478736 353
1739617251491 32.754354772528316 354
1739617251507 28.74841490507422 355
1739617251523 28.43140190723703 356
1739617251539 28.318740078615814 357
1739617251555 31.20232654030585 358
1739617251572 25.636662876030595 359
1739617251588 29.730168491776162 360
1739617251605 28.666846793385997 361
1739617251621 25.911249863179684 362
1739617251637 28.666521007387058 363
1739617251652 31.72797570079409 364
1739617251667 22.101292811553268 365
1739617251681 28.701614796028476 366
1739617251697 32.13841662655058 367
1739617251713 30.094207200684547 368
1739617251730 26.655993494325333 369
1739617251745 36.66757159212339 370
1739617251761 23.938684838390685 371
1739617251777 30.33115818237752 372
1739617251793 26.436343542101568 373
1739617251808 34.93132800700439 374
1739617251824 32.67475678281394 375
1739617251838 28.6662150277452 376
1739617251853 20.08620004663728 377
1739617251867 19.299029358150683 378
1739617251882 27.730799332383118 379
1739617251896 28.51036805334287 380
1739617251911 24.817191768939214 381
1739617251925 28.109742087201973 382
1739617251939 20.096869762026948 383
1739617251952 22.696687777389016 384
1739617251966 25.988810258446858 385
1739617251980 22.386141442427657 386
1739617251993 21.35098423697704 387
1739617252007 33.849917140787944 388
1739617252020 25.654001087893878 389
1739617252035 25.589645135234022 390
1739617252048 22.69919665296562 391
1739617252061 23.777489488498166 392
1739617252075 20.83675306438867 393
1739617252089 30.41312997322746 394
1739617252103 20.70230985562689 395
1739617252116 27.552150304522876 396
1739617252131 28.088481205899008 397
1739617252144 25.538133719159408 398
1739617252157 20.716718838254746 399
1739617252170 29.72118498844502 400
1739617252183 24.834455262507596 401
1739617252196 19.662389414647837 402
1739617252209 23.551427156880703 403
1739617252221 28.38033303783443 404
1739617252234 28.834494873093487 405
1739617252247 27.410555475583124 406
1739617252260 26.35448529187106 407
1739617252273 22.746246781976502 408
1739617252286 24.302788672609985 409
1739617252298 23.288412592135366 410
1739617252311 27.479444632124338 411
1739617252324 23.64141131736783 412
1739617252337 19.256670953292616 413
1739617252350 22.108075421685474 414
1739617252364 22.644006130505932 415
1739617252377 23.918041096829228 416
1739617252390 24.571508936105868 417
1739617252403 21.6890885864822 418
1739617252415 30.247120407091895 419
1739617252427 22.04872802593469 420
1739617252439 25.87221299979328 421
1739617252451 19.852457405288067 422
1739617252464 18.570962656537368 423
1739617252480 20.65066603183725 424
1739617252494 32.37288543742704 425
1739617252507 19.432380394013997 426
1739617252520 24.34243937371014 427
1739617252533 20.509742610700044 428
1739617252546 28.21981933189626 429
1739617252558 22.987757003887538 430
1739617252571 28.619301889387426 431
1739617252584 19.046959841250395 432
1739617252596 21.94010653117805 433
1739617252609 24.05367978921125 434
1739617252621 24.516051351106995 435
1739617252633 28.35043836980051 436
1739617252645 23.835377458293625 437
1739617252658 17.67018931865843 438
1739617252670 22.002053589525687 439
1739617252682 27.932141887108717 440
1739617252694 22.967796762530735 441
1739617252707 18.03470627017325 442
1739617252719 22.447040426279674 443
1739617252733 23.489847982886506 444
1739617252745 25.86232730729193 445
1739617252757 22.802020386759057 446
1739617252769 21.636386215518826 447
1739617252782 24.046492589757516 448
1739617252795 18.560480893510306 449
1739617252807 23.293644718136836 450
1739617252820 19.38177464869465 451
1739617252832 21.94078901044646 452
1739617252845 22.608401503601016 453
1739617252858 22.092855246871746 454
1739617252870 19.552131484923528 455
1739617252883 24.529596898831134 456
1739617252897 19.915059497015807 457
1739617252911 16.542672230317738 458
1739617252925 17.149583908175547 459
1739617252940 20.656407911965285 460
1739617252954 19.74041172211955 461
1739617252968 21.204917881891053 462
1739617252982 21.151804896918712 463
1739617252996 20.609715101667994 464
1739617253009 23.570027845084383 465
1739617253021 18.6971555384256 466
1739617253034 22.466651490221658 467
1739617253047 21.120860667958794 468
1739617253060 24.225863719860463 469
1739617253073 24.78485972725765 470
1739617253086 17.161469417279935 471
1739617253097 18.37425049191406 472
1739617253109 19.4045689366854 473
1739617253122 22.786718105660952 474
1739617253134 20.76555039278611 475
1739617253146 21.023959237969517 476
1739617253159 19.944189667599115 477
1739617253171 19.810608608500928 478
1739617253183 21.95950105402969 479
1739617253196 19.29454540921944 480
1739617253208 22.152192787446378 481
1739617253220 20.09355711631313 482
1739617253233 20.60822708562779 483
1739617253246 14.821017745302122 484
1739617253259 24.72795873644179 485
1739617253272 21.01867738657861 486
1739617253284 21.494313895860923 487
1739617253296 23.946617644903903 488
1739617253309 22.028955635812704 489
1739617253322 23.377149132306187 490
1739617253334 20.37292295181545 491
1739617253346 21.844255950942983 492
1739617253359 22.249555597303868 493
1739617253373 19.362575933977354 494
1739617253388 20.699471201668867 495
1739617253401 20.133044958290203 496
1739617253414 18.130816751810052 497
1739617253426 22.879467964030898 498
1739617253438 23.283096030904325 499
