1739616110189 168.72090282371335 0
1739616110202 168.51549313020521 1
1739616110213 168.35106314141726 2
1739616110225 168.18573545816108 3
1739616110237 168.02057627388498 4
1739616110247 167.85558485934254 5
1739616110258 167.6907610421082 6
1739616110269 167.52610464964434 7
1739616110281 167.3616155095927 8
1739616110292 167.19729344977338 9
1739616110303 167.03313829818515 10
1739616110314 166.86914988300504 11
1739616110325 166.70532803258817 12
1739616110336 166.54167257546754 13
1739616110347 166.378183340354 14
1739616110358 166.21486015613584 15
1739616110370 166.05170285187876 16
1739616110383 165.8887112568257 17
1739616110396 165.7258852003966 18
1739616110408 165.56322451218801 19
1739616110419 165.40072902197346 20
1739616110429 165.23839855970263 21
1739616110440 165.07623295550164 22
1739616110452 164.91423203967258 23
1739616110463 164.75239564269353 24
1739616110474 164.59072359521832 25
1739616110486 164.42921572807612 26
1739616110497 164.26787187227163 27
1739616110509 164.10669185898473 28
1739616110520 163.94567551957013 29
1739616110530 163.78482268555746 30
1739616110542 163.62413318865092 31
1739616110553 163.46360686072924 32
1739616110564 163.3032435338453 33
1739616110575 163.14304304022613 34
1739616110586 162.98300521227264 35
1739616110598 162.8231298825594 36
1739616110608 162.66341688383469 37
1739616110620 162.50386604901988 38
1739616110631 162.3444772112097 39
1739616110642 162.1852502036718 40
1739616110653 162.02618485984678 41
1739616110664 161.86728101334768 42
1739616110675 161.70853849796006 43
1739616110686 161.54995714764186 44
1739616110698 161.391536796523 45
1739616110709 161.23327727890538 46
1739616110720 161.07517842926254 47
1739616110732 160.91724008223974 48
1739616110743 160.7594620726535 49
1739616110754 160.60184423549157 50
1739616110765 160.4443864059127 51
1739616110776 160.2870884192466 52
1739616110787 160.12995011099355 53
1739616110798 159.97297131682427 54
1739616110810 159.81615187258 55
1739616110821 159.65949161427187 56
1739616110831 159.50299037808114 57
1739616110842 159.34664800035878 58
1739616110853 159.19046431762538 59
1739616110864 159.03443916657105 60
1739616110875 158.878572384055 61
1739616110885 158.72286380710557 62
1739616110897 158.56731327292013 63
1739616110908 158.41192061886457 64
1739616110919 158.2566856824735 65
1739616110929 158.1016083014498 66
1739616110941 157.94668831366465 67
1739616110951 157.7919255571571 68
1739616110962 157.63731987013423 69
1739616110972 157.48287109097072 70
1739616110984 157.32857905820873 71
1739616110996 157.17444361055774 72
1739616111007 157.02046458689443 73
1739616111018 156.86664182626254 74
1739616111029 156.7129751678724 75
1739616111041 156.55946445110112 76
1739616111052 156.4061095154922 77
1739616111064 156.25291020075562 78
1739616111076 156.0998663467672 79
1739616111088 155.9469777935688 80
1739616111099 155.79424438136817 81
1739616111113 155.64166595053854 82
1739616111125 155.4892423416185 83
1739616111136 155.33697339531207 84
1739616111147 155.1848589524882 85
1739616111159 155.03289885418084 86
1739616111170 154.88109294158863 87
1739616111180 154.7294410560748 88
1739616111192 154.5779430391669 89
1739616111203 154.4265987325568 90
1739616111214 154.2754079781004 91
1739616111226 154.12437061781742 92
1739616111239 153.9734864938914 93
1739616111251 153.82275544866928 94
1739616111262 153.6721773246616 95
1739616111273 153.52175196454175 96
1739616111285 153.37147921114652 97
1739616111297 153.22135890747526 98
1739616111309 153.07139089669027 99
1739616111320 152.92157502211612 100
1739616111331 152.77191112724 101
1739616111342 152.62239905571107 102
1739616111353 152.47303865134057 103
1739616111364 152.32382975810165 104
1739616111376 152.1747722201291 105
1739616111391 152.02586588171914 106
1739616111404 151.8771105873295 107
1739616111417 151.72850618157892 108
1739616111429 151.58005250924722 109
1739616111441 151.4317494152751 110
1739616111453 151.2835967447639 111
1739616111464 151.13559434297548 112
1739616111475 150.98774205533192 113
1739616111486 150.84003972741573 114
1739616111497 150.69248720496913 115
1739616111509 150.54508433389438 116
1739616111521 150.39783096025332 117
1739616111531 150.25072693026735 118
1739616111542 150.10377209031722 119
1739616111554 149.95696628694282 120
1739616111564 149.81030936684297 121
1739616111575 149.66380117687558 122
1739616111586 149.51744156405695 123
1739616111597 149.371230375562 124
1739616111609 149.2251674587242 125
1739616111620 149.07925266103484 126
1739616111631 148.93348583014355 127
1739616111642 148.78786681385765 128
1739616111654 148.64239546014218 129
1739616111665 148.49707161711964 130
1739616111676 148.35189513307012 131
1739616111687 148.20686585643068 132
1739616111697 148.06198363579546 133
1739616111710 147.9172483199156 134
1739616111722 147.7726597576988 135
1739616111734 147.6282177982094 136
1739616111745 147.48392229066806 137
1739616111756 147.33977308445174 138
1739616111767 147.19577002909338 139
1739616111777 147.05191297428186 140
1739616111789 146.90820176986182 141
1739616111800 146.76463626583342 142
1739616111812 146.62121631235226 143
1739616111823 146.4779417597292 144
1739616111834 146.33481245843004 145
1739616111845 146.1918282590758 146
1739616111857 146.04898901244204 147
1739616111870 145.90629456945905 148
1739616111881 145.76374478121141 149
1739616111916 145.6213394989381 150
1739616111938 145.47907857403226 151
1739616111951 145.33696185804084 152
1739616111963 145.1949892026648 153
1739616111976 145.05316045975852 154
1739616111988 144.91147548133003 155
1739616112000 144.76993411954058 156
1739616112013 144.62853622670465 157
1739616112025 144.48728165528976 158
1739616112036 144.34617025791613 159
1739616112048 144.2052018873568 160
1739616112060 144.06437639653734 161
1739616112071 143.92369363853552 162
1739616112083 143.78315346658155 163
1739616112095 143.64275573405752 164
1739616112108 143.5025002944975 165
1739616112120 143.36238700158734 166
1739616112132 143.2224157091643 167
1739616112143 143.08258627121722 168
1739616112155 142.94289854188614 169
1739616112166 142.80335237546223 170
1739616112178 142.6639476263876 171
1739616112189 142.52468414925505 172
1739616112201 142.38556179880828 173
1739616112213 142.24658042994116 174
1739616112224 142.10773989769805 175
1739616112236 141.9690400572735 176
1739616112247 141.83048076401198 177
1739616112258 141.69206187340782 178
1739616112269 141.55378324110518 179
1739616112280 141.41564472289753 180
1739616112291 141.27764617472792 181
1739616112302 141.1397874526886 182
1739616112313 141.0020684130208 183
1739616112325 140.86448891211478 184
1739616112336 140.72704880650957 185
1739616112346 140.58974795289262 186
1739616112357 140.4525862081001 187
1739616112368 140.3155634291163 188
1739616112379 140.1786794730738 189
1739616112390 140.041934197253 190
1739616112401 139.9053274590823 191
1739616112413 139.76885911613766 192
1739616112424 139.63252902614272 193
1739616112435 139.49633704696836 194
1739616112446 139.36028303663275 195
1739616112456 139.22436685330112 196
1739616112467 139.08858835528562 197
1739616112478 138.9529474010452 198
1739616112490 138.81744384918537 199
1739616112502 138.68207755845816 200
1739616112513 138.54684838776186 201
1739616112524 138.4117561961409 202
1739616112535 138.27680084278583 203
1739616112546 138.14198218703297 204
1739616112557 138.0073000883643 205
1739616112569 137.8727544064074 206
1739616112580 137.7383450009353 207
1739616112591 137.6040717318662 208
1739616112601 137.46993445926347 209
1739616112612 137.33593304333533 210
1739616112623 137.20206734443488 211
1739616112634 137.0683372230598 212
1739616112645 136.93474253985238 213
1739616112656 136.80128315559912 214
1739616112667 136.66795893123074 215
1739616112678 136.5347697278221 216
1739616112689 136.40171540659185 217
1739616112700 136.26879582890243 218
1739616112711 136.1360108562599 219
1739616112722 136.00336035031367 220
1739616112734 135.87084417285658 221
1739616112745 135.73846218582452 222
1739616112756 135.60621425129645 223
1739616112766 135.4741002314941 224
1739616112778 135.34211998878195 225
1739616112789 135.21027338566705 226
1739616112800 135.07856028479884 227
1739616112811 134.94698054896898 228
1739616112823 134.81553404111128 229
1739616112834 134.68422062430156 230
1739616112844 134.55304016175734 231
1739616112855 134.42199251683783 232
1739616112865 134.29107755304386 233
1739616112877 134.16029513401753 234
1739616112888 134.02964512354225 235
1739616112899 133.8991273855424 236
1739616112910 133.7687417840834 237
1739616112922 133.6384881833714 238
1739616112934 133.5083664477532 239
1739616112945 133.378376441716 240
1739616112956 133.24851802988755 241
1739616112966 133.11879107703564 242
1739616112977 132.9891954480682 243
1739616112988 132.85973100803295 244
1739616112999 132.7303976221175 245
1739616113010 132.60119515564904 246
1739616113022 132.47212347409425 247
1739616113033 132.34318244305905 248
1739616113046 132.21437192828864 249
1739616113064 132.08569179566723 250
1739616113077 131.9571419112179 251
1739616113090 131.82872214110256 252
1739616113102 131.70043235162154 253
1739616113116 131.57227240921392 254
1739616113127 131.4442421804568 255
1739616113139 131.31634153206565 256
1739616113150 131.1885703308939 257
1739616113161 131.06092844393285 258
1739616113172 130.9334157383116 259
1739616113185 130.8060320812968 260
1739616113197 130.67877734029256 261
1739616113209 130.55165138284033 262
1739616113221 130.4246540766187 263
1739616113232 130.29778528944334 264
1739616113244 130.17104488926677 265
1739616113257 130.04443274417824 266
1739616113268 129.91794872240362 267
1739616113278 129.79159269230522 268
1739616113289 129.6653645223817 269
1739616113300 129.5392640812679 270
1739616113311 129.41329123773465 271
1739616113324 129.28744586068865 272
1739616113337 129.16172781917248 273
1739616113348 129.0361369823642 274
1739616113360 128.91067321957746 275
1739616113371 128.78533640026106 276
1739616113382 128.66012639399915 277
1739616113393 128.53504307051088 278
1739616113404 128.41008629965026 279
1739616113415 128.28525595140613 280
1739616113428 128.16055189590196 281
1739616113439 128.0359740033956 282
1739616113450 127.91152214427942 283
1739616113461 127.78719618907984 284
1739616113472 127.6629960084574 285
1739616113482 127.53892147320661 286
1739616113493 127.41497245425573 287
1739616113504 127.29114882266667 288
1739616113516 127.16745044963486 289
1739616113528 127.04387720648907 290
1739616113540 126.92042896469137 291
1739616113551 126.79710559583687 292
1739616113561 126.67390697165365 293
1739616113572 126.55083296400264 294
1739616113584 126.42788344487737 295
1739616113595 126.30505828640402 296
1739616113605 126.18235736084107 297
1739616113616 126.05978054057933 298
1739616113628 125.93732769814171 299
1739616113639 125.81499870618318 300
1739616113650 125.69279343749044 301
1739616113660 125.57071176498201 302
1739616113671 125.44875356170796 303
1739616113681 125.32691870084979 304
1739616113692 125.20520705572031 305
1739616113703 125.08361849976356 306
1739616113714 124.96215290655454 307
1739616113725 124.84081014979914 308
1739616113736 124.71959010333406 309
1739616113747 124.59849264112663 310
1739616113758 124.47751763727463 311
1739616113769 124.3566649660062 312
1739616113780 124.23593450167976 313
1739616113791 124.11532611878373 314
1739616113802 123.99483969193652 315
1739616113813 123.87447509588637 316
1739616113824 123.75423220551117 317
1739616113834 123.63411089581834 318
1739616113846 123.51411104194473 319
1739616113857 123.3942325191565 320
1739616113868 123.27447520284886 321
1739616113879 123.15483896854613 322
1739616113889 123.03532369190144 323
1739616113900 122.91592924869666 324
1739616113911 122.79665551484227 325
1739616113921 122.67750236637723 326
1739616113932 122.55846967946881 327
1739616113944 122.43955733041255 328
1739616113955 122.32076519563195 329
1739616113965 122.20209315167854 330
1739616113978 122.08354107523165 331
1739616113990 121.96510884309819 332
1739616114001 121.84679633221273 333
1739616114013 121.72860341963714 334
1739616114025 121.61052998256066 335
1739616114036 121.49257589829958 336
1739616114048 121.37474104429728 337
1739616114059 121.25702529812392 338
1739616114070 121.13942853747649 339
1739616114080 121.02195064017856 340
1739616114092 120.9045914841802 341
1739616114103 120.78735094755783 342
1739616114116 120.670228908514 343
1739616114127 120.5532252453775 344
1739616114139 120.43633983660294 345
1739616114150 120.31957256077087 346
1739616114160 120.2029232965874 347
1739616114171 120.08639192288435 348
1739616114182 119.96997831861886 349
1739616114192 119.85368236287344 350
1739616114203 119.73750393485572 351
1739616114214 119.62144291389845 352
1739616114225 119.5054991794592 353
1739616114237 119.38967261112039 354
1739616114248 119.27396308858901 355
1739616114259 119.15837049169673 356
1739616114271 119.04289470039946 357
1739616114281 118.92753559477744 358
1739616114292 118.81229305503503 359
1739616114304 118.69716696150061 360
1739616114314 118.58215719462643 361
1739616114325 118.46726363498848 362
1739616114337 118.3524861632864 363
1739616114348 118.23782466034328 364
1739616114359 118.12327900710561 365
1739616114370 118.00884908464307 366
1739616114381 117.89453477414853 367
1739616114391 117.7803359569377 368
1739616114402 117.66625251444934 369
1739616114413 117.5522843282447 370
1739616114423 117.43843128000783 371
1739616114435 117.3246932515451 372
1739616114446 117.21107012478535 373
1739616114458 117.0975617817795 374
1739616114469 116.9841681047007 375
1739616114479 116.87088897584393 376
1739616114490 116.75772427762605 377
1739616114501 116.64467389258569 378
1739616114512 116.53173770338293 379
1739616114523 116.41891559279945 380
1739616114534 116.30620744373815 381
1739616114546 116.19361313922316 382
1739616114557 116.08113256239972 383
1739616114568 115.96876559653397 384
1739616114579 115.85651212501288 385
1739616114589 115.74437203134416 386
1739616114600 115.63234519915606 387
1739616114611 115.52043151219728 388
1739616114622 115.40863085433686 389
1739616114633 115.29694310956398 390
1739616114644 115.18536816198797 391
1739616114655 115.0739058958381 392
1739616114667 114.96255619546335 393
1739616114678 114.85131894533257 394
1739616114689 114.74019403003405 395
1739616114700 114.62918133427557 396
1739616114711 114.51828074288424 397
1739616114721 114.40749214080643 398
1739616114732 114.29681541310745 399
1739616114744 114.18625044497172 400
1739616114755 114.07579712170232 401
1739616114765 113.9654553287212 402
1739616114776 113.85522495156883 403
1739616114787 113.74510587590407 404
1739616114798 113.63509798750424 405
1739616114809 113.52520117226476 406
1739616114820 113.41541531619922 407
1739616114830 113.30574030543916 408
1739616114842 113.19617602623394 409
1739616114853 113.08672236495066 410
1739616114864 112.97737920807404 411
1739616114874 112.86814644220621 412
1739616114885 112.75902395406678 413
1739616114896 112.65001163049244 414
1739616114907 112.54110935843713 415
1739616114918 112.43231702497165 416
1739616114928 112.32363451728382 417
1739616114940 112.21506172267809 418
1739616114950 112.10659852857556 419
1739616114961 111.9982448225139 420
1739616114971 111.89000049214704 421
1739616114982 111.78186542524533 422
1739616114993 111.67383950969509 423
1739616115004 111.5659226334988 424
1739616115015 111.4581146847748 425
1739616115026 111.35041555175718 426
1739616115037 111.24282512279572 427
1739616115048 111.1353432863557 428
1739616115060 111.02796993101792 429
1739616115071 110.92070494547832 430
1739616115081 110.81354821854818 431
1739616115092 110.70649963915372 432
1739616115103 110.59955909633622 433
1739616115114 110.49272647925163 434
1739616115126 110.38600167717073 435
1739616115137 110.27938457947883 436
1739616115147 110.17287507567569 437
1739616115159 110.06647305537547 438
1739616115170 109.96017840830649 439
1739616115181 109.85399102431121 440
1739616115192 109.74791079334611 441
1739616115203 109.64193760548147 442
1739616115214 109.53607135090138 443
1739616115225 109.43031191990349 444
1739616115235 109.32465920289908 445
1739616115246 109.2191130904127 446
1739616115258 109.11367347308232 447
1739616115270 109.00834024165893 448
1739616115281 108.90311328700666 449
1739616115294 108.79799250010251 450
1739616115306 108.69297777203631 451
1739616115317 108.58806899401064 452
1739616115328 108.48326605734056 453
1739616115339 108.3785688534536 454
1739616115350 108.27397727388971 455
1739616115361 108.16949121030102 456
1739616115372 108.0651105544517 457
1739616115384 107.96083519821805 458
1739616115395 107.85666503358809 459
1739616115406 107.75259995266173 460
1739616115417 107.64863984765041 461
1739616115427 107.54478461087726 462
1739616115438 107.44103413477661 463
1739616115449 107.33738831189424 464
1739616115461 107.23384703488703 465
1739616115472 107.130410196523 466
1739616115483 107.02707768968102 467
1739616115494 106.92384940735086 468
1739616115504 106.820725242633 469
1739616115515 106.71770508873848 470
1739616115526 106.61478883898889 471
1739616115536 106.51197638681617 472
1739616115547 106.40926762576248 473
1739616115559 106.30666244948019 474
1739616115570 106.20416075173162 475
1739616115581 106.10176242638906 476
1739616115591 105.9994673674346 477
1739616115602 105.89727546896 478
1739616115613 105.7951866251666 479
1739616115623 105.69320073036516 480
1739616115634 105.59131767897587 481
1739616115645 105.48953736552807 482
1739616115657 105.38785968466024 483
1739616115669 105.28628453111988 484
1739616115679 105.18481179976337 485
1739616115690 105.08344138555589 486
1739616115701 104.98217318357122 487
1739616115711 104.88100708899178 488
1739616115722 104.77994299710835 489
1739616115733 104.67898080332009 490
1739616115744 104.57812040313435 491
1739616115756 104.4773616921666 492
1739616115767 104.37670456614028 493
1739616115778 104.27614892088665 494
1739616115789 104.17569465234489 495
1739616115800 104.07534165656166 496
1739616115811 103.9750898296913 497
1739616115822 103.87493906799547 498
1739616115832 103.7748892678432 499
