1739556526928 169.2123512294586 0
1739556526936 169.19905339577312 1
1739556526946 169.18585799652865 2
1739556526955 169.1726637422011 3
1739556526965 169.15947070798234 4
1739556526974 169.14627881846488 5
1739556526983 169.13308814883607 6
1739556526992 169.11989862369302 7
1739556527001 169.10671031821855 8
1739556527011 169.09352315701423 9
1739556527020 169.08033721525848 10
1739556527030 169.06715241755745 11
1739556527039 169.05396883908492 12
1739556527048 169.04078640445167 13
1739556527057 169.02760518882695 14
1739556527065 169.0144251168261 15
1739556527075 169.00124626361392 16
1739556527085 168.9880685538102 17
1739556527097 168.9748920625752 18
1739556527106 168.9617167145334 19
1739556527116 168.9485425848405 20
1739556527127 168.9353695981255 21
1739556527137 168.92219782953958 22
1739556527147 168.9090272037163 23
1739556527157 168.89585779580236 24
1739556527167 168.8826895304359 25
1739556527176 168.869522482759 26
1739556527186 168.8563565774144 27
1739556527195 168.8431918895397 28
1739556527205 168.8300283814019 29
1739556527215 168.81686601527366 30
1739556527224 168.8037048662859 31
1739556527233 168.7905448590927 32
1739556527243 168.77738606882042 33
1739556527251 168.76422842012764 34
1739556527261 168.7510719881363 35
1739556527270 168.7379166975094 36
1739556527279 168.72476262336443 37
1739556527288 168.71160969036907 38
1739556527298 168.69845797363615 39
1739556527307 168.68530739783787 40
1739556527317 168.67215803808267 41
1739556527326 168.65900981904727 42
1739556527335 168.64586281583553 43
1739556527344 168.63271695312878 44
1739556527353 168.61957230602636 45
1739556527363 168.60642879921414 46
1739556527371 168.59328650778696 47
1739556527380 168.58014535643528 48
1739556527389 168.56700542024936 49
1739556527397 168.5538666239242 50
1739556527406 168.54072904254568 51
1739556527414 168.5275926008132 52
1739556527423 168.5144573738082 53
1739556527432 168.50132328623468 54
1739556527441 168.48819041316938 55
1739556527450 168.47505871691015 56
1739556527459 168.46192815976056 57
1739556527468 168.44879881679066 58
1739556527477 168.43567061271585 59
1739556527486 168.4225436226017 60
1739556527495 168.40941777116817 61
1739556527503 168.39629313347632 62
1739556527513 168.38316963425066 63
1739556527521 168.37004734854773 64
1739556527530 168.3569262010966 65
1739556527540 168.34380626694926 66
1739556527549 168.33068747083937 67
1739556527557 168.31756988781444 68
1739556527566 168.30445344261267 69
1739556527575 168.291338210277 70
1739556527584 168.2782241155502 71
1739556527594 168.26511123347072 72
1739556527602 168.25199948878586 73
1739556527611 168.23888895652962 74
1739556527620 168.22577956145375 75
1739556527629 168.21267137858788 76
1739556527637 168.1995643326882 77
1739556527647 168.18645849877979 78
1739556527655 168.1733538016235 79
1739556527664 168.16025031623988 80
1739556527673 168.14714800495517 81
1739556527682 168.13404683010148 82
1739556527691 168.1209468666926 83
1739556527699 168.10784803950068 84
1739556527711 168.09475042353512 85
1739556527720 168.08165394357258 86
1739556527728 168.0685586746178 87
1739556527737 168.05546454145215 88
1739556527746 168.04237161907585 89
1739556527754 168.02927983227477 90
1739556527763 168.01618925604467 91
1739556527772 168.0030998151759 92
1739556527781 167.99001158465975 93
1739556527789 167.97692448929118 94
1739556527798 167.96383860405692 95
1739556527807 167.95075385375637 96
1739556527816 167.9376703133719 97
1739556527825 167.9245879077074 98
1739556527834 167.9115067117408 99
1739556527843 167.89842665028047 100
1739556527851 167.88534779829973 101
1739556527860 167.87227008061166 102
1739556527869 167.85919357218515 103
1739556527878 167.8461181978376 104
1739556527887 167.8330440325335 105
1739556527896 167.81997100109479 106
1739556527905 167.80689917848142 107
1739556527914 167.79382852705035 108
1739556527922 167.78075900916448 109
1739556527931 167.7676906997769 110
1739556527941 167.75462352372102 111
1739556527950 167.74155755594543 112
1739556527958 167.72849272128815 113
1739556527967 167.7154290946932 114
1739556527976 167.70236660100318 115
1739556527985 167.6893053151576 116
1739556527993 167.67624516200362 117
1739556528002 167.66318621647622 118
1739556528011 167.65012840342706 119
1739556528019 167.63707179778677 120
1739556528029 167.6240163244114 121
1739556528038 167.61096205822713 122
1739556528047 167.59790892409453 123
1739556528056 167.58485699693526 124
1739556528065 167.57180620161455 125
1739556528073 167.55875661304947 126
1739556528082 167.54570815610978 127
1739556528092 167.53266090570813 128
1739556528100 167.5196147867187 129
1739556528109 167.50656987404972 130
1739556528117 167.49352609257986 131
1739556528129 167.48048351721292 132
1739556528167 167.46744207283209 133
1739556528183 167.4544018343366 134
1739556528193 167.4413627641142 135
1739556528203 167.42832482455844 136
1739556528213 167.4152880905618 137
1739556528222 167.40225248701896 138
1739556528233 167.38921808881778 139
1739556528243 167.37618482085742 140
1739556528253 167.3631527580214 141
1739556528263 167.35012182521342 142
1739556528272 167.3370920973124 143
1739556528281 167.32406349922653 144
1739556528291 167.31103610583037 145
1739556528300 167.29800984203658 146
1739556528309 167.28498478271524 147
1739556528319 167.27196085278356 148
1739556528328 167.2589381271071 149
1739556528337 167.24591653060762 150
1739556528347 167.23289613814615 151
1739556528356 167.21987687464903 152
1739556528365 167.20685881497275 153
1739556528374 167.19384188404825 154
1739556528383 167.1808261567275 155
1739556528393 167.16781155794592 156
1739556528402 167.15479816255103 157
1739556528411 167.14178589548277 158
1739556528421 167.1287748315842 159
1739556528430 167.11576489579983 160
1739556528439 167.1027561629681 161
1739556528449 167.0897485955076 162
1739556528458 167.0767421558425 163
1739556528467 167.0637369188048 164
1739556528477 167.05073280935014 165
1739556528486 167.03772990230593 166
1739556528495 167.02472812263247 167
1739556528504 167.01172754515258 168
1739556528513 166.9987280948311 169
1739556528522 166.9857298464865 170
1739556528531 166.97273272508798 171
1739556528540 166.95973680544958 172
1739556528550 166.94674201254506 173
1739556528559 166.9337484211839 174
1739556528568 166.92075595634444 175
1739556528577 166.90776469283165 176
1739556528586 166.8947745556284 177
1739556528595 166.88178561953524 178
1739556528604 166.86879780953944 179
1739556528613 166.8558112004372 180
1739556528622 166.84282571722022 181
1739556528631 166.8298414346802 182
1739556528641 166.8168582778135 183
1739556528651 166.8038763214072 184
1739556528661 166.79089549046216 185
1739556528670 166.77791585976107 186
1739556528679 166.7649373543094 187
1739556528689 166.75196004888522 188
1739556528698 166.7389839059376 189
1739556528707 166.72600888792147 190
1739556528720 166.71303506960828 191
1739556528730 166.70006237601476 192
1739556528739 166.6870908819078 193
1739556528749 166.67412051230872 194
1739556528758 166.66115134197992 195
1739556528767 166.64818329594718 196
1739556528775 166.63521644896846 197
1739556528784 166.62225072607407 198
1739556528794 166.60928620201756 199
1739556528802 166.59632280183365 200
1739556528812 166.5833606002714 201
1739556528820 166.57039952237017 202
1739556528829 166.5574396428744 203
1739556528837 166.544480886828 204
1739556528847 166.53152332897108 205
1739556528856 166.51856689435195 206
1739556528864 166.50561165770617 207
1739556528873 166.49265754408665 208
1739556528882 166.47970462822454 209
1739556528891 166.46675283517715 210
1739556528899 166.45380223967115 211
1739556528908 166.44085276676847 212
1739556528917 166.4279044911913 213
1739556528925 166.41495733800596 214
1739556528934 166.4020113819302 215
1739556528943 166.38906658544377 216
1739556528952 166.37612291103216 217
1739556528961 166.36318043340634 218
1739556528970 166.3502390776441 219
1739556528979 166.33729891845184 220
1739556528988 166.32435988091177 221
1739556528997 166.3114220397261 222
1739556529005 166.29848531998132 223
1739556529014 166.28554979637522 224
1739556529022 166.27261539399882 225
1739556529031 166.25968218754534 226
1739556529041 166.24675010211055 227
1739556529050 166.233819212383 228
1739556529059 166.22088944346297 229
1739556529067 166.20796087003458 230
1739556529076 166.19503341720272 231
1739556529085 166.18210715964693 232
1739556529095 166.16918202247658 233
1739556529103 166.15625808036685 234
1739556529113 166.1433352584315 235
1739556529122 166.1304136313413 236
1739556529130 166.11749312421455 237
1739556529139 166.10457381171753 238
1739556529147 166.09165561897305 239
1739556529157 166.07873862064287 240
1739556529166 166.0658227792351 241
1739556529175 166.05290805726347 242
1739556529185 166.03999452938325 243
1739556529193 166.02708212072838 244
1739556529202 166.01417090594958 245
1739556529213 166.00126081018536 246
1739556529224 165.98835190808194 247
1739556529233 165.9754441247824 248
1739556529242 165.96253753492843 249
1739556529251 165.9496320636676 250
1739556529261 165.93672778563717 251
1739556529270 165.92382462598934 252
1739556529279 165.91092265935671 253
1739556529289 165.89802181089595 254
1739556529298 165.88512215523545 255
1739556529307 165.87222361753618 256
1739556529317 165.85932627242207 257
1739556529326 165.84643004505872 258
1739556529335 165.83353501006553 259
1739556529344 165.82064109261253 260
1739556529353 165.80774836731476 261
1739556529362 165.79485675934671 262
1739556529371 165.78196634331894 263
1739556529380 165.76907704441047 264
1739556529389 165.75618893722742 265
1739556529397 165.74330194695327 266
1739556529406 165.7304161481897 267
1739556529415 165.7175315034752 268
1739556529424 165.7046479753541 269
1739556529432 165.6917656384213 270
1739556529441 165.6788844178717 271
1739556529450 165.66600438829568 272
1739556529459 165.6531254748925 273
1739556529468 165.64024775224829 274
1739556529477 165.62737114556668 275
1739556529486 165.6144957294293 276
1739556529494 165.60162142904446 277
1739556529503 165.58874831898916 278
1739556529512 165.57587632447627 279
1739556529520 165.5630055200784 280
1739556529529 165.5501358310128 281
1739556529538 165.5372673318476 282
1739556529547 165.52439994780474 283
1739556529556 165.5115337534477 284
1739556529565 165.498668674003 285
1739556529574 165.48580478402965 286
1739556529583 165.47294200875865 287
1739556529592 165.46008042274465 288
1739556529601 165.447219951223 289
1739556529610 165.43436066874395 290
1739556529618 165.42150250054735 291
1739556529627 165.40864552117904 292
1739556529636 165.39578965588333 293
1739556529645 165.3829349792016 294
1739556529654 165.3700814537029 295
1739556529663 165.35722904196206 296
1739556529672 165.34437781851383 297
1739556529681 165.33152770861366 298
1739556529691 165.31867878679196 299
1739556529699 165.30583097830868 300
1739556529708 165.29298435768953 301
1739556529719 165.28013885019917 302
1739556529727 165.26729453035887 303
1739556529735 165.25445132343765 304
1739556529744 165.2416093039524 305
1739556529753 165.2287683971767 306
1739556529762 165.2159286776229 307
1739556529771 165.2030900705691 308
1739556529780 165.19025265052312 309
1739556529789 165.17741634276763 310
1739556529798 165.1645812218061 311
1739556529807 165.1517472129255 312
1739556529816 165.1389143906249 313
1739556529825 165.12608268019582 314
1739556529833 165.11325215613292 315
1739556529842 165.10042274373208 316
1739556529850 165.0875945174835 317
1739556529859 165.07476740268768 318
1739556529868 165.06194147383033 319
1739556529877 165.0491166562164 320
1739556529887 165.03629302432716 321
1739556529896 165.02347054076213 322
1739556529904 165.0106491681266 323
1739556529914 164.9978289808952 324
1739556529922 164.98500990438407 325
1739556529931 164.97219201306342 326
1739556529940 164.9593752322538 327
1739556529949 164.94655963642103 328
1739556529958 164.93374515089016 329
1739556529967 164.9209318501226 330
1739556529976 164.90811965944783 331
1739556529984 164.89530865332273 332
1739556529994 164.8824987570814 333
1739556530003 164.86969004517624 334
1739556530012 164.8568824429458 335
1739556530020 164.84407602483807 336
1739556530029 164.8312707161961 337
1739556530037 164.8184665914634 338
1739556530047 164.80566357598744 339
1739556530056 164.79286174420736 340
1739556530066 164.78006102147518 341
1739556530075 164.7672614822255 342
1739556530084 164.7544630518149 343
1739556530093 164.7416658046734 344
1739556530102 164.72886966616213 345
1739556530111 164.7160747107068 346
1739556530120 164.70328086367283 347
1739556530128 164.69048819948154 348
1739556530137 164.67769668076286 349
1739556530145 164.66490627015244 350
1739556530154 164.65211704206493 351
1739556530163 164.63932892187702 352
1739556530172 164.6265419839989 353
1739556530181 164.61375615381166 354
1739556530190 164.6009715057211 355
1739556530199 164.58818796511287 356
1739556530208 164.57540560638827 357
1739556530216 164.56262435493736 358
1739556530226 164.54984428515712 359
1739556530235 164.53706532244203 360
1739556530244 164.52428754118452 361
1739556530252 164.51151086678377 362
1739556530261 164.49873537362765 363
1739556530269 164.48596098711988 364
1739556530279 164.47318778164382 365
1739556530289 164.46041568260762 366
1739556530298 164.44764476439025 367
1739556530307 164.43487495240444 368
1739556530316 164.42210632102464 369
1739556530324 164.409338795668 370
1739556530333 164.39657245070464 371
1739556530342 164.3838072115561 372
1739556530351 164.3710431525881 373
1739556530360 164.3582801992267 374
1739556530368 164.34551842583315 375
1739556530378 164.33275779506778 376
1739556530388 164.31999826959662 377
1739556530397 164.30723992377435 378
1739556530406 164.29448268303813 379
1739556530414 164.28172662173822 380
1739556530423 164.26897166531626 381
1739556530432 164.256217888118 382
1739556530440 164.2434652155896 383
1739556530448 164.23071372207235 384
1739556530457 164.21796333301694 385
1739556530466 164.20521412276028 386
1739556530475 164.1924660167574 387
1739556530485 164.1797190893408 388
1739556530494 164.16697326597003 389
1739556530502 164.1542286209731 390
1739556530511 164.1414850798141 391
1739556530519 164.12874271681656 392
1739556530528 164.11600145744904 393
1739556530536 164.10326137603073 394
1739556530546 164.09052239803455 395
1739556530554 164.07778459777523 396
1739556530564 164.0650479007303 397
1739556530573 164.05231238121 398
1739556530582 164.03957796469626 399
1739556530591 164.02684472549493 400
1739556530600 164.01411258909246 401
1739556530608 164.00138162979025 402
1739556530617 163.98865181027892 403
1739556530625 163.97592309325495 404
1739556530634 163.963195553013 405
1739556530643 163.95046911505077 406
1739556530652 163.93774385365853 407
1739556530662 163.9250196943384 408
1739556530671 163.9122967113762 409
1739556530680 163.89957483027854 410
1739556530689 163.88685412532686 411
1739556530698 163.8741345220322 412
1739556530707 163.86141609467157 413
1739556530715 163.8486987687604 414
1739556530726 163.83598261857142 415
1739556530734 163.8232675696245 416
1739556530742 163.81055369618784 417
1739556530751 163.7978409237858 418
1739556530759 163.7851293266823 419
1739556530768 163.77241883040602 420
1739556530777 163.75970950921635 421
1739556530785 163.74700128864666 422
1739556530795 163.73429424295193 423
1739556530804 163.72158829766983 424
1739556530813 163.7088835270509 425
1739556530821 163.6961798566374 426
1739556530830 163.68347736067537 427
1739556530839 163.6707759647116 428
1739556530847 163.65807574298765 429
1739556530856 163.64537665822454 430
1739556530865 163.63267867314892 431
1739556530874 163.61998186199574 432
1739556530882 163.60728615032298 433
1739556530892 163.5945916123611 434
1739556530901 163.58189817367258 435
1739556530910 163.56920590848344 436
1739556530920 163.55651474236063 437
1739556530928 163.5438247495258 438
1739556530936 163.53113585555022 439
1739556530945 163.51844813465118 440
1739556530954 163.50576151240455 441
1739556530963 163.49307606302304 442
1739556530971 163.4803917120869 443
1739556530980 163.46770853380465 444
1739556530988 163.45502645376092 445
1739556530998 163.44234554615971 446
1739556531007 163.42966573659024 447
1739556531016 163.416987099252 448
1739556531025 163.40430955973864 449
1739556531033 163.39163319224534 450
1739556531042 163.37895792237018 451
1739556531051 163.36628382430388 452
1739556531060 163.35361082364898 453
1739556531069 163.3409389945918 454
1739556531077 163.32826826273936 455
1739556531086 163.31559870227352 456
1739556531095 163.30293027594553 457
1739556531104 163.29026294651229 458
1739556531113 163.27759678814905 459
1739556531122 163.26493172647403 460
1739556531130 163.25226783565805 461
1739556531139 163.23960504132364 462
1739556531147 163.22694341763736 463
1739556531156 163.21428289022617 464
1739556531165 163.2016235332521 465
1739556531173 163.1889652723467 466
1739556531182 163.17630818166757 467
1739556531191 163.1636521868506 468
1739556531201 163.15099736204905 469
1739556531210 163.13834363290337 470
1739556531219 163.12569107356222 471
1739556531227 163.11303960967055 472
1739556531235 163.10038931537267 473
1739556531244 163.08774011631803 474
1739556531252 163.0750920866464 475
1739556531262 163.0624451520117 476
1739556531270 163.04979938654932 477
1739556531278 163.03715471591764 478
1739556531287 163.02451121424764 479
1739556531297 163.01186880720215 480
1739556531306 162.9992275689077 481
1739556531316 162.98658742503162 482
1739556531324 162.97394844969602 483
1739556531335 162.96131060568243 484
1739556531346 162.94867385577788 485
1739556531355 162.93603827409814 486
1739556531365 162.92340378632142 487
1739556531374 162.91077046655903 488
1739556531383 162.8981382404936 489
1739556531393 162.88550718223206 490
1739556531402 162.87287721746154 491
1739556531412 162.8602484202844 492
1739556531421 162.8476207163924 493
1739556531430 162.8349941798835 494
1739556531439 162.82236873645374 495
1739556531449 162.80974446019678 496
1739556531459 162.79712127681313 497
1739556531467 162.78449926039195 498
1739556531476 162.77187833663822 499
