1739553665020 44.25051253298761 0
1739553665029 18.099745631396114 1
1739553665037 9.58232428511072 2
1739553665047 7.155500462928319 3
1739553665057 7.342183800661044 4
1739553665065 7.343940472120494 5
1739553665072 5.054179264029997 6
1739553665080 5.130288306641791 7
1739553665088 5.598512067228704 8
1739553665095 6.774007091702731 9
1739553665102 4.978491570313811 10
1739553665111 6.035798272982527 11
1739553665119 6.04355077536156 12
1739553665127 5.793958127604053 13
1739553665134 6.488203502268571 14
1739553665143 5.313175248634173 15
1739553665152 5.849063559186974 16
1739553665160 5.538048995004402 17
1739553665168 5.874855024451657 18
1739553665175 4.625163902313907 19
1739553665186 5.157977944686206 20
1739553665195 5.059979063606029 21
1739553665205 4.822059937590433 22
1739553665247 5.305321636486903 23
1739553665258 5.277444461808036 24
1739553665267 5.263187924708912 25
1739553665279 6.302028209788169 26
1739553665289 5.236958736421087 27
1739553665300 5.824805431757738 28
1739553665312 5.747332701079236 29
1739553665322 4.993136255049987 30
1739553665331 6.23531057085873 31
1739553665341 4.899779504968173 32
1739553665351 5.536062861423422 33
1739553665360 5.739589851142561 34
1739553665368 6.501401673424325 35
1739553665380 6.277046752266474 36
