1739613743670 98.5321844574657 0
1739613743707 73.63693217686009 1
1739613743746 64.30479837975047 2
1739613743783 33.1907382577842 3
1739613743820 27.358666264370868 4
1739613743857 24.37687905308879 5
1739613743895 18.521235048756846 6
1739613743933 13.503602857156183 7
1739613743970 9.727916729309829 8
1739613744008 7.725745457437965 9
1739613744046 3.6331339742456272 10
1739613744084 2.376226824205208 11
1739613744124 0.5597551709769489 12
1739613744166 0.5429275374906251 13
1739613744251 0.34023225742828356 14
1739613744289 1.4219175692526456 15
1739613744326 0.5225754556746843 16
1739613744362 1.0527183271849707 17
1739613744397 0.5154373528675683 18
1739613744432 0.09214616312558212 19
1739613744468 0.8175345977274905 20
1739613744505 0.4037066699997586 21
1739613744542 0.03423170982420388 22
1739613744587 0.5599051527692199 23
1739613744628 1.9656399081868583 24
1739613744669 0.053548241622253336 25
1739613744712 0.48689893013687113 26
1739613744749 3.35073301727111e-05 27
1739613744784 0.36857482153615534 28
1739613744819 0.19669265539920688 29
1739613744855 0.00151685855656228 30
1739613744892 0.35319602985687004 31
1739613744930 1.5802815093260956 32
1739613744968 0.14503343517398928 33
1739613745009 0.06609214530424454 34
1739613745053 0.011452618687308612 35
1739613745089 0.17017838001219437 36
1739613745124 0.0172982848622881 37
1739613745160 0.0005879464360016947 38
1739613745197 0.13474682996097778 39
1739613745232 0.4830587212091158 40
1739613745267 0.008485184446392527 41
1739613745302 0.49410713718939947 42
1739613745342 0.3315222890362516 43
1739613745383 2.2169923932617865 44
1739613745422 1.2706376396939663 45
1739613745458 0.3953378010357799 46
1739613745493 0.7588474188110375 47
1739613745528 1.6258287856095033 48
1739613745563 0.10389350902363824 49
