1739554398755 104.6889400648962 0
1739554398796 88.15502273206444 1
1739554398831 67.04917934084123 2
1739554398878 37.949788642426896 3
1739554398913 33.883295581377766 4
1739554398958 15.036056582282923 5
1739554398992 14.262919898318804 6
1739554399025 9.114539013499842 7
1739554399057 8.161215959116106 8
1739554399090 5.981549592890208 9
1739554399123 2.2740060054362536 10
1739554399155 1.0156512183214383 11
1739554399189 2.625602106365091 12
1739554399221 18.09985868629338 13
1739554399253 2.349563476177058 14
1739554399286 0.04069481297172237 15
1739554399318 0.7280928412925269 16
1739554399350 0.12379478851037384 17
1739554399383 0.20878868152760213 18
1739554399415 4.547041276276405 19
1739554399447 0.865743104129526 20
1739554399480 3.5385389656718162 21
1739554399512 0.06209976353770763 22
1739554399544 0.852749979565474 23
1739554399576 0.0011673044701230205 24
1739554399608 0.0701086378216673 25
1739554399641 9.910887005307814 26
1739554399673 0.03889124899891542 27
1739554399706 0.15064953954170704 28
1739554399738 0.008747739822587874 29
1739554399770 3.008877703893288 30
1739554399802 0.44973557327951574 31
1739554399835 0.042884869874525916 32
1739554399867 1.9544950367113578 33
1739554399901 0.669413938799578 34
1739554399933 0.43307101010728666 35
1739554399996 0.024291412509501547 36
1739554400029 1.9702763328217518e-05 37
1739554400062 2.736203953071936 38
1739554400095 0.003849723381765333 39
1739554400130 1.0467700601783028 40
1739554400162 0.5020779170830271 41
1739554400196 0.07417337100942488 42
1739554400230 1.2498890980488506 43
1739554400263 4.773363330784015 44
1739554400296 1.043189373638611 45
1739554400328 0.06670085497586095 46
1739554400361 0.004546455211362194 47
1739554400393 0.19834118492213934 48
1739554400426 0.4501543363732778 49
1739554400459 0.008917112996199818 50
1739554400491 20.175214193350005 51
1739554400524 2.3873748188340063 52
1739554400556 0.08857149256149849 53
1739554400589 0.019967595611856598 54
1739554400622 0.18192261569510876 55
1739554400654 0.006289949795208383 56
1739554400687 0.8218385233917676 57
1739554400720 0.2050819384351838 58
1739554400752 0.22839119846216965 59
1739554400784 0.05519368726762476 60
1739554400817 0.6132002246015688 61
1739554400850 0.5345268781258146 62
1739554400882 0.17441254211761484 63
1739554400915 1.2008141237362961 64
1739554400948 0.6505138011645724 65
1739554400980 0.12705012967483598 66
1739554401013 0.1529593622841986 67
1739554401045 1.659640569841573 68
1739554401077 0.044668452911745635 69
1739554401110 0.1760975442217271 70
1739554401142 0.1820177186026934 71
1739554401175 0.03422752044858865 72
1739554401208 0.5375249000514264 73
1739554401241 5.2712660675995915 74
1739554401273 0.24659509367084081 75
1739554401306 0.0015399113987616868 76
1739554401339 0.17038571550470621 77
1739554401371 0.018936380478479106 78
1739554401404 1.5375594786631133 79
1739554401437 1.0304902546018333 80
1739554401469 0.894652131526321 81
1739554401502 3.3700251535616608 82
1739554401535 1.289145375963964 83
1739554401567 0.118637127292392 84
1739554401600 0.6037586120707085 85
1739554401632 0.2666803759912119 86
1739554401665 5.916006265926003 87
1739554401697 0.4043003317039825 88
1739554401730 15.797550917605264 89
1739554401763 0.6294159556746052 90
1739554401795 0.4465945329969244 91
1739554401828 0.5693229368157298 92
1739554401860 0.5164810332489982 93
1739554401893 0.038710730843081305 94
1739554401926 2.2598338301018694 95
1739554401958 2.397158992916533 96
1739554401991 0.8674481624498115 97
1739554402024 0.16979945684221898 98
1739554402056 0.07740720822556457 99
1739554402088 0.00129298752436044 100
1739554402121 0.5750279425020766 101
1739554402153 0.15301037596918995 102
1739554402185 0.08924991243468008 103
1739554402218 0.8707700333630288 104
1739554402251 2.957845031954331 105
1739554402283 1.2886700280922514 106
1739554402316 1.1011795285507107 107
1739554402350 0.13024799813891805 108
1739554402382 0.5135373713599226 109
1739554402414 0.40338230065552416 110
1739554402447 0.332501030224982 111
1739554402479 1.1114334784630582 112
1739554402512 0.12753186544398026 113
1739554402544 1.492728626485619 114
1739554402577 0.8725179007257117 115
1739554402609 3.4826021437863957 116
1739554402642 27.643404288791636 117
1739554402674 0.5910836662999547 118
1739554402707 0.6453824742709863 119
1739554402740 0.18917107550865495 120
1739554402773 0.0228604420608456 121
1739554402805 0.37200467187021435 122
1739554402838 0.0012985678102366881 123
1739554402871 0.3853000395172702 124
1739554402903 1.2797562486872314 125
1739554402936 4.926741879685837 126
1739554402968 0.28677177036290574 127
1739554403000 0.13789999733051508 128
1739554403033 0.18565270941271925 129
1739554403066 0.056931762544928766 130
1739554403098 0.9049955526947193 131
1739554403130 0.20622646903566544 132
1739554403163 0.00849405682322135 133
1739554403195 1.4166887768539158 134
1739554403228 0.40320107751101414 135
1739554403261 0.0379815355116381 136
1739554403293 1.1078041316005325 137
1739554403326 2.490594776972752 138
1739554403359 0.07762611413798826 139
1739554403391 0.9546283165836222 140
1739554403424 0.3622806450077215 141
1739554403456 0.41337399594182206 142
1739554403489 0.0027118648158229865 143
1739554403521 0.002565450662779642 144
1739554403554 0.00014254061602675025 145
1739554403587 0.4541175230889855 146
1739554403620 0.4671823389134545 147
1739554403655 2.4634788549725926 148
1739554403689 0.3026823043108496 149
1739554403724 0.2557461999253789 150
1739554403759 0.06480372553694168 151
1739554403794 0.4992483263809564 152
1739554403829 0.7598310782130642 153
1739554403862 0.004244370653101719 154
1739554403896 0.02038249579735229 155
1739554403930 2.747651671632703e-05 156
1739554403966 0.15683665153732979 157
1739554404001 0.6670300006958741 158
1739554404041 0.6207052339387069 159
1739554404075 1.6511297570857153 160
1739554404109 0.01747861967064094 161
1739554404143 0.6072234950259148 162
1739554404177 0.871342327545115 163
1739554404210 0.20270645935613044 164
1739554404243 0.17267105725042237 165
1739554404276 0.5695865999677951 166
1739554404308 0.003969359873083652 167
1739554404342 0.049787199371974546 168
1739554404375 3.314090875058914 169
1739554404408 1.0931846139454027 170
1739554404441 1.8681426925758702 171
1739554404474 0.13809911240475312 172
1739554404506 0.6258717291546829 173
1739554404538 0.07437687481392541 174
1739554404572 0.8935096672430393 175
1739554404604 0.04713934835997003 176
1739554404637 0.5737812104790179 177
1739554404670 2.4890522826610555 178
1739554404703 0.10771303537376599 179
1739554404736 0.09287886266919787 180
1739554404769 0.011626859789141693 181
1739554404801 0.43660849238029625 182
1739554404834 2.3616235050839 183
1739554404866 0.9756936659118768 184
1739554404899 4.987190323302019 185
1739554404933 1.7671006225678465 186
1739554404965 0.0005607120616989785 187
1739554404998 0.2538891615727877 188
1739554405030 0.2024624711080296 189
1739554405063 1.4171937294473447 190
1739554405096 1.3055580312478614 191
1739554405128 0.040848311451581736 192
1739554405160 0.01778897895170462 193
1739554405193 0.4573316848261699 194
1739554405225 5.985629463111856 195
1739554405257 0.011611085320157519 196
1739554405289 0.20075509942544087 197
1739554405322 1.1291114138716105 198
1739554405354 0.12022882879099864 199
1739554405386 0.5022810457670023 200
1739554405418 0.3935271656043355 201
1739554405451 0.7330993396164011 202
1739554405484 0.15505416282703346 203
1739554405516 0.5008348946185155 204
1739554405549 0.6225644598176057 205
1739554405582 0.25114307239186706 206
1739554405614 2.7427595762549837 207
1739554405647 0.842220397373098 208
1739554405679 0.02636861137229742 209
1739554405712 0.3589231438661585 210
1739554405744 0.6601696529764552 211
1739554405776 0.025497952829761 212
1739554405809 0.18649810075759468 213
1739554405841 0.003076589719803671 214
1739554405875 0.94550990625253 215
1739554405907 0.007793270762811068 216
1739554405940 0.2091082980896042 217
1739554405973 1.4329764559763254 218
1739554406006 0.2531697783416806 219
1739554406038 0.05503798694265239 220
1739554406071 3.601623618602681 221
1739554406103 0.18297894515786076 222
1739554406136 0.8440575260650808 223
1739554406169 0.121488274239018 224
1739554406202 1.1186171882120006 225
1739554406234 1.4053374574920714 226
1739554406267 0.014806125094572025 227
1739554406300 1.2862383300291345 228
1739554406332 3.5095471868426222 229
1739554406365 0.5051008068699779 230
1739554406398 1.2829252412496672 231
1739554406430 0.04196434539976737 232
1739554406463 2.236787422768009 233
1739554406496 0.3401081046899392 234
1739554406528 0.5654981145810278 235
1739554406561 0.905408936951192 236
1739554406593 0.10732366886972504 237
1739554406626 0.9431381507629579 238
1739554406659 0.04914280115993553 239
1739554406691 0.24119862552031526 240
1739554406724 1.6505079323638408e-06 241
1739554406757 0.027052622305390135 242
1739554406790 0.09105795594652709 243
1739554406822 0.44878569321064105 244
1739554406855 0.012927483620714067 245
1739554406887 0.4460090121630444 246
1739554406920 0.12900167608362004 247
1739554406952 0.3700127205947893 248
1739554406985 0.3316158556774533 249
1739554407017 0.5008372370334602 250
1739554407050 0.07137252290760845 251
1739554407082 1.3171266025315065 252
1739554407115 0.034032110517316534 253
1739554407147 0.030933535650861092 254
1739554407180 0.009358810380323991 255
1739554407212 0.008174739415946944 256
1739554407245 0.03946219964889349 257
1739554407277 0.7431948977807714 258
1739554407310 0.6993343848008946 259
1739554407342 0.3081370058354936 260
1739554407374 0.015629440877700317 261
1739554407407 1.051067606915453 262
1739554407440 1.002258029794215 263
1739554407472 1.0027211947420722 264
1739554407505 0.06095183075124992 265
1739554407538 0.041145879087204296 266
1739554407570 0.6642499713562134 267
1739554407603 0.013283800706875834 268
1739554407635 0.8260342704093238 269
1739554407668 0.23306711209017986 270
1739554407700 1.736232989885624 271
1739554407733 0.19757573098923445 272
1739554407765 1.1176823223281984 273
1739554407797 0.17035327985001425 274
1739554407830 5.430111551563404 275
1739554407862 0.7138851278070476 276
1739554407894 0.025167463633895982 277
1739554407927 0.014162146393847186 278
1739554407959 0.08032293769997804 279
1739554407992 0.25682108219509586 280
1739554408024 0.00460885729499472 281
1739554408056 0.9851286235171539 282
1739554408089 0.005124089099977424 283
1739554408122 0.5961803329934517 284
1739554408155 1.1453462082048975 285
1739554408187 0.46050355732059783 286
1739554408219 0.27488781942375917 287
1739554408252 0.0019779546141489852 288
1739554408285 0.029438686273737504 289
1739554408317 0.016161129049539084 290
1739554408350 2.1857058732724957 291
1739554408382 4.30806996270945 292
1739554408415 0.35496234753399103 293
1739554408448 1.3655582945546063 294
1739554408485 0.006076434722908566 295
1739554408522 3.898038003358644e-09 296
1739554408559 2.6205690607935748 297
1739554408593 2.213845106125744 298
1739554408626 0.13749171296918922 299
1739554408658 0.20856811924490476 300
1739554408692 0.043566731774371065 301
1739554408725 1.2050378760265372 302
1739554408758 0.0009623117873303883 303
1739554408791 0.27956658936863404 304
1739554408824 0.7982060938129641 305
1739554408856 0.5774274001981066 306
1739554408889 1.0987603731650188 307
1739554408922 5.073278043238563 308
1739554408954 0.20790049466068464 309
1739554408986 0.40351920787325357 310
1739554409020 0.1593422680262642 311
1739554409053 0.5006546506150216 312
1739554409085 0.8630902074156587 313
1739554409118 0.11249755980867321 314
1739554409150 0.27429106825041444 315
1739554409183 0.32238951914414915 316
1739554409216 1.0950226086163213 317
1739554409248 2.4727578274200845 318
1739554409281 1.5052390654774788 319
1739554409313 0.16048682550022528 320
1739554409346 1.5311986979868892 321
1739554409378 0.279408272767964 322
1739554409410 0.9711120428032005 323
1739554409443 0.05963972713495411 324
1739554409475 1.594492745449647 325
1739554409508 0.5841733675620262 326
1739554409541 0.17574415848152944 327
1739554409573 0.17998069024505572 328
1739554409606 0.16833085509515375 329
1739554409639 0.04496801091561971 330
1739554409671 0.05841529473954613 331
1739554409704 1.3299252332807106 332
1739554409737 0.657018915095446 333
1739554409770 0.6235343752381577 334
1739554409802 0.11951354112582925 335
1739554409835 0.23391929676756465 336
1739554409867 1.667647048193468 337
1739554409900 0.11410191865515819 338
1739554409933 5.420600742257055 339
1739554409965 0.19618806294275346 340
1739554409998 0.02632897239057573 341
1739554410031 0.097105972639036 342
1739554410063 0.10019290078487829 343
1739554410095 4.44420316570892 344
1739554410128 0.013306779921491716 345
1739554410160 0.010762375137105045 346
1739554410192 1.7599748532654886 347
1739554410225 1.4833917394927212 348
1739554410257 5.966908622485796e-06 349
1739554410290 2.8252501369704928 350
1739554410323 0.6895088664008537 351
1739554410355 1.6663173276516972 352
1739554410388 0.3452018462614466 353
1739554410421 0.5909333202538054 354
1739554410454 0.1968133238027938 355
1739554410486 0.7156024289870406 356
1739554410518 0.6458144948939529 357
1739554410551 3.2605048934357126e-05 358
1739554410583 1.479607837722713 359
1739554410616 0.7250015304405668 360
1739554410649 0.00957179628930083 361
1739554410682 0.3502361531865836 362
1739554410715 0.18193724956943674 363
1739554410748 0.7443690006461395 364
1739554410781 0.13192683954195858 365
1739554410815 0.5219467342293471 366
1739554410848 0.6994605019706377 367
1739554410880 0.09066536349915555 368
1739554410913 0.011518156518082035 369
1739554410945 0.030979605896264265 370
1739554410978 0.13292129043725334 371
1739554411011 0.8548174465109385 372
1739554411044 0.09849973265881629 373
1739554411076 0.2021512334642214 374
1739554411108 0.08324286799905221 375
1739554411141 1.8975991445528784 376
1739554411173 1.848059935672646 377
1739554411206 0.0917964167669872 378
1739554411238 0.11662039362697384 379
1739554411271 0.8247511775847641 380
1739554411303 0.006332085800489582 381
1739554411336 0.14870710970284068 382
1739554411368 0.5555022833813864 383
1739554411400 0.4309274409615433 384
1739554411433 0.34252890209805176 385
1739554411466 0.0004241320498885985 386
1739554411499 1.9744875086472498 387
1739554411531 1.4039200525252205 388
1739554411564 0.10385982588989005 389
1739554411597 3.01799552514871 390
1739554411629 1.6988236360344677 391
1739554411662 0.00023556505207453942 392
1739554411694 1.091101377771722 393
1739554411726 0.1559532456284373 394
1739554411759 4.064192628846347 395
1739554411793 0.001054625219563737 396
1739554411825 1.620333312505487 397
1739554411858 0.15002110000450364 398
1739554411890 0.06993170145935733 399
1739554411923 0.12294872678592741 400
1739554411956 2.7924634434851443 401
1739554411988 0.091655389209087 402
1739554412020 0.3412374203732836 403
1739554412054 0.7270077146674034 404
1739554412086 0.7951333014124101 405
1739554412119 0.051418515026299676 406
1739554412152 0.524986857700402 407
1739554412195 0.0001674236693548078 408
1739554412227 0.09496658145195228 409
1739554412260 0.24132711766285583 410
1739554412292 0.5789196957397416 411
1739554412324 1.6832914599627602 412
1739554412357 0.11245997337395239 413
1739554412390 0.01393125752155772 414
1739554412422 0.15636066987860497 415
1739554412455 2.178028086180086 416
1739554412487 0.8102612500266788 417
1739554412519 0.03584914171411452 418
1739554412552 0.602897821467608 419
1739554412584 0.5044747397607556 420
1739554412616 0.6779157063771172 421
1739554412649 0.04185592070630896 422
1739554412682 0.0018494914746241978 423
1739554412714 0.898132561321987 424
1739554412746 0.06229237892963857 425
1739554412779 0.008944188541272524 426
1739554412813 2.7299378130868557 427
1739554412845 8.084219604054589 428
1739554412878 0.0017277690705904552 429
1739554412911 0.9358867841031875 430
1739554412944 1.8187752622931481 431
1739554412978 1.1973577413240037 432
1739554413011 15.076354363514014 433
1739554413043 0.7652452992740804 434
1739554413076 0.07262787929026479 435
1739554413109 0.37000448859263146 436
1739554413141 1.1728705386395482 437
1739554413174 0.0014632902041663877 438
1739554413207 0.08530604281760183 439
1739554413239 0.8415295547525851 440
1739554413272 2.710867127003841 441
1739554413305 0.014182978896099102 442
1739554413337 0.3552953744034268 443
1739554413369 0.14728127998287363 444
1739554413402 0.5873119747990361 445
1739554413434 2.8687172261281777 446
1739554413467 0.04918225539413363 447
1739554413500 0.17903695609631398 448
1739554413532 0.17143106719099113 449
1739554413565 0.5759755242578621 450
1739554413598 0.06965022520431866 451
1739554413630 2.0816240869346205 452
1739554413662 0.3064999148383758 453
1739554413695 0.33177107362305364 454
1739554413727 1.318663968422518 455
1739554413759 1.043564461370711 456
1739554413792 6.549686714418277 457
1739554413824 0.02190986766360554 458
1739554413857 0.00023138824133714215 459
1739554413890 0.25837333522765066 460
1739554413922 0.2558507067091373 461
1739554413954 0.11867449275947481 462
1739554413987 0.08882162876405944 463
1739554414019 0.4277683357607465 464
1739554414051 0.5011295382077727 465
1739554414084 0.26392620411069245 466
1739554414117 0.11868883214218491 467
1739554414149 0.6573721550117867 468
1739554414182 0.025153362646054448 469
1739554414214 0.0004384471742675483 470
1739554414247 1.5787764420033366 471
1739554414280 0.5087365787911103 472
1739554414312 0.1860316238745313 473
1739554414345 0.7381474648606976 474
1739554414377 0.16252226277414913 475
1739554414409 0.03971456887199627 476
1739554414442 0.09571695421373001 477
1739554414474 0.01429182189179296 478
1739554414507 0.015455357301093375 479
1739554414539 4.583039885664834 480
1739554414572 0.017964589176473773 481
1739554414605 0.04836585388131639 482
1739554414638 0.6016605918704048 483
1739554414670 0.4776441690772533 484
1739554414703 1.1108042998655148 485
1739554414735 0.04273508355819882 486
1739554414767 5.352944124824417 487
1739554414800 0.6043888016558085 488
1739554414833 17.475638112424946 489
1739554414865 0.1785430751056154 490
1739554414899 0.1674367937791294 491
1739554414931 2.6884011988623806 492
1739554414965 0.5151774878116047 493
1739554414998 0.6553225206662429 494
1739554415032 0.3007538226120661 495
1739554415065 1.253837085385861 496
1739554415098 0.06365499546382272 497
1739554415130 0.8994988443584774 498
1739554415163 0.0014423285737772365 499
