1739554973601 168.72090282371335 0
1739554973609 168.71429953841547 1
1739554973617 168.70798853737827 2
1739554973625 168.70157775052394 3
1739554973633 168.69516690628032 4
1739554973641 168.68875665259958 5
1739554973649 168.68234633944294 6
1739554973656 168.67593661682014 7
1739554973664 168.66952683470637 8
1739554973671 168.66311764309742 9
1739554973679 168.65670839198228 10
1739554973687 168.65029973134298 11
1739554973695 168.6438910111824 12
1739554973703 168.63748288146857 13
1739554973711 168.6310746922184 14
1739554973719 168.62466709338594 15
1739554973726 168.61825943500202 16
1739554973734 168.61185236700672 17
1739554973741 168.6054452394449 18
1739554973749 168.59903870224264 19
1739554973756 168.59263210545873 20
1739554973764 168.58622609900544 21
1739554973771 168.57982003295535 22
1739554973779 168.57341455720683 23
1739554973827 168.56700902184645 24
1739554973836 168.56060407675858 25
1739554973845 168.5541990720437 26
1739554973855 168.54779465757238 27
1739554973863 168.54139018345893 28
1739554973872 168.53498629956002 29
1739554973880 168.52858235600385 30
1739554973888 168.52217900263318 31
1739554973896 168.51577558959025 32
1739554973904 168.5093727667037 33
1739554973912 168.50296988412984 34
1739554973920 168.4965675916834 35
1739554973928 168.49016523953446 36
1739554973937 168.4837634774839 37
1739554973945 168.4773618723104 38
1739554973953 168.47096031571627 39
1739554973961 168.46455934917577 40
1739554973970 168.45815832289506 41
1739554973978 168.45175788664028 42
1739554973987 168.44535739063016 43
1739554973995 168.43895748461696 44
1739554974004 168.43255751883336 45
1739554974012 168.42615814301766 46
1739554974020 168.41975870741643 47
1739554974028 168.41335986175412 48
1739554974036 168.40696095629124 49
1739554974045 168.4005626407382 50
1739554974054 168.39416426536957 51
1739554974062 168.38776647988175 52
1739554974071 168.38136863456327 53
1739554974079 168.3749713790966 54
1739554974088 168.36857406378422 55
1739554974096 168.36217733829463 56
1739554974104 168.3557807694948 57
1739554974112 168.34938424910885 58
1739554974120 168.34298831850114 59
1739554974129 168.33659232800989 60
1739554974137 168.33019692726907 61
1739554974144 168.32380146662967 62
1739554974152 168.31740659571173 63
1739554974160 168.31101166488008 64
1739554974167 168.30461732374093 65
1739554974175 168.29822292267303 66
1739554974185 168.29182911126856 67
1739554974193 168.28543523992033 68
1739554974200 168.27904195820656 69
1739554974208 168.27264861653393 70
1739554974216 168.2662558644668 71
1739554974223 168.25986305242574 72
1739554974231 168.2534708299612 73
1739554974239 168.24707854750767 74
1739554974246 168.24068685460168 75
1739554974254 168.2342953181982 76
1739554974262 168.22790383004332 77
1739554974270 168.2215129313915 78
1739554974277 168.21512197271292 79
1739554974286 168.20873160350956 80
1739554974293 168.20234117426435 81
1739554974302 168.19595133446543 82
1739554974310 168.18956143460963 83
1739554974317 168.1831721241711 84
1739554974326 168.17678275366072 85
1739554974334 168.17039397253853 86
1739554974342 168.16400513132945 87
1739554974349 168.15761687947975 88
1739554974357 168.151228567528 89
1739554974364 168.14484084490658 90
1739554974372 168.13845306216814 91
1739554974380 168.13206586873113 92
1739554974388 168.125678615162 93
1739554974395 168.11929195086537 94
1739554974403 168.1129054428841 95
1739554974410 168.10651898298644 96
1739554974418 168.10013311231666 97
1739554974426 168.09374718147708 98
1739554974434 168.0873618398377 99
1739554974441 168.08097643801347 100
1739554974449 168.07459162536043 101
1739554974458 168.0682067525075 102
1739554974466 168.06182246879683 103
1739554974474 168.05543812487133 104
1739554974482 168.04905437005903 105
1739554974490 168.04267055501677 106
1739554974498 168.03628732905892 107
1739554974505 168.02990404285612 108
1739554974513 168.02352134570867 109
1739554974520 168.01713858830124 110
1739554974528 168.01075641992026 111
1739554974536 168.00437440768746 112
1739554974543 167.99799244339064 113
1739554974551 167.99161106807577 114
1739554974559 167.98522963246324 115
1739554974566 167.97884878580496 116
1739554974574 167.97246787883395 117
1739554974582 167.9660875607882 118
1739554974590 167.95970718241475 119
1739554974597 167.95332739293767 120
1739554974611 167.9469475431178 121
1739554974618 167.94056828216537 122
1739554974626 167.93418896085518 123
1739554974634 167.92781022838344 124
1739554974641 167.92143143553892 125
1739554974649 167.91505323150398 126
1739554974657 167.90867496708123 127
1739554974664 167.90229729143908 128
1739554974672 167.89591955539416 129
1739554974680 167.88954240810094 130
1739554974688 167.88316541676906 131
1739554974696 167.87678847320842 132
1739554974704 167.87041211835503 133
1739554974711 167.8640357030612 134
1739554974719 167.85765987644683 135
1739554974727 167.85128398937707 136
1739554974734 167.84490869095782 137
1739554974742 167.83853333206815 138
1739554974749 167.83215856180018 139
1739554974757 167.82578373104667 140
1739554974765 167.81940948888592 141
1739554974772 167.81303518622477 142
1739554974780 167.80666147212742 143
1739554974788 167.80028769751456 144
1739554974796 167.7939145114367 145
1739554974806 167.78754126482835 146
1739554974819 167.78116860672603 147
1739554974828 167.77479588807824 148
1739554974836 167.76842375790756 149
1739554974844 167.76205178351162 150
1739554974852 167.75567985672228 151
1739554974861 167.74930851836564 152
1739554974869 167.74293711942593 153
1739554974876 167.7365663088912 154
1739554974884 167.73019543775845 155
1739554974892 167.72382515500172 156
1739554974901 167.71745481163194 157
1739554974909 167.71108505660936 158
1739554974917 167.70471524095868 159
1739554974925 167.69834601362638 160
1739554974933 167.691976725651 161
1739554974941 167.68560802596497 162
1739554974949 167.67923926562096 163
1739554974957 167.67287109353745 164
1739554974964 167.66650286078092 165
1739554974972 167.66013521625604 166
1739554974980 167.6537675110431 167
1739554974988 167.64740039403296 168
1739554974996 167.64103343261112 169
1739554975005 167.63466651863138 170
1739554975013 167.62830019280995 171
1739554975023 167.62193380626303 172
1739554975032 167.6155680078467 173
1739554975040 167.6092021486898 174
1739554975048 167.60283687763473 175
1739554975056 167.59647154582407 176
1739554975064 167.59010680208638 177
1739554975072 167.58374199757816 178
1739554975081 167.57737778111394 179
1739554975089 167.57101350386426 180
1739554975097 167.56464981462975 181
1739554975106 167.55828606459474 182
1739554975113 167.55192290254607 183
1739554975121 167.54555967968196 184
1739554975129 167.53919704477528 185
1739554975137 167.53283456529022 186
1739554975144 167.52647213310013 187
1739554975152 167.52011028882316 188
1739554975160 167.51374838369318 189
1739554975168 167.50738706644862 190
1739554975176 167.50102568833609 191
1739554975184 167.49466489808012 192
1739554975192 167.4883040469412 193
1739554975200 167.48194378363004 194
1739554975207 167.4755834594209 195
1739554975215 167.46922372301069 196
1739554975222 167.46286392568754 197
1739554975230 167.45650471613445 198
1739554975238 167.45014544565353 199
1739554975246 167.4437867629137 200
1739554975254 167.43742801923116 201
1739554975261 167.43106986326092 202
1739554975269 167.42471164633287 203
1739554975277 167.41835401708832 204
1739554975285 167.41199654307917 205
1739554975293 167.40563911620083 206
1739554975301 167.39928227696163 207
1739554975308 167.39292537672713 208
1739554975316 167.38656906410415 209
1739554975324 167.38021269047096 210
1739554975331 167.37385690442034 211
1739554975339 167.36750105734464 212
1739554975346 167.3611457978227 213
1739554975354 167.3547904772607 214
1739554975362 167.3484357442236 215
1739554975370 167.3420809501315 216
1739554975377 167.33572674353547 217
1739554975385 167.32937247586946 218
1739554975392 167.3230187956708 219
1739554975400 167.3166650543872 220
1739554975408 167.310311900542 221
1739554975415 167.30395868559697 222
1739554975423 167.29760605806155 223
1739554975431 167.2912535855755 224
1739554975439 167.28490116005622 225
1739554975447 167.27854932190226 226
1739554975455 167.27219742261101 227
1739554975464 167.2658461106574 228
1739554975473 167.25949473755156 229
1739554975481 167.2531439517545 230
1739554975489 167.24679310479033 231
1739554975496 167.24044284510617 232
1739554975505 167.23409252423986 233
1739554975514 167.2277427906248 234
1739554975522 167.22139299581264 235
1739554975530 167.21504378822294 236
1739554975538 167.20869451942121 237
1739554975546 167.20234583781308 238
1739554975554 167.19599709497803 239
1739554975562 167.1896489393078 240
1739554975569 167.18330072239567 241
1739554975577 167.17695309261956 242
1739554975585 167.170605617707 243
1739554975593 167.16425818959723 244
1739554975601 167.15791134857923 245
1739554975615 167.1515644462819 246
1739554975624 167.1452181310487 247
1739554975631 167.13887175452126 248
1739554975639 167.13252596502917 249
1739554975647 167.1261801142279 250
1739554975655 167.11983485043316 251
1739554975663 167.1134895253144 252
1739554975671 167.10714478717327 253
1739554975679 167.10079998769325 254
1739554975687 167.0944557751621 255
1739554975696 167.0881115012771 256
1739554975704 167.08176781431214 257
1739554975712 167.07542406597847 258
1739554975720 167.06908090453607 259
1739554975728 167.0627378977911 260
1739554975736 167.0563949377024 261
1739554975744 167.05005256446077 262
1739554975752 167.043710129813 263
1739554975760 167.03736828198467 264
1739554975768 167.03102637273525 265
1739554975776 167.02468505027656 266
1739554975784 167.0183436663818 267
1739554975792 167.01200286924902 268
1739554975800 167.00566201066533 269
1739554975807 166.99932173881479 270
1739554975815 166.99298140549837 271
1739554975823 166.98664165888638 272
1739554975831 166.9803018507936 273
1739554975839 166.9739626293765 274
1739554975846 166.96762334646368 275
1739554975854 166.96128465019777 276
1739554975861 166.95494589242128 277
1739554975869 166.94860772126293 278
1739554975877 166.9422697046163 279
1739554975885 166.93593173446237 280
1739554975893 166.9295943508823 281
1739554975901 166.92325690575433 282
1739554975909 166.91692004717262 283
1739554975917 166.91058312702816 284
1739554975925 166.90424679340117 285
1739554975933 166.8979103981965 286
1739554975942 166.8915745894806 287
1739554975950 166.8852387191721 288
1739554975957 166.87890343532362 289
1739554975965 166.87256808986763 290
1739554975973 166.86623333084293 291
1739554975980 166.85989851019585 292
1739554975989 166.85356427595124 293
1739554975997 166.84722998006941 294
1739554976005 166.8408962705614 295
1739554976013 166.8345624994011 296
1739554976021 166.82822931458588 297
1739554976029 166.82189628409702 298
1739554976037 166.81556329993737 299
1739554976045 166.80923090207853 300
1739554976053 166.8028984425302 301
1739554976061 166.79656656925513 302
1739554976068 166.7902346342757 303
1739554976076 166.78390328554084 304
1739554976083 166.77757187508672 305
1739554976091 166.77124105084835 306
1739554976098 166.76491016487591 307
1739554976106 166.75857986509047 308
1739554976114 166.7522495035561 309
1739554976123 166.74591972818 310
1739554976131 166.73958989104008 311
1739554976139 166.7332606400297 312
1739554976147 166.72693132724058 313
1739554976154 166.72060260055233 314
1739554976162 166.71427381207047 315
1739554976169 166.70794560966075 316
1739554976177 166.70161756139214 317
1739554976184 166.69528955928936 318
1739554976192 166.68896214321455 319
1739554976200 166.6826346653088 320
1739554976207 166.67630777340352 321
1739554976215 166.6699808196525 322
1739554976223 166.66365445187313 323
1739554976231 166.65732802223314 324
1739554976239 166.65100217853617 325
1739554976247 166.64467627296366 326
1739554976254 166.6383509533055 327
1739554976262 166.6320255717569 328
1739554976270 166.62570077609394 329
1739554976277 166.61937591852572 330
1739554976285 166.61305164681434 331
1739554976292 166.60672731318286 332
1739554976300 166.60040356537954 333
1739554976307 166.59407997155176 334
1739554976316 166.5877564237437 335
1739554976324 166.58143346171968 336
1739554976332 166.57511043773837 337
1739554976340 166.5687879995135 338
1739554976348 166.56246549931646 339
1739554976355 166.55614358484718 340
1739554976363 166.54982160839089 341
1739554976372 166.54350021763366 342
1739554976380 166.53717876487454 343
1739554976388 166.5308578977858 344
1739554976396 166.52453696868037 345
1739554976404 166.5182166252166 346
1739554976412 166.51189621972122 347
1739554976421 166.5055763998389 348
1739554976429 166.49925651791008 349
1739554976437 166.4929372215656 350
1739554976444 166.4866178631598 351
1739554976452 166.48029909030967 352
1739554976460 166.47398047125003 353
1739554976468 166.46766189804714 354
1739554976476 166.4613439103558 355
1739554976483 166.45502586056588 356
1739554976491 166.44870839626003 357
1739554976500 166.44239086984084 358
1739554976508 166.43607392887694 359
1739554976516 166.42975692578491 360
1739554976524 166.42344050811948 361
1739554976532 166.4171240283111 362
1739554976539 166.41080813390067 363
1739554976547 166.40449217733237 364
1739554976554 166.3981768061334 365
1739554976562 166.39186137276172 366
1739554976570 166.3855465247307 367
1739554976577 166.37923161451212 368
1739554976585 166.3729172896055 369
1739554976592 166.36660290249657 370
1739554976599 166.36028910067094 371
1739554976607 166.353975452451 372
1739554976620 166.34766184992486 373
1739554976628 166.34134883263792 374
1739554976636 166.33503575311144 375
1739554976643 166.32872325879677 376
1739554976651 166.32241070222767 377
1739554976658 166.31609873084165 378
1739554976666 166.30978669718647 379
1739554976674 166.30347524868571 380
1739554976683 166.29716373790095 381
1739554976691 166.29085281224192 382
1739554976698 166.2845418242841 383
1739554976706 166.27823142142333 384
1739554976715 166.27192095624895 385
1739554976723 166.26561107614302 386
1739554976730 166.25930113370862 387
1739554976737 166.25299177631402 388
1739554976745 166.24668235657612 389
1739554976754 166.24037352184936 390
1739554976762 166.23406484054377 391
1739554976770 166.22775620476912 392
1739554976778 166.22144815396157 393
1739554976785 166.21514004077363 394
1739554976793 166.20883251252525 395
1739554976800 166.20252492188175 396
1739554976808 166.19621791614918 397
1739554976816 166.1899108480066 398
1739554976823 166.18360436474637 399
1739554976831 166.17729781906127 400
1739554976839 166.1709918582299 401
1739554976846 166.1646858349589 402
1739554976854 166.15838039651294 403
1739554976862 166.15207489561257 404
1739554976870 166.1457699795086 405
1739554976878 166.1394650009354 406
1739554976885 166.13316060713 407
1739554976893 166.1268563665806 408
1739554976900 166.12055217141673 409
1739554976907 166.11424856097662 410
1739554976915 166.10794488803015 411
1739554976922 166.10164179978 412
1739554976930 166.09533864900874 413
1739554976938 166.08903608290515 414
1739554976946 166.08273345426565 415
1739554976953 166.0764314102652 416
1739554976961 166.07012930371405 417
1739554976968 166.06382778177337 418
1739554976975 166.05752619726712 419
1739554976983 166.05122519734275 420
1739554976990 166.04492413483803 421
1739554976998 166.03862365688656 422
1739554977005 166.03232311634 423
1739554977013 166.026023160318 424
1739554977021 166.01972314168611 425
1739554977029 166.01342370755026 426
1739554977037 166.00712442648603 427
1739554977045 166.00082519064483 428
1739554977052 165.99452653925565 429
1739554977060 165.98822782521944 430
1739554977067 165.98192969560787 431
1739554977075 165.97563150333454 432
1739554977082 165.96933389545723 433
1739554977090 165.96303622490333 434
1739554977097 165.95673913871684 435
1739554977105 165.95044198983902 436
1739554977112 165.94414542529998 437
1739554977121 165.93784879805483 438
1739554977129 165.9315527551199 439
1739554977140 165.92525664946405 440
1739554977150 165.91896112808985 441
1739554977157 165.91266554397995 442
1739554977165 165.90637054412304 443
1739554977173 165.90007548151573 444
1739554977181 165.89378100313283 445
1739554977190 165.88748667763738 446
1739554977197 165.88119239720254 447
1739554977206 165.87489870094822 448
1739554977215 165.86860494190634 449
1739554977223 165.86231176701762 450
1739554977231 165.85601852932658 451
1739554977239 165.84972587576004 452
1739554977247 165.84343315937647 453
1739554977255 165.8371410270888 454
1739554977263 165.83084883196935 455
1739554977271 165.8245572209172 456
1739554977278 165.81826554701848 457
1739554977286 165.81197445715853 458
1739554977294 165.80568330443725 459
1739554977302 165.79939273572614 460
1739554977309 165.79310210413897 461
1739554977317 165.78681205653334 462
1739554977324 165.7805219460369 463
1739554977333 165.77423241949347 464
1739554977341 165.76794304565348 465
1739554977350 165.76165371671186 466
1739554977358 165.75536497167937 467
1739554977366 165.749076163719 468
1739554977373 165.74278793964038 469
1739554977381 165.73649965261916 470
1739554977389 165.73021194945105 471
1739554977397 165.72392418332564 472
1739554977405 165.71763700102477 473
1739554977413 165.7113497557518 474
1739554977421 165.70506309427483 475
1739554977429 165.69877636981104 476
1739554977437 165.69249022911472 477
1739554977445 165.68620402541677 478
1739554977453 165.67991840545776 479
1739554977462 165.67363272248238 480
1739554977470 165.66734762321732 481
1739554977478 165.66106246092122 482
1739554977485 165.6547778823069 483
1739554977492 165.6484934562121 484
1739554977500 165.64220907485364 485
1739554977508 165.63592527713305 486
1739554977516 165.62964141634447 487
1739554977524 165.6233581391664 488
1739554977532 165.6170747989055 489
1739554977540 165.61079204222665 490
1739554977548 165.60450922245022 491
1739554977556 165.59822698622722 492
1739554977563 165.59194468689196 493
1739554977572 165.58566297108166 494
1739554977579 165.5793811921443 495
1739554977587 165.57309999670332 496
1739554977595 165.56681873812062 497
1739554977603 165.56053806300574 498
1739554977610 165.55425732473435 499
