1739616667621 1.315060296766693 0
1739616667656 0.6822629094367182 1
1739616667701 2.860500487458551 2
1739616667736 1.9117804320943181 3
1739616667770 1.0048366513351095 4
1739616667804 1.0292219300745102 5
1739616667837 0.16645191398466963 6
1739616667871 0.007213026080299744 7
1739616667904 0.14129921040420595 8
1739616667937 0.42998438013505264 9
1739616667970 0.46426711080103644 10
1739616668004 0.3266928618618662 11
1739616668038 0.00753150412123552 12
1739616668072 0.4769145900236327 13
1739616668107 0.8342148972993647 14
1739616668175 0.013404484856035147 15
1739616668214 0.0014780143049990457 16
1739616668254 1.4447451948062873 17
1739616668292 0.02756735523209591 18
1739616668329 0.4642441896843367 19
1739616668365 0.08489707971882325 20
1739616668403 1.101112527124358 21
1739616668441 3.427050597778564 22
1739616668479 0.011200584603115214 23
1739616668516 4.734341328305516 24
1739616668553 0.3933892168949137 25
1739616668591 1.4071643932728612 26
1739616668628 0.9125131496082313 27
1739616668666 0.8790490114897501 28
1739616668703 1.1049261487427604 29
1739616668751 0.24742375457698318 30
1739616668789 3.434744635946176 31
1739616668827 0.053541807738462094 32
1739616668864 0.3785385676603086 33
1739616668901 0.13967739692840583 34
1739616668937 0.0004800371149198979 35
1739616668972 3.2296892857269346 36
1739616669007 0.5310730905321273 37
1739616669041 0.015435199155569733 38
1739616669076 0.09045244224484758 39
1739616669110 0.5928892588912633 40
1739616669145 0.021129625255375175 41
1739616669181 2.4327680522394433 42
1739616669223 0.4263002191821889 43
1739616669261 0.16817123617272803 44
1739616669298 0.4587170699054184 45
1739616669332 0.0038699859863512414 46
1739616669367 4.847797021209502 47
1739616669402 0.27070545537670937 48
1739616669438 0.008177890082284608 49
1739616669474 1.1994943824517033 50
1739616669508 0.10288981943812497 51
1739616669543 0.6972375204023642 52
1739616669578 2.0050244119528853 53
1739616669614 0.2854468574729767 54
1739616669656 1.0715708168888325 55
1739616669694 0.034083097590415 56
1739616669732 0.012680925415882706 57
1739616669769 0.00423953802241844 58
1739616669806 0.8464698338220926 59
1739616669841 0.000579169116395653 60
1739616669875 0.7337997456924881 61
1739616669910 0.16068918641673363 62
1739616669944 0.031526558135359296 63
1739616669979 0.0032957515373265634 64
1739616670014 2.7346095180144796 65
1739616670049 0.23716110745337807 66
1739616670084 0.07512339642948408 67
1739616670119 1.0589520203990996 68
1739616670153 0.46405209980407164 69
1739616670188 0.006703905380274867 70
1739616670224 0.46658057047572066 71
1739616670259 0.13432855334232 72
1739616670294 0.5200099861550322 73
1739616670329 1.345530352955904 74
1739616670364 0.23811062508638345 75
1739616670399 0.048719370078224855 76
1739616670434 0.4333854618594498 77
1739616670471 0.02964682595241117 78
1739616670506 13.034097785717563 79
1739616670541 2.2636359941490865 80
1739616670583 0.48816510909799826 81
1739616670623 0.7212422194234217 82
1739616670661 0.00010798504138260424 83
1739616670698 0.1712074601619969 84
1739616670735 0.03575459663331787 85
1739616670772 0.010458262075440665 86
1739616670807 0.4057916100513018 87
1739616670841 0.286159124833714 88
1739616670877 3.172736587701092 89
1739616670911 1.4173186160535667 90
1739616670946 0.43176630190587495 91
1739616670980 0.43237174107256393 92
1739616671014 1.4100589816780877 93
1739616671051 0.06931808773799397 94
1739616671086 0.0931295556862374 95
1739616671121 1.9749514646936475 96
1739616671156 0.025645636018846125 97
1739616671192 0.001595962163023529 98
1739616671229 0.2753627405216894 99
1739616671264 1.9482191599348673 100
1739616671300 0.5815963163184483 101
1739616671337 0.03724968511309831 102
1739616671375 0.011760376876057644 103
1739616671410 0.5919188131318006 104
1739616671444 0.40463995765162647 105
1739616671479 0.1015132924810703 106
1739616671515 0.022845401142676726 107
1739616671560 3.053969532243444 108
1739616671598 0.590504163354829 109
1739616671635 0.8532004118775436 110
1739616671673 1.029804114531227 111
1739616671707 0.018921588652170408 112
1739616671741 0.6142394099620062 113
1739616671775 0.6825361114440918 114
1739616671809 0.00014135104952856689 115
1739616671845 1.153061503723854 116
1739616671879 0.3527720466088131 117
1739616671915 0.03201289921146076 118
1739616671951 0.2603364276555447 119
1739616671986 0.06899006000534677 120
1739616672022 0.41718610948196966 121
1739616672056 0.764060016103349 122
1739616672092 0.22978378857108342 123
1739616672127 0.14613106572203888 124
1739616672162 0.17980339162612097 125
1739616672197 0.6774929297065684 126
1739616672232 0.4187489655560048 127
1739616672266 0.48306264377778735 128
1739616672302 0.07246645323134723 129
1739616672337 0.014862573358494443 130
1739616672372 7.154009095671666e-05 131
1739616672408 0.2540511768231326 132
1739616672443 0.1636777279518639 133
1739616672487 0.6087603411215743 134
1739616672525 0.8513638051301929 135
1739616672562 0.0044804097207753885 136
1739616672599 0.008812017439862877 137
1739616672633 0.02757218680387341 138
1739616672669 0.07821406000970606 139
1739616672703 1.3475980647122119 140
1739616672741 0.04257116053187663 141
1739616672776 0.021071736402358623 142
1739616672812 0.2699688271042714 143
1739616672847 0.414786323949828 144
1739616672881 0.19790457354945062 145
1739616672916 0.007163942274183578 146
1739616672952 0.11263983481322637 147
1739616672987 0.8977878722663449 148
1739616673021 13.35679332639999 149
1739616673057 2.324826113656598 150
1739616673092 0.25029535404785286 151
1739616673127 0.08582398589171161 152
1739616673162 0.7584552866979052 153
1739616673196 1.8845802648875818 154
1739616673231 0.0011550343502077349 155
1739616673266 0.15103605249728908 156
1739616673302 0.25600508395007276 157
1739616673337 0.0238188342002173 158
1739616673373 0.004755847358878624 159
1739616673419 0.25182957504413683 160
1739616673458 0.17724490216417335 161
1739616673495 0.22073300016414554 162
1739616673531 0.5077378125110996 163
1739616673569 0.9153599822108328 164
1739616673605 0.020988425063604512 165
1739616673640 0.5001585807841191 166
1739616673675 0.10631584000880223 167
1739616673710 0.5090534616836455 168
1739616673745 0.1193112577940627 169
1739616673779 0.006290481048111437 170
1739616673814 0.15432763332027294 171
1739616673848 1.0584955852900926 172
1739616673883 0.054478217093074946 173
1739616673919 0.9835046490698851 174
1739616673954 1.2639338468134507 175
1739616673990 0.16865879477803486 176
1739616674025 0.003670381068097441 177
1739616674060 0.03286868038177671 178
1739616674095 0.028191873608819504 179
1739616674130 0.38339022891794394 180
1739616674165 0.000910287433492351 181
1739616674199 0.20220506915315112 182
1739616674237 2.079939994067979 183
1739616674272 0.7731726557625985 184
1739616674307 0.00047660228156973575 185
1739616674354 0.9165531369799758 186
1739616674392 0.4855177564757388 187
1739616674429 0.6990992416887553 188
1739616674466 0.055150903847265086 189
1739616674501 0.038500143868646024 190
1739616674536 0.03538223535363299 191
1739616674571 1.6076219691120295 192
1739616674606 0.5976064888251996 193
1739616674640 0.5268350313464144 194
1739616674675 0.0026504386965694525 195
1739616674709 0.21905900476881895 196
1739616674744 0.03471656278514029 197
1739616674779 0.07232263469387222 198
1739616674814 2.222968117746606 199
1739616674852 0.3237860121621256 200
1739616674888 1.205305836421431 201
1739616674923 0.41313087705182705 202
1739616674959 0.6083074069949926 203
1739616674995 0.0435498367616271 204
1739616675031 1.5387189508770143 205
1739616675067 0.03232531117936771 206
1739616675102 2.8716365500060217 207
1739616675138 0.6934633868682442 208
1739616675172 0.2084724354357915 209
1739616675208 0.11228457189990457 210
1739616675253 0.3415744608451699 211
1739616675292 0.7143034663517869 212
1739616675330 5.281187249291821 213
1739616675367 0.6035401012357604 214
1739616675401 0.49822430557337805 215
1739616675436 0.013784594189177308 216
1739616675470 1.304129381132659 217
1739616675506 0.6501655569547161 218
1739616675542 1.7889086271354488 219
1739616675579 0.010405385122262809 220
1739616675614 0.26938861228936295 221
1739616675648 0.3801039276181251 222
1739616675683 1.3007265615760708 223
1739616675719 65.71833903789255 224
1739616675754 0.3554716395567236 225
1739616675789 0.3510092037276581 226
1739616675824 0.0993107335781865 227
1739616675859 0.1007463261408668 228
1739616675894 0.3594023713647874 229
1739616675928 1.6653220734184762 230
1739616675964 0.13215753839991795 231
1739616675999 0.00037997124306088083 232
1739616676034 0.02563686422280906 233
1739616676068 0.3080453955674453 234
1739616676104 0.3061496059960558 235
1739616676140 0.09781874975171732 236
1739616676180 0.014941164417136802 237
1739616676223 0.07460979113841405 238
1739616676260 3.02274413322909 239
1739616676296 0.1140109864735147 240
1739616676331 0.11796489419435262 241
1739616676366 0.9434755965596658 242
1739616676400 0.24182181563165267 243
1739616676434 0.3413351004051176 244
1739616676470 0.0021369508029176177 245
1739616676504 1.6814321484578716 246
1739616676539 0.46006304881648624 247
1739616676574 2.813062641868795 248
1739616676609 0.09888021889506662 249
1739616676645 0.048085185310381244 250
1739616676679 3.030372328177187 251
1739616676714 0.01516143894545162 252
1739616676750 0.24010331376862387 253
1739616676785 2.278508878449409 254
1739616676821 0.830665194968117 255
1739616676856 0.9211835644686351 256
1739616676892 1.0529999677064568 257
1739616676927 1.1336217932630595 258
1739616676965 3.6623590545010276 259
1739616677002 0.14966212585781005 260
1739616677039 0.3316239302086811 261
1739616677074 0.002734047426385984 262
1739616677112 0.4621554892496401 263
1739616677156 0.026510418432491065 264
1739616677193 0.03896014076518368 265
1739616677230 0.3145144759112758 266
1739616677265 1.6517459126606981 267
1739616677300 0.046747129547487346 268
1739616677334 0.9702752605665679 269
1739616677369 1.2326386012296697 270
1739616677404 0.0015213819417169286 271
1739616677439 0.6563913726027345 272
1739616677475 1.7903893232999817 273
1739616677510 0.7354493108499864 274
1739616677544 0.09094845308736121 275
1739616677579 2.7632979493253873 276
1739616677615 1.7812014503145401 277
1739616677649 1.4222970857899118 278
1739616677687 0.34334743282397745 279
1739616677724 0.18995541236650856 280
1739616677760 1.0786071020242851 281
1739616677795 0.2052819487536433 282
1739616677830 0.19613998480931996 283
1739616677865 0.2810063087153243 284
1739616677900 0.559795184342893 285
1739616677935 0.02679701674875576 286
1739616677974 0.8479376890105491 287
1739616678008 0.4696969241702402 288
1739616678050 1.1998977124109027 289
1739616678090 0.35062667167442074 290
1739616678127 0.004335479093533011 291
1739616678164 0.6944799955981045 292
1739616678200 0.17340098715988847 293
1739616678238 0.007117862088732982 294
1739616678272 0.03971473584137294 295
1739616678307 1.6728374554984264 296
1739616678342 0.3168025718043876 297
1739616678376 0.6900112120293149 298
1739616678411 0.780218981951922 299
1739616678445 2.1389064574479235 300
1739616678480 0.29463569274202317 301
1739616678515 0.06679304506385775 302
1739616678550 0.9336011117518467 303
1739616678586 0.16485580149009757 304
1739616678622 0.5599970907345198 305
1739616678656 0.0002741838218031135 306
1739616678691 0.7891791736792495 307
1739616678726 3.7278411749073355 308
1739616678761 3.5380960597923505 309
1739616678796 0.1637947962980906 310
1739616678831 1.2249012933161938 311
1739616678866 0.1430828942344385 312
1739616678901 0.779628590255832 313
1739616678936 0.3732771544763133 314
1739616678972 0.07509026802007092 315
1739616679019 1.1983526666216788 316
1739616679057 0.06738935842224902 317
1739616679095 0.10911684792100669 318
1739616679132 1.5157943739006934 319
1739616679169 0.7341980384367519 320
1739616679206 0.6748096261253409 321
1739616679240 2.784524602324219 322
1739616679275 0.42043379829421 323
1739616679309 0.22266086670489826 324
1739616679343 1.6065051493377334 325
1739616679378 0.1717053768438702 326
1739616679413 0.06643458724391069 327
1739616679447 0.0018264528520274496 328
1739616679481 0.005859282017564843 329
1739616679517 0.032194837201859526 330
1739616679553 0.402549866748286 331
1739616679620 0.8875806559517077 332
1739616679660 0.06133417309340442 333
1739616679700 0.2264671757014383 334
1739616679740 0.35671103877850674 335
1739616679777 0.07456128134258523 336
1739616679816 0.22241511581529425 337
1739616679855 0.05038860674477072 338
1739616679892 0.2418045848416824 339
1739616679939 1.0061828147407565 340
1739616679979 0.09047903366045291 341
1739616680016 1.541361386147356 342
1739616680053 2.8744532144915502 343
1739616680091 0.03637740513134034 344
1739616680128 1.0033264744457762 345
1739616680165 0.5492547499250968 346
1739616680201 0.15520206731880662 347
1739616680236 0.07831589951344997 348
1739616680271 1.2639702489197362 349
1739616680307 0.6689460894154846 350
1739616680343 0.5618034148176395 351
1739616680378 0.0020454429209365854 352
1739616680413 0.3265344659857576 353
1739616680448 0.14718992205081088 354
1739616680483 2.0593694207548037 355
1739616680518 0.022185104304506653 356
1739616680554 0.3414397051190358 357
1739616680589 0.0013935677376282994 358
1739616680625 1.444537656665898 359
1739616680660 10.351145402839704 360
1739616680695 3.5427501112849593 361
1739616680731 0.11084218083324618 362
1739616680767 1.1323525528451412 363
1739616680804 0.02533102960125041 364
1739616680840 1.1543703034756405 365
1739616680889 0.08169368931015507 366
1739616680927 0.0008438403890966414 367
1739616680965 0.6052144001256883 368
1739616681002 0.18992740089060678 369
1739616681038 7.028796213423245e-05 370
1739616681073 0.0035101799707135117 371
1739616681109 0.12024907376632873 372
1739616681146 0.37074792042739135 373
1739616681184 0.1712949806872978 374
1739616681224 3.3881950537866388 375
1739616681262 1.6549756295834752 376
1739616681299 0.2753589341619328 377
1739616681335 0.30814233568669935 378
1739616681370 0.0643592429668855 379
1739616681404 1.552068466226253 380
1739616681440 0.0025759176618977944 381
1739616681479 0.3629366628314757 382
1739616681518 0.03433428696446412 383
1739616681556 0.26310571352906376 384
1739616681592 2.0128305588718134 385
1739616681627 0.0036390660036984377 386
1739616681662 0.009669386280025461 387
1739616681697 1.2368112011289376 388
1739616681733 0.5403759964295307 389
1739616681770 0.2615360259997072 390
1739616681817 0.2948600056555459 391
1739616681855 1.6433589265867072 392
1739616681892 0.17979956222261603 393
1739616681933 0.01092138871180384 394
1739616681971 0.04505662347628971 395
1739616682008 2.1251477844601747 396
1739616682044 0.09514691609058702 397
1739616682079 0.03134610558792043 398
1739616682113 0.3233259757607658 399
1739616682147 0.4787240735428393 400
1739616682182 0.638755677543686 401
1739616682218 0.6291169449738327 402
1739616682253 1.2663837040717234 403
1739616682288 1.21967646319893 404
1739616682323 3.3936577423232044 405
1739616682358 0.010890555369290943 406
1739616682394 2.651270758191366 407
1739616682428 0.2105868729680546 408
1739616682463 0.2856521089530915 409
1739616682498 0.5282097040943663 410
1739616682535 0.6365136702228686 411
1739616682570 0.021605347608852972 412
1739616682605 1.050737214458367 413
1739616682641 0.4272375194185036 414
1739616682676 1.4931723977451419 415
1739616682719 0.16491015440403434 416
1739616682759 0.3586703359404381 417
1739616682796 0.13235363667709332 418
1739616682833 0.3303809424230145 419
1739616682870 0.23850625660935637 420
1739616682905 0.7964287442378915 421
1739616682939 0.09316920345656374 422
1739616682974 0.1637268866928387 423
1739616683008 0.09982379149142599 424
1739616683043 0.019772889507722463 425
1739616683079 0.16609634506675425 426
1739616683113 0.7508150467939309 427
1739616683147 0.004491154312259534 428
1739616683182 0.021746266570769498 429
1739616683217 0.6703772652052625 430
1739616683253 0.3846813129489671 431
1739616683287 0.0011500000060762443 432
1739616683326 0.4893506741867038 433
1739616683363 1.6908721722777638 434
1739616683398 0.008248250400137892 435
1739616683433 0.06965793846536421 436
1739616683468 0.693989020616227 437
1739616683504 0.01913935624994625 438
1739616683540 2.4296063914606365 439
1739616683575 0.0032748074675141743 440
1739616683611 1.8576738046681778 441
1739616683654 0.3012842616008024 442
1739616683692 0.9261754908210437 443
1739616683730 0.05753789233642497 444
1739616683767 0.35358183428162887 445
1739616683802 0.5205065284907956 446
1739616683838 0.20286063630471887 447
1739616683873 0.6157283947825816 448
1739616683907 0.28760204396864364 449
1739616683941 0.6270839538617322 450
1739616683975 0.002917961235813531 451
1739616684011 0.03996247444810421 452
1739616684047 2.1670119903653395 453
1739616684082 0.4298022893243269 454
1739616684117 1.087702924233876 455
1739616684153 0.04948240512817966 456
1739616684188 0.612803461467555 457
1739616684223 0.16677453286602342 458
1739616684258 0.011834172071837644 459
1739616684292 0.005031154846887319 460
1739616684328 3.191973441209184 461
1739616684363 2.2358094226033933 462
1739616684397 0.1810622904340941 463
1739616684432 5.647075468725204 464
1739616684468 0.7206242560321057 465
1739616684504 0.0013724719117756325 466
1739616684538 0.20889012237516 467
1739616684574 0.29636591745719143 468
1739616684622 8.718520735802558 469
1739616684659 0.24062776168273814 470
1739616684696 0.31612437100097274 471
1739616684730 0.09821168965691181 472
1739616684766 2.391622520602733 473
1739616684801 2.3727564084102855 474
1739616684835 0.2275813736890556 475
1739616684871 0.23577762673258817 476
1739616684905 0.31569239728934073 477
1739616684941 0.07488756276678978 478
1739616684975 0.006092337440823121 479
1739616685010 0.01776638577809465 480
1739616685044 2.585519975980466 481
1739616685078 0.3674759087397136 482
1739616685112 0.07334807450377195 483
1739616685147 2.091756199470341 484
1739616685182 0.16835442853418744 485
1739616685219 0.4400451471536623 486
1739616685256 7.287257071827815 487
1739616685290 0.2904992426353354 488
1739616685324 0.7564404515743394 489
1739616685360 0.11026076405220277 490
1739616685395 0.46286187730584294 491
1739616685432 0.00046087014892018255 492
1739616685469 0.3741831423849473 493
1739616685505 0.44857078837224396 494
1739616685549 0.046672617081383046 495
1739616685589 1.0343249053579875 496
1739616685626 8.900491082194288 497
1739616685663 0.15988623044235453 498
1739616685698 2.201000649734606 499
