1739614187678 169.7056812094765 0
1739614187689 169.69219431462992 1
1739614187701 169.67870856985948 2
1739614187712 169.66522397506742 3
1739614187721 169.65174053015585 4
1739614187732 169.63825823502705 5
1739614187742 169.62477708958315 6
1739614187752 169.61129709372636 7
1739614187763 169.597818247359 8
1739614187773 169.5843405503832 9
1739614187783 169.57118416643715 10
1739614187797 169.55802889091837 11
1739614187807 169.54487472373316 12
1739614187819 169.5317216647878 13
1739614187830 169.5185697139886 14
1739614187841 169.5054188712419 15
1739614187853 169.4922691364539 16
1739614187864 169.47912050953104 17
1739614187875 169.4659729903797 18
1739614187886 169.4528265789061 19
1739614187897 169.43968127501662 20
1739614187908 169.42653707861768 21
1739614187918 169.41339398961557 22
1739614187929 169.40025200791672 23
1739614187939 169.38711113342748 24
1739614187951 169.37397136605426 25
1739614187962 169.36083270570344 26
1739614187972 169.3476951522815 27
1739614187983 169.33455870569472 28
1739614187994 169.32142336584957 29
1739614188004 169.30828913265253 30
1739614188014 169.29515600601002 31
1739614188024 169.2820239858285 32
1739614188035 169.2688930720143 33
1739614188046 169.25576326447407 34
1739614188056 169.2426345631141 35
1739614188067 169.22950696784102 36
1739614188077 169.2163804785612 37
1739614188088 169.20325509518122 38
1739614188099 169.19013081760755 39
1739614188109 169.17700764574667 40
1739614188119 169.16388557950512 41
1739614188130 169.15076461878942 42
1739614188140 169.1376447635061 43
1739614188152 169.1245260135617 44
1739614188164 169.11140836886278 45
1739614188174 169.0982918293159 46
1739614188185 169.0851763948276 47
1739614188196 169.07206206530446 48
1739614188208 169.05894884065307 49
1739614188219 169.04583672078004 50
1739614188230 169.03272570559193 51
1739614188240 169.01961579499533 52
1739614188251 169.0065069888969 53
1739614188261 168.9933992872032 54
1739614188272 168.98029268982094 55
1739614188283 168.96718719665665 56
1739614188293 168.95408280761708 57
1739614188304 168.94097952260879 58
1739614188315 168.9278773415385 59
1739614188327 168.9147762643129 60
1739614188337 168.90167629083857 61
1739614188357 168.88857742102226 62
1739614188368 168.8754796547706 63
1739614188380 168.86238299199042 64
1739614188391 168.84928743258826 65
1739614188402 168.83619297647098 66
1739614188414 168.8230996235452 67
1739614188424 168.8100073737177 68
1739614188436 168.79691622689523 69
1739614188446 168.78382618298448 70
1739614188457 168.7707372418922 71
1739614188468 168.75764940352525 72
1739614188478 168.7445626677903 73
1739614188488 168.7314770345942 74
1739614188499 168.7183925038437 75
1739614188509 168.7053090754456 76
1739614188520 168.69222674930666 77
1739614188530 168.67914552533372 78
1739614188541 168.66606540343358 79
1739614188551 168.65298638351317 80
1739614188561 168.63990846547918 81
1739614188571 168.6268316492385 82
1739614188582 168.61375593469802 83
1739614188593 168.60068132176457 84
1739614188603 168.587607810345 85
1739614188615 168.57453540034615 86
1739614188626 168.56146409167502 87
1739614188636 168.54839388423838 88
1739614188646 168.53532477794315 89
1739614188657 168.52225677269624 90
1739614188669 168.5091898684046 91
1739614188679 168.49612406497513 92
1739614188690 168.48305936231472 93
1739614188701 168.46999576033033 94
1739614188712 168.45693325892893 95
1739614188723 168.44387185801745 96
1739614188735 168.43081155750284 97
1739614188746 168.41775235729204 98
1739614188756 168.4046942572921 99
1739614188766 168.39163725740994 100
1739614188777 168.37858135755263 101
1739614188788 168.36552655762702 102
1739614188799 168.35247285754025 103
1739614188809 168.3394202571993 104
1739614188820 168.32636875651116 105
1739614188830 168.31331835538288 106
1739614188841 168.3002690537215 107
1739614188852 168.28722085143409 108
1739614188863 168.27417374842767 109
1739614188873 168.26112774460933 110
1739614188885 168.2480828398861 111
1739614188896 168.23503903416508 112
1739614188906 168.2219963273533 113
1739614188917 168.208954719358 114
1739614188927 168.1959142100861 115
1739614188938 168.18287479944487 116
1739614188950 168.16983648734129 117
1739614188960 168.15679927368257 118
1739614188971 168.1437631583758 119
1739614188983 168.13072814132815 120
1739614188993 168.11769422244674 121
1739614189004 168.10466140163874 122
1739614189016 168.09162967881133 123
1739614189065 168.0785990538717 124
1739614189079 168.065569526727 125
1739614189090 168.05254109728435 126
1739614189103 168.03951376545103 127
1739614189115 168.0264875311342 128
1739614189126 168.01346239424112 129
1739614189136 168.00043835467895 130
1739614189147 167.98741541235498 131
1739614189158 167.9743935671764 132
1739614189169 167.9613728190505 133
1739614189179 167.94835316788442 134
1739614189190 167.93533461358552 135
1739614189201 167.92231715606104 136
1739614189213 167.90930079521826 137
1739614189222 167.89628553096443 138
1739614189234 167.8832713632069 139
1739614189244 167.87025829185293 140
1739614189255 167.85724631680978 141
1739614189268 167.84423543798482 142
1739614189285 167.83122565528535 143
1739614189299 167.81821696861874 144
1739614189311 167.80520937789225 145
1739614189320 167.7922028830133 146
1739614189331 167.7791974838892 147
1739614189343 167.76619318042734 148
1739614189355 167.753189972535 149
1739614189366 167.74018786011968 150
1739614189376 167.72718684308867 151
1739614189387 167.71421409358078 152
1739614189398 167.70124243624926 153
1739614189408 167.68827187100177 154
1739614189420 167.67530239774604 155
1739614189431 167.66233401638976 156
1739614189441 167.64936672684067 157
1739614189452 167.63640052900655 158
1739614189462 167.6234354227951 159
1739614189473 167.61047140811408 160
1739614189483 167.59750848487124 161
1739614189494 167.58454665297438 162
1739614189504 167.57158591233124 163
1739614189515 167.55862626284963 164
1739614189526 167.5456677044373 165
1739614189537 167.5327102370021 166
1739614189547 167.5197538604518 167
1739614189558 167.50679857469422 168
1739614189569 167.49384437963718 169
1739614189582 167.48089127518855 170
1739614189594 167.4679392612561 171
1739614189606 167.4549883377477 172
1739614189618 167.4420385045712 173
1739614189628 167.42908976163454 174
1739614189639 167.41614210884546 175
1739614189650 167.40319554611196 176
1739614189661 167.39025007334178 177
1739614189671 167.3773056904429 178
1739614189683 167.36436239732328 179
1739614189693 167.3514201938907 180
1739614189704 167.33847908005313 181
1739614189715 167.3255390557185 182
1739614189725 167.31260012079477 183
1739614189736 167.29966227518986 184
1739614189748 167.28672551881166 185
1739614189758 167.27378985156818 186
1739614189769 167.26085527336735 187
1739614189780 167.24792178411724 188
1739614189790 167.23498938372566 189
1739614189802 167.2220580721007 190
1739614189812 167.20912784915032 191
1739614189823 167.1961987147826 192
1739614189834 167.18327066890544 193
1739614189844 167.17034371142694 194
1739614189854 167.15741784225503 195
1739614189865 167.1444930612978 196
1739614189875 167.13156936846332 197
1739614189885 167.1186467636596 198
1739614189897 167.10572524679466 199
1739614189907 167.09280481777665 200
1739614189917 167.0798856529979 201
1739614189928 167.0669673993907 202
1739614189938 167.05405040983192 203
1739614189948 167.04113433126795 204
1739614189958 167.02821951656162 205
1739614189968 167.0153057891402 206
1739614189979 167.00239297244823 207
1739614189988 166.9894814193279 208
1739614190003 166.97657077676024 209
1739614190014 166.9636613975735 210
1739614190025 166.9507529287628 211
1739614190035 166.93784572314232 212
1739614190045 166.92493942772109 213
1739614190055 166.91203439529951 214
1739614190067 166.89913027290052 215
1739614190078 166.88622741331054 216
1739614190088 166.87332546356657 217
1739614190099 166.86042477644096 218
1739614190110 166.8475249989847 219
1739614190120 166.83462648395638 220
1739614190132 166.82172887842083 221
1739614190142 166.80883253512266 222
1739614190153 166.7959371011407 223
1739614190164 166.7830429292057 224
1739614190174 166.7701496664103 225
1739614190185 166.75725766547137 226
1739614190204 166.74436657349574 227
1739614190216 166.73147674318605 228
1739614190228 166.71858799805 229
1739614190238 166.7057001616124 230
1739614190250 166.69281358655536 231
1739614190260 166.67992792002033 232
1739614190271 166.66704351467556 233
1739614190281 166.65416001767642 234
1739614190292 166.64127778167725 235
1739614190302 166.62839645384736 236
1739614190312 166.61551638682707 237
1739614190323 166.60263722779982 238
1739614190334 166.58975932939188 239
1739614190344 166.57688233880071 240
1739614190355 166.56400660863875 241
1739614190365 166.5511317861172 242
1739614190377 166.53825822383467 243
1739614190387 166.52538556901632 244
1739614190398 166.51251417424683 245
1739614190408 166.49964368676538 246
1739614190419 166.48677445914265 247
1739614190430 166.47390613863178 248
1739614190440 166.46103907778956 249
1739614190451 166.44817292388305 250
1739614190461 166.43530802945511 251
1739614190472 166.4224442180936 252
1739614190483 166.40958131340355 253
1739614190493 166.39671966790715 254
1739614190503 166.3838589289062 255
1739614190514 166.3709994489089 256
1739614190524 166.35814087523096 257
1739614190534 166.34528356036682 258
1739614190545 166.33242715164607 259
1739614190554 166.31957200154915 260
1739614190565 166.30671775741962 261
1739614190575 166.29386477172406 262
1739614190586 166.28101269181994 263
1739614190596 166.26816187015993 264
1739614190606 166.2553119541155 265
1739614190617 166.24246329612535 266
1739614190628 166.2296155435749 267
1739614190638 166.21676904888898 268
1739614190649 166.20392345946686 269
1739614190660 166.1910791277195 270
1739614190670 166.17823570106015 271
1739614190680 166.16539353188585 272
1739614190691 166.15255226762378 273
1739614190702 166.139712260657 274
1739614190712 166.12687333465357 275
1739614190723 166.11403531329861 276
1739614190734 166.1011985489546 277
1739614190745 166.08836268908343 278
1739614190755 166.0755280860336 279
1739614190765 166.06269438728083 280
1739614190775 166.04986194515982 281
1739614190786 166.03703040716033 282
1739614190797 166.02420012560304 283
1739614190809 166.01137074799158 284
1739614190820 165.99854262663285 285
1739614190830 165.98571540904436 286
1739614190840 165.97288944751904 287
1739614190852 165.96006438958847 288
1739614190863 165.94724058753164 289
1739614190873 165.934417688894 290
1739614190883 165.92159604594065 291
1739614190894 165.90877530623095 292
1739614190903 165.89595582201622 293
1739614190914 165.88313724086967 294
1739614190924 165.87031991502874 295
1739614190935 165.85750349208053 296
1739614190946 165.8446883242486 297
1739614190957 165.83187423528096 298
1739614190967 165.81906104894284 299
1739614190978 165.80624911743715 300
1739614190990 165.7934380883856 301
1739614191001 165.7806283139773 302
1739614191012 165.76781944184788 303
1739614191023 165.7550118241723 304
1739614191033 165.74220510860036 305
1739614191044 165.72939964729318 306
1739614191054 165.71659508791424 307
1739614191065 165.70379178261095 308
1739614191075 165.69098937906068 309
1739614191085 165.67818822939688 310
1739614191096 165.66538798131094 311
1739614191106 165.6525889869224 312
1739614191116 165.63979089393646 313
1739614191127 165.6269940544589 314
1739614191138 165.61419811620883 315
1739614191158 165.60140343127804 316
1739614191168 165.58860964739964 317
1739614191181 165.57581711665156 318
1739614191192 165.5630254867807 319
1739614191202 165.55023510985123 320
1739614191213 165.53744580969112 321
1739614191225 165.5246574101456 322
1739614191235 165.51187026325812 323
1739614191246 165.49908401681023 324
1739614191256 165.4862990228315 325
1739614191267 165.47351492911739 326
1739614191278 165.46073208768354 327
1739614191290 165.44795014633937 328
1739614191301 165.43516945708666 329
1739614191312 165.4223896677487 330
1739614191323 165.4096111303134 331
1739614191334 165.3968334926179 332
1739614191345 165.38405710663636 333
1739614191355 165.37128162021978 334
1739614191366 165.35850738532838 335
1739614191377 165.34573404982712 336
1739614191388 165.33296196566232 337
1739614191398 165.3201907807129 338
1739614191408 165.3074208469112 339
1739614191419 165.2946518121501 340
1739614191430 165.2818840283482 341
1739614191440 165.26911731940646 342
1739614191451 165.25635150924305 343
1739614191461 165.24358694975604 344
1739614191472 165.23082328887267 345
1739614191483 165.2180608784771 346
1739614191493 165.20529936651056 347
1739614191504 165.1925391048433 348
1739614191515 165.17977974143037 349
1739614191526 165.16702162812825 350
1739614191536 165.15426441290586 351
1739614191546 165.14150844760582 352
1739614191557 165.12875338021092 353
1739614191567 165.11599956254994 354
1739614191578 165.10324664261955 355
1739614191588 165.09049497223467 356
1739614191600 165.07774419940588 357
1739614191610 165.06499467593423 358
1739614191621 165.05224604984417 359
1739614191632 165.03949867292295 360
1739614191642 165.0267521932088 361
1739614191653 165.01400696247518 362
1739614191664 165.00126262877427 363
1739614191675 164.98851954386555 364
1739614191685 164.97577753172985 365
1739614191696 164.9630364163652 366
1739614191708 164.95029654951048 367
1739614191720 164.93755757925248 368
1739614191731 164.92481985731624 369
1739614191741 164.91208303180233 370
1739614191752 164.899347454422 371
1739614191762 164.88661277328978 372
1739614191772 164.873879340103 373
1739614191782 164.86114680299 374
1739614191792 164.8484155136343 375
1739614191807 164.83568512017825 376
1739614191818 164.82295597429143 377
1739614191828 164.81022772413004 378
1739614191838 164.79750072134982 379
1739614191848 164.7847746141208 380
1739614191859 164.77204975408503 381
1739614191870 164.7593257894263 382
1739614191880 164.74660307177282 383
1739614191890 164.7338812493223 384
1739614191901 164.72116067368904 385
1739614191912 164.70844099308468 386
1739614191923 164.69572255910967 387
1739614191934 164.6830051958246 388
1739614191944 164.67028872730722 389
1739614191955 164.65757350513755 390
1739614191965 164.64485917756159 391
1739614191977 164.63214609614536 392
1739614191987 164.6194339091489 393
1739614191999 164.60672296812444 394
1739614192009 164.59401292134575 395
1739614192020 164.5813041203513 396
1739614192030 164.56859621342875 397
1739614192041 164.5558895521026 398
1739614192051 164.54318378467445 399
1739614192062 164.53047926265512 400
1739614192073 164.51777563435988 401
1739614192084 164.50507325128572 402
1739614192103 164.49237176176186 403
1739614192115 164.4796715172714 404
1739614192127 164.46697216615746 405
1739614192138 164.45427405988937 406
1739614192150 164.44157684682398 407
1739614192160 164.4288808784168 408
1739614192170 164.41618580303864 409
1739614192181 164.4034919721311 410
1739614192191 164.39079920983454 411
1739614192201 164.37810734030634 412
1739614192212 164.36541671496758 413
1739614192221 164.35272698222354 414
1739614192232 164.34003849348147 415
1739614192243 164.3273508971605 416
1739614192253 164.31466454465405 417
1739614192264 164.30197908439507 418
1739614192275 164.28929486776323 419
1739614192285 164.2766115432053 420
1739614192296 164.26392946208708 421
1739614192306 164.25124827286925 422
1739614192317 164.23856832690376 423
1739614192326 164.22588927266514 424
1739614192337 164.21321146149157 425
1739614192347 164.20053454187138 426
1739614192357 164.18785886512896 427
1739614192367 164.17518407976644 428
1739614192378 164.1625105370944 429
1739614192388 164.14983788562887 430
1739614192398 164.1371664766666 431
1739614192409 164.12449595873747 432
1739614192419 164.11182668312438 433
1739614192430 164.09915847404727 434
1739614192440 164.0864911557431 435
1739614192451 164.07382507947435 436
1739614192464 164.0611598938053 437
1739614192474 164.0484959499845 438
1739614192485 164.03583289659014 439
1739614192495 164.0231710848569 440
1739614192505 164.01051016337684 441
1739614192516 163.99785048337094 442
1739614192526 163.98519169344496 443
1739614192537 163.97253414480596 444
1739614192548 163.95987748607382 445
1739614192558 163.9472220684417 446
1739614192569 163.93456754054316 447
1739614192580 163.92191425355773 448
1739614192591 163.90926185613273 449
1739614192602 163.89661069943395 450
1739614192613 163.88396043212245 451
1739614192624 163.87131140535024 452
1739614192635 163.85866326779225 453
1739614192646 163.84601637058668 454
1739614192656 163.83337036242233 455
1739614192667 163.82072559442352 456
1739614192678 163.80808189088972 457
1739614192688 163.7954390761375 458
1739614192699 163.78279750127075 459
1739614192710 163.7701568150126 460
1739614192720 163.75751736845316 461
1739614192730 163.7448788103294 462
1739614192740 163.73224149171753 463
1739614192751 163.7196050613685 464
1739614192761 163.70696987034464 465
1739614192771 163.6943355674107 466
1739614192783 163.6817025036153 467
1739614192794 163.669070327737 468
1739614192804 163.65643939081056 469
1739614192817 163.64380934162836 470
1739614192827 163.6311805312115 471
1739614192837 163.618552608366 472
1739614192848 163.60592592409932 473
1739614192860 163.59330012723123 474
1739614192870 163.5806755687553 475
1739614192880 163.56805189750534 476
1739614192891 163.55542946446107 477
1739614192901 163.54280791847 478
1739614192912 163.53018761049813 479
1739614192922 163.51756836492433 480
1739614192933 163.50495000614464 481
1739614192944 163.49233288510462 482
1739614192955 163.47971665068602 483
1739614192965 163.46710165382066 484
1739614192975 163.45448754340418 485
1739614192985 163.44187467035457 486
1739614192996 163.42926268358127 487
1739614193006 163.41665193398842 488
1739614193017 163.40404207049934 489
1739614193036 163.3914334440045 490
1739614193048 163.37882570344087 491
1739614193058 163.36621919968516 492
1739614193069 163.3536135816882 493
1739614193081 163.34100920031287 494
1739614193091 163.3284057045239 495
1739614193102 163.3158034451703 496
1739614193113 163.3032020712307 497
1739614193123 163.29060193354027 498
1739614193133 163.27800268109135 499
