1739614306569 168.72090282371332 0
1739614306580 168.68752948798834 1
1739614306591 168.65458054363324 2
1739614306602 168.6216381132759 3
1739614306611 168.5887021956245 4
1739614306622 168.5557727893875 5
1739614306632 168.52284989327356 6
1739614306642 168.48993350599156 7
1739614306652 168.45702362625076 8
1739614306663 168.42412025276062 9
1739614306673 168.39122338423078 10
1739614306683 168.3583330193713 11
1739614306694 168.32544915689226 12
1739614306705 168.29257179550424 13
1739614306715 168.259700933918 14
1739614306726 168.2268365708444 15
1739614306736 168.19397870499478 16
1739614306746 168.16112733508066 17
1739614306758 168.12828245981368 18
1739614306768 168.095444077906 19
1739614306778 168.06261218806975 20
1739614306789 168.02978678901752 21
1739614306799 167.99696787946212 22
1739614306809 167.9641554581165 23
1739614306819 167.93134952369405 24
1739614306829 167.89855007490823 25
1739614306839 167.86575711047288 26
1739614306849 167.83297062910202 27
1739614306860 167.80019062951004 28
1739614306871 167.76741711041146 29
1739614306881 167.73465007052104 30
1739614306892 167.70188950855396 31
1739614306903 167.66913542322553 32
1739614306913 167.6363878132513 33
1739614306924 167.60364667734711 34
1739614306934 167.57091201422912 35
1739614306945 167.5381838226136 36
1739614306955 167.50546210121726 37
1739614306965 167.4727468487569 38
1739614306976 167.44003806394963 39
1739614306986 167.40733574551285 40
1739614306996 167.37463989216414 41
1739614307007 167.34195050262144 42
1739614307019 167.3092675756029 43
1739614307030 167.27659110982688 44
1739614307040 167.24392110401197 45
1739614307050 167.21125755687714 46
1739614307061 167.17860046714154 47
1739614307071 167.14594983352455 48
1739614307081 167.1133056547459 49
1739614307091 167.08066792952548 50
1739614307102 167.04803665658335 51
1739614307113 167.0154118346401 52
1739614307123 166.98279346241637 53
1739614307134 166.950181538633 54
1739614307144 166.9175760620113 55
1739614307154 166.88497703127265 56
1739614307164 166.85238444513874 57
1739614307175 166.81979830233152 58
1739614307185 166.78721860157327 59
1739614307196 166.75464534158638 60
1739614307206 166.72207852109358 61
1739614307216 166.6895181388178 62
1739614307227 166.6569641934823 63
1739614307237 166.62441668381058 64
1739614307247 166.59187560852627 65
1739614307258 166.55934096635346 66
1739614307267 166.52681275601634 67
1739614307278 166.49429097623937 68
1739614307289 166.4617756257473 69
1739614307299 166.4292667032652 70
1739614307310 166.39676420751823 71
1739614307320 166.3642681372319 72
1739614307331 166.331778491132 73
1739614307343 166.29929526794444 74
1739614307354 166.26681846639568 75
1739614307364 166.23434808521205 76
1739614307375 166.20188412312038 77
1739614307385 166.16942657884766 78
1739614307405 166.13697545112117 79
1739614307416 166.1045307386685 80
1739614307428 166.07209244021738 81
1739614307439 166.03966055449578 82
1739614307449 166.0072350802321 83
1739614307460 165.97481601615476 84
1739614307471 165.94240336099267 85
1739614307482 165.90999711347473 86
1739614307494 165.87759727233032 87
1739614307505 165.84520383628902 88
1739614307515 165.81281680408048 89
1739614307525 165.78043617443493 90
1739614307536 165.74806194608257 91
1739614307546 165.71569411775394 92
1739614307556 165.68333268817986 93
1739614307567 165.65097765609144 94
1739614307578 165.61862902021997 95
1739614307588 165.58628677929696 96
1739614307598 165.55395093205428 97
1739614307610 165.52162147722396 98
1739614307620 165.48929841353834 99
1739614307630 165.45698173973 100
1739614307641 165.4246714545317 101
1739614307652 165.39236755667662 102
1739614307663 165.36007004489798 103
1739614307673 165.32777891792944 104
1739614307684 165.29549417450477 105
1739614307695 165.26321581335804 106
1739614307705 165.23094383322365 107
1739614307715 165.1986782328361 108
1739614307726 165.16641901093027 109
1739614307738 165.13416616624122 110
1739614307749 165.10191969750434 111
1739614307760 165.06967960345517 112
1739614307770 165.03744588282956 113
1739614307781 165.0052185343636 114
1739614307792 164.97299755679364 115
1739614307803 164.94078294885622 116
1739614307814 164.90857470928827 117
1739614307824 164.87637283682682 118
1739614307834 164.84417733020922 119
1739614307845 164.8119881881731 120
1739614307856 164.77980540945626 121
1739614307867 164.74762899279685 122
1739614307877 164.71545893693315 123
1739614307888 164.6832952406038 124
1739614307898 164.65113790254767 125
1739614307909 164.61898692150376 126
1739614307919 164.5868422962116 127
1739614307929 164.5547040254106 128
1739614307939 164.5225721078407 129
1739614307950 164.49044654224198 130
1739614307961 164.4583273273548 131
1739614307971 164.42621446191978 132
1739614307982 164.39410794467776 133
1739614307993 164.3620077743698 134
1739614308003 164.3299139497373 135
1739614308015 164.29782646952185 136
1739614308031 164.2657453324653 137
1739614308042 164.23367053730973 138
1739614308052 164.2016020827975 139
1739614308062 164.16953996767123 140
1739614308072 164.13748419067372 141
1739614308083 164.10543475054814 142
1739614308093 164.0733916460378 143
1739614308104 164.04135487588633 144
1739614308115 164.0093244388375 145
1739614308125 163.97730033363553 146
1739614308135 163.94528255902466 147
1739614308146 163.91327111374952 148
1739614308158 163.88126599655496 149
1739614308168 163.84926720618608 150
1739614308178 163.81727474138827 151
1739614308189 163.78528860090705 152
1739614308199 163.75330878348825 153
1739614308210 163.72133528787808 154
1739614308220 163.68936811282273 155
1739614308230 163.6574072570689 156
1739614308241 163.6254527193634 157
1739614308251 163.59350449845334 158
1739614308263 163.561562593086 159
1739614308275 163.529627002009 160
1739614308285 163.49769772397016 161
1739614308296 163.4657747577176 162
1739614308307 163.43385810199956 163
1739614308318 163.40194775556478 164
1739614308328 163.37004371716193 165
1739614308348 163.33814598554017 166
1739614308359 163.3062545594488 167
1739614308371 163.27436943763746 168
1739614308381 163.2424906188559 169
1739614308392 163.21061810185415 170
1739614308403 163.17875188538267 171
1739614308414 163.14689196819188 172
1739614308424 163.11503834903274 173
1739614308434 163.08319102665618 174
1739614308444 163.0513499998136 175
1739614308455 163.0195152672565 176
1739614308466 162.98768682773672 177
1739614308477 162.95586468000636 178
1739614308487 162.9240488228176 179
1739614308497 162.89223925492317 180
1739614308507 162.8604359750757 181
1739614308517 162.82863898202834 182
1739614308528 162.7968482745343 183
1739614308537 162.76506385134724 184
1739614308548 162.73328571122084 185
1739614308558 162.70151385290922 186
1739614308569 162.6697482751666 187
1739614308579 162.63798897674758 188
1739614308589 162.60623595640686 189
1739614308600 162.57448921289955 190
1739614308611 162.54274874498083 191
1739614308621 162.5110145514063 192
1739614308631 162.47928663093168 193
1739614308641 162.44756498231308 194
1739614308651 162.4158496043066 195
1739614308662 162.3841404956689 196
1739614308672 162.35243765515665 197
1739614308682 162.3207410815269 198
1739614308692 162.28905077353687 199
1739614308702 162.2573667299441 200
1739614308712 162.2256889495063 201
1739614308723 162.1940174309815 202
1739614308732 162.16235217312783 203
1739614308743 162.1306931747039 204
1739614308753 162.09904043446838 205
1739614308763 162.0673939511803 206
1739614308775 162.0357537235988 207
1739614308785 162.00411975048343 208
1739614308796 161.97249203059386 209
1739614308806 161.94087056269004 210
1739614308816 161.90925534553224 211
1739614308826 161.87764637788086 212
1739614308837 161.84604365849668 213
1739614308847 161.81444718614054 214
1739614308857 161.78285695957365 215
1739614308868 161.75127297755756 216
1739614308878 161.71969523885386 217
1739614308888 161.68812374222452 218
1739614308898 161.65655848643175 219
1739614308909 161.62499947023787 220
1739614308919 161.5934466924056 221
1739614308929 161.5619001516979 222
1739614308941 161.53035984687793 223
1739614308951 161.49882577670897 224
1739614308962 161.46729793995485 225
1739614308974 161.4357763353794 226
1739614308984 161.40426096174667 227
1739614308994 161.3727518178212 228
1739614309004 161.34124890236754 229
1739614309015 161.3097522141506 230
1739614309025 161.27826175193545 231
1739614309037 161.24677751448752 232
1739614309047 161.21529950057243 233
1739614309058 161.183827708956 234
1739614309068 161.15236213840436 235
1739614309079 161.12090278768386 236
1739614309090 161.08944965556108 237
1739614309101 161.0580027408029 238
1739614309111 161.02656204217635 239
1739614309122 160.99512755844881 240
1739614309132 160.96369928838786 241
1739614309143 160.9322772307613 242
1739614309153 160.90086138433713 243
1739614309163 160.86945174788377 244
1739614309174 160.83804832016978 245
1739614309184 160.80665109996383 246
1739614309195 160.77526008603508 247
1739614309205 160.74387527715282 248
1739614309215 160.7124966720865 249
1739614309226 160.68112426960596 250
1739614309236 160.64975806848116 251
1739614309246 160.61839806748245 252
1739614309257 160.58704426538034 253
1739614309268 160.5556966609455 254
1739614309278 160.524355252949 255
1739614309296 160.49302004016204 256
1739614309308 160.4616910213561 257
1739614309320 160.43036819530298 258
1739614309330 160.39905156077455 259
1739614309341 160.36774111654316 260
1739614309356 160.33643686138117 261
1739614309366 160.30513879406132 262
1739614309377 160.27384691335658 263
1739614309388 160.24256121804007 264
1739614309398 160.21128170688533 265
1739614309409 160.18000837866592 266
1739614309419 160.14874123215594 267
1739614309429 160.11748026612935 268
1739614309439 160.0862254793607 269
1739614309449 160.0549768706246 270
1739614309459 160.023734438696 271
1739614309469 159.99249818234998 272
1739614309479 159.96126810036196 273
1739614309490 159.93004419150753 274
1739614309500 159.8988264545626 275
1739614309510 159.86761488830328 276
1739614309520 159.8364094915059 277
1739614309530 159.8052102629471 278
1739614309541 159.77401720140364 279
1739614309551 159.74283030565275 280
1739614309561 159.71164957447158 281
1739614309571 159.68047500663792 282
1739614309582 159.6493066009294 283
1739614309592 159.61814435612416 284
1739614309603 159.58698827100048 285
1739614309613 159.5558383443369 286
1739614309623 159.52469457491225 287
1739614309633 159.49355696150545 288
1739614309643 159.46242550289588 289
1739614309653 159.43130019786304 290
1739614309664 159.40018104518668 291
1739614309674 159.36906804364673 292
1739614309684 159.33796119202353 293
1739614309694 159.3068604890975 294
1739614309704 159.27576593364932 295
1739614309714 159.24467752446012 296
1739614309725 159.21359526031094 297
1739614309735 159.1825191399833 298
1739614309745 159.15144916225893 299
1739614309756 159.1203853259197 300
1739614309766 159.0893276297478 301
1739614309776 159.0582760725257 302
1739614309786 159.027230653036 303
1739614309797 158.99619137006167 304
1739614309808 158.96515822238578 305
1739614309819 158.93413120879174 306
1739614309830 158.90311032806324 307
1739614309841 158.87209557898402 308
1739614309851 158.84108696033832 309
1739614309863 158.8100844709104 310
1739614309874 158.77908810948492 311
1739614309884 158.7480978748467 312
1739614309895 158.71711376578077 313
1739614309906 158.68613578107252 314
1739614309916 158.6551639195075 315
1739614309927 158.62419817987143 316
1739614309937 158.59323856095043 317
1739614309947 158.56228506153073 318
1739614309958 158.5313376803989 319
1739614309968 158.50039641634172 320
1739614309979 158.46946126814612 321
1739614309990 158.43853223459942 322
1739614310000 158.4076093144891 323
1739614310010 158.37669250660284 324
1739614310020 158.3457818097286 325
1739614310031 158.31487722265467 326
1739614310041 158.2839787441695 327
1739614310051 158.25308637306168 328
1739614310063 158.2222001081202 329
1739614310073 158.19131994813424 330
1739614310083 158.1604458918932 331
1739614310094 158.12957793818677 332
1739614310104 158.09871608580477 333
1739614310115 158.06786033353742 334
1739614310125 158.037010680175 335
1739614310135 158.0061671245082 336
1739614310145 157.9753296653279 337
1739614310156 157.9444983014251 338
1739614310166 157.9136730315912 339
1739614310177 157.88285385461776 340
1739614310187 157.85204076929656 341
1739614310197 157.8212337744197 342
1739614310208 157.7904328687795 343
1739614310220 157.75963805116845 344
1739614310231 157.72884932037928 345
1739614310250 157.6980666752051 346
1739614310261 157.66729011443914 347
1739614310272 157.63651963687482 348
1739614310283 157.60575524130596 349
1739614310295 157.57499692652652 350
1739614310307 157.5442446913307 351
1739614310317 157.5134985345129 352
1739614310328 157.4827584548679 353
1739614310339 157.4520244511906 354
1739614310349 157.42129652227612 355
1739614310361 157.39057466691995 356
1739614310372 157.35985888391767 357
1739614310385 157.32914917206523 358
1739614310395 157.2984455301587 359
1739614310406 157.26774795699447 360
1739614310416 157.23705645136914 361
1739614310426 157.20637101207961 362
1739614310436 157.1756916379229 363
1739614310446 157.1450183276963 364
1739614310456 157.11435108019748 365
1739614310466 157.08368989422414 366
1739614310477 157.0530347685744 367
1739614310487 157.02238570204648 368
1739614310498 156.9917426934389 369
1739614310508 156.96110574155045 370
1739614310518 156.93047484518007 371
1739614310529 156.89985000312703 372
1739614310539 156.8692312141908 373
1739614310549 156.8386184771711 374
1739614310560 156.80801179086788 375
1739614310570 156.77741115408125 376
1739614310580 156.7468165656117 377
1739614310591 156.71622802425995 378
1739614310601 156.6856455288268 379
1739614310611 156.65506907811334 380
1739614310622 156.62449867092116 381
1739614310632 156.59393430605166 382
1739614310643 156.5633759823068 383
1739614310653 156.53282369848867 384
1739614310664 156.50227745339953 385
1739614310674 156.47173724584206 386
1739614310684 156.44120307461893 387
1739614310695 156.41067493853328 388
1739614310706 156.38015283638836 389
1739614310716 156.3496367669877 390
1739614310727 156.31912672913504 391
1739614310736 156.28862272163434 392
1739614310746 156.25812474328993 393
1739614310757 156.22763279290615 394
1739614310767 156.19714686928782 395
1739614310777 156.16666697123983 396
1739614310788 156.13619309756731 397
1739614310798 156.10572524707578 398
1739614310809 156.0752634185708 399
1739614310819 156.04480761085836 400
1739614310830 156.01435782274456 401
1739614310841 155.98391405303568 402
1739614310851 155.9534763005384 403
1739614310862 155.9230445640596 404
1739614310873 155.89261884240625 405
1739614310882 155.86219913438572 406
1739614310893 155.83178543880558 407
1739614310903 155.8013777544736 408
1739614310914 155.77097608019778 409
1739614310924 155.74058041478642 410
1739614310934 155.71019075704803 411
1739614310944 155.6798071057913 412
1739614310955 155.64942945982523 413
1739614310965 155.61905781795897 414
1739614310975 155.58869217900204 415
1739614310985 155.55833254176406 416
1739614310996 155.52797890505508 417
1739614311007 155.49763126768505 418
1739614311017 155.46728962846453 419
1739614311028 155.43695398620406 420
1739614311038 155.4066243397145 421
1739614311048 155.37630068780697 422
1739614311059 155.34598302929285 423
1739614311070 155.31567136298366 424
1739614311080 155.2853656876912 425
1739614311091 155.25506600222752 426
1739614311101 155.22477230540497 427
1739614311112 155.19448459603595 428
1739614311123 155.16420287293326 429
1739614311133 155.13392713490992 430
1739614311144 155.10365738077908 431
1739614311164 155.07339360935424 432
1739614311176 155.04313581944916 433
1739614311187 155.01288400987767 434
1739614311197 154.98263817945394 435
1739614311209 154.9523983269924 436
1739614311219 154.9221644513077 437
1739614311229 154.8919365512147 438
1739614311240 154.86171462552852 439
1739614311250 154.83149867306452 440
1739614311260 154.80128869263817 441
1739614311270 154.77108468306537 442
1739614311280 154.74088664316216 443
1739614311291 154.71069457174482 444
1739614311301 154.6805084676299 445
1739614311311 154.65032832963402 446
1739614311322 154.6201541565744 447
1739614311332 154.58998594726802 448
1739614311343 154.5598237005325 449
1739614311354 154.52966741518546 450
1739614311364 154.49951709004483 451
1739614311374 154.4693727239288 452
1739614311384 154.43923431565577 453
1739614311395 154.40910186404435 454
1739614311405 154.37897536791343 455
1739614311415 154.34885482608206 456
1739614311426 154.31874023736964 457
1739614311436 154.28863160059575 458
1739614311446 154.2585289145801 459
1739614311456 154.22843217814278 460
1739614311467 154.19834139010408 461
1739614311478 154.1682565492845 462
1739614311489 154.1381776545048 463
1739614311499 154.1081047045859 464
1739614311509 154.0780376983491 465
1739614311520 154.04797663461576 466
1739614311530 154.01792151220755 467
1739614311540 153.98787232994647 468
1739614311550 153.9578290866546 469
1739614311560 153.92779178115435 470
1739614311571 153.8977604122683 471
1739614311582 153.86773497881936 472
1739614311593 153.83771547963053 473
1739614311603 153.80770191352522 474
1739614311614 153.77769427932688 475
1739614311625 153.74769257585936 476
1739614311635 153.71769680194663 477
1739614311646 153.687706956413 478
1739614311657 153.6577230380829 479
1739614311667 153.62774504578107 480
1739614311678 153.59777297833244 481
1739614311689 153.56780683456228 482
1739614311699 153.53784661329587 483
1739614311709 153.507892313359 484
1739614311720 153.47794393357745 485
1739614311730 153.44800147277735 486
1739614311741 153.4180649297851 487
1739614311751 153.38813430342725 488
1739614311762 153.35820959253064 489
1739614311773 153.3282907959223 490
1739614311782 153.29837791242946 491
1739614311793 153.26847094087972 492
1739614311804 153.23856988010087 493
1739614311815 153.20867472892073 494
1739614311825 153.17878548616767 495
1739614311835 153.14890215067 496
1739614311845 153.11902472125652 497
1739614311856 153.0891531967561 498
1739614311866 153.0592875759978 499
