1739557758285 154.93582175638304 0
1739557758295 146.372414085808 1
1739557758305 142.5029249640152 2
1739557758315 134.55099744256364 3
1739557758325 129.21748337826355 4
1739557758335 118.7782719507811 5
1739557758344 113.50871388766018 6
1739557758353 109.41796520530487 7
1739557758362 102.56529397552156 8
1739557758371 97.05778923250827 9
1739557758380 88.1787034880115 10
1739557758388 84.87554912120129 11
1739557758398 83.02236136605487 12
1739557758406 72.92310168587424 13
1739557758415 74.83437283610662 14
1739557758424 71.4561100467629 15
1739557758433 62.42389016573761 16
1739557758442 65.92678392511691 17
1739557758452 58.97912964376856 18
1739557758461 59.14821683863115 19
1739557758470 47.81422692148279 20
1739557758479 53.8187414491494 21
1739557758488 50.75989501990029 22
1739557758497 54.80501622187619 23
1739557758506 43.21444287500195 24
1739557758515 42.615933603224896 25
1739557758523 35.5081240937758 26
1739557758532 37.43789905734727 27
1739557758541 32.6240466160147 28
1739557758550 36.98942745814786 29
1739557758559 37.31852309361102 30
1739557758568 34.521311940153154 31
1739557758577 28.50729619836997 32
1739557758585 29.50967642026277 33
1739557758593 29.09736535171049 34
1739557758602 29.727309296796093 35
1739557758610 30.557555743539424 36
1739557758619 26.661864813443568 37
1739557758627 23.59957420264106 38
1739557758635 30.06421941830954 39
1739557758649 24.93273474489683 40
1739557758657 20.89192824380924 41
1739557758665 21.36245289102361 42
1739557758673 18.017140934548035 43
1739557758682 21.554531754995452 44
1739557758690 16.484468169494487 45
1739557758698 22.726594327829705 46
1739557758706 14.880041976305353 47
1739557758714 19.617874762271303 48
1739557758722 21.735591310894264 49
1739557758731 15.48176562134348 50
1739557758739 19.63115297839207 51
1739557758748 15.149572761732095 52
1739557758756 19.116165139424574 53
1739557758765 20.44366014416918 54
1739557758773 18.07121857275235 55
1739557758792 13.74170488855267 56
1739557758804 14.790259831134025 57
1739557758814 16.580111641539357 58
1739557758823 16.669243411690175 59
1739557758832 18.131729262290264 60
1739557758841 14.744997918323872 61
1739557758850 15.884990185591866 62
1739557758859 12.710938146885944 63
1739557758868 11.896191581405173 64
1739557758876 11.17151970583906 65
1739557758885 11.91049683593734 66
1739557758895 17.349108735694287 67
1739557758904 15.190985136678922 68
1739557758913 16.209041650157136 69
1739557758922 15.081247681332869 70
1739557758931 14.46424230134233 71
1739557758939 15.6077988425736 72
1739557758948 17.623426282109254 73
1739557758956 13.20159736079968 74
1739557758964 16.090667416286703 75
1739557758973 12.861338831272546 76
1739557758981 14.438306821792354 77
1739557758990 10.596435800904056 78
1739557758998 13.85712966284733 79
1739557759007 14.047849822244542 80
1739557759016 14.597473639197762 81
1739557759024 10.90472089908479 82
1739557759033 10.647162407457202 83
1739557759042 13.216698920332199 84
1739557759050 12.312432039572847 85
1739557759058 13.780934764755868 86
1739557759066 19.504859245453144 87
1739557759075 11.545569173282697 88
1739557759083 13.492358046918682 89
1739557759091 17.78568817211224 90
1739557759099 13.42834795016783 91
1739557759108 14.892821978190765 92
1739557759116 12.539929548944354 93
1739557759124 16.078509751753042 94
1739557759133 9.600392914287188 95
1739557759141 11.418930924397372 96
1739557759149 13.05561853934157 97
1739557759158 14.406285281455387 98
1739557759166 12.345484910045673 99
1739557759174 13.204820784979702 100
1739557759183 11.369096641593405 101
1739557759191 12.241663600508469 102
1739557759200 12.437477177871662 103
1739557759208 14.158533983657005 104
1739557759216 13.938683150683834 105
1739557759225 13.117491958094744 106
1739557759234 15.75510739926918 107
1739557759243 13.330946848230957 108
1739557759251 11.077985415926381 109
1739557759260 11.772264769744107 110
1739557759268 13.031759070271486 111
1739557759276 11.640314739902783 112
1739557759284 14.784050042090156 113
1739557759293 9.739307865180988 114
1739557759301 13.289730525645243 115
1739557759310 14.42133176972445 116
1739557759318 14.981800490135715 117
1739557759327 15.463035397505218 118
1739557759335 14.000774424765652 119
1739557759343 14.162128701707216 120
1739557759352 9.852440658107254 121
1739557759360 12.26010912310232 122
1739557759369 7.533179453742087 123
1739557759377 13.170355672152198 124
1739557759385 14.252924315337543 125
1739557759393 11.916064611858532 126
1739557759402 11.185149252109213 127
1739557759411 12.553882620739275 128
1739557759419 14.333755377160495 129
1739557759427 12.865074658424849 130
1739557759435 9.67418947327548 131
1739557759443 13.697665510263809 132
1739557759452 12.366431915026208 133
1739557759460 8.626409761718406 134
1739557759469 11.124580671132724 135
1739557759477 10.016939060773778 136
1739557759485 11.741328395052399 137
1739557759494 14.921685727735799 138
1739557759504 15.120119451629737 139
1739557759513 9.28918300761555 140
1739557759522 12.940635563437889 141
1739557759531 20.972917683865322 142
1739557759540 12.731825626603142 143
1739557759548 14.933753901446025 144
1739557759556 15.188207797163514 145
1739557759564 17.90431264548953 146
1739557759573 12.813000073548 147
1739557759582 9.579076096855697 148
1739557759591 8.698968995993287 149
1739557759599 11.500499313520178 150
1739557759608 7.155485374218304 151
1739557759616 9.293975699014421 152
1739557759624 9.115279634154177 153
1739557759633 12.663791222308385 154
1739557759641 16.605674358953745 155
1739557759655 11.96047690699879 156
1739557759663 11.086191661625225 157
1739557759673 11.96706094679494 158
1739557759687 13.88877674643186 159
1739557759696 14.048116835472344 160
1739557759704 11.50413535158343 161
1739557759713 12.543422957871378 162
1739557759722 13.727371808483989 163
1739557759730 11.656414386640229 164
1739557759738 7.765853751795637 165
1739557759747 14.029289271883991 166
1739557759755 13.06084788479539 167
1739557759763 12.165684196184404 168
1739557759772 13.653319652819327 169
1739557759781 16.61132188630769 170
1739557759789 13.009558566856395 171
1739557759797 8.072465010046193 172
1739557759806 13.938656248927972 173
1739557759814 10.79148427682377 174
1739557759823 14.4045566482146 175
1739557759831 10.325222302511506 176
1739557759839 7.960952831401009 177
1739557759848 8.398060386746998 178
1739557759857 10.56930897430896 179
1739557759865 11.092424434143906 180
1739557759873 13.608167603990202 181
1739557759882 10.205859512032651 182
1739557759890 13.261665372674953 183
1739557759898 13.12136855265629 184
1739557759907 9.61068101198478 185
1739557759915 10.345922526941434 186
1739557759924 11.924420928858712 187
1739557759933 14.495097921506217 188
1739557759941 11.9441814430044 189
1739557759950 11.668235939787522 190
1739557759958 12.811826564754393 191
1739557759967 10.625095956735892 192
1739557759975 10.22496352414475 193
1739557759984 11.635426134947988 194
1739557759992 10.882871240456735 195
1739557760003 15.684430778389729 196
1739557760013 8.571687145259846 197
1739557760022 11.372434480574086 198
1739557760031 14.52253861805553 199
1739557760040 10.671098631623348 200
1739557760048 10.881933708277632 201
1739557760058 16.177948785764503 202
1739557760066 8.191697004422178 203
1739557760075 16.997429697901104 204
1739557760084 15.460487441266947 205
1739557760093 12.688305250921816 206
1739557760102 14.416592631031381 207
1739557760111 10.249831122180343 208
1739557760120 13.499472999553314 209
1739557760128 9.085775907222441 210
1739557760137 10.551352935855434 211
1739557760145 14.360245726769037 212
1739557760153 11.995104122400097 213
1739557760161 10.40835836205007 214
1739557760170 15.513876961947458 215
1739557760178 10.968760515641172 216
1739557760186 13.56268608960394 217
1739557760195 11.124153046078245 218
1739557760203 15.311490780121082 219
1739557760211 11.127105750291868 220
1739557760220 11.254299981093256 221
1739557760228 12.811835812688773 222
1739557760236 15.325657979277354 223
1739557760244 8.870231638017135 224
1739557760253 10.527524668723265 225
1739557760262 13.326192044957875 226
1739557760271 7.400703516646609 227
1739557760279 15.636046004303207 228
1739557760287 13.286356587284724 229
1739557760297 11.37819119627344 230
1739557760305 11.132048665106524 231
1739557760313 16.04245902339697 232
1739557760321 10.938625087744569 233
1739557760330 11.521897635700636 234
1739557760338 12.425384251676853 235
1739557760346 11.730262341245913 236
1739557760355 12.569677459857965 237
1739557760363 11.941470358070971 238
1739557760372 9.58118235479598 239
1739557760380 9.062921746734242 240
1739557760389 12.32286635163653 241
1739557760397 12.658924101546834 242
1739557760405 11.507396361753607 243
1739557760413 12.448878039517366 244
1739557760422 15.468267965382756 245
1739557760430 12.703964057476652 246
1739557760439 15.66903745308971 247
1739557760447 14.805786397035606 248
1739557760455 9.799742073103985 249
1739557760464 15.989876565258585 250
1739557760472 9.35603321454598 251
1739557760480 14.038825866335458 252
1739557760488 8.042360981013829 253
1739557760497 12.944461652718612 254
1739557760505 11.607716990526242 255
1739557760514 13.753932062739528 256
1739557760523 15.382554082056553 257
1739557760531 7.785172666358559 258
1739557760539 11.321448683000295 259
1739557760547 12.268106899868757 260
1739557760555 11.004104766676923 261
1739557760564 13.333521891133753 262
1739557760573 13.246148928065223 263
1739557760581 10.896216180050072 264
1739557760589 11.057705437448709 265
1739557760597 16.394968950317594 266
1739557760606 11.074214927765059 267
1739557760615 12.207196343482444 268
1739557760623 14.141386551372536 269
1739557760632 14.788864694646929 270
1739557760641 14.64397425963748 271
1739557760654 12.626280762765452 272
1739557760662 8.689044669559495 273
1739557760670 10.962061901352916 274
1739557760679 15.956365399054127 275
1739557760687 12.461907074809384 276
1739557760695 10.24876536857642 277
1739557760704 12.712574612681154 278
1739557760712 11.822019940185271 279
1739557760720 17.151907445368057 280
1739557760728 15.780808612931708 281
1739557760737 10.095499795757728 282
1739557760745 10.688522371621069 283
1739557760754 15.78450495035617 284
1739557760763 11.496440495118444 285
1739557760771 12.197564220389415 286
1739557760780 13.464439666881802 287
1739557760788 12.535596220297377 288
1739557760796 11.390014039532995 289
1739557760805 12.520477549963037 290
1739557760813 11.464328305586498 291
1739557760822 13.142519735684768 292
1739557760830 10.9292629031504 293
1739557760838 15.000528633482729 294
1739557760846 18.514156274811278 295
1739557760855 13.330132775582614 296
1739557760863 14.720190243933983 297
1739557760871 9.453183643423369 298
1739557760880 13.430019162068993 299
1739557760888 8.998593408522186 300
1739557760897 11.921218075497277 301
1739557760905 11.407198308403705 302
1739557760913 14.53540802277756 303
1739557760922 11.776412591424238 304
1739557760930 16.51247700574486 305
1739557760939 14.12565701839399 306
1739557760947 10.150530880760476 307
1739557760955 13.97800783876439 308
1739557760964 11.261922173917426 309
1739557760972 13.62587315802317 310
1739557760980 15.935031941733564 311
1739557760989 13.601310626466814 312
1739557760998 10.93769573317219 313
1739557761006 12.913416923085371 314
1739557761014 12.791679138739394 315
1739557761023 10.707729347191146 316
1739557761032 18.185601427534085 317
1739557761041 13.042219303923087 318
1739557761049 15.197074197809343 319
1739557761057 8.481461880456951 320
1739557761066 12.940420294261092 321
1739557761074 12.486034899113292 322
1739557761082 10.288213262268057 323
1739557761091 17.062317631691233 324
1739557761099 8.0385756250342 325
1739557761108 13.687247638675231 326
1739557761116 12.86164520580474 327
1739557761124 9.170700026204425 328
1739557761133 15.785703838197454 329
1739557761141 11.474607184977229 330
1739557761150 9.591371708249591 331
1739557761158 11.570389661402091 332
1739557761166 11.52212218453039 333
1739557761175 10.60371461533531 334
1739557761183 13.184681731292502 335
1739557761192 12.855720924085105 336
1739557761200 15.589345342499438 337
1739557761209 9.071810945143431 338
1739557761218 12.37778960188356 339
1739557761226 9.625172006025185 340
1739557761234 11.35297516482594 341
1739557761242 15.254344899323568 342
1739557761251 15.201688471664989 343
1739557761260 12.133347780506437 344
1739557761269 16.952247164110585 345
1739557761278 9.497165266362817 346
1739557761287 7.66281162691171 347
1739557761295 8.543334286190367 348
1739557761304 11.980417561259243 349
1739557761313 15.103778031055285 350
1739557761321 14.462037271903103 351
1739557761329 11.41838695243355 352
1739557761338 14.306778520880545 353
1739557761347 11.107807409002742 354
1739557761355 10.600975958463808 355
1739557761363 12.3410594085311 356
1739557761373 12.650712701515483 357
1739557761381 10.198792039128515 358
1739557761390 11.868071741305615 359
1739557761398 12.865389733520619 360
1739557761406 12.804114089989028 361
1739557761415 14.797160514958195 362
1739557761424 12.589892037877771 363
1739557761432 15.094173371607141 364
1739557761440 12.832282997374648 365
1739557761449 7.68239320319533 366
1739557761457 9.264979180336272 367
1739557761466 10.410399174729836 368
1739557761475 14.360760725948833 369
1739557761484 15.204913559246116 370
1739557761492 13.143389801210912 371
1739557761500 15.465080274756216 372
1739557761509 12.211675505342345 373
1739557761517 14.287332123510831 374
1739557761526 17.65655640970959 375
1739557761534 15.491610655456162 376
1739557761543 7.720099308354198 377
1739557761551 12.579162130646264 378
1739557761559 11.500318609341802 379
1739557761568 12.01762177415347 380
1739557761576 11.432451487405938 381
1739557761585 8.245750002228768 382
1739557761593 17.985503041816763 383
1739557761601 8.853192748508016 384
1739557761610 10.01825831739411 385
1739557761619 14.806365876293324 386
1739557761627 10.810104823948693 387
1739557761635 14.240906880930641 388
1739557761643 12.87262183581708 389
1739557761652 12.310446378543839 390
1739557761664 8.837531383068043 391
1739557761673 10.33587188810467 392
1739557761681 11.666045060811106 393
1739557761689 12.502575193051225 394
1739557761697 12.55731563458723 395
1739557761706 13.160643297703189 396
1739557761715 11.596415919184462 397
1739557761723 9.232747416698318 398
1739557761732 9.957733370857728 399
1739557761740 12.912766285212797 400
1739557761749 10.561528043744755 401
1739557761758 10.80586522285409 402
1739557761766 13.20776623523401 403
1739557761775 15.596037093773544 404
1739557761784 12.095013012019049 405
1739557761792 9.37674686294064 406
1739557761801 12.85840604682221 407
1739557761810 10.759343585749974 408
1739557761818 12.935969428877558 409
1739557761826 13.80325351074529 410
1739557761834 16.812724193440364 411
1739557761843 17.1584776710538 412
1739557761852 11.239610737369956 413
1739557761861 11.329056797727226 414
1739557761869 15.373121501805901 415
1739557761878 14.35044325483376 416
1739557761886 15.824113721652783 417
1739557761895 14.085457714193334 418
1739557761903 14.026381330549679 419
1739557761912 13.846672063714657 420
1739557761921 15.62015110984325 421
1739557761930 11.807179598296912 422
1739557761938 12.52394490093717 423
1739557761947 10.185929623949077 424
1739557761955 11.331435405988536 425
1739557761963 10.744052536760927 426
1739557761972 9.478097055155745 427
1739557761981 10.546702547077803 428
1739557761989 10.945895873343003 429
1739557761998 14.68129015613259 430
1739557762007 17.739133320020322 431
1739557762016 10.94761649535403 432
1739557762025 16.34959531022589 433
1739557762033 11.96088814432352 434
1739557762042 13.739974084944404 435
1739557762050 12.343623520707514 436
1739557762058 10.870299729469206 437
1739557762066 12.280211261995635 438
1739557762075 9.747261564934137 439
1739557762083 16.57825088841383 440
1739557762092 10.498073762051435 441
1739557762100 13.783721223868163 442
1739557762109 15.985524962121751 443
1739557762119 11.397279033279883 444
1739557762130 7.030012142736176 445
1739557762139 11.451406490327397 446
1739557762148 10.67216333401396 447
1739557762156 12.817811657617964 448
1739557762165 11.836256818025863 449
1739557762174 11.602432683613383 450
1739557762183 9.42975662539359 451
1739557762192 11.07298423892361 452
1739557762201 14.677347437351116 453
1739557762209 10.604656149057126 454
1739557762218 10.18496662892259 455
1739557762226 8.67653010007479 456
1739557762235 8.753564221344462 457
1739557762243 13.013233801270612 458
1739557762251 13.852758589749744 459
1739557762260 9.421956058987984 460
1739557762268 12.488579301774148 461
1739557762277 13.85790863747374 462
1739557762286 19.008977548708778 463
1739557762294 9.194183588523051 464
1739557762302 11.837339597563574 465
1739557762311 9.372807377786057 466
1739557762320 11.757823346404829 467
1739557762328 10.888828055777372 468
1739557762336 8.219360891822173 469
1739557762344 10.146368344582996 470
1739557762353 14.675646956240076 471
1739557762361 13.918661639823286 472
1739557762370 9.486315239771274 473
1739557762378 18.302867159579538 474
1739557762386 15.164920649221187 475
1739557762394 14.549181283449046 476
1739557762403 14.499080113473314 477
1739557762411 12.440358560758252 478
1739557762420 11.581456703902589 479
1739557762428 16.518018727979698 480
1739557762437 19.257296653339335 481
1739557762445 9.213514755794188 482
1739557762454 11.534746592592933 483
1739557762462 12.375436348777951 484
1739557762470 15.757940876974374 485
1739557762479 7.50684675750461 486
1739557762488 13.521566724574887 487
1739557762496 12.228833918806817 488
1739557762504 8.905928459712209 489
1739557762514 13.037222888431081 490
1739557762522 12.203945573398219 491
1739557762531 12.03756205194537 492
1739557762539 7.982421595424386 493
1739557762547 12.972502976773928 494
1739557762555 12.13498050935343 495
1739557762564 10.70873168847382 496
1739557762573 14.635966418639622 497
1739557762581 11.95749350895875 498
1739557762590 14.60774676796693 499
