1739556246768 160.29109048503372 0
1739556246778 155.5016264826962 1
1739556246788 158.69334783362038 2
1739556246798 149.68115985833566 3
1739556246808 148.86978041279798 4
1739556246818 142.368516784626 5
1739556246827 136.33480465690798 6
1739556246837 134.54927123712017 7
1739556246846 128.58230746068415 8
1739556246856 129.81627870347228 9
1739556246865 120.55347037260961 10
1739556246875 119.42276063914962 11
1739556246885 116.13375316261445 12
1739556246895 113.82178544418203 13
1739556246906 108.78566062222949 14
1739556246916 110.10104183622016 15
1739556246927 106.7231230835289 16
1739556246936 102.37101559004854 17
1739556246946 100.1867577825123 18
1739556246958 97.67482191894118 19
1739556246969 98.14793423155274 20
1739556246979 93.90512691806609 21
1739556246990 92.24767470436363 22
1739556247000 87.49147072993344 23
1739556247010 89.64832814568697 24
1739556247020 82.3395289323208 25
1739556247029 77.31888719112388 26
1739556247040 80.39705801383549 27
1739556247050 74.129006335822 28
1739556247059 71.16810732003404 29
1739556247070 77.04254084677822 30
1739556247080 69.05148632375973 31
1739556247090 71.10906221637356 32
1739556247099 68.57893536309902 33
1739556247109 67.24883670712032 34
1739556247119 67.84951895104267 35
1739556247128 63.1053471764266 36
1739556247138 63.301417562021975 37
1739556247148 61.95444350435769 38
1739556247158 65.16686285439324 39
1739556247169 56.482847968137655 40
1739556247178 57.61564130350788 41
1739556247189 57.04550610414634 42
1739556247198 61.507381298809044 43
1739556247208 51.67084108151897 44
1739556247218 52.0534227819814 45
1739556247228 55.863799783280356 46
1739556247238 47.93200247206228 47
1739556247248 43.56802390462038 48
1739556247258 48.69774468002343 49
1739556247268 45.186007154531275 50
1739556247278 49.29215119462485 51
1739556247288 41.58634672542536 52
1739556247297 42.71037267451079 53
1739556247307 46.18562853744078 54
1739556247317 44.89856016147913 55
1739556247327 40.57465508562098 56
1739556247337 41.826760386963365 57
1739556247346 40.94988435549999 58
1739556247355 38.059199515010846 59
1739556247365 37.41285638848075 60
1739556247374 36.18624329010903 61
1739556247384 39.50357899296488 62
1739556247395 33.27634229547984 63
1739556247405 39.65549787409204 64
1739556247415 31.248702100101887 65
1739556247425 34.342246828250424 66
1739556247436 35.17509228347592 67
1739556247447 34.99879551043698 68
1739556247457 29.255515355912532 69
1739556247467 28.994006569759904 70
1739556247483 35.68155374000636 71
1739556247493 30.20789675542565 72
1739556247503 31.470783116864478 73
1739556247513 32.78322476458034 74
1739556247523 30.782053755625657 75
1739556247532 32.51986648476455 76
1739556247542 32.06493390349803 77
1739556247552 27.60480022927287 78
1739556247562 29.228194653309867 79
1739556247573 30.02387169782674 80
1739556247583 25.476618765184213 81
1739556247593 26.945822170355292 82
1739556247603 27.734913749295792 83
1739556247613 28.86063183772434 84
1739556247623 22.633190188446523 85
1739556247632 28.8447982966556 86
1739556247642 30.920434737497217 87
1739556247652 20.103251254019877 88
1739556247662 23.39064379185512 89
1739556247672 16.816271331456317 90
1739556247681 29.835108143233562 91
1739556247691 28.884144747636473 92
1739556247701 25.88812164032897 93
1739556247711 26.291058184875677 94
1739556247721 22.546069786595066 95
1739556247730 22.095593727944994 96
1739556247740 25.06556782292718 97
1739556247750 25.060961013205972 98
1739556247760 23.452754614996167 99
1739556247770 24.979376917016204 100
1739556247780 23.866815006966327 101
1739556247789 28.0089801927298 102
1739556247799 24.0283002964502 103
1739556247808 21.855053105536776 104
1739556247817 24.360076791792093 105
1739556247827 24.614569796483437 106
1739556247836 19.22074977114038 107
1739556247846 19.66917633315636 108
1739556247855 18.736942515817976 109
1739556247864 20.63920687310147 110
1739556247873 17.005784624904855 111
1739556247882 20.21228818318378 112
1739556247891 16.486772021740588 113
1739556247901 18.334601409501566 114
1739556247911 17.778877286253103 115
1739556247920 22.403551963259172 116
1739556247929 18.464135519450167 117
1739556247939 17.122119215844 118
1739556247947 17.75489985986572 119
1739556247958 19.728396875909567 120
1739556247973 22.352675214294614 121
1739556247984 16.193901262792416 122
1739556247994 21.6981776471236 123
1739556248030 19.339709462964244 124
1739556248044 14.776326530172684 125
1739556248055 16.640177924787512 126
1739556248066 18.03300205011726 127
1739556248076 22.793336732653 128
1739556248085 17.19743825193627 129
1739556248095 15.84764701479087 130
1739556248105 14.124258523734632 131
1739556248115 23.440190509241667 132
1739556248125 16.666616135958247 133
1739556248135 18.345323189796137 134
1739556248145 17.03705361232655 135
1739556248155 18.008757251134433 136
1739556248165 14.492607969598833 137
1739556248174 13.369799367716869 138
1739556248184 15.60651819023435 139
1739556248193 10.957780660675388 140
1739556248204 14.901878714346202 141
1739556248213 16.503547713372303 142
1739556248223 20.490185190887757 143
1739556248233 16.843231028159156 144
1739556248243 18.969943610817307 145
1739556248252 10.434287859269633 146
1739556248262 17.731274388401207 147
1739556248272 18.504664841485567 148
1739556248282 17.59008426352201 149
1739556248291 18.39777014634401 150
1739556248302 18.662589304597468 151
1739556248312 23.188641305790195 152
1739556248322 20.770846929981168 153
1739556248332 17.133765252965507 154
1739556248342 12.357193137457587 155
1739556248352 17.138710306072273 156
1739556248362 15.986657689935429 157
1739556248372 13.456454852028338 158
1739556248381 17.29228526328968 159
1739556248391 17.786573051260486 160
1739556248400 12.924992056551602 161
1739556248410 12.215353719322769 162
1739556248420 17.6083167381705 163
1739556248430 17.939894785766224 164
1739556248440 15.154390717369495 165
1739556248449 14.658834684104358 166
1739556248460 14.63598172068329 167
1739556248470 14.489862375001337 168
1739556248479 17.24864409765444 169
1739556248492 13.703530590634097 170
1739556248502 17.455214806707637 171
1739556248511 17.566641076158533 172
1739556248520 24.000802409032048 173
1739556248529 15.130994747916587 174
1739556248539 9.773472959290519 175
1739556248548 16.17055383204831 176
1739556248557 19.183823746378803 177
1739556248566 22.234859712948058 178
1739556248575 16.138824304330573 179
1739556248584 13.288849065857573 180
1739556248593 14.370838908582527 181
1739556248603 23.13460751392549 182
1739556248612 15.328770151612375 183
1739556248621 15.09536134328884 184
1739556248630 16.42983952350296 185
1739556248640 19.49587426574835 186
1739556248649 12.214874793055618 187
1739556248659 17.824742618727818 188
1739556248668 14.222220745922192 189
1739556248677 12.192097941199716 190
1739556248687 11.090978687441023 191
1739556248699 11.316116128550183 192
1739556248709 14.712129855177093 193
1739556248719 15.161930765498813 194
1739556248729 21.88813996514507 195
1739556248738 15.467307623290367 196
1739556248748 12.636807826356653 197
1739556248757 16.819061713908614 198
1739556248767 16.629613785598206 199
1739556248777 14.189161323033906 200
1739556248786 21.027864303009668 201
1739556248796 18.6347546968162 202
1739556248806 17.62825178462353 203
1739556248816 15.005639899130076 204
1739556248826 11.364368097299405 205
1739556248836 12.470243143677077 206
1739556248844 21.376315792178236 207
1739556248854 16.437281196113528 208
1739556248863 13.861010938611983 209
1739556248872 12.19306641115376 210
1739556248881 16.304146728274105 211
1739556248890 16.18550466291666 212
1739556248898 17.60613304556452 213
1739556248908 18.38240211538807 214
1739556248918 19.496446610838138 215
1739556248927 15.852439953385522 216
1739556248937 11.498431159629213 217
1739556248946 8.393410032657586 218
1739556248954 10.275486004060449 219
1739556248963 11.401254181520365 220
1739556248973 14.25155047248909 221
1739556248982 13.465734326288409 222
1739556248990 11.603020769225141 223
1739556248999 13.223215015995295 224
1739556249009 18.468313245623893 225
1739556249019 16.26652415869679 226
1739556249028 12.908219292707019 227
1739556249038 15.876135786039608 228
1739556249047 13.785528218443359 229
1739556249057 16.209890473283387 230
1739556249066 14.409746087624312 231
1739556249075 10.5657445680068 232
1739556249084 21.933570450626625 233
1739556249093 15.82247704311507 234
1739556249103 14.632366273177267 235
1739556249111 14.717708231299437 236
1739556249121 13.608079182859456 237
1739556249131 19.284076873728726 238
1739556249140 18.12648244954112 239
1739556249149 14.207274447365549 240
1739556249159 12.49364504265151 241
1739556249168 13.25827350749958 242
1739556249177 14.486983828722396 243
1739556249187 13.937931268181172 244
1739556249196 13.577223498577595 245
1739556249206 17.269835143482123 246
1739556249215 8.495564352539855 247
1739556249225 15.987482453443812 248
1739556249235 10.642676167209194 249
1739556249244 16.384058622110413 250
1739556249253 13.175696732190696 251
1739556249263 18.242588693786143 252
1739556249272 11.423048086674214 253
1739556249280 16.314400907154404 254
1739556249289 17.730764938925336 255
1739556249298 14.164422182889021 256
1739556249307 16.07966909710964 257
1739556249317 15.427072162373891 258
1739556249326 13.581887493841728 259
1739556249336 15.58073252703661 260
1739556249345 19.078256355856738 261
1739556249354 20.820093046402736 262
1739556249363 14.860272810590981 263
1739556249373 12.162569140815448 264
1739556249382 14.31207993307514 265
1739556249391 13.516034852774125 266
1739556249400 14.493035162405976 267
1739556249408 17.68030236810305 268
1739556249417 14.048941757129075 269
1739556249426 13.340745646695337 270
1739556249436 13.74133971565118 271
1739556249446 15.476842090929411 272
1739556249455 11.962386917370457 273
1739556249465 13.743455640051664 274
1739556249474 13.514192717090062 275
1739556249483 14.017921998627653 276
1739556249495 14.265331425756788 277
1739556249504 11.870228066428504 278
1739556249513 16.986221270741915 279
1739556249522 14.05277668283939 280
1739556249531 16.284408695473516 281
1739556249541 19.155164120001373 282
1739556249551 10.633292776158555 283
1739556249560 13.891841368377085 284
1739556249569 16.612643725611736 285
1739556249578 13.592436339146479 286
1739556249587 15.31735954982332 287
1739556249596 11.19960343374548 288
1739556249605 14.9408481151759 289
1739556249614 15.9588875513927 290
1739556249624 14.06354397685551 291
1739556249633 16.913841633496432 292
1739556249643 16.687031709520863 293
1739556249653 17.110222819304006 294
1739556249662 13.283114175723062 295
1739556249671 11.972360891695537 296
1739556249680 12.614876460379051 297
1739556249689 15.68604628586392 298
1739556249698 12.956243235142823 299
1739556249707 14.982816321449086 300
1739556249717 9.339243608559663 301
1739556249726 15.410651094398634 302
1739556249735 16.781127009415002 303
1739556249745 12.680487537222302 304
1739556249754 10.480918876013792 305
1739556249763 11.417985013846229 306
1739556249772 17.46751742748921 307
1739556249782 15.660720585900826 308
1739556249791 16.673548348396622 309
1739556249799 18.93849009077544 310
1739556249808 13.225818490516165 311
1739556249817 15.098168026779678 312
1739556249826 10.64982770658592 313
1739556249837 12.15170703293788 314
1739556249847 14.429211189618856 315
1739556249856 14.838098833615863 316
1739556249865 16.49884947534155 317
1739556249874 15.501617931623086 318
1739556249884 12.352579445375625 319
1739556249893 22.494066267127774 320
1739556249902 13.839268205790004 321
1739556249911 19.31330052383772 322
1739556249920 17.238787614894846 323
1739556249928 9.672064358415682 324
1739556249938 11.096384368232725 325
1739556249948 20.28607572094202 326
1739556249957 12.918877710497107 327
1739556249966 13.502269638585314 328
1739556249976 12.940879377038526 329
1739556249985 13.445931465133842 330
1739556249994 17.250144677471997 331
1739556250003 15.38204366830839 332
1739556250012 14.684254789787902 333
1739556250022 14.440690982224112 334
1739556250032 19.967729981263634 335
1739556250041 9.83302899086956 336
1739556250050 14.485468213358121 337
1739556250059 12.391318969880336 338
1739556250069 11.463076429025492 339
1739556250078 12.907215302366112 340
1739556250087 17.306052510620916 341
1739556250095 14.366184086898329 342
1739556250104 10.218644056715686 343
1739556250113 17.231641249602095 344
1739556250123 11.343371147997358 345
1739556250133 13.701636546420541 346
1739556250142 19.82394642680928 347
1739556250152 14.17003214577683 348
1739556250161 15.077850585426349 349
1739556250170 10.781199297757778 350
1739556250179 19.306836037284157 351
1739556250188 11.18751273321966 352
1739556250197 15.204140031378149 353
1739556250206 13.628909852468356 354
1739556250214 12.151700935143277 355
1739556250224 17.375384806810306 356
1739556250233 11.863534898139804 357
1739556250242 13.354091324783838 358
1739556250251 13.721529169848598 359
1739556250261 15.15541500844909 360
1739556250270 12.942100980222992 361
1739556250279 10.054935572981519 362
1739556250288 14.361331048060183 363
1739556250296 12.581408556450704 364
1739556250305 14.125195297987311 365
1739556250315 9.813539927663468 366
1739556250325 10.1115220534474 367
1739556250334 12.877905212488809 368
1739556250343 17.823968184607278 369
1739556250353 16.419428718523747 370
1739556250362 11.361199382673831 371
1739556250371 13.106210494252839 372
1739556250380 13.0684817313458 373
1739556250389 16.11766129265696 374
1739556250398 11.792329007250954 375
1739556250407 14.629554141081552 376
1739556250416 12.706664587075963 377
1739556250426 9.967406045055787 378
1739556250435 17.163106142592053 379
1739556250444 19.914924382847047 380
1739556250454 15.285681914225318 381
1739556250463 13.15623008782386 382
1739556250472 16.45311301042907 383
1739556250481 14.181125310980814 384
1739556250490 13.357219500948387 385
1739556250503 11.830656437309225 386
1739556250512 13.384515240726746 387
1739556250521 11.994489089322247 388
1739556250530 13.53868823435141 389
1739556250539 9.15829689525187 390
1739556250547 15.222176725554892 391
1739556250557 16.245833609385667 392
1739556250567 13.702814920815108 393
1739556250576 10.714503945001349 394
1739556250585 15.273241398841096 395
1739556250594 10.537339076632511 396
1739556250603 13.12443714877897 397
