1739612619034 45.338462897597765 0
1739612619045 16.30793375234939 1
1739612619055 9.193963675639026 2
1739612619065 6.194985618397111 3
1739612619075 6.337811805010732 4
1739612619084 5.118584859379192 5
1739612619094 5.822839749271174 6
1739612619103 6.381218981707287 7
1739612619113 5.895078728012396 8
1739612619123 5.046150439052043 9
1739612619134 5.740983432794738 10
1739612619144 5.737076314042366 11
1739612619155 5.3119816744304345 12
1739612619165 5.821485164555532 13
1739612619175 5.207001191362374 14
1739612619184 6.7268050524645595 15
1739612619194 4.678180631325946 16
1739612619204 5.296650598485902 17
1739612619214 6.130118836078945 18
1739612619224 5.23453011719893 19
1739612619234 5.975576276417525 20
1739612619244 5.114720957064054 21
1739612619254 5.1594810227322645 22
1739612619264 5.776587632656648 23
1739612619278 4.777467064392193 24
1739612619288 4.864477923133827 25
1739612619298 5.926240352854374 26
1739612619308 4.8722659057407265 27
1739612619317 5.715018374901604 28
1739612619327 5.543846801498462 29
1739612619336 5.657362070402409 30
1739612619346 6.433514444972215 31
1739612619355 5.388755110825178 32
1739612619365 5.7952561562820435 33
1739612619375 4.961790979383418 34
1739612619384 5.390688785625611 35
1739612619394 5.927129060628454 36
1739612619403 4.4043113486678385 37
1739612619413 4.895252893723935 38
1739612619423 5.061118229538977 39
1739612619433 5.193819430919936 40
1739612619443 5.492405577540748 41
1739612619453 5.246410608445662 42
1739612619462 5.894006715573682 43
1739612619472 6.065705327611516 44
1739612619482 6.458499768917817 45
1739612619492 5.225199746090722 46
1739612619501 5.819063259172969 47
1739612619511 6.225695435387687 48
1739612619520 5.746808909543451 49
1739612619530 5.267913540399005 50
1739612619539 5.679602951641651 51
1739612619549 5.03668959580082 52
1739612619559 5.391268406351164 53
1739612619569 6.461445561594154 54
1739612619578 4.883939418853487 55
1739612619588 6.130319326791487 56
1739612619597 5.097415357350308 57
1739612619607 6.204026442944726 58
1739612619616 5.981386912876874 59
1739612619626 5.098056890484528 60
1739612619636 6.171859708257411 61
1739612619646 5.327493730286125 62
1739612619656 5.998435546367145 63
1739612619665 5.170115825886236 64
1739612619675 4.848394453869861 65
1739612619684 5.033251142893981 66
1739612619694 5.278110218554448 67
1739612619704 5.750316342351782 68
1739612619713 5.352457721986854 69
1739612619722 6.047982654525217 70
1739612619732 5.718677716308484 71
1739612619742 6.944615590256082 72
1739612619752 6.653918059969227 73
1739612619762 4.7884824913731885 74
1739612619771 5.945422772620466 75
1739612619781 6.186586313127745 76
1739612619791 5.4394035588056235 77
1739612619801 5.462042490942322 78
1739612619810 5.382934764218898 79
1739612619820 6.158587545618875 80
1739612619830 5.8387538582725425 81
1739612619839 4.798227628003079 82
1739612619849 5.329650708781103 83
1739612619859 4.715325074214835 84
1739612619868 4.556050035862259 85
1739612619878 6.36395641859527 86
1739612619888 6.483044571874541 87
1739612619897 5.602282845546594 88
1739612619907 5.32135409135745 89
1739612619917 6.101013729474261 90
1739612619926 5.485516386591185 91
1739612619936 5.69721843650205 92
1739612619946 5.411404317633478 93
1739612619956 5.310060271059721 94
1739612619966 5.0313269979506785 95
1739612619976 5.743288304816402 96
1739612619986 5.112167095657743 97
1739612619995 4.916086553165267 98
1739612620005 5.784675887249382 99
1739612620015 5.29813606425533 100
1739612620025 5.461084514682571 101
1739612620034 6.051141967470284 102
1739612620044 5.737329006221296 103
1739612620054 5.752562322808246 104
1739612620064 6.000987092575458 105
1739612620074 5.820740188218905 106
1739612620085 5.797496751977031 107
1739612620094 5.246945129547417 108
1739612620104 5.55584798501774 109
1739612620113 6.143096739277635 110
1739612620123 5.604186679787315 111
1739612620133 6.663520082841279 112
1739612620142 5.7625900079268595 113
1739612620152 5.51803002469934 114
1739612620162 5.524669908192701 115
1739612620171 6.304469188098305 116
1739612620180 5.269924734698613 117
1739612620190 4.934971664666398 118
1739612620200 5.477283938672429 119
1739612620210 5.111865556897725 120
1739612620219 5.920724199806298 121
1739612620229 5.755989017854352 122
1739612620239 5.792482469998348 123
1739612620250 4.811698428734735 124
1739612620260 4.656770992911876 125
1739612620271 6.344003286112775 126
1739612620286 6.430260196571617 127
1739612620296 5.813116950287013 128
1739612620306 7.59565737600602 129
1739612620316 5.4687893803731695 130
1739612620327 4.360718014937107 131
1739612620336 5.603474676196377 132
1739612620345 6.24734770405884 133
1739612620354 5.978958502767571 134
1739612620363 5.381604515149111 135
1739612620373 5.683770789772223 136
1739612620382 6.722316913229857 137
1739612620391 5.071424049124741 138
1739612620400 5.807723599889797 139
1739612620409 5.1347848764649235 140
1739612620419 4.452981563398434 141
1739612620428 5.912299717079706 142
1739612620437 5.459154476391641 143
1739612620447 5.102767367221927 144
1739612620455 5.6482714646620815 145
1739612620465 5.270610124740794 146
1739612620474 5.660167421318283 147
1739612620482 6.074630468319696 148
1739612620491 5.952171006565565 149
1739612620500 6.25340626924721 150
1739612620509 5.753180158175247 151
1739612620519 4.9593441219726895 152
1739612620530 5.330979107453358 153
1739612620539 6.078142531640519 154
1739612620548 5.072471263125565 155
1739612620557 5.254734335229092 156
1739612620566 6.079875620792235 157
1739612620575 5.958912328368553 158
1739612620584 5.061188597269777 159
1739612620593 4.9933064351744925 160
1739612620602 5.398054995758996 161
1739612620611 6.151743661386552 162
1739612620620 5.482249384099251 163
1739612620628 5.250512999315806 164
1739612620637 5.502259228168765 165
1739612620646 4.715869177664465 166
1739612620655 5.643848009243283 167
1739612620663 5.029473622628414 168
1739612620672 5.804534060675031 169
1739612620681 4.844589633210632 170
1739612620690 4.876968939160386 171
1739612620699 5.917262736479317 172
1739612620709 4.632654025213966 173
1739612620718 6.4560747832521015 174
1739612620727 5.061806739002745 175
1739612620737 5.71584926440922 176
1739612620746 5.465974294038617 177
1739612620755 6.0050335943495075 178
1739612620764 5.344896729806692 179
1739612620773 6.78462901348131 180
1739612620782 4.8223516606982635 181
1739612620792 5.475568804140251 182
1739612620801 4.770854941233724 183
1739612620810 5.096062334328744 184
1739612620819 6.10672505515755 185
1739612620828 5.697407943399579 186
1739612620837 5.454574596621572 187
1739612620846 5.247744445376218 188
1739612620855 5.3876099297973195 189
1739612620864 5.142985587453796 190
1739612620873 5.41733738453619 191
