1739617510748 170.88950819829026 0
1739617510761 159.37925256955756 1
1739617510774 165.07628445109333 2
1739617510789 158.79687613600612 3
1739617510803 156.75074939685456 4
1739617510815 157.4991435284671 5
1739617510827 159.09947525433975 6
1739617510840 146.72758882726694 7
1739617510852 148.32656575723982 8
1739617510864 143.1866225687673 9
1739617510876 140.65748944471756 10
1739617510889 141.74675272745125 11
1739617510901 139.36524709460463 12
1739617510913 135.3987761319181 13
1739617510926 136.23638768684526 14
1739617510938 134.80727967328266 15
1739617510950 132.51517541684197 16
1739617510962 126.44070821537242 17
1739617510974 128.92660795170374 18
1739617510987 125.5612277933114 19
1739617510999 123.23683916258368 20
1739617511011 126.06407965069093 21
1739617511023 120.83631478240541 22
1739617511036 118.05621559314723 23
1739617511048 115.00238653164753 24
1739617511094 119.40784366564873 25
1739617511108 111.72960425173115 26
1739617511121 112.23099796906186 27
1739617511134 107.67236417913209 28
1739617511147 108.34807115621389 29
1739617511160 104.22513174483592 30
1739617511173 105.0110260484782 31
1739617511186 101.78134674777758 32
1739617511199 103.65696395499596 33
1739617511212 101.16237839694875 34
1739617511225 99.28473938215772 35
1739617511237 97.26133912655992 36
1739617511251 98.87911625101513 37
1739617511264 95.02619308198413 38
1739617511278 95.04971393954071 39
1739617511291 90.15501249584095 40
1739617511304 91.87914995171353 41
1739617511317 89.62615224303336 42
1739617511330 88.78071610134403 43
1739617511343 83.36185685942773 44
1739617511355 84.36889183305075 45
1739617511367 84.05259235765621 46
1739617511379 83.51705009166427 47
1739617511392 81.73132169818207 48
1739617511404 82.28209508533877 49
1739617511416 79.54292895312459 50
1739617511428 78.24924429937468 51
1739617511440 76.92227216248034 52
1739617511453 74.437399908042 53
1739617511467 76.39281143086505 54
1739617511480 73.96575173380289 55
1739617511493 74.64754463118886 56
1739617511505 72.97374056456245 57
1739617511518 71.00410710305825 58
1739617511530 70.23038325382606 59
1739617511542 66.69692754510484 60
1739617511554 67.75338585091666 61
1739617511567 67.13231815942791 62
1739617511579 65.6056753118253 63
1739617511592 63.88425944021744 64
1739617511604 64.125788099635 65
1739617511616 62.92352171304483 66
1739617511629 63.575429708915635 67
1739617511641 58.107163002651355 68
1739617511653 58.03972583824331 69
1739617511665 57.57329588674944 70
1739617511677 56.702443942254824 71
1739617511690 56.18375338025239 72
1739617511702 55.3177904171299 73
1739617511714 56.455674308469646 74
1739617511726 55.86216964869087 75
1739617511738 53.257576679811976 76
1739617511750 54.553452233732585 77
1739617511762 50.56356358058231 78
1739617511774 51.627271272981595 79
1739617511787 51.00590290288624 80
1739617511799 50.99272304815453 81
1739617511811 49.980550521627826 82
1739617511824 49.66078350453637 83
1739617511836 47.163641776932444 84
1739617511848 47.40938700801138 85
1739617511860 45.987699856401555 86
1739617511872 44.31741993614664 87
1739617511884 43.24245062837233 88
1739617511896 44.55388663658345 89
1739617511908 42.94184523905623 90
1739617511920 43.04608758907772 91
1739617511932 43.53428730299531 92
1739617511947 42.34070651414564 93
1739617511960 43.03397287138523 94
1739617511973 39.47208902922369 95
1739617511986 41.09894153102412 96
1739617511998 39.184740009818505 97
1739617512011 39.37237236822387 98
1739617512023 37.65344004709426 99
1739617512035 36.136604618680686 100
1739617512048 38.08194924782556 101
1739617512060 37.490483176724 102
1739617512073 35.921910976710045 103
1739617512085 37.006752851264615 104
1739617512098 36.26548143138073 105
1739617512110 36.1773936722286 106
1739617512122 34.406206047226625 107
1739617512134 34.8268954205947 108
1739617512146 33.41124342893681 109
1739617512158 31.014589659574096 110
1739617512171 33.69156301884889 111
1739617512183 31.681324435403326 112
1739617512195 31.79506589858402 113
1739617512208 29.41729933614972 114
1739617512220 30.873551747339064 115
1739617512233 30.145914505172367 116
1739617512247 29.90242102357451 117
1739617512262 29.38160490581 118
1739617512275 29.817907499194824 119
1739617512287 28.529131872765028 120
1739617512300 28.016172585927933 121
1739617512314 28.206994783915956 122
1739617512330 26.779617756657494 123
1739617512343 25.78037972216992 124
1739617512355 24.851188994173665 125
1739617512367 25.918947758368418 126
1739617512380 25.942954382160973 127
1739617512392 24.619740311250037 128
1739617512404 24.527958109264734 129
1739617512417 25.945620527936384 130
1739617512429 21.720330310126243 131
1739617512441 23.777879680220696 132
1739617512453 23.19888363847333 133
1739617512466 23.578467238481327 134
1739617512479 22.327578338054437 135
1739617512491 22.942630344235617 136
1739617512503 22.149152361002546 137
1739617512515 22.156269956571183 138
1739617512527 20.941537194639345 139
1739617512539 20.34606389855541 140
1739617512552 21.474051588143436 141
1739617512564 21.45943766587077 142
1739617512576 21.68179918911578 143
1739617512589 19.621699995794916 144
1739617512601 20.94969500743075 145
1739617512613 18.737819489421632 146
1739617512626 19.554159691653503 147
1739617512638 18.308206379405245 148
1739617512650 19.387721986385134 149
1739617512662 20.33257162238656 150
1739617512674 17.574076438165502 151
1739617512686 17.568806827516365 152
1739617512699 17.09094210924918 153
1739617512711 17.360809511489848 154
1739617512725 17.160296405571764 155
1739617512738 15.546847509083937 156
1739617512750 15.217355533102142 157
1739617512762 17.199161190303375 158
1739617512774 16.816212982570345 159
1739617512787 16.626004073913716 160
1739617512799 15.68998906481677 161
1739617512811 15.440814071849683 162
1739617512824 14.876705263405018 163
1739617512837 15.638248563989716 164
1739617512849 16.36274606789009 165
1739617512861 15.507251119816601 166
1739617512874 13.744155169680905 167
1739617512886 14.369293139019282 168
1739617512900 14.186330084484302 169
1739617512920 13.638068317366054 170
1739617512934 13.009325531559403 171
1739617512947 13.075025696028964 172
1739617512961 13.582569569075542 173
1739617512974 12.407864784462687 174
1739617512987 11.932588049767448 175
1739617513000 11.731892124600899 176
1739617513013 12.74891979813347 177
1739617513026 11.140918361286085 178
1739617513042 12.672612215416981 179
1739617513055 12.095349338392213 180
1739617513067 12.967949481520513 181
1739617513080 12.32722615267847 182
1739617513092 11.6202576714501 183
1739617513104 10.989047925612807 184
1739617513116 11.625984125139409 185
1739617513129 11.005089847672478 186
1739617513141 11.938722103568821 187
1739617513154 11.206851686842047 188
1739617513166 11.064377196457102 189
1739617513178 10.953115789471452 190
1739617513190 11.428629470737098 191
1739617513202 10.933755050917695 192
1739617513214 10.108228408040425 193
1739617513227 9.48222925420569 194
1739617513239 8.607234474916343 195
1739617513251 8.897419042246614 196
1739617513263 8.670928902060853 197
1739617513275 9.058411682665106 198
1739617513288 9.22565429335161 199
1739617513300 9.876029427127325 200
1739617513312 8.46751088608292 201
1739617513324 9.93833628588308 202
1739617513336 8.29586911629373 203
1739617513349 9.208087308650958 204
1739617513362 8.268780311910978 205
1739617513378 9.177205962009745 206
1739617513392 8.283099035572434 207
1739617513404 7.306881684330159 208
1739617513417 8.373699805043053 209
1739617513429 7.992155264893344 210
1739617513443 7.621794879191026 211
1739617513456 7.706865212979248 212
1739617513468 7.165822858986732 213
1739617513480 7.435780316421011 214
1739617513493 7.150774200656988 215
1739617513505 6.770475709572429 216
1739617513517 7.084730527879293 217
1739617513529 6.147635013186715 218
1739617513541 7.577771475320378 219
1739617513554 7.959896651643103 220
1739617513566 7.881693997898691 221
1739617513580 6.92036720293472 222
1739617513593 6.163896373231999 223
1739617513607 6.8192510518915945 224
1739617513619 6.768404283253331 225
1739617513632 6.7353722675992795 226
1739617513644 6.579202355383346 227
1739617513657 5.649897851310849 228
1739617513670 6.750798047636207 229
1739617513683 6.187825525635026 230
1739617513695 6.261504184272878 231
1739617513707 5.257230261080942 232
1739617513719 7.034127943827529 233
1739617513732 4.242026899562137 234
1739617513744 5.836690514147137 235
1739617513756 5.443336004367397 236
1739617513768 5.876702141131518 237
1739617513780 6.04515538878591 238
1739617513793 4.931418252502242 239
1739617513805 5.219679046211626 240
1739617513817 4.988200130008588 241
1739617513829 5.423002410428859 242
1739617513841 5.586385944851497 243
1739617513853 5.945704186095648 244
1739617513865 4.893218465143307 245
1739617513878 4.206938710783371 246
1739617513890 4.8632550366334995 247
1739617513902 5.088077190299906 248
1739617513914 4.2886742806514135 249
1739617513926 4.756386196940877 250
1739617513938 4.628989485352275 251
1739617513951 3.8959937142600896 252
1739617513963 3.925634422934776 253
1739617513975 3.9685029894969874 254
1739617513987 4.96898183796861 255
1739617513999 5.118512516665739 256
1739617514011 4.427113030396425 257
1739617514023 4.229247751972513 258
1739617514035 4.897445050809712 259
1739617514049 4.097891240712937 260
1739617514061 3.465755182774412 261
1739617514073 4.564081537981856 262
1739617514086 4.0643695044579715 263
1739617514099 5.755667930286704 264
1739617514112 3.4873579967310455 265
1739617514124 4.200084413147273 266
1739617514137 5.041273226315428 267
1739617514149 3.876906096675421 268
1739617514162 3.8625848844257544 269
1739617514174 4.552557452659699 270
1739617514186 3.5176504487956497 271
1739617514198 3.3665965376036726 272
1739617514211 2.6366640635911396 273
1739617514223 3.6306876104280517 274
1739617514235 3.790788008137148 275
1739617514248 3.0662521357601626 276
1739617514260 4.055690483512961 277
1739617514273 2.276132094189341 278
1739617514285 3.543163660328255 279
1739617514298 3.808246010411703 280
1739617514310 4.038457896694018 281
1739617514322 3.2623297506272833 282
1739617514335 2.8877161964546523 283
1739617514349 2.7650907854907167 284
1739617514361 3.584697395471041 285
1739617514374 3.493371979780019 286
1739617514386 2.6433907033317126 287
1739617514398 3.2541632720118905 288
1739617514411 2.4430829382648387 289
1739617514423 2.6755875262977074 290
1739617514435 2.0790997079827216 291
1739617514447 3.364569082992254 292
1739617514459 3.7726341857922283 293
1739617514472 2.5650136749236645 294
1739617514484 2.932293656967916 295
1739617514496 2.9278545704316077 296
1739617514508 3.1822841819059673 297
1739617514520 2.815985861437204 298
1739617514532 2.695065191162324 299
1739617514546 2.3626202375268117 300
1739617514559 2.767955706191494 301
1739617514574 3.398961881738075 302
1739617514587 2.843408766708652 303
1739617514600 2.2694525551714793 304
1739617514613 2.6195754278256165 305
1739617514625 2.202212950100033 306
1739617514637 2.78813436081748 307
1739617514649 1.804477237438715 308
1739617514662 3.218165056398047 309
1739617514674 3.2056390209603527 310
1739617514686 2.5676435131587994 311
1739617514698 2.062667492602894 312
1739617514711 2.2622656808043082 313
1739617514723 1.6047944179397435 314
1739617514735 2.3304201502472623 315
1739617514747 1.8245346017893234 316
1739617514759 2.230287060545591 317
1739617514771 2.1667671660537837 318
1739617514783 2.0177328631349805 319
1739617514795 2.256590876428574 320
1739617514807 2.512277382434774 321
1739617514820 2.742529179668523 322
1739617514832 2.021100614586517 323
1739617514846 2.2987598906390785 324
1739617514859 2.322626523412508 325
1739617514871 2.0583032288334615 326
1739617514884 2.8118402585377376 327
1739617514896 2.316406133539834 328
1739617514908 2.3471795319121687 329
1739617514921 3.2584286557423843 330
1739617514933 1.5610232388257559 331
1739617514946 1.450217665286385 332
1739617514959 1.588388459286933 333
1739617514971 1.5696552183068129 334
1739617514983 1.8409052190490538 335
1739617514996 2.0625824753805215 336
1739617515009 2.6089716462288375 337
1739617515021 2.314297848773623 338
1739617515034 2.2329250198548327 339
1739617515051 1.5786035439862822 340
1739617515064 2.3464488338120604 341
1739617515076 1.6442359857287185 342
1739617515088 2.5359724914976556 343
1739617515101 1.5754096351959588 344
1739617515113 1.3898271680715226 345
1739617515125 1.648496870398163 346
1739617515138 1.5026714824783962 347
1739617515150 1.7625186896162126 348
1739617515162 1.9873792844760714 349
1739617515174 2.1365123081372768 350
1739617515186 1.790043312904636 351
1739617515198 1.8112806910723074 352
1739617515210 2.2843423101108917 353
1739617515222 1.8731925683911068 354
1739617515235 1.5248247923759144 355
1739617515247 2.222208338645516 356
1739617515259 2.205763492199504 357
1739617515271 2.6504186267608087 358
1739617515283 1.251838784924771 359
1739617515295 1.872755267287333 360
1739617515308 1.9574030814363705 361
1739617515320 1.9792754812677518 362
1739617515332 1.6870523376982232 363
1739617515344 1.5680097564236442 364
1739617515357 2.1207361507543765 365
1739617515369 1.8279794077759803 366
1739617515381 1.706542493253662 367
1739617515393 1.1490122575973825 368
1739617515405 2.600970352385865 369
1739617515417 2.198356654717245 370
1739617515429 0.9188621382084557 371
1739617515441 1.6442007594767847 372
1739617515453 1.6428420032480269 373
1739617515466 1.475157674437375 374
1739617515478 1.3290773450876403 375
1739617515490 2.106491383811458 376
1739617515502 1.2802506603691073 377
1739617515514 1.6837363440690003 378
1739617515526 1.690628077005665 379
1739617515538 1.5018024140314596 380
1739617515550 1.6893853793738647 381
1739617515562 1.4808460912024348 382
1739617515574 2.247203219655171 383
1739617515586 1.3073583188050353 384
1739617515599 1.456482353337465 385
1739617515611 1.3948677031167425 386
1739617515623 2.1156685484327133 387
1739617515635 1.412416306562154 388
1739617515647 0.9695064909527715 389
1739617515659 1.66277387070867 390
1739617515672 1.0451117423352339 391
1739617515684 1.171908841910455 392
1739617515698 1.0794606036104961 393
1739617515711 1.2335065373597605 394
1739617515723 1.363089183030761 395
1739617515735 2.440135877816746 396
1739617515747 1.20983406094132 397
1739617515760 2.237121539229974 398
1739617515772 0.9088605244083681 399
1739617515784 1.1696836316080756 400
1739617515796 1.1164351130114225 401
1739617515809 1.3342487699297874 402
1739617515821 1.2293374208385637 403
1739617515833 1.0230210655311625 404
1739617515845 1.3640433251768116 405
1739617515857 1.7606953816698572 406
1739617515870 1.3248397802304372 407
1739617515882 1.5922192255205179 408
1739617515894 1.3628299187329724 409
1739617515906 1.4691783007093946 410
1739617515918 1.2755077418019305 411
1739617515930 1.0857696302852984 412
1739617515943 1.0623663999681985 413
1739617515955 2.6998930529637333 414
1739617515966 1.220192956961483 415
1739617515979 0.8570237288140296 416
1739617515991 1.2286959310837027 417
1739617516003 1.3153118869365301 418
1739617516015 0.8863558352706072 419
1739617516027 1.654550628333446 420
1739617516039 1.6674774155227616 421
1739617516053 1.2068153295371855 422
1739617516065 0.8080596664416856 423
1739617516078 1.7599368002353486 424
1739617516090 3.083882137559592 425
1739617516102 1.1013217778034339 426
1739617516114 0.8233854628810877 427
1739617516127 0.9801766546387494 428
1739617516139 0.9013116318925445 429
1739617516151 0.7095089796412929 430
1739617516164 1.2563452762237381 431
1739617516175 0.915059886664529 432
1739617516187 1.1484685406592916 433
1739617516199 0.8891106208680339 434
1739617516211 1.0634302713362065 435
1739617516224 0.6751038044456363 436
1739617516236 1.0911083294710624 437
1739617516249 1.1181014102850622 438
1739617516261 1.7396746776875438 439
1739617516273 1.3887507471975606 440
1739617516285 1.3704807628194715 441
1739617516299 1.510351752039637 442
1739617516312 1.2306788867530944 443
1739617516325 1.8028834049664053 444
1739617516338 1.4069468892136572 445
1739617516350 0.7785925217173864 446
1739617516363 0.6967808797881018 447
1739617516375 1.2636375258048813 448
1739617516387 1.3038294216616502 449
1739617516399 1.5623115061091593 450
1739617516413 0.7880969003190706 451
1739617516427 1.0237014715534432 452
1739617516439 0.541866590565326 453
1739617516452 1.146456699438934 454
1739617516464 1.2487420223648982 455
1739617516477 1.0920593007463217 456
1739617516489 1.0276256753196567 457
1739617516503 2.0315003796553497 458
1739617516518 0.9513898334881827 459
1739617516533 0.8987917957473666 460
1739617516551 1.1294978857029334 461
1739617516565 0.750086962792756 462
1739617516578 0.927613930256969 463
1739617516591 0.9164502094526875 464
1739617516605 0.7281426810901285 465
1739617516620 2.1765934399804694 466
1739617516634 1.1290349356364526 467
1739617516648 1.7332078662818524 468
1739617516662 1.3748035107216316 469
1739617516676 2.260929001426263 470
1739617516690 0.8520147321299517 471
1739617516703 0.8731454866441651 472
1739617516716 0.9031914996475715 473
1739617516729 1.1853154849957976 474
1739617516741 1.3512285444175747 475
1739617516754 1.0887919837486628 476
1739617516767 0.6791607528471979 477
1739617516779 1.5914890031542392 478
1739617516791 1.418220796459916 479
1739617516803 1.5347291145995328 480
1739617516816 0.6139834296129134 481
1739617516829 1.2199495729888314 482
1739617516841 0.8432456138029755 483
1739617516853 1.2668068505431425 484
1739617516866 0.48003811711656613 485
1739617516879 0.9519113690082399 486
1739617516892 0.9297469730572232 487
1739617516904 0.764055497212535 488
1739617516916 0.7150297148095848 489
1739617516929 0.8347594547731412 490
1739617516941 2.4524401741700954 491
1739617516954 0.9437527516366834 492
1739617516968 0.9436489615132977 493
1739617516985 1.174953587352776 494
1739617517000 0.8937961970416365 495
1739617517014 1.319666561734167 496
1739617517028 0.7799518553040842 497
1739617517042 1.0516994645024085 498
1739617517056 0.8369523303931065 499
