1739617047671 164.3586423638952 0
1739617047686 147.7551748154538 1
1739617047701 143.87276390499682 2
1739617047716 134.29610254782946 3
1739617047730 127.70976227774845 4
1739617047745 121.51963044785437 5
1739617047761 114.38601618562525 6
1739617047776 107.28146647461084 7
1739617047791 99.66137410911335 8
1739617047807 95.3039799681125 9
1739617047822 89.27998265708842 10
1739617047838 84.8310152031233 11
1739617047854 85.5958743608124 12
1739617047869 81.02802175583714 13
1739617047885 67.6690197887081 14
1739617047900 68.24678409648374 15
1739617047917 68.46567997586327 16
1739617047934 59.67026878863048 17
1739617047949 60.471684775089976 18
1739617047965 54.93324832648303 19
1739617047981 55.64351715972248 20
1739617047997 51.04421779216661 21
1739617048012 44.736955397227256 22
1739617048027 46.311215239887744 23
1739617048043 45.089221170420764 24
1739617048060 47.33822394796783 25
1739617048075 40.65632339588738 26
1739617048090 40.12863099954448 27
1739617048106 38.10305914313128 28
1739617048121 35.02263153839646 29
1739617048138 31.83777297567324 30
1739617048153 29.70498875407316 31
1739617048169 30.26555393504702 32
1739617048184 35.95157788286196 33
1739617048200 30.220843812072214 34
1739617048216 28.269035799180255 35
1739617048232 28.490998693915145 36
1739617048247 30.100022031794957 37
1739617048263 25.72565502049478 38
1739617048279 23.44128547012292 39
1739617048294 31.36324321683396 40
1739617048310 22.963355919751795 41
1739617048325 21.11957979276789 42
1739617048341 23.355991684660808 43
1739617048356 21.796030673240608 44
1739617048371 19.06699693766958 45
1739617048388 23.398581385631537 46
1739617048403 16.750244843352053 47
1739617048418 15.046345191743166 48
1739617048434 12.859361630081422 49
1739617048450 15.28369424799626 50
1739617048466 23.579557641502486 51
1739617048481 18.7588080383666 52
1739617048497 16.928433958563676 53
1739617048523 18.979429786303776 54
1739617048541 22.40652880010607 55
1739617048557 21.588971185021546 56
1739617048574 15.597111802568698 57
1739617048591 17.236315740241434 58
1739617048606 15.029726737787174 59
1739617048623 14.921391679299797 60
1739617048638 16.156893865518263 61
1739617048654 13.324580844638305 62
1739617048669 16.979781266631157 63
1739617048684 13.46779757709172 64
1739617048700 9.87508512219333 65
1739617048716 12.620031936101114 66
1739617048732 12.807745377592862 67
1739617048748 11.312250313028676 68
1739617048763 14.225994275956023 69
1739617048778 14.969176710663369 70
1739617048793 11.397062979850439 71
1739617048809 14.722734458984151 72
1739617048824 15.080534720036928 73
1739617048840 13.38127582820367 74
1739617048855 17.121442245245834 75
1739617048871 9.940250399280105 76
1739617048888 9.22978515752527 77
1739617048904 14.523881838925085 78
1739617048919 14.458006849785077 79
1739617048934 13.639716751200627 80
1739617048949 14.401147749491122 81
1739617048965 13.928419718663354 82
1739617048980 11.596533554926744 83
1739617048996 13.716066650190605 84
1739617049011 19.175342858916963 85
1739617049026 6.048888722950737 86
1739617049042 16.815105059140492 87
1739617049058 8.149571963953445 88
1739617049072 13.635795102509643 89
1739617049086 9.45625957568584 90
1739617049101 13.595587173793048 91
1739617049116 12.758825220871358 92
1739617049131 14.566320453632404 93
1739617049147 12.459433005573738 94
1739617049161 17.503040890967206 95
1739617049176 16.253642487707744 96
1739617049194 19.092926509947027 97
1739617049213 11.751388462601469 98
1739617049229 17.46315437117251 99
1739617049245 14.066798135083472 100
1739617049261 15.306781249421588 101
1739617049277 14.09776220120938 102
1739617049293 11.015268879042456 103
1739617049308 13.230533200322265 104
1739617049323 12.01316443485619 105
1739617049339 13.10657703761658 106
1739617049354 18.384643673268876 107
1739617049370 15.056151554550201 108
1739617049384 10.747429907596713 109
1739617049399 13.161633907168985 110
1739617049415 11.258963387236387 111
1739617049429 10.84595379520984 112
1739617049446 18.492923399282933 113
1739617049461 13.96352795724187 114
1739617049476 13.96309505342026 115
1739617049491 12.23890344764455 116
1739617049506 12.55702475602634 117
1739617049521 11.560022277044974 118
1739617049540 12.88712798979056 119
1739617049561 15.226794088792486 120
1739617049577 12.713528689957576 121
1739617049593 15.556922047934979 122
1739617049608 15.592644175014971 123
1739617049624 12.731546609717237 124
1739617049639 10.95653063769357 125
1739617049654 15.496863238524705 126
1739617049670 15.049934255582626 127
1739617049723 10.836936308650099 128
1739617049740 13.554833770569909 129
1739617049757 10.34792675386494 130
1739617049775 9.592271233323757 131
1739617049792 12.0414245002976 132
1739617049809 18.079963076891254 133
1739617049826 15.315192364212287 134
1739617049841 13.957810518426426 135
1739617049857 16.68608747521043 136
1739617049873 12.140558959444217 137
1739617049888 13.141056445280588 138
1739617049903 11.576683039292599 139
1739617049918 10.269928898242648 140
1739617049934 12.196799529178401 141
1739617049949 13.703311933859483 142
1739617049965 11.075172744307839 143
1739617049981 10.602459844326985 144
1739617049996 15.065609738238523 145
1739617050013 13.377151591876775 146
1739617050028 14.034938630469842 147
1739617050045 12.867852054576987 148
1739617050061 11.336318687567166 149
1739617050077 13.715717872853736 150
1739617050092 9.968114591132327 151
1739617050107 8.105601139857399 152
1739617050123 8.58271904263309 153
1739617050140 15.375219824355856 154
1739617050156 10.49120373086123 155
1739617050171 13.400930230695666 156
1739617050186 13.631341147386529 157
1739617050203 11.54930525463235 158
1739617050218 8.930950364318177 159
1739617050233 12.148014683903103 160
1739617050249 12.353513107714582 161
1739617050265 11.267958609025035 162
1739617050280 12.050777408655405 163
1739617050296 14.547360729445952 164
1739617050312 10.23408662072303 165
1739617050328 16.529148856016292 166
1739617050344 15.41535378357618 167
1739617050360 11.093748180013133 168
1739617050375 14.072488213470315 169
1739617050391 13.424362626661344 170
1739617050407 17.465776953771055 171
1739617050422 9.648431637785187 172
1739617050442 14.569325352343313 173
1739617050462 12.58842098046854 174
1739617050479 13.418623067973419 175
1739617050495 12.922658334375575 176
1739617050511 10.799201543226228 177
1739617050527 14.47781548690317 178
1739617050544 12.356741702693714 179
1739617050559 9.727042751589877 180
1739617050576 12.712271429752661 181
1739617050592 13.694344410547012 182
1739617050607 10.783671398510139 183
1739617050623 9.640538606012644 184
1739617050638 10.246264948630401 185
1739617050653 10.22385120833576 186
1739617050668 13.9295544623975 187
1739617050682 10.654071180908344 188
1739617050698 11.863975524841004 189
1739617050714 8.293854241224528 190
1739617050730 10.915446082744268 191
1739617050748 9.519124262182606 192
1739617050775 12.616649374557124 193
1739617050792 13.697732859313552 194
1739617050808 11.916229189827588 195
1739617050825 15.34789725359713 196
1739617050844 9.539253149615513 197
1739617050863 16.01809925553432 198
1739617050879 12.440895807600226 199
1739617050895 9.207233224298198 200
1739617050912 11.39086664464467 201
1739617050928 11.735327327936247 202
1739617050944 10.678077732964132 203
1739617050960 10.625908574237052 204
1739617050976 11.404888762785497 205
1739617050995 10.35565206328878 206
1739617051013 13.08542862169594 207
1739617051029 12.769904390797679 208
1739617051045 6.786073308889209 209
1739617051060 12.736899436384977 210
1739617051076 11.24778475664364 211
1739617051091 10.853385681392899 212
1739617051106 15.83498757293877 213
1739617051123 14.194039401696275 214
1739617051139 12.694592228458234 215
1739617051155 9.279617005638464 216
1739617051170 10.183552730893814 217
1739617051185 10.717111303319458 218
1739617051202 12.238725346828845 219
1739617051217 10.888939683916856 220
1739617051233 10.751407733143905 221
1739617051248 13.038909253787349 222
1739617051264 9.369296667251996 223
1739617051280 10.09062310231141 224
1739617051296 13.72529661730316 225
1739617051312 12.981957853243092 226
1739617051328 6.310363576894527 227
1739617051344 9.880578866834634 228
1739617051360 11.394731069884275 229
1739617051377 11.551413242949259 230
1739617051393 8.214231784186886 231
1739617051408 12.60589048771709 232
1739617051425 11.672451699200034 233
1739617051441 8.098950705195444 234
1739617051458 11.211673464323939 235
1739617051474 13.228486709627248 236
1739617051494 11.359999377613166 237
1739617051513 11.300108626179577 238
1739617051529 12.732239086106958 239
1739617051545 16.1727646982489 240
1739617051560 10.352319552854999 241
1739617051579 15.132373903372962 242
1739617051597 11.15775450016799 243
1739617051613 10.96396592138127 244
1739617051629 13.013847009397269 245
1739617051645 9.170606054326708 246
1739617051663 12.83031503217499 247
1739617051681 10.208617713002084 248
1739617051698 8.72797509953757 249
1739617051714 12.511892107955836 250
1739617051729 8.828895489753508 251
1739617051747 16.452057703721557 252
1739617051765 10.969632752223985 253
1739617051781 16.753079972061844 254
1739617051796 13.794421046648557 255
1739617051812 10.08522527797053 256
1739617051829 14.853574251577939 257
1739617051847 11.910081707413452 258
1739617051864 10.942717811495886 259
1739617051880 14.741072157874928 260
1739617051895 11.9313671875224 261
1739617051913 19.045384741408146 262
1739617051931 11.886234180616396 263
1739617051947 13.533367588598683 264
1739617051963 12.487720390241629 265
1739617051978 9.997484286275169 266
1739617051994 14.032045756679636 267
1739617052010 11.851614661732077 268
1739617052030 11.554582036280168 269
1739617052046 11.574628143311235 270
1739617052063 11.30678951146833 271
1739617052079 13.287484360809358 272
1739617052096 11.131907352744072 273
1739617052112 11.97427843114707 274
1739617052127 12.696785159333317 275
1739617052143 14.251217998221907 276
1739617052159 11.853350133302214 277
1739617052175 9.809823397592275 278
1739617052192 13.221956049547057 279
1739617052210 14.762710893814145 280
1739617052227 13.702231087162767 281
1739617052243 12.608528895827124 282
1739617052260 12.354142127192807 283
1739617052275 18.913270713730462 284
1739617052292 8.038939897610037 285
1739617052308 12.26862755420556 286
1739617052336 11.151090617272686 287
1739617052354 14.281263961586893 288
1739617052372 13.394312187269659 289
1739617052390 12.53861332010492 290
1739617052408 14.389560517239715 291
1739617052426 9.42705547994936 292
1739617052443 12.261042598003536 293
1739617052460 15.101451947583937 294
1739617052477 10.937000591925205 295
1739617052493 10.035914475458593 296
1739617052510 14.519475316498244 297
1739617052526 12.15711401280666 298
1739617052542 9.482388711718386 299
1739617052558 7.595880481770895 300
1739617052575 13.992308838288755 301
1739617052592 11.9018220220219 302
1739617052608 9.537625034635655 303
1739617052624 8.15069577472642 304
1739617052640 12.44058659115982 305
1739617052656 12.5575157532782 306
1739617052674 14.55467842163364 307
1739617052692 14.882849661319323 308
1739617052708 9.862664057993483 309
1739617052725 11.683558199709694 310
1739617052742 12.311225683516026 311
1739617052759 12.461818124276343 312
1739617052775 14.091532688105726 313
1739617052791 14.447738628133656 314
1739617052808 12.761599326079995 315
1739617052825 13.445813755484828 316
1739617052842 12.031451002384195 317
1739617052859 14.63168660637516 318
1739617052876 14.524939184447238 319
1739617052895 14.441723826760589 320
1739617052912 16.392170358393077 321
1739617052930 13.605749708674415 322
1739617052946 9.912742552630558 323
1739617052963 15.060660981285539 324
1739617052980 10.927363965823805 325
1739617052997 10.866601789635299 326
1739617053013 8.446637818956708 327
1739617053029 11.257157641821443 328
1739617053046 10.269986353650262 329
1739617053063 11.990629654094233 330
1739617053080 14.538899975565887 331
1739617053097 9.971253822566608 332
1739617053114 9.43930125944516 333
1739617053131 14.305293093527444 334
1739617053147 11.237124736826647 335
1739617053164 14.173611002364888 336
1739617053180 11.534090756884009 337
1739617053197 12.000397356472773 338
1739617053227 13.729686319070279 339
1739617053244 11.342853711403139 340
1739617053261 13.238459852060203 341
1739617053278 11.267782958274212 342
1739617053296 14.59986944080065 343
1739617053314 11.638707754711591 344
1739617053330 10.726368116300375 345
1739617053346 14.399999596583552 346
1739617053363 12.57174380244619 347
1739617053381 10.528770943367352 348
1739617053397 16.340046415129617 349
1739617053415 12.83619796699585 350
1739617053431 12.463444845177241 351
1739617053447 10.121959813806896 352
1739617053463 13.997823965187491 353
1739617053480 9.021613331598392 354
1739617053495 16.08799609940499 355
1739617053512 10.992490075838766 356
1739617053529 17.59988568840306 357
1739617053545 12.440478904686998 358
1739617053562 15.740786890443763 359
1739617053578 14.736758873387798 360
1739617053594 12.17517045394752 361
1739617053610 12.048173908788188 362
1739617053627 15.323364928424862 363
1739617053644 10.919133872716786 364
1739617053660 15.175265083191466 365
1739617053676 12.325424028168412 366
1739617053693 8.346130477530533 367
1739617053709 12.087060448995608 368
1739617053727 13.267886462993431 369
1739617053743 10.525952590241317 370
1739617053760 11.765572556201851 371
1739617053777 11.402790901936452 372
1739617053793 10.121155931232606 373
1739617053812 13.361063535570088 374
1739617053829 11.837640681183222 375
1739617053846 15.95852507912119 376
1739617053864 14.394466368176433 377
1739617053880 11.557905307223148 378
1739617053898 12.876769528705768 379
1739617053914 15.356920772615618 380
1739617053931 10.591147369141005 381
1739617053948 12.362450719433697 382
1739617053964 12.195933208244343 383
1739617053981 16.370583437463548 384
1739617053998 8.320043153403072 385
1739617054015 15.725516530361645 386
1739617054033 10.995389292899281 387
1739617054049 11.926194405126079 388
1739617054066 10.084627286883235 389
1739617054082 15.40091090209452 390
1739617054099 13.52977458169118 391
1739617054116 9.147511058385632 392
1739617054133 10.160422774114341 393
1739617054150 14.374814033206135 394
1739617054167 15.75931792162056 395
1739617054184 10.970107622639913 396
1739617054201 13.170043212774392 397
1739617054223 9.815589748602823 398
1739617054249 9.820879018504103 399
1739617054266 9.748425147861276 400
1739617054286 13.762537906613113 401
1739617054303 8.913102665796323 402
1739617054321 9.296017485673422 403
1739617054340 16.15574956365589 404
1739617054357 13.597599729684266 405
1739617054376 15.273929949980545 406
1739617054393 10.195292516877196 407
1739617054411 12.64303083159011 408
1739617054428 11.610438914533285 409
1739617054445 10.780716639640014 410
1739617054462 15.420391166990658 411
1739617054478 8.750118615214326 412
1739617054495 8.005426336406757 413
1739617054511 14.850025246704156 414
1739617054528 9.950418314358377 415
1739617054544 11.984935895791127 416
1739617054560 8.468738089007825 417
1739617054576 11.938414149834166 418
1739617054593 12.738011331771078 419
1739617054609 10.107336784433178 420
1739617054626 10.560402949645097 421
1739617054643 13.4979426245622 422
1739617054659 10.20337559212055 423
1739617054676 13.950253991303061 424
1739617054692 8.100421480172896 425
1739617054710 8.811251392402355 426
1739617054726 9.462043204881308 427
1739617054743 8.13487012307759 428
1739617054760 12.663005474723821 429
1739617054776 10.886479673034133 430
1739617054793 16.368391568380915 431
1739617054811 12.58255537133611 432
1739617054829 12.088374389223324 433
1739617054845 14.000852285757148 434
1739617054861 15.231144260127087 435
1739617054877 9.966555105742751 436
1739617054893 10.34487014129574 437
1739617054908 11.665015144020208 438
1739617054924 11.964777433466288 439
1739617054940 15.380212549561255 440
1739617054956 9.434663261061496 441
1739617054972 8.085263933485251 442
1739617054990 12.950167094037637 443
1739617055007 10.963525377745285 444
1739617055024 10.034179716112085 445
1739617055040 12.279352007460146 446
1739617055056 9.322723204131282 447
1739617055072 12.112108499383144 448
1739617055087 13.908034242498532 449
1739617055103 8.1344880945642 450
1739617055118 13.05091276032278 451
1739617055133 10.688256800115559 452
1739617055149 6.7316584701780116 453
1739617055165 13.79356276310872 454
1739617055181 11.877667782198607 455
1739617055207 14.308051810084427 456
1739617055225 9.409139945334664 457
1739617055242 15.268323277413662 458
1739617055259 9.623602486337674 459
1739617055276 8.571910882279342 460
1739617055292 13.635361866183613 461
1739617055308 13.31663615675168 462
1739617055324 9.672199890063105 463
1739617055339 10.10762992839291 464
1739617055355 11.92034921211377 465
1739617055370 14.10198128199736 466
1739617055385 11.408885467342557 467
1739617055400 13.963442027080887 468
1739617055416 12.069446023336766 469
1739617055432 13.53897780122344 470
1739617055447 11.956637633138675 471
1739617055464 13.242765933956099 472
1739617055480 9.160857741927174 473
1739617055495 7.958468267631464 474
1739617055510 11.533301426198944 475
1739617055526 9.280251274820653 476
1739617055541 11.55872198312628 477
1739617055556 16.968246177730375 478
1739617055571 13.93703066779983 479
1739617055587 11.031892803890264 480
1739617055604 8.585479581763042 481
1739617055619 13.46861670091761 482
1739617055635 14.304536249087384 483
1739617055652 11.08786637545587 484
1739617055668 13.106484238456979 485
1739617055683 10.934002265899966 486
1739617055699 16.97896360243385 487
1739617055714 12.725325035345236 488
1739617055730 12.060670853495083 489
1739617055746 12.768936289094901 490
1739617055761 10.80867841787419 491
1739617055777 9.772938290167145 492
1739617055793 13.063604480711154 493
1739617055808 11.227595375911154 494
1739617055824 15.440846758026705 495
1739617055840 9.176916371804785 496
1739617055855 10.136532515607199 497
1739617055871 13.04244992599626 498
1739617055887 10.946668889817671 499
