1739615681207 170.29498668010942 0
1739615681225 162.0365338628979 1
1739615681252 163.14498432186844 2
1739615681268 162.26503603989076 3
1739615681285 158.03909101568462 4
1739615681301 152.48885934146554 5
1739615681317 149.40512659997626 6
1739615681333 149.27107787878785 7
1739615681350 150.6078440847342 8
1739615681370 148.05460268444796 9
1739615681387 143.53478447806643 10
1739615681404 143.95834941139498 11
1739615681421 138.02454846547806 12
1739615681436 137.1417039603726 13
1739615681453 132.29325486816168 14
1739615681469 132.7222976158695 15
1739615681485 131.2557586591689 16
1739615681501 133.14793256688642 17
1739615681516 130.48810384083438 18
1739615681532 128.60420563303933 19
1739615681548 124.23541412807127 20
1739615681564 120.57342104240091 21
1739615681579 121.84050721086719 22
1739615681595 117.88536951319232 23
1739615681610 117.24459408655538 24
1739615681626 114.77476567878874 25
1739615681641 115.19423539308087 26
1739615681658 112.38427413974816 27
1739615681674 111.21958518157636 28
1739615681690 111.28320971096339 29
1739615681706 109.67708892386585 30
1739615681722 107.93517162640141 31
1739615681739 106.69867691026647 32
1739615681755 102.93437108165976 33
1739615681771 102.61903813836136 34
1739615681786 102.86985190881418 35
1739615681803 99.18345998529543 36
1739615681819 96.11860215830438 37
1739615681835 94.29921214488705 38
1739615681851 92.40473116691983 39
1739615681867 95.47100708646202 40
1739615681883 92.35921072767738 41
1739615681899 90.76855765526967 42
1739615681916 89.79036666343583 43
1739615681932 89.03249534943492 44
1739615681948 85.88818413997441 45
1739615681964 83.15346412378028 46
1739615681982 86.8400554931149 47
1739615681998 80.53790620367413 48
1739615682014 80.37440810549604 49
1739615682029 79.7014529333732 50
1739615682047 77.9478406258774 51
1739615682063 78.28268707254507 52
1739615682079 75.22920781884841 53
1739615682095 75.0212662371387 54
1739615682112 73.53833827458644 55
1739615682128 73.13356733380363 56
1739615682144 73.6475712866285 57
1739615682160 70.66871145606146 58
1739615682176 68.12787327039791 59
1739615682204 71.65905261336061 60
1739615682222 67.9592723834286 61
1739615682239 65.25149752861017 62
1739615682256 67.8922290890526 63
1739615682272 65.25528220441201 64
1739615682288 66.62831196087919 65
1739615682303 64.13961687744708 66
1739615682318 63.01382175691565 67
1739615682334 66.36650053866313 68
1739615682350 62.897434397161135 69
1739615682365 60.738526055276026 70
1739615682382 59.33826739206325 71
1739615682397 58.38354169962063 72
1739615682413 59.95165686769616 73
1739615682430 57.766576036661995 74
1739615682446 57.210309674875354 75
1739615682462 55.5869351594411 76
1739615682477 55.860613786078396 77
1739615682492 52.79245942282141 78
1739615682509 51.066080469303586 79
1739615682525 51.252217776716044 80
1739615682542 54.219518956443025 81
1739615682558 53.63759606878717 82
1739615682573 49.697187185491096 83
1739615682588 50.18609398519477 84
1739615682604 47.48525088296437 85
1739615682620 48.941846110051785 86
1739615682635 48.32274406163147 87
1739615682650 47.97403386894027 88
1739615682665 47.73482407058789 89
1739615682681 44.56540387048201 90
1739615682698 43.78850332999248 91
1739615682713 43.26807263668337 92
1739615682731 44.068929074936854 93
1739615682748 43.02133742001745 94
1739615682765 42.387704854777915 95
1739615682781 41.974508188088215 96
1739615682796 41.3878855683467 97
1739615682811 39.554621642327035 98
1739615682828 39.14479634536329 99
1739615682844 40.41738943667055 100
1739615682860 39.145446015876594 101
1739615682876 38.92541384543517 102
1739615682892 39.354385663433526 103
1739615682908 38.85892259953457 104
1739615682925 36.38861883743904 105
1739615682940 35.426396175016905 106
1739615682957 36.81036789001415 107
1739615682974 34.47364607616293 108
1739615682990 34.44180031092494 109
1739615683007 34.452566296714814 110
1739615683022 35.440234982790635 111
1739615683039 35.495971581938136 112
1739615683054 32.747622938332746 113
1739615683070 32.700493251340475 114
1739615683085 33.30864532668059 115
1739615683102 31.96630082601536 116
1739615683125 34.44099056902158 117
1739615683142 29.271402030299 118
1739615683171 30.9857902553803 119
1739615683188 30.66815270374803 120
1739615683205 28.43653426321104 121
1739615683222 29.44639107914663 122
1739615683238 29.719927750504127 123
1739615683254 27.599598890140634 124
1739615683269 28.026741753637367 125
1739615683286 28.003253182473347 126
1739615683301 27.881962437208916 127
1739615683317 27.010418437916805 128
1739615683333 27.563977537306062 129
1739615683349 26.22770034935955 130
1739615683365 26.560539870543813 131
1739615683382 24.77061225797943 132
1739615683398 24.674713059557234 133
1739615683413 25.008485529847107 134
1739615683428 25.610925202632806 135
1739615683444 25.197459282517492 136
1739615683459 23.416435287976594 137
1739615683476 23.14960579802442 138
1739615683494 24.519503673511153 139
1739615683511 24.39309798197087 140
1739615683526 21.88986397388498 141
1739615683542 21.782458602470193 142
1739615683557 22.802793221279895 143
1739615683574 21.788822470538925 144
1739615683591 22.77230155745533 145
1739615683607 22.21466191421107 146
1739615683622 20.986572255013026 147
1739615683637 20.951015998333506 148
1739615683654 19.28897916132397 149
1739615683670 19.26347908611554 150
1739615683685 21.582256063482593 151
1739615683702 19.480025630733675 152
1739615683716 20.3043306546398 153
1739615683732 21.53703886187458 154
1739615683748 19.151541957291403 155
1739615683764 19.944323586610874 156
1739615683781 20.268205913698516 157
1739615683797 19.433955271434126 158
1739615683813 19.30567795945761 159
1739615683829 17.264821716034902 160
1739615683846 18.15203867749815 161
1739615683862 19.0032965502567 162
1739615683879 17.365462039973334 163
1739615683894 16.57261593118355 164
1739615683908 17.820035528471273 165
1739615683924 16.431216809518755 166
1739615683938 15.927119949077518 167
1739615683954 17.033730821064182 168
1739615683969 16.281837058137462 169
1739615683985 14.85262361320197 170
1739615683999 16.35962530541564 171
1739615684014 14.889046105956783 172
1739615684028 14.394847321592957 173
1739615684042 15.333805066366494 174
1739615684058 15.333203200304858 175
1739615684072 15.313167484529382 176
1739615684086 14.347734906113967 177
1739615684100 14.613130824829756 178
1739615684114 12.99556779501658 179
1739615684129 14.431130284503242 180
1739615684143 14.43694130984139 181
1739615684157 13.523696890942523 182
1739615684182 13.759079003481952 183
1739615684196 14.038034327412952 184
1739615684210 13.76121858966605 185
1739615684224 12.588959721805125 186
1739615684238 13.112945244533824 187
1739615684251 13.91616156461171 188
1739615684265 11.42116512150115 189
1739615684280 12.622803206053113 190
1739615684294 14.405229718490073 191
1739615684309 12.916463938755177 192
1739615684323 12.390010251860485 193
1739615684335 13.64483163236061 194
1739615684348 11.950603350192889 195
1739615684360 11.03428205195358 196
1739615684374 11.143899731713127 197
1739615684387 12.395766049771655 198
1739615684399 12.335487567027638 199
1739615684411 11.75239875492258 200
1739615684425 11.434512141445035 201
1739615684438 10.573607922135437 202
1739615684451 11.864817674289599 203
1739615684464 11.162946586551342 204
1739615684476 10.841184886157214 205
1739615684489 9.586280262950588 206
1739615684501 10.95478620573586 207
1739615684515 9.858119897487326 208
1739615684527 11.760869746280699 209
1739615684540 10.053636252203049 210
1739615684553 10.447189842094494 211
1739615684566 9.516746380835771 212
1739615684578 9.027894140452949 213
1739615684591 9.961765710324586 214
1739615684605 9.182183099570926 215
1739615684618 9.966504224892216 216
1739615684630 9.509174646744068 217
1739615684644 8.577835862088984 218
1739615684657 9.37427270966281 219
1739615684669 7.9838801462531475 220
1739615684682 7.579725248773365 221
1739615684695 9.134357275585499 222
1739615684708 7.667563052884343 223
1739615684721 8.99107171952607 224
1739615684734 10.429114043717624 225
1739615684747 9.95794815184446 226
1739615684760 8.59490406001956 227
1739615684773 8.42588051122579 228
1739615684787 8.23184886467157 229
1739615684800 8.138941235383404 230
1739615684812 8.473805588847663 231
1739615684825 8.074320115140518 232
1739615684839 8.920605866504237 233
1739615684853 7.956698794001511 234
1739615684867 7.225066758154075 235
1739615684879 7.0159468776382194 236
1739615684892 7.682693759681652 237
1739615684905 7.354615308246948 238
1739615684919 7.387926482454303 239
1739615684935 8.007924062123196 240
1739615684949 7.41185754402985 241
1739615684961 7.2672431068927175 242
1739615684974 6.2532579196899825 243
1739615684988 6.564443583107715 244
1739615685001 6.283292772704013 245
1739615685013 6.234092436252196 246
1739615685026 5.865969338185606 247
1739615685040 7.692469755090937 248
1739615685053 6.056311738978968 249
1739615685068 6.084824295719373 250
1739615685081 7.260274909738597 251
1739615685094 6.9224942946416474 252
1739615685107 6.350007547909039 253
1739615685121 6.002460207005081 254
1739615685134 5.956923474670507 255
1739615685147 6.630880485855797 256
1739615685159 7.64006764274608 257
1739615685172 5.777444013877534 258
1739615685185 6.123636610533762 259
1739615685197 5.242157455063068 260
1739615685211 5.597037295580587 261
1739615685234 5.918334223518726 262
1739615685247 6.152356830850089 263
1739615685260 6.139255195779801 264
1739615685274 5.304504715513621 265
1739615685287 5.559781198211375 266
1739615685299 5.868582570864129 267
1739615685312 5.550984721726007 268
1739615685325 5.7972736456549265 269
1739615685338 5.635328625807328 270
1739615685351 4.953030625463774 271
1739615685364 4.638112402982994 272
1739615685377 4.739540154307685 273
1739615685390 5.106229116254244 274
1739615685403 6.102520492085192 275
1739615685416 5.086213938917599 276
1739615685428 4.421026517912108 277
1739615685441 4.465943697986229 278
1739615685454 5.039749049948047 279
1739615685467 4.943296582786004 280
1739615685479 4.418796899906445 281
1739615685492 4.714667708978509 282
1739615685505 4.478377425039917 283
1739615685518 4.156794813731691 284
1739615685530 4.757067436611746 285
1739615685542 5.514568968805733 286
1739615685556 4.401630653370987 287
1739615685569 4.7541903873220965 288
1739615685582 4.392814955216501 289
1739615685595 4.01887124682415 290
1739615685609 4.3099048301180645 291
1739615685624 4.506133614696365 292
1739615685636 3.8409628806718756 293
1739615685649 4.828153694122322 294
1739615685662 4.575517216247849 295
1739615685675 5.203064652558048 296
1739615685688 4.07186863779153 297
1739615685701 3.9183281274228094 298
1739615685714 4.791026146483319 299
1739615685727 4.424298472927013 300
1739615685741 5.03838614891846 301
1739615685754 4.24567978637633 302
1739615685767 3.423120034944874 303
1739615685779 3.3103404463655326 304
1739615685792 4.7627741705777735 305
1739615685806 5.4900980933964965 306
1739615685818 4.045555490925556 307
1739615685831 4.87545919653927 308
1739615685844 3.671059577789552 309
1739615685857 4.724881470658263 310
1739615685869 5.4772801059485445 311
1739615685883 4.631232949529777 312
1739615685896 4.634601717719023 313
1739615685909 3.942813614457647 314
1739615685922 3.011416547843088 315
1739615685934 4.103492287515688 316
1739615685947 3.5869328969409193 317
1739615685961 4.536355111657129 318
1739615685974 3.373847746160989 319
1739615685987 4.132558781757135 320
1739615686000 3.163508493362237 321
1739615686013 4.95640646145181 322
1739615686026 3.1631245312956606 323
1739615686039 3.5685071725156066 324
1739615686052 3.6823468042493017 325
1739615686069 4.394139933191416 326
1739615686081 4.320407245225511 327
1739615686094 3.233592011073906 328
1739615686107 3.789966698992043 329
1739615686122 5.405679315030914 330
1739615686135 3.3495243871395197 331
1739615686147 4.253854722485308 332
1739615686160 3.200102884415906 333
1739615686173 3.3851640071055393 334
1739615686186 3.5472733930041436 335
1739615686199 3.1789114122873867 336
1739615686212 3.8587729221355667 337
1739615686225 3.709091090829498 338
1739615686238 3.164678106304365 339
1739615686261 2.888618131457382 340
1739615686275 2.9095206372720583 341
1739615686289 3.6349325416548117 342
1739615686303 3.6521055849164616 343
1739615686317 2.5069836763070357 344
1739615686330 4.283637674509108 345
1739615686343 3.4352671044423495 346
1739615686356 2.5838901467134163 347
1739615686369 2.7588662382741918 348
1739615686381 3.535854622911298 349
1739615686394 3.684614004976346 350
1739615686407 3.0986393453253522 351
1739615686420 4.168767733706178 352
1739615686432 5.044574226766002 353
1739615686445 3.3386043929516833 354
1739615686458 3.655724309867844 355
1739615686471 2.558577498671969 356
1739615686484 3.707761744627454 357
1739615686496 2.732906016004159 358
1739615686509 3.306376625105407 359
1739615686522 2.424357462711839 360
1739615686536 2.645585198402075 361
1739615686548 2.9900541723295824 362
1739615686561 2.391533074306238 363
1739615686574 2.8593529534703794 364
1739615686587 2.739296574239978 365
1739615686599 3.693336950433266 366
1739615686612 3.780991241270136 367
1739615686624 3.244961437829256 368
1739615686637 2.4897149573361244 369
1739615686650 2.553544498217351 370
1739615686663 2.9614335167554295 371
1739615686676 3.2406430060566134 372
1739615686690 2.1253307527975767 373
1739615686703 2.7172997695303485 374
1739615686716 3.2826587294711485 375
1739615686729 3.702026763372553 376
1739615686742 2.201798663214511 377
1739615686755 2.0398184633964216 378
1739615686768 2.91599760359845 379
1739615686780 2.8650354621916514 380
1739615686793 1.9861857125675242 381
1739615686806 2.3300522728984028 382
1739615686819 2.273574884331996 383
1739615686832 2.516969811141586 384
1739615686844 3.5262734241578975 385
1739615686858 2.4469696998951207 386
1739615686871 1.9633512457471105 387
1739615686883 2.401748612990721 388
1739615686896 2.4531110051219533 389
1739615686909 2.866724313499731 390
1739615686921 2.9725123856772226 391
1739615686934 2.8918881421497717 392
1739615686947 1.9962987483821024 393
1739615686960 2.574898741880463 394
1739615686975 2.841973320863786 395
1739615686988 2.9627448984990936 396
1739615687002 2.7464602353438528 397
1739615687014 3.3914075078074277 398
1739615687027 2.9803993722961164 399
1739615687040 2.254081101098602 400
1739615687053 1.9999970957570106 401
1739615687068 1.789907706367058 402
1739615687082 1.6054887160025109 403
1739615687094 2.2949985754133424 404
1739615687108 2.0753370355528697 405
1739615687120 3.0016446665632546 406
1739615687133 2.1488722977497265 407
1739615687146 2.3574820805282855 408
1739615687159 2.206800516537911 409
1739615687172 1.7409449242658013 410
1739615687185 1.8369239866667741 411
1739615687197 1.9996859187501617 412
1739615687210 2.234829394005894 413
1739615687223 2.1695118345098416 414
1739615687236 2.097206466684285 415
1739615687248 2.1796517562211726 416
1739615687261 2.000839744475403 417
1739615687274 1.3319130266915324 418
1739615687296 2.4616837516817482 419
1739615687310 2.321591239193583 420
1739615687324 2.1292367974113877 421
1739615687338 1.7889884306616812 422
1739615687351 1.5759379054845937 423
1739615687364 1.9364211190792227 424
1739615687377 1.8618042565199462 425
1739615687390 1.6953658669457823 426
1739615687402 2.5083004427829176 427
1739615687415 2.255512086080427 428
1739615687428 2.3485470939346196 429
1739615687441 2.0703257537829067 430
1739615687454 2.4918066868564517 431
1739615687467 2.8204603481845774 432
1739615687481 2.7110165990251813 433
1739615687494 1.8530876714059428 434
1739615687507 1.8869177931928218 435
1739615687519 2.161773632438117 436
1739615687533 2.674626204169131 437
1739615687545 1.9088511607389413 438
1739615687558 1.8549719087446912 439
1739615687571 1.7413881004597622 440
1739615687585 1.685641494077958 441
1739615687597 1.3051489624727317 442
1739615687609 1.7264444117265259 443
1739615687622 1.539054658019176 444
1739615687635 1.4305117596279953 445
1739615687648 1.8383326170993946 446
1739615687661 2.3356071343343707 447
1739615687674 1.9561065490128915 448
1739615687687 3.4528181248263112 449
1739615687700 2.7332191665841403 450
1739615687712 1.825903050904726 451
1739615687727 2.2203671698648693 452
1739615687740 2.174227489335507 453
1739615687753 2.446640114953137 454
1739615687766 1.8020336085996569 455
1739615687778 1.70013682672114 456
1739615687827 1.7470112430818463 457
1739615687843 1.9066557689474293 458
1739615687858 1.5669464059389457 459
1739615687874 2.3220715039038415 460
1739615687888 2.2004788883754562 461
1739615687902 2.7061908547838236 462
1739615687916 1.7284305963270072 463
1739615687929 2.4890899079769353 464
1739615687943 2.2616141196427453 465
1739615687957 1.6464810319158132 466
1739615687972 1.7132499135522576 467
1739615687986 2.566832183977605 468
1739615687999 1.7840947858794347 469
1739615688013 2.9894974460949966 470
1739615688027 2.6025600716293784 471
1739615688041 2.8686298166403064 472
1739615688055 1.5262405941667074 473
1739615688068 2.128682475413247 474
1739615688082 2.36880327512378 475
1739615688097 2.186322891195402 476
1739615688110 1.5146137404409588 477
1739615688123 1.9368080309183815 478
1739615688137 1.9195590422605198 479
1739615688150 1.4655136588190505 480
1739615688163 2.0399914353544615 481
1739615688176 1.6121238730218224 482
1739615688189 2.9687262295043864 483
1739615688202 2.2497417965171405 484
1739615688214 2.036065738601397 485
1739615688227 2.186319758661361 486
1739615688240 1.5240625991221757 487
1739615688254 1.844867156413935 488
1739615688267 2.039941621418107 489
1739615688280 1.5832779025777648 490
1739615688294 1.7379465875709377 491
1739615688307 1.586542627587438 492
1739615688329 2.118733379044387 493
1739615688343 1.7843971220794332 494
1739615688357 1.7286353012909985 495
1739615688372 1.27209404464078 496
1739615688385 1.7516650881449152 497
1739615688399 2.079429882167745 498
1739615688411 1.6975015295461342 499
