1739614073650 169.6210407770955 0
1739614073662 169.60770574306412 1
1739614073673 169.59457482525733 2
1739614073683 169.58144483583473 3
1739614073694 169.56831612903582 4
1739614073705 169.5551883504413 5
1739614073716 169.54206185427662 6
1739614073727 169.5289362861366 7
1739614073738 169.51581200023247 8
1739614073748 169.50268864217333 9
1739614073759 169.48956656615624 10
1739614073769 169.47644541780437 11
1739614073780 169.4633255513009 12
1739614073790 169.4502066122829 13
1739614073801 169.43708895491955 14
1739614073812 169.423972224862 15
1739614073824 169.41085677626546 16
1739614073834 169.39774225479505 17
1739614073846 169.38462901459198 18
1739614073856 169.37151670133542 19
1739614073867 169.35840566915255 20
1739614073878 169.34529556373673 21
1739614073889 169.33218673920092 22
1739614073900 169.3190788412526 23
1739614073910 169.30597222399072 24
1739614073921 169.29286671022246 25
1739614073931 169.27976212277233 26
1739614073942 169.26665881571844 27
1739614073952 169.25355643480324 28
1739614073965 169.2404553340908 29
1739614073976 169.22735515933763 30
1739614073987 169.21425626459373 31
1739614073999 169.20115829562977 32
1739614074009 169.1880616064816 33
1739614074020 169.17496584293397 34
1739614074030 169.16187135900879 35
1739614074041 169.1487778005048 36
1739614074052 169.13568552142985 37
1739614074063 169.12259416759687 38
1739614074073 169.10950409299957 39
1739614074084 169.0964149434649 40
1739614074095 169.08332707297265 41
1739614074116 169.07024012736383 42
1739614074126 169.0571544606041 43
1739614074137 169.0440697185486 44
1739614074149 169.03098625514897 45
1739614074159 169.01790371627442 46
1739614074171 169.00482245586252 47
1739614074180 168.99174229680133 48
1739614074191 168.9786630619964 49
1739614074201 168.96558510536454 50
1739614074211 168.95250807280974 51
1739614074222 168.93943231823485 52
1739614074232 168.926357487558 53
1739614074243 168.913283934668 54
1739614074253 168.90021130549698 55
1739614074264 168.88713995391973 56
1739614074274 168.87406952588248 57
1739614074284 168.86100037524596 58
1739614074295 168.84793214797043 59
1739614074306 168.83486519790262 60
1739614074316 168.8217991710169 61
1739614074329 168.80873442114594 62
1739614074340 168.7956705942782 63
1739614074350 168.7826080442322 64
1739614074361 168.76954641701053 65
1739614074372 168.75648606641775 66
1739614074382 168.7434266384704 67
1739614074393 168.73036848695907 68
1739614074404 168.7173114348456 69
1739614074415 168.70425530510934 70
1739614074426 168.6912004515199 71
1739614074436 168.67814652012882 72
1739614074447 168.66509386469184 73
1739614074457 168.65204213127447 74
1739614074467 168.6389916736184 75
1739614074477 168.62594213780326 76
1739614074488 168.61289387755667 77
1739614074499 168.59984653897237 78
1739614074509 168.58680047576394 79
1739614074521 168.57375533403905 80
1739614074532 168.56071146749747 81
1739614074543 168.54766852226078 82
1739614074554 168.53462685201472 83
1739614074564 168.521586102895 84
1739614074575 168.50854662857327 85
1739614074586 168.4955080751994 86
1739614074596 168.48247079643093 87
1739614074607 168.46943443843173 88
1739614074617 168.45639935484542 89
1739614074627 168.44336519184992 90
1739614074637 168.4303323030748 91
1739614074647 168.4173005115627 92
1739614074658 168.40426964037357 93
1739614074667 168.39124004311626 94
1739614074678 168.37821136600348 95
1739614074689 168.36518396263014 96
1739614074700 168.35215747922297 97
1739614074712 168.33913226936275 98
1739614074722 168.32610797929038 99
1739614074733 168.31308496257262 100
1739614074743 168.3000628654644 101
1739614074753 168.28704204151845 102
1739614074762 168.27402213700373 103
1739614074773 168.26100350545897 104
1739614074783 168.24798579316717 105
1739614074793 168.23496935365313 106
1739614074804 168.2219538332138 107
1739614074814 168.2089395853599 108
1739614074825 168.1959262564026 109
1739614074835 168.18291419983854 110
1739614074845 168.16990306199287 111
1739614074857 168.15689319634822 112
1739614074869 168.14388424924385 113
1739614074879 168.1308765741485 114
1739614074891 168.11786999418536 115
1739614074902 168.1048643324952 116
1739614074912 168.09185994252599 117
1739614074923 168.07885647065163 118
1739614074933 168.06585427030618 119
1739614074943 168.05285298787751 120
1739614074954 168.03985297678577 121
1739614074965 168.02685388343286 122
1739614074976 168.01385606122483 123
1739614074987 168.00085915657766 124
1739614074997 167.98786352288337 125
1739614075008 167.97486880657203 126
1739614075026 167.96187536102167 127
1739614075043 167.94888283267636 128
1739614075060 167.93589157490013 129
1739614075078 167.92290123415094 130
1739614075094 167.909912163779 131
1739614075112 167.89692401025644 132
1739614075141 167.8839371269192 133
1739614075157 167.87095116025338 134
1739614075170 167.8579664635812 135
1739614075181 167.84498268340272 136
1739614075193 167.832000173026 137
1739614075204 167.81901875565498 138
1739614075215 167.80603825451095 139
1739614075225 167.79305902288124 140
1739614075236 167.78008070730073 141
1739614075246 167.76710366104288 142
1739614075257 167.75412753065658 143
1739614075267 167.74115266940126 144
1739614075277 167.7281787238398 145
1739614075287 167.71520604721772 146
1739614075298 167.70223428611197 147
1739614075308 167.68926379375392 148
1739614075319 167.6762942167346 149
1739614075329 167.66332590827145 150
1739614075342 167.65035851496944 151
1739614075353 167.6373923900321 152
1739614075363 167.62442718007836 153
1739614075373 167.6114632382978 154
1739614075383 167.59850021132334 155
1739614075393 167.58553845233055 156
1739614075403 167.57257760796648 157
1739614075412 167.55961803139263 158
1739614075423 167.54665936927 159
1739614075433 167.53370197474618 160
1739614075443 167.5207456711057 161
1739614075453 167.50779028165016 162
1739614075463 167.49483615950655 163
1739614075473 167.48188295137066 164
1739614075484 167.46893101035528 165
1739614075494 167.45597998317027 166
1739614075505 167.44303022291456 167
1739614075515 167.43008137631185 168
1739614075525 167.4171337964472 169
1739614075536 167.4041871300583 170
1739614075545 167.39124173021622 171
1739614075556 167.37829724367268 172
1739614075566 167.3653540234847 173
1739614075577 167.3524117164181 174
1739614075587 167.33947067551588 175
1739614075597 167.32653054755787 176
1739614075608 167.31359168557313 177
1739614075618 167.30065373635543 178
1739614075628 167.28771705291993 179
1739614075639 167.27478128207426 180
1739614075649 167.2618467768198 181
1739614075660 167.24891336051428 182
1739614075670 167.235980856533 183
1739614075681 167.2230496178564 184
1739614075692 167.2101192913269 185
1739614075702 167.19719022991112 186
1739614075712 167.18426208046546 187
1739614075723 167.17133519594256 188
1739614075733 167.15840922321283 189
1739614075743 167.1454845152149 190
1739614075753 167.1325607188332 191
1739614075764 167.11963818699235 192
1739614075774 167.10671656659088 193
1739614075785 167.0937962105394 194
1739614075795 167.0808767657504 195
1739614075806 167.06795858512058 196
1739614075817 167.05504131557632 197
1739614075827 167.04212531000047 198
1739614075837 167.0292102153334 199
1739614075847 167.01629638444396 200
1739614075858 167.00338346428646 201
1739614075868 166.99047180771592 202
1739614075878 166.9775610617005 203
1739614075888 166.9646515790813 204
1739614075898 166.9517431832966 205
1739614075909 166.93883569780184 206
1739614075919 166.92592947541743 207
1739614075929 166.9130241631463 208
1739614075940 166.90012011379488 209
1739614075950 166.88721697438012 210
1739614075960 166.87431509769445 211
1739614075971 166.8614141307688 212
1739614075981 166.84851442638166 213
1739614075992 166.83561563157798 214
1739614076002 166.82271809912228 215
1739614076012 166.80982147607347 216
1739614076022 166.79692611518217 217
1739614076033 166.78403166352115 218
1739614076043 166.77113847382728 219
1739614076054 166.75824619318715 220
1739614076064 166.74535517432363 221
1739614076074 166.73246506433748 222
1739614076092 166.71957621593756 223
1739614076105 166.7066882762385 224
1739614076118 166.69380159793528 225
1739614076128 166.6809158281566 226
1739614076139 166.66803131958335 227
1739614076150 166.65514789573413 228
1739614076160 166.64226538014478 229
1739614076171 166.62938412547553 230
1739614076181 166.61650377888984 231
1739614076191 166.60362469303396 232
1739614076201 166.5907465150853 233
1739614076211 166.57786959767634 234
1739614076222 166.5649935879982 235
1739614076233 166.55211883866957 236
1739614076244 166.53924499689563 237
1739614076254 166.52637241528095 238
1739614076267 166.51350074104474 239
1739614076278 166.50063032677767 240
1739614076289 166.4877608197129 241
1739614076299 166.4748925724271 242
1739614076309 166.4620252321675 243
1739614076319 166.4491591514969 244
1739614076329 166.43629397767623 245
1739614076340 166.42343006325453 246
1739614076350 166.41056705550676 247
1739614076360 166.39770530696785 248
1739614076370 166.38484446492683 249
1739614076380 166.37198488190475 250
1739614076390 166.35912638150035 251
1739614076400 166.3462687873297 252
1739614076410 166.33341245189314 253
1739614076421 166.3205570225143 254
1739614076431 166.30770285167978 255
1739614076441 166.29484958672697 256
1739614076452 166.28199758012852 257
1739614076462 166.26914647923596 258
1739614076472 166.25629663650793 259
1739614076482 166.24344769930985 260
1739614076492 166.2306000200865 261
1739614076503 166.21775324621726 262
1739614076512 166.20490773013296 263
1739614076523 166.19206311922693 264
1739614076534 166.17921976591612 265
1739614076544 166.16637731760775 266
1739614076554 166.15353612670495 267
1739614076565 166.14069584062875 268
1739614076576 166.1278568117684 269
1739614076586 166.11501868755897 270
1739614076598 166.1021818203758 271
1739614076609 166.08934585766778 272
1739614076620 166.07651115179638 273
1739614076630 166.06367752644047 274
1739614076640 166.05084480529612 275
1739614076651 166.0380133407041 276
1739614076660 166.02518278014801 277
1739614076671 166.01235347595477 278
1739614076681 165.99952507562185 279
1739614076691 165.98669793146226 280
1739614076702 165.97387169098744 281
1739614076712 165.96104670649638 282
1739614076722 165.9482226255146 283
1739614076732 165.93539980032716 284
1739614076743 165.92257787847348 285
1739614076753 165.90975721222475 286
1739614076763 165.8969374491342 287
1739614076774 165.88411894145932 288
1739614076786 165.87130133676717 289
1739614076796 165.8584849873013 290
1739614076806 165.84566954064275 291
1739614076817 165.83285534902112 292
1739614076828 165.82004206003148 293
1739614076839 165.80723002588942 294
1739614076850 165.79441889420397 295
1739614076860 165.781609017177 296
1739614076871 165.76880021856726 297
1739614076881 165.75599232215106 298
1739614076892 165.74318568010952 299
1739614076902 165.73037994008618 300
1739614076913 165.71757545424836 301
1739614076924 165.70477187025352 302
1739614076934 165.691969540255 303
1739614076944 165.67916811192427 304
1739614076955 165.66636793740074 305
1739614076965 165.65356866436971 306
1739614076975 165.64077064495692 307
1739614076985 165.62797352686144 308
1739614076996 165.61517766219507 309
1739614077006 165.60238269867097 310
1739614077017 165.58958898838696 311
1739614077028 165.57679617907007 312
1739614077048 165.56400462280428 313
1739614077058 165.55121396733054 314
1739614077069 165.53842456471898 315
1739614077081 165.5256360627244 316
1739614077092 165.51284881340308 317
1739614077103 165.50006246452372 318
1739614077113 165.48727736812876 319
1739614077124 165.47449334805702 320
1739614077134 165.4617102281647 321
1739614077144 165.4489283604736 322
1739614077154 165.43614739278692 323
1739614077164 165.42336767711265 324
1739614077174 165.41058886126788 325
1739614077183 165.39781129724673 326
1739614077194 165.38503463288026 327
1739614077205 165.37225922014866 328
1739614077215 165.35948470689686 329
1739614077226 165.3467114450912 330
1739614077236 165.3339390825905 331
1739614077246 165.32116797134725 332
1739614077256 165.30839775923425 333
1739614077267 165.29562879818997 334
1739614077277 165.2828607361012 335
1739614077288 165.27009392489256 336
1739614077298 165.25732801246465 337
1739614077310 165.24456335072833 338
1739614077321 165.23179958759803 339
1739614077332 165.21903707497074 340
1739614077345 165.2062756367583 341
1739614077356 165.1935150968898 342
1739614077366 165.18075580724158 343
1739614077377 165.1679974157627 344
1739614077387 165.1552402743157 345
1739614077399 165.1424840308634 346
1739614077409 165.12972903725446 347
1739614077420 165.1169749414657 348
1739614077430 165.1042220953319 349
1739614077440 165.0914701468437 350
1739614077450 165.0787194478221 351
1739614077460 165.0659696462716 352
1739614077470 165.05322109399935 353
1739614077481 165.0404734390237 354
1739614077492 165.02772703313798 355
1739614077502 165.01498152437446 356
1739614077512 165.00223726451256 357
1739614077522 164.98949390159845 358
1739614077532 164.97675178739763 359
1739614077543 164.9640105699702 360
1739614077553 164.95127060106793 361
1739614077563 164.93853152876474 362
1739614077574 164.92579370479837 363
1739614077585 164.91305695316063 364
1739614077595 164.90032109786037 365
1739614077606 164.88758649061492 366
1739614077616 164.8748527795326 367
1739614077626 164.86212031631695 368
1739614077636 164.84938874909025 369
1739614077646 164.83665842954213 370
1739614077657 164.82392900580874 371
1739614077667 164.81120082956582 372
1739614077677 164.79847354896341 373
1739614077688 164.78574751566353 374
1739614077698 164.77302237783 375
1739614077709 164.76029848711096 376
1739614077719 164.74757549168416 377
1739614077729 164.7348537431839 378
1739614077739 164.72213288980174 379
1739614077749 164.70941328315823 380
1739614077759 164.69669457145872 381
1739614077770 164.68397710630995 382
1739614077780 164.6712605359312 383
1739614077790 164.65854521191523 384
1739614077800 164.64583078249535 385
1739614077810 164.63311759925043 386
1739614077820 164.62040548625183 387
1739614077830 164.60769426758827 388
1739614077840 164.59498429481806 389
1739614077850 164.58227521620893 390
1739614077860 164.56956738330533 391
1739614077870 164.55686044438895 392
1739614077880 164.5441547509904 393
1739614077891 164.53144995140514 394
1739614077902 164.51874639714998 395
1739614077912 164.5060437365344 396
1739614077923 164.49334232106116 397
1739614077934 164.48064179905364 398
1739614077944 164.46794252200093 399
1739614077954 164.45524413824015 400
1739614077964 164.44254699924653 401
1739614077975 164.42985075337103 402
1739614077986 164.41715575207516 403
1739614077996 164.40446164372372 404
1739614078016 164.39176877976436 405
1739614078026 164.37907680857575 406
1739614078036 164.3663860815917 407
1739614078048 164.35369624720468 408
1739614078058 164.3410076568348 409
1739614078069 164.32832013463312 410
1739614078079 164.31563350476796 411
1739614078090 164.3029481186388 412
1739614078100 164.2902636246726 413
1739614078110 164.27758037425502 414
1739614078120 164.26489801582682 415
1739614078130 164.2522169007599 416
1739614078141 164.23953667750877 417
1739614078151 164.22685769743157 418
1739614078161 164.21417960899672 419
1739614078171 164.2015027635485 420
1739614078181 164.18882680956912 421
1739614078191 164.17615209838908 422
1739614078201 164.16347827850444 423
1739614078212 164.15080570123192 424
1739614078222 164.13813401508145 425
1739614078232 164.12546357135582 426
1739614078242 164.11279401857882 427
1739614078252 164.1001257080395 428
1739614078262 164.0874582882755 429
1739614078272 164.07479211056204 430
1739614078282 164.06212682345054 431
1739614078292 164.04946277820244 432
1739614078302 164.03679979904845 433
1739614078312 164.02413771023643 434
1739614078323 164.01147686300726 435
1739614078333 163.99881690594685 436
1739614078345 163.98615819028223 437
1739614078356 163.97350036461313 438
1739614078367 163.96084378015289 439
1739614078377 163.94818808551491 440
1739614078388 163.93553363189875 441
1739614078398 163.92288006793183 442
1739614078408 163.91022774479976 443
1739614078418 163.89757631114367 444
1739614078428 163.88492611813558 445
1739614078439 163.87227681443048 446
1739614078448 163.8596287511864 447
1739614078459 163.8469815770722 448
1739614078469 163.8343356432322 449
1739614078479 163.8216905983491 450
1739614078489 163.80904679355336 451
1739614078499 163.79640387754148 452
1739614078509 163.78376220143014 453
1739614078519 163.7711214139297 454
1739614078530 163.75848186614306 455
1739614078541 163.74584338238049 456
1739614078551 163.73320578696928 457
1739614078561 163.72056943099184 458
1739614078571 163.70793396319291 459
1739614078582 163.6952997346411 460
1739614078592 163.68266639409492 461
1739614078603 163.67003429260916 462
1739614078615 163.65740307895626 463
1739614078626 163.64477310417712 464
1739614078636 163.63214401705795 465
1739614078648 163.61951616862603 466
1739614078659 163.60688920768135 467
1739614078669 163.5942634852373 468
1739614078679 163.58163865010764 469
1739614078690 163.5690150532922 470
1739614078700 163.55639234361843 471
1739614078710 163.54377087207234 472
1739614078722 163.53115028749522 473
1739614078733 163.5185309408593 474
1739614078744 163.50591248101975 475
1739614078755 163.4932952589349 476
1739614078766 163.48067892347382 477
1739614078777 163.468063825581 478
1739614078787 163.45544978964617 479
1739614078797 163.4428366400761 480
1739614078808 163.43022472779492 481
1739614078818 163.41761370170593 482
1739614078827 163.4050039127194 483
1739614078838 163.39239500975262 484
1739614078848 163.37978734370196 485
1739614078859 163.36718056349858 486
1739614078870 163.35457502002507 487
1739614078880 163.3419703622263 488
1739614078891 163.32936694097125 489
1739614078901 163.31676440521844 490
1739614078911 163.3041631058231 491
1739614078921 163.29156269175766 492
1739614078932 163.27896351386354 493
1739614078943 163.2663652211269 494
1739614078963 163.25376816437543 495
1739614078973 163.24117199260914 496
1739614078986 163.22857705664185 497
1739614078997 163.21598300548743 498
1739614079007 163.20339018994596 499
