1739556125901 1.406867527288037 0
1739556125945 3.9886224600982505 1
1739556125989 0.005824196804632583 2
1739556126032 0.011492514102713623 3
1739556126076 0.0638503244086352 4
1739556126132 3.1370431086968704 5
1739556126179 0.12593234851616653 6
1739556126225 0.39232392698154067 7
1739556126270 0.23722100376566796 8
1739556126315 0.396274022391434 9
1739556126358 0.2207166662568045 10
1739556126403 2.065322394341217 11
1739556126446 0.3375864461579914 12
1739556126489 0.039668356205173345 13
1739556126532 0.1702435229338165 14
1739556126576 0.8288656876941687 15
1739556126620 3.10678816542361 16
1739556126663 1.1864899356756677 17
1739556126706 1.4428262267157645 18
1739556126749 0.006001038473734286 19
1739556126793 0.32830679114520533 20
1739556126836 0.03887204435393386 21
1739556126880 0.6344830936105124 22
1739556126924 3.846723473117397 23
1739556126967 0.017033046485630574 24
1739556127010 0.8716676535590072 25
1739556127053 1.3567352758482185 26
1739556127097 1.437092651893412 27
1739556127145 0.017828226885896855 28
1739556127192 0.5252543407917146 29
1739556127236 0.015483913134854756 30
1739556127279 0.8164252505720831 31
1739556127323 1.5060400435011825 32
1739556127366 0.0122119571732672 33
1739556127409 0.2057121928852982 34
1739556127452 0.05155830211228407 35
1739556127496 0.25605304917507804 36
1739556127540 0.33634124356052736 37
1739556127614 0.3241128912943432 38
1739556127667 0.10028895520735778 39
1739556127714 3.416393805835972 40
1739556127762 1.208991360647689 41
1739556127810 0.856781099768402 42
1739556127857 0.03630752139984937 43
1739556127904 0.04902584490739143 44
1739556127951 0.47542133304133644 45
1739556127996 0.9120838453948322 46
1739556128040 0.6990556644835266 47
1739556128082 0.18835793843032222 48
1739556128126 0.04997730555851703 49
1739556128170 1.6199139064195618 50
1739556128213 1.835938574695681 51
1739556128257 0.4166335052411602 52
1739556128300 1.3378044402091607 53
1739556128344 1.0375757090866968 54
1739556128387 0.36427326177736885 55
1739556128430 1.0596088800154644 56
1739556128473 0.01262378449461526 57
1739556128516 0.33177905491569626 58
1739556128559 5.643457467752463 59
1739556128602 1.931522185101501 60
1739556128645 0.9724735515154749 61
1739556128688 8.945166522971554 62
1739556128732 2.4595556309571025 63
1739556128776 1.738280804629454 64
1739556128819 0.20168984770979342 65
1739556128862 0.11843069318323599 66
1739556128905 0.04340967837421903 67
1739556128948 1.2139543154271442 68
1739556128992 0.000764883029245482 69
1739556129035 0.04313360943551614 70
1739556129079 0.0630648522040661 71
1739556129122 2.3689109112146536 72
1739556129165 0.20025481235352063 73
1739556129209 0.00562953528264353 74
1739556129252 0.06864577926813628 75
1739556129296 0.019435839453378175 76
1739556129340 0.2910872604765069 77
1739556129383 0.7948104038099916 78
1739556129426 0.6006907864695467 79
1739556129469 3.4461934528992257 80
1739556129513 0.52106932707653 81
1739556129556 2.729782200166834 82
1739556129599 2.8736245321984497 83
1739556129642 0.0012104936888500748 84
1739556129685 0.21198894124691953 85
1739556129727 1.173392074613168 86
1739556129771 0.31071124161341224 87
1739556129815 0.5385523719389914 88
1739556129859 0.17669205015359496 89
1739556129903 0.024349436034899037 90
1739556129946 1.419887651033233 91
1739556129990 0.5433868457387766 92
1739556130033 0.5942344393493243 93
1739556130076 1.0285443494285291 94
1739556130120 0.05941280351121634 95
1739556130163 1.6204474948690202 96
1739556130207 0.4392430440420286 97
1739556130250 1.2030661566857315 98
1739556130293 6.555930778616808 99
1739556130336 0.5741299309908318 100
1739556130380 0.5652803271276624 101
1739556130423 0.5358657603037964 102
1739556130466 0.3707502374020045 103
1739556130509 0.09346073489043287 104
1739556130552 0.9749989563149258 105
1739556130595 0.05712462706708925 106
1739556130638 1.9875578456171017 107
1739556130682 0.4915008628660526 108
1739556130725 0.19501868951306472 109
1739556130768 0.08034258009749373 110
1739556130810 0.29780651841652345 111
1739556130853 0.2785430185736578 112
1739556130896 0.15465337160214296 113
1739556130939 0.7800548152155635 114
1739556130982 0.23991536208610006 115
1739556131024 0.1808720148131565 116
1739556131068 0.27244475596867695 117
1739556131110 0.04629846407822753 118
1739556131154 1.3822442288993297 119
1739556131196 0.10348047450833697 120
1739556131239 2.532959517659247 121
1739556131282 0.29345139488526417 122
1739556131324 0.12946004665635538 123
1739556131368 0.07255120490640661 124
1739556131411 2.5070983874192336 125
1739556131454 0.5788247556375244 126
1739556131497 3.228242956332916 127
1739556131540 0.4640641784278951 128
1739556131583 3.5511597226635856 129
1739556131626 0.038756347605428454 130
1739556131668 0.529546585437743 131
1739556131711 1.5030212665413167 132
1739556131754 0.38789065728300104 133
1739556131797 0.01773784014552016 134
1739556131840 4.040342930376404 135
1739556131885 0.001835607366558834 136
1739556131929 0.1670906488644856 137
1739556131973 0.06994261088952387 138
1739556132016 1.262151023924568 139
1739556132059 0.010795360143412473 140
1739556132105 0.01685637616091804 141
1739556132148 4.152767716885306 142
1739556132192 0.0011097798491990908 143
1739556132235 0.4924635614095771 144
1739556132279 0.09928038000135161 145
1739556132322 0.23249525554204672 146
1739556132365 5.3659981466035545 147
1739556132409 0.38443553057093505 148
1739556132452 3.6273354176549826 149
1739556132496 2.003291393522665 150
1739556132539 0.008107477601675659 151
1739556132582 0.6842555790972137 152
1739556132625 0.5474795838483961 153
1739556132669 0.6936580199080178 154
1739556132712 0.710164933319374 155
1739556132754 0.7201551339006647 156
1739556132797 0.42777577385133003 157
1739556132839 1.0142748295617838 158
1739556132882 0.1858775700769366 159
1739556132925 1.3054722878435059 160
1739556132968 0.44681263725491893 161
1739556133011 0.28281776722381335 162
1739556133054 0.045572962641985085 163
1739556133096 0.42226657013524055 164
1739556133139 0.07914113397488859 165
1739556133182 0.40527871840649327 166
1739556133225 2.140540404729942 167
1739556133267 0.8032093700208832 168
1739556133310 5.831533758450077 169
1739556133353 4.124107394270864 170
1739556133397 0.00011133974517132695 171
1739556133440 0.0004578992267176198 172
1739556133482 0.10627772953339153 173
1739556133525 0.3491914105095283 174
1739556133567 0.22820851298974842 175
1739556133610 1.3244403347381257 176
1739556133652 0.35001523629399345 177
1739556133694 0.9209855485114242 178
1739556133738 0.0686173166712906 179
1739556133781 3.8214010426584917 180
1739556133824 4.512218412656622 181
1739556133867 3.2634549492178655 182
1739556133909 1.0005208292016419 183
1739556133952 0.08182503194072338 184
1739556133996 7.784864446549993 185
1739556134040 1.2381557464581672 186
1739556134083 0.9848557446807185 187
1739556134126 0.00014579063889621658 188
1739556134170 0.6378876421111418 189
1739556134213 0.6107231641246007 190
1739556134257 0.021123283219194496 191
1739556134300 0.013386331419081174 192
1739556134343 0.0034781837470789865 193
1739556134386 3.1767225408036213 194
1739556134429 0.007506655864824762 195
1739556134473 2.0399184400257457 196
1739556134516 3.4191275156733667 197
1739556134559 0.3017125770912702 198
1739556134602 1.2709200256724902 199
1739556134645 1.275847613947041 200
1739556134688 0.24774670356767617 201
1739556134732 0.09822128269131347 202
1739556134775 2.4013426928470367 203
1739556134818 0.15769637740394937 204
1739556134861 1.7581137843281207 205
1739556134903 3.906731016034382 206
1739556134946 1.006876559436627 207
1739556134989 0.7596520203686895 208
1739556135031 0.5803381312743104 209
1739556135075 2.145649050214415 210
1739556135117 0.05847771447376755 211
1739556135160 0.34524192530884806 212
1739556135203 0.7805254393852424 213
1739556135246 0.7932446282697728 214
1739556135289 0.1318140696863627 215
1739556135331 1.4339306032917267 216
1739556135374 0.021380389850669014 217
1739556135417 0.43218389550428254 218
1739556135460 1.0244377869628514 219
1739556135503 0.04383047033469975 220
1739556135546 0.1025918352701264 221
1739556135589 3.377357255204358e-05 222
1739556135632 1.13720429836284 223
1739556135674 0.533916948583167 224
1739556135716 1.2760162109894078 225
1739556135759 3.5292499427956305 226
1739556135802 0.407561264346674 227
1739556135845 1.1570081459350634 228
1739556135888 0.2739375539791335 229
1739556135931 1.7311833707780127 230
1739556135973 4.4823968899946385 231
1739556136015 1.0406096459972465 232
1739556136059 2.70634314932411 233
1739556136101 3.515185600984164 234
1739556136146 1.0894465940837523 235
1739556136190 0.6822940494976505 236
1739556136233 0.3636048151394593 237
1739556136277 0.9517811874630194 238
1739556136321 0.034117717485921545 239
1739556136364 5.9514248134795995 240
1739556136407 1.0017407452633682 241
1739556136451 0.23517261110905208 242
1739556136495 0.42870347396758984 243
1739556136538 1.561442964073386 244
1739556136582 0.6906692640126826 245
1739556136625 0.0020340858564898857 246
1739556136668 0.9206473118328573 247
1739556136711 0.3020237393882619 248
1739556136754 0.024727352532103525 249
1739556136796 0.1980220589393512 250
1739556136838 2.3044649635762475 251
1739556136881 3.930424325526861 252
1739556136923 0.7743003109373678 253
1739556136966 0.5227436758669973 254
1739556137008 0.06431603974816677 255
1739556137051 0.0033645039803185442 256
1739556137096 0.14559998139928948 257
1739556137141 0.664996941280611 258
1739556137190 2.1053171114398928 259
1739556137238 1.6656062948876704 260
1739556137287 0.054763350236500134 261
1739556137334 0.4548960197368768 262
1739556137381 0.0558282997219228 263
1739556137428 0.27981487016210294 264
1739556137475 0.00875255833082654 265
1739556137522 0.7548735671195379 266
1739556137566 1.4071262672322375 267
1739556137610 0.38263820065529086 268
1739556137653 0.05570745573151428 269
1739556137696 3.680278257899564 270
1739556137740 0.1791441988847667 271
1739556137783 0.010987775140214805 272
1739556137826 0.00511625965876923 273
1739556137870 3.1212758263219427 274
1739556137913 0.20673353593817523 275
1739556137956 4.600980922963438 276
1739556138000 0.02925320204877357 277
1739556138043 2.0755734889183213 278
1739556138086 0.7914981051634536 279
1739556138129 0.7297706255591039 280
1739556138172 0.1571380964308007 281
1739556138216 1.0203582929905302 282
1739556138260 8.996515856311594e-05 283
1739556138305 3.947973019710786 284
1739556138348 5.957218344105205 285
1739556138392 0.00041953367878828744 286
1739556138435 3.033364020892185 287
1739556138478 1.0518477676997322 288
1739556138522 0.9448382421563891 289
1739556138565 0.000503850678053205 290
1739556138610 0.6942429335321356 291
1739556138653 0.36007694124427275 292
1739556138696 2.196965282520093 293
1739556138739 3.4547901370304697 294
1739556138782 0.2661812249145547 295
1739556138825 0.8603406082030832 296
1739556138868 0.03201026463394958 297
1739556138911 2.316236892173466 298
1739556138953 1.1298910884871025 299
1739556138995 0.0360260780204125 300
1739556139037 1.954386666874254 301
1739556139080 0.12852423735513435 302
1739556139123 3.5859008931867806 303
1739556139165 0.6128604941449051 304
1739556139208 0.060599063607962064 305
1739556139250 0.08512884282826569 306
1739556139292 1.0516378789606768 307
1739556139335 1.1846620266017638 308
1739556139377 0.16606322725282655 309
1739556139420 0.058317036056576496 310
1739556139461 5.600688448666456 311
1739556139504 0.0511410142751096 312
1739556139547 0.8491102893721169 313
1739556139591 0.6894498537943783 314
1739556139639 2.835001394249364 315
1739556139688 35.3380664405789 316
1739556139738 0.054426108287060945 317
1739556139791 2.6928096603137046 318
1739556139844 2.3478382135465097 319
1739556139897 0.12315450533400697 320
1739556139958 0.04179761431760252 321
1739556140028 1.8839612351255313 322
1739556140107 0.9984829760130479 323
1739556140184 0.24517886083339452 324
1739556140252 0.011508827958673445 325
1739556140322 0.2642904153049237 326
1739556140389 3.293875850380655 327
1739556140456 0.03494428735507382 328
1739556140522 2.0950789591686414 329
1739556140589 0.8874517474089489 330
1739556140655 1.8534265554011227 331
1739556140721 0.6095185092777846 332
1739556140780 4.142210371900763 333
1739556140839 0.45965210906465503 334
1739556140899 3.1484225830863815 335
1739556140957 0.009779692123327624 336
1739556141017 0.4550209135669584 337
1739556141070 1.1226764429676623 338
1739556141123 0.10297848265562705 339
1739556141175 0.11181860842480175 340
1739556141227 0.22786461265522423 341
1739556141276 0.5294384196647245 342
1739556141323 0.12106600013035658 343
1739556141371 0.053681417678419545 344
1739556141418 0.5232354640453535 345
1739556141466 0.11500934621461809 346
1739556141512 0.011755796140107133 347
1739556141556 0.7102040172345001 348
1739556141601 0.05115620598451489 349
1739556141644 1.1623859439736905 350
1739556141688 1.757296388927597 351
1739556141731 1.4313678230682625 352
1739556141775 0.42365864269843495 353
1739556141819 0.004806010185884888 354
1739556141862 5.540154861228104 355
1739556141905 0.38505351981438757 356
1739556141949 1.7236780673321517 357
1739556141991 1.6212503731838046 358
1739556142032 0.7612794191159323 359
1739556142074 0.5501686029324094 360
1739556142117 0.4473703091199488 361
1739556142159 0.49505894107169846 362
1739556142200 1.9013417312237295 363
1739556142243 0.07197987946813277 364
1739556142285 1.2198304158402196 365
1739556142326 0.01673175160010066 366
1739556142369 0.5119947102094582 367
1739556142411 3.17789386824853 368
1739556142453 4.172738012498906 369
1739556142496 0.6412942679772424 370
1739556142542 0.08683276134225218 371
1739556142586 0.660055159732361 372
1739556142630 0.5548950573801789 373
1739556142674 2.956909923014225 374
1739556142717 0.17346265943684291 375
1739556142761 0.8909737924361963 376
1739556142804 1.5267089298966992 377
1739556142846 0.2569672353865678 378
1739556142889 1.0748055259547344 379
1739556142931 1.9549319910343965 380
1739556142974 2.066426964380681 381
1739556143017 0.4846874729638003 382
1739556143060 0.14283423393189376 383
1739556143101 0.26526577797031975 384
1739556143144 2.0380958110738017 385
1739556143187 0.1786793112202254 386
1739556143228 0.63735115285581 387
1739556143271 0.03966822585183743 388
1739556143313 0.42260146653481834 389
1739556143356 0.4007036280046591 390
1739556143398 1.3924223145280012 391
1739556143440 0.6657399412193854 392
1739556143482 8.065206146324616 393
1739556143524 0.017172446653774015 394
1739556143566 7.468765865063106 395
1739556143608 0.13264498972076796 396
1739556143650 0.006119830138989506 397
1739556143693 0.030347582512180803 398
1739556143735 0.3050752750795034 399
1739556143776 0.07642765827686285 400
1739556143819 0.13564258154231618 401
1739556143861 0.18107478635245863 402
1739556143903 3.7563682119880917 403
1739556143945 1.0328797170626562 404
1739556143988 5.180791780807896 405
1739556144031 0.20257228941596186 406
1739556144077 0.20240143014484405 407
1739556144120 0.6370636424953082 408
1739556144163 0.20083948361398998 409
1739556144206 0.01820782528800263 410
1739556144248 0.024634913403675657 411
1739556144291 0.5680204412238768 412
1739556144333 0.9225811124648376 413
1739556144374 0.13795420742740755 414
1739556144418 6.350079424845887 415
1739556144459 3.6407654839801555 416
1739556144502 0.008282351582982527 417
1739556144544 0.006215771291332238 418
1739556144586 0.3542940041174259 419
1739556144630 1.2587900359390716 420
1739556144674 0.35723672070243634 421
1739556144717 0.8751677640889888 422
1739556144761 1.6098933076662258 423
1739556144804 4.624282446052206 424
1739556144847 0.4262482902754324 425
1739556144891 5.195689605306548 426
1739556144935 0.8930562129451682 427
1739556144977 3.726068860459173 428
1739556145019 2.0481718582327813 429
1739556145060 1.5207314238963645 430
1739556145103 1.2745582094922576 431
1739556145145 0.9540565622039703 432
1739556145187 0.7667275627695573 433
1739556145229 6.79820596732788 434
1739556145271 0.681017548704438 435
1739556145313 0.001985923715132428 436
1739556145356 0.20327745261463684 437
1739556145398 8.339402483533965 438
1739556145440 3.2356740871401786 439
1739556145481 18.13516703150648 440
1739556145525 1.2680850970692177 441
1739556145567 1.6432031254085953 442
1739556145610 0.9962932539007955 443
1739556145652 0.031226176023297077 444
1739556145694 0.22925651479428003 445
1739556145736 1.2430492939871154 446
1739556145778 1.3974215383933204 447
1739556145821 7.96970500718008e-05 448
1739556145862 0.5515344136376971 449
1739556145905 2.321833429729897 450
1739556145947 0.07476541396798342 451
1739556145988 1.1753427724526564 452
1739556146031 0.013775329806627238 453
1739556146073 0.26539213533219685 454
1739556146115 0.21424098390513788 455
1739556146157 3.2256626320813435 456
1739556146199 0.03254264530718586 457
1739556146242 0.25520565596632144 458
1739556146283 0.17086939219486397 459
1739556146325 0.24256084432564703 460
1739556146367 0.2574260315999673 461
1739556146409 0.003663560443769888 462
1739556146452 0.4273831495163306 463
1739556146493 0.26524034279084935 464
1739556146536 0.42713098069876754 465
1739556146578 0.00036800339395368466 466
1739556146620 0.16072739142013834 467
1739556146662 3.750526129995622 468
1739556146703 0.0019437080998792337 469
1739556146746 0.05281908231288278 470
1739556146790 3.001663133896157 471
1739556146833 1.1064564097104188 472
1739556146877 0.2503572469014067 473
1739556146920 1.1300397032463445 474
1739556146963 1.048081256435743 475
1739556147006 0.6256981768413347 476
1739556147049 0.24924708471538393 477
1739556147090 0.7034179329142964 478
1739556147132 2.1854005361995164 479
1739556147174 4.046731108009854 480
1739556147215 2.997907660513462 481
1739556147258 1.5007999473093758 482
1739556147299 0.6812929265679113 483
1739556147341 5.741768066719021 484
1739556147383 0.7994638432397889 485
1739556147424 0.449320015249316 486
1739556147467 0.001253462614001505 487
1739556147508 0.14981122432646868 488
1739556147550 0.038876650249467175 489
1739556147592 1.1398187981490222 490
1739556147633 4.415629975336179 491
1739556147676 2.8197598868900844 492
1739556147717 5.520816723823525 493
1739556147759 15.916945776078524 494
1739556147801 0.04544652616889292 495
1739556147844 3.253984179018858 496
1739556147886 2.1415398917521107 497
1739556147927 0.40790667154039273 498
1739556147970 0.465818372233041 499
