1739614439906 169.2542443018614 0
1739614439918 166.01817220605045 1
1739614439930 164.4574426573243 2
1739614439940 162.8633802616243 3
1739614439951 161.28519929755686 4
1739614439961 159.72250046781582 5
1739614439972 158.1751326067818 6
1739614439983 156.64294482435199 7
1739614439993 155.12578772388224 8
1739614440004 153.62351338138149 9
1739614440016 152.13597533101353 10
1739614440027 150.66302855071132 11
1739614440038 149.20452944793354 12
1739614440048 147.76033584556185 13
1739614440059 146.33030696793685 14
1739614440070 144.91430342703256 15
1739614440082 143.5121872087668 16
1739614440093 142.12382165944683 17
1739614440104 140.74907147234902 18
1739614440115 139.38780267443045 19
1739614440126 138.03988261317215 20
1739614440137 136.70517994355205 21
1739614440148 135.38356461514624 22
1739614440158 134.07490785935792 23
1739614440169 132.77908217677214 24
1739614440180 131.4959613246354 25
1739614440191 130.22542030445888 26
1739614440203 128.96733534974385 27
1739614440213 127.72158391382855 28
1739614440224 126.48804465785453 29
1739614440235 125.2665974388522 30
1739614440245 124.05712329794373 31
1739614440256 122.8595044486625 32
1739614440267 121.67362426538756 33
1739614440278 120.4993672718927 34
1739614440298 119.33661913000803 35
1739614440309 118.18526662839383 36
1739614440320 117.045197671425 37
1739614440331 115.91630126818528 38
1739614440342 114.79846752156992 39
1739614440353 113.6915876174964 40
1739614440364 112.59555381422082 41
1739614440375 111.51025943176053 42
1739614440386 110.43559884142059 43
1739614440397 109.37146745542384 44
1739614440407 108.31776171664339 45
1739614440418 107.27437908843605 46
1739614440429 106.24121804457661 47
1739614440440 105.21817805929109 48
1739614440451 104.20515959738839 49
1739614440462 103.20206410448952 50
1739614440472 102.20879399735308 51
1739614440483 101.22525265429623 52
1739614440493 100.25134440571027 53
1739614440504 99.28697452466979 54
1739614440514 98.33204921763439 55
1739614440525 97.38647561524242 56
1739614440536 96.45016176319518 57
1739614440546 95.52301661323152 58
1739614440557 94.6049500141911 59
1739614440568 93.69587270316622 60
1739614440578 92.79569629674056 61
1739614440589 91.90433328231482 62
1739614440600 91.02169700951761 63
1739614440611 90.14770168170121 64
1739614440622 89.28226234752138 65
1739614440632 88.4252948926001 66
1739614440643 87.5767160312706 67
1739614440655 86.73644329840396 68
1739614440666 85.90439504131625 69
1739614440677 85.08049041175566 70
1739614440688 84.26464935796854 71
1739614440699 83.45679261684383 72
1739614440709 82.65684170613503 73
1739614440720 81.8647189167589 74
1739614440731 81.08034730517011 75
1739614440741 80.3036506858112 76
1739614440753 79.53455362363704 77
1739614440764 78.77298142671296 78
1739614440775 78.01886013888607 79
1739614440786 77.27211653252887 80
1739614440797 76.53267810135432 81
1739614440808 75.80047305330197 82
1739614440818 75.07543030349419 83
1739614440829 74.35747946726205 84
1739614440840 73.64655085323983 85
1739614440852 72.94257545652779 86
1739614440862 72.24548495192232 87
1739614440873 71.55521168721306 88
1739614440886 70.87168867654599 89
1739614440897 70.19484959385206 90
1739614440908 69.52462876634067 91
1739614440919 68.86096116805746 92
1739614440930 68.20378241350542 93
1739614440941 67.55302875132922 94
1739614440952 66.90863705806169 95
1739614440962 66.27054483193199 96
1739614440973 65.638690186735 97
1739614440984 65.0130118457612 98
1739614440995 64.3934491357862 99
1739614441006 63.779941981119954 100
1739614441017 63.172430897714435 101
1739614441028 62.570856987329456 102
1739614441039 61.9751619317562 103
1739614441049 61.385287987097634 104
1739614441060 60.80117797810541 105
1739614441070 60.2227752925726 106
1739614441081 59.650023875781805 107
1739614441092 59.08286822500803 108
1739614441103 58.52125338407578 109
1739614441114 57.96512493796988 110
1739614441125 57.4144290074995 111
1739614441137 56.86911224401471 112
1739614441148 56.329121824175346 113
1739614441158 55.794405444771364 114
1739614441170 55.26491131759431 115
1739614441181 54.74058816435946 116
1739614441192 54.221385211677955 117
1739614441203 53.707252186078684 118
1739614441213 53.19813930907915 119
1739614441227 52.69399729230507 120
1739614441238 52.19477733265805 121
1739614441250 51.70043110753099 122
1739614441261 51.21091077007071 123
1739614441272 50.726168944487256 124
1739614441283 50.246158721409515 125
1739614441294 49.7708336532867 126
1739614441305 49.300147749835126 127
1739614441316 48.834055473529936 128
1739614441326 48.3725117351414 129
1739614441347 47.915471889315086 130
1739614441357 47.46289173019577 131
1739614441368 47.01472748709446 132
1739614441379 46.570935820198216 133
1739614441389 46.13147381632223 134
1739614441401 45.69629898470391 135
1739614441412 45.26536925283835 136
1739614441422 44.83864296235499 137
1739614441433 44.41607886493487 138
1739614441444 43.99763611826825 139
1739614441454 43.58327428205203 140
1739614441466 43.17295331402673 141
1739614441476 42.76663356605249 142
1739614441487 42.364275780223856 143
1739614441498 41.96584108502291 144
1739614441508 41.57129099151023 145
1739614441519 41.18058738955356 146
1739614441530 40.79369254409364 147
1739614441541 40.410569091446845 148
1739614441552 40.03118003564436 149
1739614441562 39.65548874480742 150
1739614441573 39.283458947558366 151
1739614441583 38.91505472946699 152
1739614441594 38.55024052953212 153
1739614441604 38.18898113669771 154
1739614441616 37.831241686403565 155
1739614441625 37.47698765716973 156
1739614441637 37.126184867214974 157
1739614441648 36.77879947110828 158
1739614441658 36.43479795645366 159
1739614441670 36.09414714060742 160
1739614441680 35.75681416742806 161
1739614441691 35.42276650405799 162
1739614441702 35.091971937737206 163
1739614441713 34.764398572648254 164
1739614441723 34.44001482679238 165
1739614441734 34.11878942889651 166
1739614441744 33.8006914153507 167
1739614441755 33.48569012717578 168
1739614441766 33.173755207021046 169
1739614441776 32.86485659619138 170
1739614441787 32.558964531703815 171
1739614441799 32.256049543373116 172
1739614441809 31.956082450926143 173
1739614441821 31.65903436114454 174
1739614441832 31.36487666503581 175
1739614441844 31.073581035032127 176
1739614441855 30.785119422216898 177
1739614441866 30.499464053578585 178
1739614441876 30.216587429291714 179
1739614441890 29.93646232002461 180
1739614441901 29.659061764273783 181
1739614441912 29.38435906572452 182
1739614441923 29.112327790637575 183
1739614441934 28.84294176526159 184
1739614441944 28.576175073271077 185
1739614441955 28.31200205322969 186
1739614441966 28.05039729607844 187
1739614441977 27.79133564264875 188
1739614441988 27.53479218120006 189
1739614442000 27.28074224498161 190
1739614442010 27.02916140981842 191
1739614442027 26.78002549172098 192
1739614442042 26.533310544518546 193
1739614442053 26.288992857515787 194
1739614442064 26.047048953172528 195
1739614442075 25.80745558480642 196
1739614442086 25.570189734318205 197
1739614442096 25.335228609939456 198
1739614442108 25.102549644002547 199
1739614442119 24.872130490732623 200
1739614442129 24.643949024061246 201
1739614442140 24.417983335461763 202
1739614442151 24.19421173180591 203
1739614442162 23.972612733241615 204
1739614442174 23.753165071091665 205
1739614442185 23.53584768577319 206
1739614442196 23.320639724737596 207
1739614442207 23.10752054043085 208
1739614442217 22.89646968827388 209
1739614442228 22.687466924662843 210
1739614442239 22.480492204989222 211
1739614442250 22.275525681679337 212
1739614442260 22.07254770225327 213
1739614442271 21.8715388074029 214
1739614442283 21.672479729088884 215
1739614442293 21.475351388656453 216
1739614442305 21.28013489496973 217
1739614442316 21.086811542564465 218
1739614442327 20.89536280981907 219
1739614442338 20.705770357143532 220
1739614442348 20.51801602518634 221
1739614442360 20.33208183305902 222
1739614442371 20.147949976578168 223
1739614442389 19.96560282652488 224
1739614442403 19.78502292692127 225
1739614442414 19.606192993324083 226
1739614442424 19.429095911135015 227
1739614442437 19.253714733927826 228
1739614442449 19.08003268179183 229
1739614442460 18.90803313969182 230
1739614442472 18.737699655844093 231
1739614442483 18.569015940108518 232
1739614442495 18.4019658623965 233
1739614442506 18.23653345109456 234
1739614442517 18.07270289150354 235
1739614442527 17.910458524293155 236
1739614442539 17.74978484397179 237
1739614442551 17.590666497371405 238
1739614442561 17.433088282147363 239
1739614442572 17.277035145293038 240
1739614442583 17.122492181669134 241
1739614442593 16.969444632547425 242
1739614442604 16.817877884168887 243
1739614442615 16.667777466316085 244
1739614442625 16.51912905089957 245
1739614442636 16.371918450558272 246
1739614442647 16.226131617273655 247
1739614442658 16.081754640997588 248
1739614442669 15.938773748293663 249
1739614442679 15.797175300991984 250
1739614442690 15.656945794857196 251
1739614442702 15.518071858269654 252
1739614442713 15.380540250919557 253
1739614442723 15.244337862514026 254
1739614442734 15.109451711496865 255
1739614442745 14.975868943780986 256
1739614442756 14.843576831493332 257
1739614442767 14.712562771732136 258
1739614442777 14.58281428533648 259
1739614442789 14.454319015667966 260
1739614442801 14.327064727404387 261
1739614442811 14.201039305345311 262
1739614442822 14.076230753229435 263
1739614442833 13.952627192563593 264
1739614442843 13.830216861463317 265
1739614442854 13.708988113504834 266
1739614442865 13.58892941658837 267
1739614442876 13.47002935181265 268
1739614442889 13.352276612360543 269
1739614442900 13.235660002395635 270
1739614442910 13.120168435969713 271
1739614442922 13.005790935941 272
1739614442934 12.892516632903096 273
1739614442945 12.780334764124431 274
1739614442955 12.66923467249817 275
1739614442966 12.559205805502545 276
1739614442977 12.450237714171358 277
1739614442988 12.342320052074642 278
1739614442999 12.235442574309417 279
1739614443009 12.12959513650034 280
1739614443021 12.024767693810267 281
1739614443031 11.920950299960513 282
1739614443042 11.818133106260799 283
1739614443053 11.716306360648755 284
1739614443064 11.61546040673888 285
1739614443076 11.515585682880918 286
1739614443087 11.416672721227458 287
1739614443097 11.318712146810798 288
1739614443108 11.221694676628811 289
1739614443119 11.125611118739908 290
1739614443131 11.03045237136688 291
1739614443142 10.93620942200961 292
1739614443153 10.842873346566476 293
1739614443164 10.750435308464457 294
1739614443174 10.658886557797805 295
1739614443185 10.568218430475197 296
1739614443196 10.478422347375304 297
1739614443207 10.389489813510677 298
1739614443218 10.30141241719989 299
1739614443230 10.2141818292478 300
1739614443241 10.127789802133949 301
1739614443252 10.042228169208894 302
1739614443264 9.957488843898556 303
1739614443275 9.873563818916304 304
1739614443286 9.790445165482854 305
1739614443297 9.708125032553884 306
1739614443307 9.62659564605523 307
1739614443318 9.545849308125588 308
1739614443328 9.46587839636676 309
1739614443341 9.386675363101224 310
1739614443353 9.308232734637055 311
1739614443364 9.230543110540054 312
1739614443375 9.153599162913098 313
1739614443396 9.077393635682537 314
1739614443407 9.001919343891718 315
1739614443418 8.92716917300134 316
1739614443430 8.853136078196819 317
1739614443440 8.779813083702408 318
1739614443452 8.707193282102114 319
1739614443462 8.635269833667289 320
1739614443473 8.564035965690872 321
1739614443484 8.493484971828153 322
1739614443495 8.423610211444045 323
1739614443506 8.354405108966823 324
1739614443518 8.285863153248203 325
1739614443528 8.217977896929703 326
1739614443539 8.150742955815307 327
1739614443550 8.084152008250262 328
1739614443561 8.01819879450601 329
1739614443572 7.952877116171187 330
1739614443583 7.888180835548634 331
1739614443593 7.824103875058315 332
1739614443605 7.760640216646164 333
1739614443617 7.697783901198703 334
1739614443627 7.635529027963474 335
1739614443638 7.573869753975155 336
1739614443649 7.512800293487353 337
1739614443659 7.452314917409984 338
1739614443671 7.392407952752181 339
1739614443681 7.3330737820706995 340
1739614443692 7.2743068429238 341
1739614443704 7.216101627330448 342
1739614443715 7.158452681234869 343
1739614443726 7.101354603976379 344
1739614443737 7.044802047764461 345
1739614443748 6.9887897171589675 346
1739614443759 6.933312368555476 347
1739614443771 6.878364809675692 348
1739614443782 6.823941899062927 349
1739614443793 6.770038545582457 350
1739614443804 6.716649707926899 351
1739614443814 6.663770394126385 352
1739614443825 6.6113956610635976 353
1739614443836 6.5595206139935796 354
1739614443848 6.508140406068281 355
1739614443858 6.457250237865773 356
1739614443870 6.406845356924099 357
1739614443881 6.356921057279733 358
1739614443893 6.30747267901059 359
1739614443905 6.258495607783494 360
1739614443915 6.209985274406177 361
1739614443927 6.1619371543836206 362
1739614443938 6.114346767478803 363
1739614443949 6.067209677277763 364
1739614443960 6.020521490758963 365
1739614443972 5.974277857866882 366
1739614443983 5.928474471089795 367
1739614443993 5.883107065041739 368
1739614444004 5.838171416048581 369
1739614444016 5.793663341738161 370
1739614444026 5.749578700634471 371
1739614444037 5.705913391755853 372
1739614444049 5.662663354217134 373
1739614444060 5.619824566835668 374
1739614444071 5.577393047741289 375
1739614444082 5.535364853990075 376
1739614444093 5.4937360811819556 377
1739614444103 5.452502863082037 378
1739614444114 5.411661371245691 379
1739614444125 5.371207814647323 380
1739614444136 5.331138439312812 381
1739614444148 5.291449527955532 382
1739614444158 5.252137399616002 383
1739614444169 5.2131984093050665 384
1739614444180 5.17462894765058 385
1739614444191 5.1364254405475736 386
1739614444202 5.0985843488119 387
1739614444212 5.061102167837231 388
1739614444224 5.02397542725549 389
1739614444235 4.987200690600584 390
1739614444245 4.950774554975474 391
1739614444257 4.914693650722512 392
1739614444268 4.878954641097028 393
1739614444278 4.84355422194414 394
1739614444289 4.808489121378712 395
1739614444300 4.773756099468499 396
1739614444311 4.7393519479204125 397
1739614444322 4.705273489769856 398
1739614444333 4.671517579073119 399
1739614444343 4.638081100602808 400
1739614444354 4.604960969546284 401
1739614444365 4.572154131207053 402
1739614444376 4.539657560709112 403
1739614444389 4.507468262704182 404
1739614444400 4.475583271081854 405
1739614444416 4.443999648682562 406
1739614444432 4.412714487013397 407
1739614444443 4.381724905966731 408
1739614444454 4.351028053541564 409
1739614444465 4.32062110556766 410
1739614444475 4.290501265432397 411
1739614444486 4.260665763810276 412
1739614444497 4.23111185839511 413
1739614444507 4.20183683363485 414
1739614444518 4.172838000469027 415
1739614444528 4.144112696068772 416
1739614444539 4.115658283579384 417
1739614444550 4.087472151865439 418
1739614444560 4.059551715258438 419
1739614444571 4.031894413306882 420
1739614444581 4.004497710528852 421
1739614444592 3.9773590961670116 422
1739614444603 3.950476083946012 423
1739614444613 3.9238462118322937 424
1739614444624 3.8974670417962574 425
1739614444635 3.8713361595767557 426
1739614444645 3.8454511744479216 427
1739614444656 3.819809718988285 428
1739614444667 3.794409448852171 429
1739614444677 3.769248042543321 430
1739614444688 3.74432320119078 431
1739614444700 3.719632648326948 432
1739614444710 3.6951741296678544 433
1739614444721 3.6709454128955628 434
1739614444731 3.64694428744275 435
1739614444742 3.623168564279369 436
1739614444753 3.599616075701433 437
1739614444764 3.576284675121869 438
1739614444775 3.553172236863447 439
1739614444787 3.530276655953727 440
1739614444797 3.5075958479220097 441
1739614444808 3.4851277485983454 442
1739614444819 3.4628703139144474 443
1739614444829 3.4408215197066037 444
1739614444840 3.418979361520537 445
1739614444851 3.397341854418154 446
1739614444862 3.3759070327862117 447
1739614444873 3.3546729501468713 448
1739614444885 3.3336376789701014 449
1739614444897 3.312799310487951 450
1739614444908 3.29215595451062 451
1739614444919 3.2717057392443603 452
1739614444930 3.2514468111111516 453
1739614444941 3.23137733457018 454
1739614444953 3.211495491941027 455
1739614444963 3.1917994832286523 456
1739614444974 3.1722875259500505 457
1739614444985 3.152957854962642 458
1739614444996 3.133808722294334 459
1739614445006 3.114838396975277 460
1739614445018 3.0960451648712386 461
1739614445028 3.0774273285186684 462
1739614445040 3.0589832069613117 463
1739614445051 3.0407111355885266 464
1739614445062 3.0226094659750964 465
1739614445073 3.0046765657226864 466
1739614445085 2.986910818302803 467
1739614445096 2.969310622901366 468
1739614445107 2.9518743942647343 469
1739614445117 2.9346005625473115 470
1739614445128 2.917487573160595 471
1739614445139 2.900533886623754 472
1739614445149 2.8837379784156583 473
1739614445159 2.8670983388283515 474
1739614445170 2.8506134728219754 475
1739614445182 2.83428189988114 476
1739614445193 2.818102153872667 477
1739614445204 2.802072782904764 478
1739614445216 2.7861923491875595 479
1739614445226 2.770459428895035 480
1739614445236 2.7548726120282963 481
1739614445248 2.739430502280195 482
1739614445258 2.7241317169012746 483
1739614445269 2.7089748865670393 484
1739614445280 2.6939586552465378 485
1739614445291 2.6790816800722257 486
1739614445302 2.6643426312111 487
1739614445312 2.6497401917371293 488
1739614445323 2.6352730575049077 489
1739614445335 2.620939937024568 490
1739614445346 2.6067395513379195 491
1739614445357 2.5926706338958017 492
1739614445367 2.5787319304366503 493
1739614445378 2.564922198866242 494
1739614445389 2.5512402091386526 495
1739614445408 2.53768474313834 496
1739614445420 2.524254594563416 497
1739614445431 2.5109485688100754 498
1739614445441 2.4977654828581257 499
