1739553637222 86.34603691138526 0
1739553637232 44.082071987940076 1
1739553637244 25.508162546198136 2
1739553637262 16.585271747012182 3
1739553637277 12.470868849043548 4
1739553637294 8.842903609151934 5
1739553637311 7.707450777704495 6
1739553637329 7.393411936204696 7
1739553637344 6.2747132099868255 8
1739553637362 6.584053652313308 9
1739553637379 5.727364205983094 10
1739553637396 6.04056421209884 11
1739553637409 5.931235744700117 12
1739553637424 5.470298295887051 13
1739553637437 5.472713346057988 14
1739553637448 6.020508967705793 15
1739553637465 5.737073784076261 16
1739553637476 5.895053346913241 17
1739553637487 4.727087308136123 18
1739553637498 5.102818381153943 19
1739553637509 5.313443774061537 20
1739553637521 5.697495573722124 21
1739553637535 5.71298759859827 22
1739553637546 5.775491932380083 23
1739553637556 5.173630190416935 24
1739553637566 5.514460168774019 25
1739553637576 5.23475523648689 26
1739553637586 6.205111647901482 27
1739553637599 6.230278429590112 28
1739553637611 4.928881547767447 29
1739553637623 5.558332948069399 30
1739553637634 4.758224866016971 31
1739553637644 4.976129410935066 32
1739553637656 6.181626709104138 33
1739553637666 6.0097084192053645 34
1739553637677 5.232487285872204 35
1739553637689 5.126612302035073 36
1739553637700 6.153787537055956 37
1739553637709 6.378919270503397 38
1739553637719 5.3455476424360935 39
1739553637731 4.954059666297084 40
1739553637741 5.5752309956829 41
1739553637750 6.347967387027606 42
