1739612896022 169.19768610452638 0
1739612896031 168.01116945661695 1
1739612896040 167.35695507390892 2
1739612896051 166.70451136955205 3
1739612896061 166.05547644036142 4
1739612896070 165.40982597366448 5
1739612896080 164.7675409677156 6
1739612896089 164.12860251645947 7
1739612896098 163.49299182515946 8
1739612896107 162.86069020967466 9
1739612896117 162.23167909579152 10
1739612896126 161.60594001856006 11
1739612896135 160.9834546216335 12
1739612896144 160.36420465661283 13
1739612896154 159.74817198239427 14
1739612896163 159.13533856452187 15
1739612896172 158.52568647454308 16
1739612896181 157.91919788936914 17
1739612896190 157.3158550906385 18
1739612896199 156.71564046408508 19
1739612896221 156.1185364989095 20
1739612896254 155.5245257871549 21
1739612896263 154.93359102308614 22
1739612896272 154.34571500257286 23
1739612896281 153.76088062247652 24
1739612896289 153.1790708800409 25
1739612896299 152.60026887228682 26
1739612896308 152.02445779540972 27
1739612896317 151.45162094418188 28
1739612896326 150.88174171135773 29
1739612896335 150.31480358708293 30
1739612896344 149.75079015830693 31
1739612896353 149.18968510819954 32
1739612896362 148.63147221557057 33
1739612896371 148.07613535429346 34
1739612896382 147.523658492732 35
1739612896391 146.9740256931709 36
1739612896401 146.42722111124976 37
1739612896411 145.88322899540051 38
1739612896421 145.34203368628818 39
1739612896431 144.80361961625505 40
1739612896440 144.26797130876855 41
1739612896449 143.73507337787228 42
1739612896458 143.2049105276403 43
1739612896468 142.67746755163486 44
1739612896477 142.1527293323676 45
1739612896486 141.6306808407639 46
1739612896495 141.11130713563023 47
1739612896504 140.59459336312563 48
1739612896514 140.08052475623515 49
1739612896523 139.56908663424764 50
1739612896532 139.06026440223619 51
1739612896541 138.55404355054182 52
1739612896550 138.05040965426028 53
1739612896560 137.54934837273228 54
1739612896569 137.0508454490364 55
1739612896578 136.55488670948534 56
1739612896587 136.06145806312537 57
1739612896596 135.57054550123866 58
1739612896605 135.08213509684848 59
1739612896615 134.5962130042279 60
1739612896624 134.1127654584112 61
1739612896634 133.6317787747081 62
1739612896643 133.1532393482213 63
1739612896652 132.67713365336684 64
1739612896661 132.2034482433973 65
1739612896670 131.732169749928 66
1739612896679 131.26328488246614 67
1739612896689 130.79678042794268 68
1739612896708 130.33264325024717 69
1739612896721 129.87086028976546 70
1739612896731 129.41141856292023 71
1739612896741 128.95430516171405 72
1739612896751 128.4995072532757 73
1739612896762 128.047012079409 74
1739612896771 127.59680695614425 75
1739612896780 127.14887927329278 76
1739612896791 126.70321649400387 77
1739612896800 126.2598061543246 78
1739612896809 125.8186358627623 79
1739612896819 125.37969329984968 80
1739612896829 124.94296621771261 81
1739612896838 124.50844243964053 82
1739612896847 124.07610985965961 83
1739612896857 123.6459564421082 84
1739612896867 123.2179702212153 85
1739612896877 122.79213930068123 86
1739612896886 122.36845185326108 87
1739612896895 121.94689612035059 88
1739612896905 121.52746041157465 89
1739612896913 121.11013310437822 90
1739612896922 120.69490264361978 91
1739612896931 120.28175754116738 92
1739612896943 119.87068637549682 93
1739612896952 119.46167779129274 94
1739612896962 119.05472049905175 95
1739612896971 118.64980327468825 96
1739612896980 118.24691495914243 97
1739612896989 117.84604445799086 98
1739612896999 117.44718074105931 99
1739612897008 117.05031284203814 100
1739612897017 116.65542985809964 101
1739612897027 116.2625209495181 102
1739612897036 115.87157533929212 103
1739612897046 115.482582312769 104
1739612897055 115.09553121727163 105
1739612897065 114.71041146172762 106
1739612897073 114.32721251630062 107
1739612897083 113.94592391202403 108
1739612897091 113.56653524043668 109
1739612897102 113.18903615322102 110
1739612897111 112.81341636184344 111
1739612897120 112.4396656371966 112
1739612897132 112.06777380924413 113
1739612897142 111.69773076666749 114
1739612897152 111.32952645651486 115
1739612897162 110.9631508838523 116
1739612897171 110.59859411141692 117
1739612897182 110.23584625927226 118
1739612897191 109.87489750446572 119
1739612897200 109.51573808068814 120
1739612897210 109.15835827793524 121
1739612897219 108.80274844217146 122
1739612897229 108.44889897499561 123
1739612897238 108.09680033330854 124
1739612897249 107.746443028983 125
1739612897258 107.39781762853544 126
1739612897268 107.05091475279966 127
1739612897277 106.70572507660272 128
1739612897287 106.3622393284426 129
1739612897296 106.02044829016795 130
1739612897305 105.6803427966596 131
1739612897314 105.34191373551437 132
1739612897323 105.00515204673042 133
1739612897333 104.67004872239475 134
1739612897342 104.33659480637246 135
1739612897352 104.00478139399807 136
1739612897361 103.67459963176861 137
1739612897370 103.34604071703845 138
1739612897380 103.01909589771633 139
1739612897389 102.69375647196381 140
1739612897398 102.37001378789597 141
1739612897407 102.04785924328364 142
1739612897416 101.72728428525748 143
1739612897425 101.40828041001404 144
1739612897435 101.0908391625234 145
1739612897444 100.77495213623867 146
1739612897454 100.46061097280725 147
1739612897463 100.14780736178396 148
1739612897472 99.83653304034563 149
1739612897482 99.52677979300776 150
1739612897491 99.21853945134262 151
1739612897502 98.91180389369931 152
1739612897513 98.60656504492526 153
1739612897522 98.30281487608971 154
1739612897539 98.00054540420855 155
1739612897550 97.69974869197124 156
1739612897561 97.40041684746889 157
1739612897570 97.10254202392446 158
1739612897581 96.80611641942433 159
1739612897590 96.51113227665147 160
1739612897599 96.21758188262055 161
1739612897608 95.92545756841422 162
1739612897617 95.63475170892127 163
1739612897626 95.34545672257643 164
1739612897635 95.05756507110146 165
1739612897645 94.77106925924821 166
1739612897654 94.48596183454279 167
1739612897664 94.20223538703169 168
1739612897673 93.91988254902918 169
1739612897683 93.63889599486649 170
1739612897692 93.3592684406421 171
1739612897701 93.08099264397413 172
1739612897711 92.80406140375364 173
1739612897720 92.52846755989987 174
1739612897729 92.25420399311673 175
1739612897739 91.98126362465088 176
1739612897748 91.70963941605113 177
1739612897757 91.43932436892949 178
1739612897766 91.17031152472359 179
1739612897776 90.90259396446046 180
1739612897785 90.63616480852193 181
1739612897794 90.3710172164112 182
1739612897804 90.10714438652106 183
1739612897813 89.84453955590338 184
1739612897822 89.58319600004006 185
1739612897832 89.3231070326154 186
1739612897842 89.06426600528961 187
1739612897852 88.80666630747417 188
1739612897861 88.55030136610799 189
1739612897870 88.29516464543535 190
1739612897879 88.04124964678503 191
1739612897889 87.78854990835072 192
1739612897898 87.53705900497287 193
1739612897907 87.28677054792183 194
1739612897916 87.03767818468228 195
1739612897924 86.78977559873896 196
1739612897934 86.54305650936371 197
1739612897945 86.29751467140389 198
1739612897958 86.05314387507191 199
1739612897967 85.80993794573611 200
1739612897977 85.56789074371306 201
1739612897987 85.3269961640608 202
1739612897997 85.08724813637363 203
1739612898006 84.848640624578 204
1739612898015 84.61116762672961 205
1739612898025 84.3748231748119 206
1739612898034 84.13960133453547 207
1739612898044 83.90549620513912 208
1739612898053 83.6725019191917 209
1739612898062 83.44061264239532 210
1739612898071 83.20982257338984 211
1739612898081 82.98012594355852 212
1739612898090 82.7515170168346 213
1739612898100 82.52399008950933 214
1739612898109 82.29753949004113 215
1739612898118 82.07215957886582 216
1739612898128 81.8478447482079 217
1739612898138 81.62458942189323 218
1739612898148 81.40238805516269 219
1739612898157 81.18123513448688 220
1739612898167 80.96112517738223 221
1739612898176 80.74205273222782 222
1739612898185 80.52401237808365 223
1739612898195 80.30699872450991 224
1739612898204 80.09100641138721 225
1739612898213 79.87603010873808 226
1739612898222 79.66206451654945 227
1739612898232 79.44910436459618 228
1739612898241 79.2371444122658 229
1739612898251 79.02617944838411 230
1739612898261 78.816204291042 231
1739612898270 78.60721378742318 232
1739612898279 78.39920281363304 233
1739612898288 78.19216627452866 234
1739612898298 77.98609910354945 235
1739612898307 77.78099626254932 236
1739612898316 77.57685274162945 237
1739612898325 77.37366355897234 238
1739612898334 77.17142376067672 239
1739612898344 76.97012842059348 240
1739612898353 76.76977264016261 241
1739612898363 76.57035154825112 242
1739612898372 76.37186030099204 243
1739612898382 76.17429408162405 244
1739612898391 75.97764810033262 245
1739612898400 75.78191759409157 246
1739612898410 75.58709782650595 247
1739612898419 75.39318408765567 248
1739612898429 75.20017169394013 249
1739612898439 75.00805598792401 250
1739612898448 74.8168323381834 251
1739612898457 74.62649613915362 252
1739612898477 74.43704281097737 253
1739612898487 74.24846779935399 254
1739612898497 74.0607665753898 255
1739612898506 73.87393463544902 256
1739612898516 73.68796750100584 257
1739612898525 73.50286071849725 258
1739612898534 73.31860985917685 259
1739612898544 73.13521051896943 260
1739612898553 72.95265831832661 261
1739612898562 72.77094890208305 262
1739612898571 72.59007793931386 263
1739612898580 72.41004112319267 264
1739612898590 72.23083417085049 265
1739612898599 72.05245282323575 266
1739612898608 71.87489284497472 267
1739612898618 71.69815002423327 268
1739612898627 71.52222017257893 269
1739612898637 71.34709912484428 270
1739612898646 71.1727827389908 271
1739612898656 70.99926689597382 272
1739612898665 70.82654749960793 273
1739612898674 70.65462047643359 274
1739612898683 70.48348177558434 275
1739612898693 70.31312736865478 276
1739612898702 70.14355324956934 277
1739612898711 69.97475543445212 278
1739612898720 69.80672996149704 279
1739612898730 69.63947289083914 280
1739612898739 69.47298030442659 281
1739612898748 69.30724830589325 282
1739612898757 69.14227302043236 283
1739612898766 68.97805059467056 284
1739612898777 68.81457719654317 285
1739612898787 68.6518490151697 286
1739612898796 68.48986226073053 287
1739612898805 68.32861316434408 288
1739612898815 68.16809797794477 289
1739612898824 68.00831297416178 290
1739612898835 67.84925444619853 291
1739612898847 67.69091870771281 292
1739612898856 67.53330209269765 293
1739612898867 67.376400955363 294
1739612898876 67.2202116700179 295
1739612898885 67.06473063095378 296
1739612898895 66.90995425232786 297
1739612898904 66.75587896804781 298
1739612898914 66.60250123165679 299
1739612898923 66.44981751621923 300
1739612898932 66.29782431420739 301
1739612898943 66.14651813738848 302
1739612898956 65.99589551671255 303
1739612898968 65.84595300220099 304
1739612899006 65.69668716283576 305
1739612899024 65.54809458644922 306
1739612899035 65.40017187961462 307
1739612899044 65.25291566753737 308
1739612899053 65.10632259394676 309
1739612899063 64.96038932098854 310
1739612899071 64.815112529118 311
1739612899081 64.67048891699369 312
1739612899090 64.52651520137185 313
1739612899101 64.38318811700154 314
1739612899110 64.24050441652014 315
1739612899119 64.09846087034974 316
1739612899128 63.957054266594014 317
1739612899138 63.81628141093579 318
1739612899147 63.67613912653512 319
1739612899156 63.53662425392813 320
1739612899166 63.39773365092625 321
1739612899175 63.25946419251629 322
1739612899184 63.121812770760954 323
1739612899193 62.98477629469996 324
1739612899202 62.84835169025188 325
1739612899211 62.712535900116364 326
1739612899220 62.57732588367716 327
1739612899229 62.44271861690553 328
1739612899239 62.30871109226439 329
1739612899249 62.175300318612905 330
1739612899258 62.04248332111182 331
1739612899267 61.91025714112908 332
1739612899277 61.77861883614636 333
1739612899286 61.64756547966586 334
1739612899295 61.51709416111778 335
1739612899304 61.38720198576846 336
1739612899314 61.2578860746288 337
1739612899323 61.129143564363474 338
1739612899332 61.00097160720055 339
1739612899341 60.873367370841706 340
1739612899351 60.74632803837302 341
1739612899360 60.61985080817615 342
1739612899369 60.49393289384023 343
1739612899379 60.3685715240741 344
1739612899388 60.243763942619246 345
1739612899397 60.11950740816314 346
1739612899406 59.99579919425312 347
1739612899426 59.87263658921081 348
1739612899436 59.750016896047065 349
1739612899447 59.62793743237734 350
1739612899456 59.50639553033763 351
1739612899466 59.38538853650095 352
1739612899475 59.26491381179422 353
1739612899484 59.144968731415716 354
1739612899494 59.02555068475293 355
1739612899503 58.90665707530106 356
1739612899512 58.78828532058188 357
1739612899521 58.67043285206306 358
1739612899531 58.553097115078124 359
1739612899540 58.43627556874667 360
1739612899549 58.31996568589534 361
1739612899558 58.20416495297889 362
1739612899567 58.08887087000217 363
1739612899576 57.97408095044216 364
1739612899586 57.85979272117076 365
1739612899596 57.74600372237794 366
1739612899605 57.632711507495245 367
1739612899614 57.51991364311991 368
1739612899623 57.4076077089394 369
1739612899632 57.29579129765634 370
1739612899641 57.184462014913926 371
1739612899666 57.0736174792217 372
1739612899675 56.96325532188199 373
1739612899685 56.85337318691651 374
1739612899694 56.74396873099358 375
1739612899703 56.63503962335571 376
1739612899713 56.52658354574767 377
1739612899722 56.41859819234488 378
1739612899732 56.31108126968232 379
1739612899741 56.20403049658392 380
1739612899752 56.097443604092106 381
1739612899761 55.99131833539812 382
1739612899770 55.885652445772465 383
1739612899779 55.78044370249596 384
1739612899788 55.67568988479111 385
1739612899797 55.57138878375381 386
1739612899807 55.46753820228562 387
1739612899816 55.36413595502636 388
1739612899825 55.26117986828712 389
1739612899834 55.158667779983595 390
1739612899844 55.05659753956993 391
1739612899853 54.954967007972904 392
1739612899862 54.8537740575265 393
1739612899871 54.75301657190683 394
1739612899881 54.65269244606756 395
1739612899890 54.5527995861756 396
1739612899900 54.45333590954724 397
1739612899909 54.35429934458459 398
1739612899919 54.25568783071253 399
1739612899928 54.15749931831593 400
1739612899937 54.059731768677224 401
1739612899947 53.962383153914466 402
1739612899958 53.86545145691965 403
1739612899967 53.76893467129745 404
1739612899977 53.67283080130426 405
1739612899985 53.57713786178769 406
1739612899995 53.481853878126344 407
1739612900004 53.386976886170025 408
1739612900013 53.29250493218016 409
1739612900022 53.19843607277079 410
1739612900030 53.10476837484968 411
1739612900039 53.01149991555996 412
1739612900048 52.91862878222195 413
1739612900057 52.82615307227554 414
1739612900067 52.73407089322271 415
1739612900076 52.64238036257046 416
1739612900085 52.5510796077741 417
1739612900094 52.46016676618089 418
1739612900103 52.369639984973986 419
1739612900113 52.27949742111663 420
1739612900122 52.189737241296875 421
1739612900131 52.10035762187244 422
1739612900140 52.011356748816 423
1739612900150 51.922732817660766 424
1739612900159 51.83448403344638 425
1739612900169 51.74660861066512 426
1739612900178 51.65910477320855 427
1739612900187 51.57197075431419 428
1739612900196 51.48520479651286 429
1739612900206 51.3988051515761 430
1739612900215 51.31277008046391 431
1739612900224 51.22709785327297 432
1739612900234 51.14178674918491 433
1739612900243 51.056835056415146 434
1739612900253 50.97224107216182 435
1739612900263 50.888003102555196 436
1739612900272 50.80411946260713 437
1739612900281 50.720588476161176 438
1739612900290 50.637408475842584 439
1739612900300 50.554577803009 440
1739612900308 50.472094807701154 441
1739612900318 50.38995784859392 442
1739612900327 50.308165292947784 443
1739612900336 50.22671551656042 444
1739612900345 50.145606903718665 445
1739612900354 50.06483784715075 446
1739612900363 49.98440674797881 447
1739612900373 49.90431201567164 448
1739612900392 49.824552067997814 449
1739612900402 49.745125330979 450
1739612900412 49.66603023884357 451
1739612900421 49.587265233980496 452
1739612900431 49.50882876689354 453
1739612900440 49.43071929615559 454
1739612900450 49.352935288363504 455
1739612900459 49.27547521809298 456
1739612900468 49.19833756785382 457
1739612900477 49.1215208280454 458
1739612900487 49.04502349691243 459
1739612900496 48.968844080501 460
1739612900505 48.892981092614825 461
1739612900514 48.81743305477178 462
1739612900523 48.74219849616074 463
1739612900532 48.66727595359853 464
1739612900542 48.59266397148726 465
1739612900551 48.518361101771895 466
1739612900561 48.44436590389804 467
1739612900570 48.37067694476993 468
1739612900579 48.297292798708796 469
1739612900588 48.22421204741133 470
1739612900597 48.151433279908495 471
1739612900606 48.07895509252455 472
1739612900615 48.00677608883631 473
1739612900624 47.934894879632594 474
1739612900633 47.863310082873994 475
1739612900642 47.792020323652906 476
1739612900651 47.72102423415361 477
1739612900660 47.6503204536128 478
1739612900669 47.579907628280225 479
1739612900679 47.509784411379606 480
1739612900688 47.43994946306975 481
1739612900697 47.37040145040593 482
1739612900706 47.30113904730144 483
1739612900716 47.232160934489414 484
1739612900725 47.163465799484875 485
1739612900734 47.09505233654696 486
1739612900744 47.02691924664144 487
1739612900753 46.959065237403394 488
1739612900762 46.89148902310007 489
1739612900771 46.82418932459414 490
1739612900781 46.75716486930689 491
1739612900790 46.69041439118193 492
1739612900799 46.62393663064886 493
1739612900808 46.55773033458734 494
1739612900818 46.4917942562912 495
1739612900827 46.4261271554329 496
1739612900836 46.360727798028144 497
1739612900845 46.295594956400706 498
1739612900854 46.23072740914739 499
