1739613141022 6.102144329374158 0
1739613141058 3.646673079903097 1
1739613141098 50.06124034194236 2
1739613141135 7.208772972837299 3
1739613141172 0.49975825015637565 4
1739613141217 2.6517298965806906 5
1739613141259 7.599040203639382 6
1739613141298 1.116147785497995 7
1739613141334 2.2152767880548465 8
1739613141369 20.935429788603944 9
1739613141405 6.467619373471947 10
1739613141440 1.7160956776399476 11
1739613141476 7.22905506125485 12
1739613141513 0.22571728236035124 13
1739613141551 0.24740037191110653 14
1739613141597 2.982434960318312 15
1739613141634 55.35773699020911 16
1739613141670 43.47548882790915 17
1739613141708 13.054063845085803 18
1739613141745 0.4691660731767518 19
1739613141781 12.876831895578007 20
1739613141818 4.736208204004088 21
1739613141856 83.7761515003989 22
1739613141893 12.764527562336433 23
1739613141931 18.0735621677224 24
1739613141967 0.1269871048148172 25
1739613142003 0.7277757371122652 26
1739613142039 26.69911628337198 27
1739613142076 6.735135421909563 28
1739613142113 8.770198425742217 29
1739613142152 1.7140140908829762 30
1739613142189 11.690576352868716 31
1739613142227 1.9931864730727071 32
1739613142266 12.976909291746214 33
1739613142302 10.211696841407425 34
1739613142340 2.527830909105357 35
1739613142378 3.9202902987200456 36
1739613142415 1.304621408469425 37
1739613142452 12.869795891662834 38
1739613142490 1.1575012301240728 39
1739613142537 86.39511867161536 40
1739613142575 7.293473975697618 41
1739613142615 26.97714630086292 42
1739613142652 12.15570053328215 43
1739613142689 0.7574540581681316 44
1739613142727 1.2204447428083847 45
1739613142764 0.005284301844058113 46
1739613142800 1.8478627398003724 47
1739613142837 32.79188237577564 48
1739613142874 43.09381629125568 49
1739613142911 9.990959686104471 50
1739613142949 25.547417676949962 51
1739613142990 8.04224358183513 52
1739613143027 0.5894371072899454 53
1739613143064 5.687495523382147 54
1739613143101 1.3184294098630984 55
1739613143138 0.06197920372157135 56
1739613143176 19.184611451307767 57
1739613143213 6.963998814427693 58
1739613143250 0.34048260841051503 59
1739613143288 76.45600156738982 60
1739613143326 18.10531472189368 61
1739613143362 16.170624300837666 62
1739613143399 0.1797569395747073 63
1739613143436 3.2632904427784704 64
1739613143472 23.234071454573304 65
1739613143509 1.6431261494906777 66
1739613143552 0.003957551556546446 67
1739613143594 4.6667551302707615 68
1739613143631 17.15640002345009 69
1739613143667 1.471688150873514 70
1739613143703 25.728978161057253 71
1739613143739 5.826022866834503 72
1739613143776 6.948200597384879 73
1739613143813 0.6713280242008346 74
1739613143849 1.9787196051566236 75
1739613143885 43.49151681228368 76
1739613143923 51.80207362064206 77
1739613143963 1.7402624783178045 78
1739613143999 0.5157711538222386 79
1739613144035 1.5128369688725039 80
1739613144071 11.436939897858016 81
1739613144110 70.00818114690023 82
1739613144146 30.27642770661648 83
1739613144181 10.362427016224306 84
1739613144217 1.5504069902933464 85
1739613144253 2.577070365100389 86
1739613144288 0.25732254748944433 87
1739613144324 26.405355338665625 88
1739613144360 6.762807484813845 89
1739613144396 0.10830289442989255 90
1739613144432 0.0015963203875382478 91
1739613144468 0.17046005311181484 92
1739613144505 1.615280954608625 93
1739613144541 4.191375958546284 94
1739613144577 18.200460571448183 95
1739613144620 2.645620976564248 96
1739613144657 3.4402897178397587 97
1739613144694 1.3197946452666898 98
1739613144731 0.03029870233909409 99
1739613144766 6.043594873679703 100
1739613144801 60.8045549423009 101
1739613144837 0.0004934073371061095 102
1739613144874 36.674829435046384 103
1739613144909 5.758779930999166 104
1739613144944 28.427403863337375 105
1739613144979 0.720527372419806 106
1739613145015 27.635000406644842 107
1739613145051 1.3556715298029487 108
1739613145087 41.29379913159428 109
1739613145123 15.484425379039331 110
1739613145159 1.8481891237731405 111
1739613145230 34.46047041326472 112
1739613145267 12.758222922063668 113
1739613145305 14.404523733394203 114
1739613145343 0.5998684896390489 115
1739613145378 20.306524564741473 116
1739613145415 2.6590689850994425 117
1739613145451 0.6070303233457532 118
1739613145487 22.50621194952744 119
1739613145524 11.432330000976444 120
1739613145560 1.2892068243384924 121
1739613145596 18.228629720755773 122
1739613145631 0.5706069901802163 123
1739613145667 8.066135639087143 124
1739613145710 6.406835109623129 125
1739613145747 4.732344949122899 126
1739613145782 9.941855749615053 127
1739613145819 23.63885509402453 128
1739613145855 7.572301245048159 129
1739613145891 1.5136216775610398 130
1739613145927 3.5715963424281005 131
1739613145963 8.152537418855456 132
1739613145998 10.854449960059256 133
1739613146034 85.60829780655015 134
1739613146070 0.052881764916435946 135
1739613146106 84.33933669056896 136
1739613146142 8.124213683840098 137
1739613146177 9.342771787769168 138
1739613146213 0.9892558665925179 139
1739613146248 23.30535619989311 140
1739613146284 3.1730960223728615 141
1739613146320 10.724265243788675 142
1739613146356 3.932832702233153 143
1739613146392 4.629842608303611 144
1739613146428 2.300853045203062 145
1739613146464 10.431483915985154 146
1739613146499 0.023692053251849657 147
1739613146534 0.06617197280766472 148
1739613146571 3.5079269292810125 149
1739613146607 1.101624578150207 150
1739613146645 32.853987993061224 151
1739613146680 0.006505716259800997 152
1739613146717 0.18597540278280278 153
1739613146753 0.3121717732669228 154
1739613146796 35.295196288150414 155
1739613146835 1.0263219472454117 156
1739613146872 1.135599822252169 157
1739613146908 23.754141816256606 158
1739613146944 1.0746654273242555 159
1739613146980 1.4313856363137052 160
1739613147015 0.9321725905538021 161
1739613147050 55.99536962132949 162
1739613147086 24.755657651176996 163
1739613147125 2.4178136824973926 164
1739613147162 0.5067437981196338 165
1739613147197 1.2870004815473521 166
1739613147233 0.06624972207432495 167
1739613147270 89.03542137148271 168
1739613147305 13.151622357523896 169
1739613147341 1.624140521343261 170
1739613147377 1.3445367495448752 171
1739613147413 5.183729329483882 172
1739613147450 28.17107595690034 173
1739613147486 5.12834856767444 174
1739613147522 8.815857471123477 175
1739613147558 0.036096797984349435 176
1739613147594 7.789279506728018 177
1739613147630 44.321269393768546 178
1739613147665 51.288626241024765 179
1739613147701 0.03334735744086051 180
1739613147746 2.327723021588696 181
1739613147783 1.894106407955773 182
1739613147819 0.4196811691614217 183
1739613147854 0.1175447722859981 184
1739613147890 5.313909022872108 185
1739613147927 25.43791387055984 186
1739613147962 0.2336241775788709 187
1739613147998 0.05783103660576667 188
1739613148033 3.897226192573896 189
1739613148069 7.57262356209148 190
1739613148105 16.394653482578384 191
1739613148141 4.907838249637102 192
1739613148176 58.94539447076161 193
1739613148212 2.5698175745789884 194
1739613148248 54.118300889619015 195
1739613148283 13.098261732872336 196
1739613148319 14.64364570305249 197
1739613148355 0.007033402093868515 198
1739613148391 20.26513043278839 199
1739613148427 6.478467017617309 200
1739613148463 0.12359847694674751 201
1739613148498 2.5338739708631017 202
1739613148534 34.79460473618827 203
1739613148570 0.5044313532296867 204
1739613148606 0.8104738433244295 205
1739613148642 43.27508831907074 206
1739613148688 2.8095920044224743 207
1739613148726 52.11929369469646 208
1739613148761 3.1564742110083417 209
1739613148796 0.13812064236200897 210
1739613148832 0.025479582360401914 211
1739613148868 21.961491814297435 212
1739613148903 2.08945254785019 213
1739613148938 0.2817717625152097 214
1739613148977 0.13097923207672735 215
1739613149013 6.590907491062821 216
1739613149048 5.175589753158765 217
1739613149084 24.676896682321267 218
1739613149120 10.827620821611 219
1739613149155 12.272097664676552 220
1739613149192 3.407944801332179 221
1739613149227 0.4098691176230153 222
1739613149263 10.433548626989234 223
1739613149298 49.8010844107891 224
1739613149334 9.483851226314657 225
1739613149370 0.5794979924428153 226
1739613149406 0.41655125915366914 227
1739613149441 16.321211383321007 228
1739613149477 6.658424548533733 229
1739613149513 13.433063550985612 230
1739613149554 8.094255490168619 231
1739613149591 38.60595465929768 232
1739613149636 2.100871772526963 233
1739613149674 5.94178372188506 234
1739613149710 6.139958307803927 235
1739613149745 0.3690659386597973 236
1739613149780 18.41176571496876 237
1739613149817 1.2412429549014417 238
1739613149853 4.080622360102012 239
1739613149888 40.84906051552595 240
1739613149924 0.010071275265359569 241
1739613149960 4.604388053285376 242
1739613149996 0.3030301971117173 243
1739613150031 19.134618750206343 244
1739613150066 19.570509598537832 245
1739613150102 61.894602224697145 246
