1739615447878 127.66182045002724 0
1739615447890 93.55462823265115 1
1739615447902 74.40569016917217 2
1739615447915 61.34786408622025 3
1739615447926 45.855735337158656 4
1739615447937 39.176838614429066 5
1739615447949 35.26031288260579 6
1739615447962 27.893382539678086 7
1739615447973 26.19504327585566 8
1739615447984 25.141933459817075 9
1739615447996 21.252336889495986 10
1739615448008 20.608398470040786 11
1739615448020 17.99757011849723 12
1739615448031 16.050661825181244 13
1739615448043 13.45862088203124 14
1739615448055 10.986360680283 15
1739615448067 16.63056256969368 16
1739615448079 15.846159846553634 17
1739615448090 13.868145528899303 18
1739615448102 14.98651793724076 19
1739615448115 14.141117997428761 20
1739615448128 13.587573511125395 21
1739615448139 14.605756099712108 22
1739615448151 17.77364828743548 23
1739615448163 12.680308559543414 24
1739615448174 14.237909067544992 25
1739615448186 14.8619055695729 26
1739615448199 15.847574709014486 27
1739615448211 14.184939833574795 28
1739615448222 14.925622213067092 29
1739615448234 18.498037905790373 30
1739615448246 12.498593503653733 31
1739615448257 10.29790253442826 32
1739615448270 16.374929560337296 33
1739615448283 17.137537941343847 34
1739615448295 19.282003888388303 35
1739615448307 14.782886940416029 36
1739615448318 13.438936003231372 37
1739615448330 18.282310033660135 38
1739615448342 12.298233776161824 39
1739615448353 13.488914665199411 40
1739615448365 14.268280719725423 41
1739615448377 19.446726513140963 42
1739615448389 14.72862622957757 43
1739615448401 19.877000449532005 44
1739615448412 13.288404278070375 45
1739615448423 20.152830913355636 46
1739615448435 14.027738227481496 47
1739615448448 16.74669771795298 48
