1739612959379 168.72090282371335 0
1739612959388 168.38731886537846 1
1739612959397 168.05446485913478 2
1739612959406 167.7223391414449 3
1739612959416 167.39094005264886 4
1739612959425 167.06026593695523 5
1739612959434 166.73031514243158 6
1739612959443 166.40108602099582 7
1739612959452 166.07257692840682 8
1739612959461 165.7447862242555 9
1739612959470 165.41771227195565 10
1739612959478 165.09135343873515 11
1739612959487 164.7657080956267 12
1739612959497 164.44077461745914 13
1739612959506 164.1165513828481 14
1739612959514 163.7930367741874 15
1739612959523 163.47022917764022 16
1739612959532 163.14812698312974 17
1739612959541 162.82672858433077 18
1739612959549 162.50603237866062 19
1739612959559 162.18603676727037 20
1739612959569 161.86674015503596 21
1739612959578 161.5481409505497 22
1739612959586 161.23023756611101 23
1739612959595 160.9130284177183 24
1739612959604 160.59651192505964 25
1739612959613 160.28068651150446 26
1739612959621 159.96555060409472 27
1739612959630 159.65110263353625 28
1739612959639 159.3373410341902 29
1739612959648 159.02426424406426 30
1739612959656 158.71187070480426 31
1739612959665 158.40015886168538 32
1739612959674 158.08912716360388 33
1739612959683 157.77877406306817 34
1739612959691 157.46909801619057 35
1739612959700 157.16009748267894 36
1739612959709 156.8517709258277 37
1739612959717 156.54411681250994 38
1739612959726 156.23713361316862 39
1739612959735 155.93081980180827 40
1739612959744 155.62517385598665 41
1739612959753 155.32019425680622 42
1739612959761 155.01587948890594 43
1739612959770 154.71222804045286 44
1739612959779 154.40923840313383 45
1739612959789 154.1069090721471 46
1739612959798 153.80523854619423 47
1739612959807 153.50422532747166 48
1739612959816 153.20386792166258 49
1739612959824 152.90416483792865 50
1739612959833 152.60511458890184 51
1739612959842 152.3067156906762 52
1739612959851 152.00896666279982 53
1739612959859 151.71186602826643 54
1739612959869 151.4154123135077 55
1739612959878 151.11960404838456 56
1739612959886 150.82443976617978 57
1739612959895 150.52991800358927 58
1739612959905 150.2360373007146 59
1739612959913 149.94279620105456 60
1739612959922 149.6501932514973 61
1739612959931 149.35822700231236 62
1739612959940 149.06689600714276 63
1739612959949 148.77619882299675 64
1739612959958 148.48613401024045 65
1739612959966 148.19670013258934 66
1739612959975 147.90789575710065 67
1739612959984 147.6197194541655 68
1739612959993 147.33216979750097 69
1739612960002 147.0452453641423 70
1739612960011 146.75894473443503 71
1739612960020 146.4732664920273 72
1739612960029 146.18820922386197 73
1739612960038 145.9037715201688 74
1739612960047 145.61995197445685 75
1739612960056 145.33674918350678 76
1739612960065 145.05416174736294 77
1739612960074 144.77218826932577 78
1739612960083 144.49082735594425 79
1739612960091 144.2100776170081 80
1739612960100 143.92993766554022 81
1739612960109 143.65040611778895 82
1739612960118 143.37148159322072 83
1739612960127 143.09316271451223 84
1739612960138 142.8154481075429 85
1739612960147 142.53833640138754 86
1739612960156 142.26182622830856 87
1739612960165 141.98591622374866 88
1739612960173 141.71060502632324 89
1739612960182 141.43589127781289 90
1739612960194 141.161773623156 91
1739612960211 140.8882507104414 92
1739612960222 140.61532119090077 93
1739612960232 140.3429837189013 94
1739612960240 140.07123695193837 95
1739612960249 139.8000795506281 96
1739612960258 139.52951017869998 97
1739612960267 139.2595275029897 98
1739612960275 138.99013019343164 99
1739612960284 138.72131692305166 100
1739612960293 138.45308636795983 101
1739612960302 138.1854372073431 102
1739612960311 137.91836812345815 103
1739612960320 137.65187780162412 104
1739612960329 137.38596493021532 105
1739612960341 137.12062820065415 106
1739612960350 136.8558663074039 107
1739612960358 136.59167794796141 108
1739612960367 136.32806182285032 109
1739612960376 136.0650166356135 110
1739612960385 135.80254109280622 111
1739612960394 135.54063390398895 112
1739612960404 135.27929378172038 113
1739612960413 135.01851944155015 114
1739612960421 134.75830960201205 115
1739612960431 134.49866298461689 116
1739612960442 134.23957831384544 117
1739612960451 133.98105431714154 118
1739612960460 133.723089724905 119
1739612960469 133.46568327048476 120
1739612960478 133.20883369017193 121
1739612960487 132.95253972319267 122
1739612960495 132.69680011170163 123
1739612960504 132.44161360077473 124
1739612960513 132.18697893840252 125
1739612960522 131.9328948754831 126
1739612960531 131.67936016581544 127
1739612960540 131.4263735660925 128
1739612960549 131.17393383589447 129
1739612960557 130.92203973768179 130
1739612960566 130.6706900367886 131
1739612960575 130.41988350141585 132
1739612960584 130.16961890262453 133
1739612960593 129.91989501432903 134
1739612960603 129.67071061329037 135
1739612960612 129.42206447910945 136
1739612960622 129.1739553942205 137
1739612960631 128.92638214388433 138
1739612960639 128.67934351618155 139
1739612960648 128.43283830200613 140
1739612960657 128.1868652950588 141
1739612960666 127.94142329184025 142
1739612960674 127.69651109164464 143
1739612960683 127.45212749655303 144
1739612960692 127.20827131142687 145
1739612960701 126.96494134390133 146
1739612960709 126.72213640437894 147
1739612960718 126.47985530602284 148
1739612960727 126.23809686475057 149
1739612960736 125.99685989922735 150
1739612960745 125.75614323085975 151
1739612960754 125.51594568378917 152
1739612960763 125.27626608488544 153
1739612960771 125.03710326374039 154
1739612960780 124.79845605266146 155
1739612960789 124.56032328666524 156
1739612960798 124.32270380347123 157
1739612960807 124.08559644349533 158
1739612960815 123.84900004984358 159
1739612960824 123.61291346830582 160
1739612960833 123.37733554734938 161
1739612960842 123.14226513811278 162
1739612960850 122.90770109439939 163
1739612960859 122.6736422726712 164
1739612960868 122.44008753204265 165
1739612960877 122.20703573427423 166
1739612960885 121.97448574376635 167
1739612960894 121.74243642755314 168
1739612960903 121.51088665529622 169
1739612960912 121.27983529927846 170
1739612960921 121.049281234398 171
1739612960929 120.81922333816188 172
1739612960938 120.58966049068002 173
1739612960950 120.36059157465907 174
1739612960965 120.13201547539636 175
1739612960973 119.90393108077366 176
1739612960982 119.67633728125132 177
1739612960991 119.44923296986194 178
1739612961000 119.22261704220458 179
1739612961008 118.99648839643852 180
1739612961017 118.77084593327734 181
1739612961026 118.54568855598289 182
1739612961035 118.32101517035936 183
1739612961044 118.09682468474713 184
1739612961054 117.87311601001701 185
1739612961062 117.64988805956412 186
1739612961071 117.42713974930206 187
1739612961080 117.20486999765697 188
1739612961089 116.98307772556154 189
1739612961098 116.76176185644927 190
1739612961106 116.54092131624841 191
1739612961115 116.32055503337627 192
1739612961124 116.10066193873315 193
1739612961134 115.88124096569679 194
1739612961142 115.66229105011627 195
1739612961151 115.44381113030632 196
1739612961160 115.22580014704154 197
1739612961169 115.00825704355059 198
1739612961178 114.79118076551042 199
1739612961187 114.57457026104049 200
1739612961195 114.3584244806971 201
1739612961204 114.14274237746757 202
1739612961213 113.92752290676452 203
1739612961227 113.71276502642031 204
1739612961236 113.49846769668122 205
1739612961245 113.28462988020175 206
1739612961254 113.07125054203908 207
1739612961262 112.85832864964735 208
1739612961271 112.645863172872 209
1739612961280 112.43385308394421 210
1739612961288 112.22229735747526 211
1739612961297 112.01119497045089 212
1739612961306 111.80054490222587 213
1739612961315 111.59034613451823 214
1739612961324 111.38059765140379 215
1739612961333 111.17129843931077 216
1739612961341 110.96244748701395 217
1739612961350 110.75404378562939 218
1739612961359 110.54608632860892 219
1739612961367 110.3385741117345 220
1739612961376 110.13150613311286 221
1739612961385 109.92488139317007 222
1739612961394 109.71869889464593 223
1739612961403 109.51295764258869 224
1739612961411 109.30765664434958 225
1739612961420 109.10279490957733 226
1739612961429 108.89837145021286 227
1739612961438 108.69438528048387 228
1739612961447 108.49083541689939 229
1739612961456 108.28772087824454 230
1739612961465 108.08504068557515 231
1739612961474 107.88279386221228 232
1739612961483 107.68097943373712 233
1739612961491 107.47959642798556 234
1739612961500 107.27864387504282 235
1739612961509 107.07812080723835 236
1739612961518 106.87802625914043 237
1739612961526 106.67835926755095 238
1739612961535 106.47911887150003 239
1739612961544 106.28030411224104 240
1739612961553 106.08191403324523 241
1739612961562 105.88394768019644 242
1739612961571 105.68640410098608 243
1739612961580 105.48928234570776 244
1739612961589 105.2925814666523 245
1739612961598 105.09630051830241 246
1739612961607 104.9004385573277 247
1739612961616 104.70499464257931 248
1739612961624 104.50996783508502 249
1739612961633 104.31535719804404 250
1739612961642 104.12116179682191 251
1739612961651 103.92738069894538 252
1739612961660 103.7340129740974 253
1739612961668 103.54105769411198 254
1739612961677 103.34851393296925 255
1739612961686 103.15638076679028 256
1739612961695 102.96465727383215 257
1739612961703 102.77334253448284 258
1739612961712 102.58243563125643 259
1739612961721 102.39193564878786 260
1739612961730 102.20184167382804 261
1739612961739 102.01215279523893 262
1739612961748 101.82286810398857 263
1739612961757 101.63398669314606 264
1739612961766 101.44550765787668 265
1739612961775 101.257430095437 266
1739612961784 101.06975310516991 267
1739612961793 100.88247578849972 268
1739612961802 100.69559724892734 269
1739612961811 100.50911659202535 270
1739612961820 100.32303292543308 271
1739612961829 100.13734535885189 272
1739612961838 99.95205300404024 273
1739612961847 99.76715497480889 274
1739612961856 99.58265038701605 275
1739612961865 99.39853835856259 276
1739612961874 99.21481800938727 277
1739612961883 99.0314884614619 278
1739612961892 98.84854883878664 279
1739612961901 98.66599826738518 280
1739612961910 98.48383587529999 281
1739612961918 98.3020607925876 282
1739612961927 98.1206721513139 283
1739612961936 97.93966908554933 284
1739612961945 97.75905073136431 285
1739612961954 97.57881622682446 286
1739612961963 97.39896471198584 287
1739612961972 97.21949532889049 288
1739612961980 97.04040722156155 289
1739612961989 96.86169953599874 290
1739612961998 96.6833714201737 291
1739612962007 96.50542202402532 292
1739612962015 96.32785049945514 293
1739612962024 96.15065600032277 294
1739612962033 95.97383768244129 295
1739612962042 95.7973947035726 296
1739612962051 95.621326223423 297
1739612962060 95.44563140363836 298
1739612962069 95.27030940779993 299
1739612962078 95.0953594014194 300
1739612962087 94.92078055193471 301
1739612962096 94.74657202870537 302
1739612962105 94.57273300300794 303
1739612962114 94.39926264803152 304
1739612962122 94.22616013887341 305
1739612962131 94.05342465253446 306
1739612962140 93.88105536791466 307
1739612962148 93.70905146580874 308
1739612962157 93.53741212890162 309
1739612962166 93.36613654176409 310
1739612962175 93.1952238908483 311
1739612962184 93.02467336448332 312
1739612962193 92.85448415287094 313
1739612962202 92.684655448081 314
1739612962210 92.51518644404713 315
1739612962219 92.34607633656246 316
1739612962233 92.1773243232751 317
1739612962242 92.00892960368395 318
1739612962251 91.84089137913422 319
1739612962259 91.67320885281315 320
1739612962268 91.50588122974571 321
1739612962277 91.3389077167903 322
1739612962286 91.17228752263438 323
1739612962294 91.00601985779024 324
1739612962303 90.84010393459069 325
1739612962312 90.67453896718482 326
1739612962321 90.50932417153369 327
1739612962330 90.34445876540617 328
1739612962339 90.17994196837459 329
1739612962348 90.0157730018106 330
1739612962357 89.85195108888082 331
1739612962366 89.68847545454288 332
1739612962375 89.52534532554093 333
1739612962384 89.36255993040162 334
1739612962393 89.20011849942986 335
1739612962401 89.0380202647048 336
1739612962410 88.87626446007533 337
1739612962419 88.71485032115633 338
1739612962428 88.55377708532424 339
1739612962437 88.39304399171303 340
1739612962446 88.23265028121014 341
1739612962458 88.07259519645226 342
1739612962467 87.91287798182127 343
1739612962476 87.75349788344018 344
1739612962485 87.594454149169 345
1739612962493 87.43574602860072 346
1739612962502 87.27737277305717 347
1739612962511 87.11933363558508 348
1739612962520 86.96162787095193 349
1739612962529 86.80425473564189 350
1739612962538 86.64721348785201 351
1739612962546 86.49050338748792 352
1739612962555 86.33412369616 353
1739612962565 86.17807367717941 354
1739612962573 86.02235259555395 355
1739612962582 85.86695971798419 356
1739612962591 85.71189431285951 357
1739612962600 85.55715565025413 358
1739612962610 85.40274300192306 359
1739612962619 85.24865564129833 360
1739612962628 85.09489284348494 361
1739612962637 84.94145388525698 362
1739612962645 84.78833804505369 363
1739612962654 84.63554460297564 364
1739612962663 84.4830728407807 365
1739612962672 84.33092204188029 366
1739612962680 84.17909149133538 367
1739612962689 84.02758047585279 368
1739612962698 83.87638828378115 369
1739612962707 83.72551420510717 370
1739612962716 83.57495753145179 371
1739612962725 83.42471755606624 372
1739612962733 83.27479357382845 373
1739612962742 83.12518488123898 374
1739612962751 82.97589077641737 375
1739612962759 82.82691055909834 376
1739612962768 82.67824353062798 377
1739612962777 82.52988899395989 378
1739612962786 82.3818462536516 379
1739612962794 82.23411461586066 380
1739612962803 82.08669338834095 381
1739612962812 81.93958188043891 382
1739612962821 81.79277940308987 383
1739612962830 81.64628526881422 384
1739612962839 81.50009879171387 385
1739612962847 81.35421928746835 386
1739612962856 81.20864607333124 387
1739612962865 81.06337846812643 388
1739612962874 80.91841579224447 389
1739612962883 80.77375736763891 390
1739612962891 80.62940251782258 391
1739612962900 80.48535056786402 392
1739612962909 80.34160084438373 393
1739612962918 80.19815267555067 394
1739612962927 80.05500539107851 395
1739612962935 79.91215832222208 396
1739612962944 79.76961080177381 397
1739612962953 79.6273621640599 398
1739612962962 79.48541174493704 399
1739612962971 79.34375888178866 400
1739612962979 79.2024029135213 401
1739612962988 79.06134318056118 402
1739612962997 78.92057902485054 403
1739612963006 78.78010978984416 404
1739612963015 78.6399348205058 405
1739612963024 78.50005346330455 406
1739612963032 78.36046506621157 407
1739612963041 78.22116897869627 408
1739612963050 78.08216455172301 409
1739612963058 77.94345113774756 410
1739612963067 77.80502809071348 411
1739612963076 77.66689476604886 412
1739612963085 77.52905052066262 413
1739612963093 77.39149471294122 414
1739612963102 77.25422670274514 415
1739612963112 77.11724585140534 416
1739612963121 76.98055152171992 417
1739612963130 76.84414307795073 418
1739612963139 76.70801988581978 419
1739612963148 76.57218131250599 420
1739612963156 76.43662672664166 421
1739612963165 76.30135549830915 422
1739612963174 76.16636699903741 423
1739612963183 76.03166060179869 424
1739612963192 75.89723568100506 425
1739612963200 75.76309161250511 426
1739612963209 75.62922777358058 427
1739612963218 75.49564354294294 428
1739612963227 75.36233830073017 429
1739612963241 75.2293114285033 430
1739612963250 75.09656230924313 431
1739612963259 74.96409032734694 432
1739612963268 74.83189486862508 433
1739612963276 74.6999753202978 434
1739612963285 74.56833107099182 435
1739612963294 74.43696151073709 436
1739612963303 74.30586603096359 437
1739612963312 74.17504402449788 438
1739612963321 74.04449488556 439
1739612963330 73.91421800976008 440
1739612963339 73.78421279409521 441
1739612963348 73.65447863694608 442
1739612963357 73.52501493807378 443
1739612963365 73.39582109861671 444
1739612963374 73.26689652108705 445
1739612963383 73.13824060936786 446
1739612963392 73.00985276870972 447
1739612963400 72.88173240572752 448
1739612963409 72.75387892839734 449
1739612963418 72.62629174605323 450
1739612963427 72.49897026938397 451
1739612963436 72.37191391043004 452
1739612963445 72.24512208258037 453
1739612963454 72.11859420056918 454
1739612963462 71.99232968047284 455
1739612963471 71.86632793970676 456
1739612963480 71.7405883970223 457
1739612963489 71.61511047250347 458
1739612963498 71.48989358756403 459
1739612963507 71.36493716494424 460
1739612963515 71.24024062870782 461
1739612963524 71.11580340423883 462
1739612963533 70.99162491823857 463
1739612963542 70.86770459872255 464
1739612963550 70.74404187501736 465
1739612963559 70.62063617775765 466
1739612963568 70.49748693888304 467
1739612963577 70.37459359163508 468
1739612963585 70.25195557055423 469
1739612963594 70.12957231147675 470
1739612963603 70.00744325153177 471
1739612963612 69.88556782913822 472
1739612963620 69.76394548400177 473
1739612963629 69.6425756571119 474
1739612963638 69.52145779073888 475
1739612963647 69.40059132843069 476
1739612963656 69.2799757150102 477
1739612963664 69.15961039657202 478
1739612963673 69.03949482047963 479
1739612963682 68.9196284353624 480
1739612963691 68.80001069111258 481
1739612963699 68.68064103888238 482
1739612963708 68.56151893108112 483
1739612963718 68.44264382137212 484
1739612963727 68.32401516466983 485
1739612963736 68.20563241713702 486
1739612963744 68.0874950361817 487
1739612963753 67.96960248045431 488
1739612963762 67.8519542098448 489
1739612963771 67.73454968547968 490
1739612963780 67.6173883697192 491
1739612963789 67.50046972615444 492
1739612963797 67.3837932196044 493
1739612963806 67.26735831611323 494
1739612963815 67.15116448294727 495
1739612963824 67.0352111885922 496
1739612963833 66.91949790275025 497
1739612963842 66.80402409633732 498
1739612963851 66.68878924148014 499
