1739617178077 101.37261994499212 0
1739617178097 52.629551725873895 1
1739617178115 45.460803685864 2
1739617178136 22.468202933232988 3
1739617178153 15.91354804381737 4
1739617178170 18.083316910053988 5
1739617178188 18.02070729810197 6
1739617178208 13.201608996416924 7
1739617178293 10.168431855953237 8
1739617178318 8.892511793056178 9
1739617178347 13.510911514375373 10
1739617178387 11.07181782380175 11
1739617178409 17.493493463723112 12
1739617178432 11.31401945494874 13
1739617178455 12.821831858894415 14
1739617178477 14.474438400641079 15
1739617178499 15.524594377784535 16
1739617178521 12.227853406401046 17
1739617178541 10.892147953950072 18
1739617178561 12.064908212066959 19
1739617178581 9.391240732608697 20
1739617178602 12.407287848653594 21
1739617178622 10.51578615027191 22
1739617178642 12.422581439831287 23
1739617178665 17.01252646114634 24
1739617178688 9.972009135950177 25
1739617178707 16.723041453152913 26
1739617178727 14.127687438437647 27
1739617178746 18.04841231156098 28
1739617178765 9.695437883880619 29
1739617178783 8.851638357065095 30
1739617178802 11.035980157721058 31
1739617178820 13.897975273117293 32
1739617178839 16.52910841129198 33
1739617178857 11.980004122553183 34
1739617178876 14.702448274611823 35
1739617178904 10.74110978481769 36
1739617178924 12.145695335510009 37
1739617178943 11.928308842888512 38
1739617178963 9.586805775582608 39
1739617178985 9.8425284204579 40
1739617179005 12.246250336918639 41
1739617179025 13.151292539326898 42
1739617179046 11.901747053103096 43
1739617179066 10.802279306503907 44
1739617179085 12.162715367492181 45
1739617179103 13.850997591158556 46
1739617179121 13.04883787750424 47
1739617179142 14.767402748844166 48
1739617179158 16.670295956080356 49
1739617179174 10.825219550281286 50
1739617179191 11.05676750918846 51
1739617179209 11.280089098808151 52
1739617179225 10.798372243821825 53
1739617179241 8.598971589101245 54
1739617179257 10.161885428408437 55
1739617179274 9.766567375462495 56
1739617179294 9.708333292574762 57
1739617179312 11.209097476650097 58
1739617179329 10.424051913406378 59
1739617179345 14.16512996079375 60
1739617179361 12.80782379367747 61
1739617179377 15.954892758145219 62
1739617179394 12.036116380617498 63
1739617179410 12.123224885642099 64
1739617179426 16.242954615015556 65
1739617179444 9.147035275869268 66
1739617179461 8.913154782599493 67
1739617179477 12.130406683164098 68
1739617179493 10.340697659070738 69
1739617179509 16.96118007523683 70
1739617179525 10.810424424670366 71
1739617179542 8.277141747671658 72
1739617179558 12.64567648029985 73
1739617179574 15.401451243733879 74
1739617179590 10.671512464658964 75
1739617179606 11.950876581467577 76
1739617179624 10.476049351184033 77
1739617179641 12.715277973790869 78
1739617179660 6.431766194134709 79
1739617179680 11.864491323558696 80
1739617179697 10.177314453036452 81
1739617179714 13.017879436010617 82
1739617179730 10.582166131785963 83
1739617179749 15.030472377313446 84
1739617179766 13.528494574767562 85
1739617179783 11.694530756642768 86
1739617179801 13.728368947802796 87
1739617179825 10.736799621840628 88
1739617179842 13.352892399028793 89
1739617179861 13.839129790666421 90
1739617179891 12.656961395422133 91
1739617179914 13.435509253889123 92
1739617179941 8.39042434566307 93
1739617179964 11.0224728007343 94
1739617179985 10.31275774019555 95
1739617180007 15.419727950569825 96
1739617180028 11.616630819587858 97
1739617180051 9.110619442330181 98
1739617180074 13.472571337584403 99
1739617180096 13.072447220622477 100
1739617180119 9.267195424654117 101
1739617180143 7.542896263787708 102
1739617180164 15.376184247393711 103
1739617180188 10.177585490312481 104
1739617180248 8.603042284008948 105
1739617180302 8.75649009896723 106
1739617180332 14.07830590461449 107
1739617180360 8.86255878734705 108
1739617180383 16.510496731859437 109
1739617180405 9.62654669871793 110
1739617180429 8.395007032529426 111
1739617180451 9.450666893980681 112
1739617180477 11.869933754382076 113
1739617180498 13.184827181365115 114
1739617180518 11.106498730651865 115
1739617180538 8.598076952517477 116
1739617180557 13.233730450377216 117
1739617180612 12.825790518598518 118
1739617180635 17.908076260822124 119
1739617180657 6.743461875614016 120
1739617180681 15.704068836856864 121
1739617180704 10.712185444405952 122
1739617180724 11.247828645479604 123
1739617180745 11.562782205765219 124
1739617180766 11.038414555044893 125
1739617180790 9.314700251897017 126
1739617180857 15.675718468049604 127
1739617180883 17.052008850291855 128
1739617180908 11.747771625364047 129
1739617180938 13.814176902091754 130
1739617180966 11.674745821961803 131
1739617180990 12.679328193315277 132
1739617181010 12.987460528368135 133
1739617181030 9.344781076324875 134
1739617181051 10.183964445526914 135
1739617181069 12.02832897664811 136
1739617181089 10.748234443261424 137
1739617181109 12.341277108548775 138
1739617181129 12.215833891872359 139
1739617181149 13.389055042984996 140
1739617181169 13.337065630430605 141
1739617181189 10.974293568234033 142
1739617181208 12.329021439142826 143
1739617181265 9.372355853138592 144
1739617181293 11.280063444066803 145
1739617181331 12.648777861030572 146
1739617181364 14.747808739637266 147
1739617181418 8.948600525255417 148
1739617181452 11.12973988948075 149
1739617181477 12.275178068662512 150
1739617181504 13.049684635741729 151
1739617181568 10.472325515517307 152
1739617181593 14.085472185442043 153
1739617181618 13.147016711742182 154
1739617181641 9.900047378305494 155
1739617181666 11.613795594295356 156
1739617181692 12.28563428741358 157
1739617181716 9.689040172938347 158
1739617181774 9.496846650661277 159
1739617181798 12.441077885618192 160
1739617181822 10.103164376609074 161
1739617181846 14.30127927855923 162
1739617181869 10.712768520905017 163
1739617181893 12.948616609510927 164
1739617181917 12.10765881020014 165
1739617181941 8.100807115046054 166
1739617181964 6.816095807581371 167
1739617181985 13.461666202119583 168
1739617182006 9.986946123653667 169
1739617182027 12.923706630494287 170
1739617182048 12.105804631225508 171
1739617182069 12.7233030135765 172
1739617182090 9.635463159745346 173
1739617182110 11.597219187839364 174
1739617182131 9.054427802761076 175
1739617182152 12.814421511017633 176
1739617182214 14.267724016750044 177
1739617182236 9.735749512935568 178
1739617182258 8.175278795461766 179
1739617182277 14.917518504171317 180
1739617182296 16.169907784939568 181
1739617182316 16.125394823174542 182
1739617182335 11.773578010436834 183
1739617182354 14.02992677448252 184
1739617182372 12.584284817374957 185
1739617182390 13.430492050509077 186
1739617182409 7.76252132561877 187
1739617182429 12.657251058637309 188
1739617182447 14.277830562036897 189
1739617182472 8.047885917735549 190
1739617182496 11.289694063474638 191
1739617182521 12.475988318158684 192
1739617182546 11.95678524601054 193
1739617182567 10.189192045742818 194
1739617182589 6.383604582314996 195
1739617182608 11.214506469183519 196
1739617182628 11.460266708846593 197
1739617182647 11.621565940266892 198
1739617182668 10.507809864538638 199
1739617182688 11.312058936617033 200
1739617182707 10.756092640366361 201
1739617182727 11.372230922455634 202
1739617182746 7.310668952199071 203
1739617182765 11.28318793124209 204
1739617182785 9.13321937585671 205
1739617182806 12.971796561946144 206
1739617182824 9.256815521147876 207
1739617182843 12.787405737308227 208
1739617182861 12.72355690701379 209
1739617182880 9.909760323536446 210
1739617182902 10.244064343495216 211
1739617182929 14.475221328514541 212
1739617182957 11.15065073403506 213
1739617182978 10.7474808033266 214
1739617182997 9.198743974037733 215
1739617183018 12.325771156394783 216
1739617183037 12.67079958143599 217
1739617183058 9.651156023142919 218
1739617183079 11.676609179835069 219
1739617183102 11.676103080288847 220
1739617183123 10.025757155614272 221
1739617183142 7.901621874206781 222
1739617183162 12.26908111480265 223
1739617183182 12.05376488031356 224
1739617183203 10.32490746840758 225
1739617183224 10.821338257706328 226
1739617183245 10.985269610237346 227
1739617183265 10.896074678188663 228
1739617183286 12.507979350021879 229
1739617183309 11.626358670401387 230
1739617183338 12.587121658446845 231
1739617183360 8.28255436925576 232
1739617183382 11.743473795521064 233
1739617183401 10.917624837702958 234
1739617183421 10.912909447919851 235
1739617183441 7.223493168439511 236
1739617183460 10.231798955745182 237
1739617183478 8.665532469682589 238
1739617183496 11.46795643232756 239
1739617183515 10.843616778362392 240
1739617183534 9.767433874336163 241
1739617183552 9.127258218387139 242
1739617183570 9.070594029414018 243
1739617183606 6.981873547599031 244
1739617183677 12.386506474982628 245
1739617183762 7.103002434338747 246
1739617183783 4.329167501256862 247
1739617183804 10.532867045791212 248
1739617183825 7.418188247633246 249
1739617183846 14.557159512302967 250
1739617183865 9.502126415107586 251
1739617183883 14.985877269460811 252
1739617183901 8.32483254432282 253
1739617183919 14.365226686182055 254
1739617183937 10.812097330264042 255
1739617183955 9.955518911454936 256
1739617183973 13.878284199746632 257
1739617183992 12.488481752803978 258
1739617184009 11.249481136882002 259
1739617184027 9.979462652281713 260
1739617184045 12.835778717255941 261
1739617184063 11.184919077910388 262
1739617184081 13.2134554166179 263
1739617184099 13.628375867436894 264
1739617184115 10.908964181965763 265
1739617184131 12.64246760885371 266
1739617184147 12.795175123544013 267
1739617184163 8.194877600502414 268
1739617184179 9.501915729269271 269
1739617184195 11.558883190681945 270
1739617184210 11.782574844577898 271
1739617184226 16.21807521515462 272
1739617184242 11.435992903444582 273
1739617184258 7.0483593932113076 274
1739617184275 8.109511019206844 275
1739617184291 13.985984447945098 276
1739617184307 11.97069246812071 277
1739617184323 9.874238216427818 278
1739617184339 6.566518340316132 279
1739617184356 9.871567566137887 280
1739617184374 10.326001194849779 281
1739617184392 11.553380097119984 282
1739617184408 11.444160485173148 283
1739617184425 10.664807430503469 284
1739617184441 12.721188314060521 285
1739617184459 8.103769949095868 286
1739617184475 10.257633994651416 287
1739617184491 9.648770703344459 288
1739617184507 10.96311812288145 289
1739617184524 11.078082294655639 290
1739617184542 9.124330851239216 291
1739617184559 7.870177469903018 292
1739617184576 13.043538502408031 293
1739617184592 13.97491487841925 294
1739617184608 14.738898097936183 295
1739617184624 12.408161793552177 296
1739617184640 9.506170474430906 297
1739617184657 9.331454349075448 298
1739617184672 10.915898376223705 299
1739617184688 11.11653780700259 300
1739617184705 11.154989614078236 301
1739617184726 11.177249916059283 302
1739617184746 8.233053294855253 303
1739617184768 11.03437977673213 304
1739617184788 9.699457699870047 305
1739617184806 11.608104467049221 306
1739617184822 9.448646555076978 307
1739617184838 9.159810282208449 308
1739617184855 9.03550234665587 309
1739617184871 11.402837834578072 310
1739617184887 10.189295629910964 311
1739617184903 8.182093952200768 312
1739617184919 8.895198678459312 313
1739617184935 11.234808810917224 314
1739617184955 10.168688133139158 315
1739617184972 13.296851405590882 316
1739617184988 15.28008116147891 317
1739617185004 9.841501140057424 318
1739617185020 12.992904554111394 319
1739617185037 9.679040609810045 320
1739617185053 12.274863709804068 321
1739617185069 13.438179495359917 322
1739617185085 14.686573280558427 323
1739617185101 13.660821831892463 324
1739617185117 10.466422687188114 325
1739617185133 8.915126134952315 326
1739617185149 9.438280050588586 327
1739617185165 8.758237799399424 328
1739617185182 13.019527079547286 329
1739617185198 12.041675653751732 330
1739617185216 7.636120216743513 331
1739617185233 11.194987973430454 332
1739617185250 11.918872581579262 333
1739617185267 9.439660385876145 334
1739617185285 12.002069829047377 335
1739617185305 10.0915569336239 336
1739617185324 8.557851237158134 337
1739617185340 9.905344784925974 338
1739617185357 10.397208009299215 339
1739617185374 8.861438034832956 340
1739617185391 13.590851412268098 341
1739617185407 14.525214354470558 342
1739617185423 11.426241308442375 343
1739617185439 7.467266159537528 344
1739617185455 6.656723098050956 345
1739617185471 10.812066782914721 346
1739617185487 10.609731040362805 347
1739617185503 7.822449448599195 348
1739617185519 8.0875156006182 349
1739617185535 10.190442485356545 350
1739617185552 10.144227448643925 351
1739617185568 9.265289762203908 352
1739617185583 11.694814027648583 353
1739617185598 12.468515640884782 354
1739617185614 10.541828120403196 355
1739617185630 9.116595440864156 356
1739617185645 11.911002850198283 357
1739617185661 11.96788886408981 358
1739617185679 14.50174077994359 359
1739617185697 11.128000625355428 360
1739617185715 10.04174343421858 361
1739617185733 12.604497512844162 362
1739617185750 11.0496144459898 363
1739617185766 11.337701349829306 364
1739617185782 11.504834322470801 365
1739617185798 14.540330090090425 366
1739617185818 11.141155516041056 367
1739617185906 10.333741293753384 368
1739617185936 9.197588102443135 369
1739617185958 16.222671369689376 370
1739617185979 9.805081429480763 371
1739617186002 8.836339974259412 372
1739617186024 13.842103152061142 373
1739617186054 9.94493271269611 374
1739617186106 7.612330156200954 375
1739617186133 15.85532941725082 376
1739617186155 11.12178128236103 377
1739617186176 7.641747727563694 378
1739617186199 9.218142314162044 379
1739617186221 7.265227825676891 380
1739617186242 11.711035231894826 381
1739617186264 10.163026893996465 382
1739617186283 11.669354774686427 383
1739617186301 11.545133030321967 384
1739617186320 9.61260980239869 385
1739617186339 7.986280342513874 386
1739617186359 10.269572897938646 387
1739617186378 10.503405090609844 388
1739617186396 9.966573226162131 389
1739617186414 7.758592239992196 390
1739617186431 17.633648580624406 391
1739617186450 9.64884451892908 392
1739617186467 15.894244800846279 393
1739617186485 11.766089034030072 394
1739617186503 10.172175175312502 395
1739617186522 14.996274551358683 396
1739617186542 11.818478364252309 397
1739617186562 10.559777425792554 398
1739617186580 10.88114263378953 399
1739617186598 13.841631563415042 400
1739617186615 11.485827861195894 401
1739617186634 11.67385878977057 402
1739617186653 11.911944924531687 403
1739617186672 8.928444893187024 404
1739617186687 12.668268605818973 405
1739617186703 11.814508546117134 406
1739617186718 10.968694058859729 407
1739617186733 8.99176712424967 408
1739617186749 10.368852672846161 409
1739617186764 9.384708092299096 410
1739617186778 7.363535060435294 411
1739617186793 6.193349130921371 412
1739617186807 15.473189229970174 413
1739617186821 13.363919268755636 414
1739617186835 9.729737664460247 415
1739617186856 11.829980125906248 416
1739617186873 9.584555711790673 417
1739617186893 9.780001654277374 418
1739617186918 8.829198594430807 419
1739617186937 11.14549175887296 420
1739617186952 10.3714347308275 421
1739617186972 11.99550944561494 422
1739617186988 11.355123427302873 423
1739617187004 10.329755703475257 424
1739617187020 12.474615524905541 425
1739617187035 9.785342311521605 426
1739617187051 12.858615329098294 427
1739617187067 11.743044094029685 428
1739617187082 5.567579641711594 429
1739617187097 15.195833083941682 430
1739617187111 14.417976882954534 431
1739617187125 9.512135662353518 432
1739617187140 8.199455530418856 433
1739617187154 8.278937837785534 434
1739617187168 9.51426479294526 435
1739617187181 9.617741302921134 436
1739617187194 10.325884327469682 437
1739617187208 8.176873477488982 438
1739617187221 9.68386281266149 439
1739617187235 12.152366079986235 440
1739617187249 13.635957045026355 441
1739617187265 10.578008785395 442
1739617187281 9.973756969504825 443
1739617187295 10.343346279051643 444
1739617187309 8.521232234905968 445
1739617187322 9.916034858967105 446
1739617187335 15.455283653175865 447
1739617187348 15.640203340713793 448
1739617187361 13.548742661538938 449
1739617187374 12.64495174779779 450
1739617187387 8.44457495689179 451
1739617187400 12.114141742386714 452
1739617187412 13.911025835101809 453
1739617187425 11.735777442829457 454
1739617187438 9.308485539885506 455
1739617187453 14.094283205865148 456
1739617187467 7.923067331671951 457
1739617187481 7.821581606960518 458
1739617187494 8.916207468682835 459
1739617187507 9.802030677670787 460
1739617187521 10.153918997386722 461
1739617187534 14.005643522951704 462
1739617187552 12.478521012753433 463
1739617187568 11.026742874118254 464
1739617187588 11.327580750692473 465
1739617187604 12.175414822495883 466
1739617187622 7.244114141009671 467
1739617187638 9.850956444550249 468
1739617187653 7.848046242303747 469
1739617187667 13.540891223952372 470
1739617187681 9.303344352482895 471
1739617187696 11.713199024547723 472
1739617187711 12.812752204837386 473
1739617187724 10.97204796899953 474
1739617187739 14.260648615972917 475
1739617187754 8.444114349937303 476
1739617187768 10.96286857868497 477
1739617187782 11.901914828275386 478
1739617187796 8.062193165842146 479
1739617187813 11.568223529181395 480
1739617187827 8.680675848071608 481
1739617187841 9.41866938411004 482
1739617187854 13.198972000957564 483
1739617187867 7.018342126926456 484
1739617187880 11.307232877031492 485
1739617187894 10.659055959589237 486
1739617187908 10.88765063418451 487
1739617187921 12.174867735501271 488
1739617187935 9.81194808005191 489
1739617187948 8.169613622204901 490
1739617187962 8.835481667634943 491
1739617187977 10.554428142965975 492
1739617187993 12.527901931558917 493
1739617188006 7.7604132265621635 494
1739617188020 8.79297250624754 495
1739617188034 8.623377470871956 496
1739617188047 12.202091513170298 497
1739617188060 9.053732187926144 498
1739617188073 10.490419627013207 499
