1739615667346 41.63345282507664 0
1739615667359 11.641151300892957 1
1739615667373 4.3034057946385085 2
1739615667387 2.4410427859594765 3
1739615667401 1.6650558593698197 4
1739615667413 1.5438172789690063 5
1739615667427 1.963879506141186 6
1739615667441 2.0030263127541583 7
1739615667454 0.9251052816625986 8
1739615667466 1.7659599279115985 9
1739615667480 1.248579981946807 10
1739615667493 1.4181978600186438 11
1739615667506 0.9732320063194898 12
1739615667519 1.7350349383072716 13
1739615667534 1.5525159054899043 14
1739615667546 1.517264016591436 15
1739615667560 2.3538044417375574 16
1739615667574 1.525511786410315 17
1739615667587 1.2637491150072417 18
1739615667599 1.2151221283070346 19
1739615667612 1.2710640207573367 20
1739615667625 0.82761311903076 21
1739615667638 1.1130416001148955 22
1739615667652 1.599585796235491 23
1739615667665 1.515884763591894 24
1739615667678 1.8529730871929762 25
1739615667691 1.5985021244017286 26
1739615667704 1.5173078085360152 27
1739615667717 1.5359576166128814 28
1739615667730 1.5299735627065945 29
1739615667743 1.882785309172114 30
1739615667756 1.726613510936218 31
1739615667770 1.6468356142459566 32
1739615667783 1.1027925685572633 33
1739615667796 1.8714730619651683 34
1739615667810 2.1315700187301228 35
1739615667822 1.2857329769411954 36
1739615667836 2.236621434037603 37
1739615667847 1.870346080730806 38
1739615667860 1.0387151744177334 39
1739615667873 2.1567528241429956 40
1739615667897 0.8605633356748537 41
1739615667911 1.8682355082080906 42
1739615667961 2.3165100851278853 43
1739615667977 1.9071934700856952 44
1739615667993 1.9589428807691796 45
1739615668009 1.555154421649597 46
1739615668024 1.7892222832541864 47
1739615668039 1.7190684104727918 48
1739615668053 1.55757230485265 49
1739615668068 1.8522725661652337 50
1739615668082 1.2454324172020255 51
1739615668095 1.4484711749342376 52
1739615668110 1.7209848314762732 53
1739615668124 1.0437908281282653 54
1739615668138 1.3508504503313306 55
1739615668151 1.2445158933138891 56
1739615668166 1.3712772599846803 57
1739615668179 1.044828048386912 58
1739615668193 1.4602577052310515 59
1739615668208 1.1466401280250507 60
1739615668222 1.2426301251649619 61
1739615668236 0.9934793380996353 62
1739615668249 1.0908618197496096 63
1739615668263 1.2300706957760845 64
1739615668276 1.4750223135895966 65
1739615668290 1.431389877221721 66
1739615668303 1.767936921138114 67
1739615668315 1.3801011124441236 68
1739615668328 1.801878270965787 69
1739615668341 1.245311799353974 70
1739615668353 1.1310703181019846 71
1739615668366 1.3882668114793406 72
1739615668379 1.5707918308880964 73
1739615668392 2.545625296947613 74
1739615668405 1.1304738720821417 75
1739615668418 2.00176310829028 76
1739615668430 1.485601541256155 77
1739615668443 1.3719470958884523 78
1739615668457 1.5121417060884228 79
1739615668471 1.3616466006448131 80
1739615668484 1.5783056677812117 81
1739615668496 1.441209732369778 82
1739615668509 0.8061503528691117 83
1739615668523 1.6164770799348276 84
1739615668535 0.96886237132945 85
1739615668547 1.9096961112714683 86
1739615668562 1.3160186518732873 87
1739615668575 1.159109597479253 88
1739615668588 1.479280787981159 89
1739615668602 1.0786418673453906 90
1739615668615 1.4134695864238136 91
1739615668627 0.9215518388863669 92
1739615668642 1.7113812361670182 93
1739615668657 1.2933654160535604 94
1739615668670 1.5590447647618075 95
1739615668683 3.004687989791258 96
1739615668696 1.921974011643229 97
1739615668709 1.8609336799825313 98
1739615668722 1.6213335303066443 99
1739615668735 1.076032984452143 100
1739615668748 1.5181319745318003 101
1739615668761 1.3613182489282798 102
1739615668775 1.1915469537767465 103
1739615668788 1.4017766389983373 104
1739615668801 1.565534129037886 105
1739615668813 2.1796582075614928 106
1739615668826 1.2314942748827167 107
1739615668839 1.5069417688344278 108
1739615668852 1.4630340603398233 109
1739615668868 1.8971027037635506 110
1739615668880 1.7092312600662798 111
1739615668904 0.6763023353716453 112
1739615668918 0.9912411815998358 113
1739615668932 0.9185000789212098 114
1739615668947 2.317464651088543 115
1739615668962 1.834496282490353 116
1739615668975 0.8988424375192267 117
1739615668988 1.6679560541135685 118
1739615669002 2.030157350148882 119
1739615669014 1.1264477799568666 120
1739615669027 1.48136933278298 121
1739615669040 2.339464965584696 122
1739615669053 1.2704028643214405 123
1739615669066 1.0818230914893834 124
1739615669079 0.9529599484454743 125
1739615669093 1.148821915251713 126
1739615669106 1.3284610534675323 127
1739615669124 1.4586924166690742 128
1739615669137 1.5088133338855112 129
1739615669150 1.3681475710154565 130
1739615669163 0.7814399859630379 131
1739615669176 0.7446403232860012 132
1739615669189 2.0643428085598923 133
1739615669202 1.0500157228809712 134
1739615669215 1.58740695019345 135
1739615669228 0.8444743237833056 136
1739615669241 2.3301172270168053 137
1739615669254 1.259886578239041 138
1739615669267 1.8178969733540598 139
1739615669280 1.2268110721034908 140
1739615669293 1.3645017558767922 141
1739615669306 1.0952457626508747 142
1739615669319 1.0863028886375856 143
1739615669331 1.8507852880771685 144
1739615669344 1.5587208518091928 145
1739615669357 1.198305308676092 146
1739615669370 1.6876612414761119 147
1739615669383 0.9628280546395611 148
1739615669396 1.0475900106248894 149
1739615669409 1.4139244351107476 150
1739615669422 1.4893431982583163 151
1739615669435 1.7620008487855037 152
1739615669448 0.9579690100541095 153
1739615669460 1.4453597244219345 154
1739615669473 1.3149902144837318 155
1739615669486 1.3539358106432164 156
1739615669498 2.0688993637833595 157
1739615669511 1.0694357736335918 158
1739615669524 1.3451837745214787 159
1739615669537 1.5520730592256633 160
1739615669550 0.8363146856007475 161
1739615669564 1.12251742273077 162
1739615669577 1.1848594550555682 163
1739615669590 1.268811940351207 164
1739615669602 1.5107344834397833 165
1739615669615 1.4345212377029288 166
1739615669628 1.0071123989280866 167
1739615669641 1.8488510970471106 168
1739615669654 1.277924396738472 169
1739615669667 1.3509749136723816 170
1739615669680 1.274524497998217 171
1739615669693 1.1096158205466675 172
1739615669706 1.3468770978639042 173
1739615669718 2.2703618471400895 174
1739615669731 1.2172022657328276 175
1739615669744 2.135681597636951 176
1739615669758 1.3608469095884774 177
1739615669771 1.7477406574056993 178
1739615669784 1.5717475609955907 179
1739615669796 1.3887325104655024 180
1739615669809 1.5002455844896752 181
1739615669822 2.031839303483838 182
1739615669836 1.5906148677490801 183
1739615669848 2.118577974355884 184
1739615669861 0.9487233942368389 185
1739615669874 1.0251758963765558 186
1739615669887 1.5879843612211042 187
1739615669909 1.4613489823084205 188
1739615669923 0.865290849486787 189
1739615669937 1.9225178142114132 190
1739615669950 1.600797170968859 191
1739615669963 1.1910519439942873 192
1739615669976 1.7175218055633352 193
1739615669989 1.1504311670473626 194
1739615670002 0.7255657338747694 195
1739615670016 1.6485033039486265 196
1739615670030 1.5443617881178995 197
1739615670043 2.0177671281580327 198
1739615670056 1.499834972336366 199
1739615670070 1.4901562014215062 200
1739615670082 1.1760963321137454 201
