1739553669698 146.71757745870786 0
1739553669706 130.07994610951673 1
1739553669717 110.4106728837674 2
1739553669725 95.80741862199802 3
1739553669733 85.06936177733633 4
1739553669742 72.38964345755996 5
1739553669751 63.818612522054615 6
1739553669759 56.52579730263889 7
1739553669767 49.90669322396489 8
1739553669776 44.465774040877335 9
1739553669785 38.70777890302904 10
1739553669793 33.88383807761695 11
1739553669801 31.548760696580576 12
1739553669811 29.3549326944323 13
1739553669820 25.482209563879806 14
1739553669829 24.06257384854328 15
1739553669842 21.007283675027615 16
1739553669850 19.795273183083708 17
1739553669858 17.842078312683103 18
1739553669866 16.475232415897914 19
1739553669876 15.231371273147273 20
1739553669885 14.279613025015447 21
1739553669902 13.48266019950061 22
1739553669913 13.328935141887806 23
1739553669922 11.704867561507298 24
1739553669930 11.13460434160789 25
1739553669939 10.317789137324207 26
1739553669949 9.43432947060752 27
1739553669958 9.218823660773591 28
1739553669965 9.928100710059402 29
1739553669977 7.254452782694247 30
1739553669987 7.7367050327691205 31
1739553669995 9.11271358574642 32
1739553670005 8.056604513225038 33
1739553670014 7.106584530188043 34
1739553670022 8.075578460628153 35
1739553670030 7.116866874807781 36
1739553670039 8.326074115774691 37
1739553670049 7.0629583358752654 38
1739553670058 6.837821904627138 39
1739553670066 6.713994000107842 40
1739553670075 6.403726305633073 41
1739553670084 6.955540884934778 42
1739553670092 6.531526488488259 43
1739553670100 6.396512343322778 44
1739553670112 5.002558397275904 45
1739553670120 5.631113827998592 46
1739553670128 7.9575120132700885 47
1739553670136 6.400223571273017 48
1739553670146 5.015276793066257 49
1739553670154 5.651054928269025 50
1739553670162 6.802488356115432 51
1739553670170 5.690715013983704 52
1739553670179 5.723021874802321 53
1739553670188 6.335168668042523 54
1739553670197 5.908205263214723 55
1739553670206 5.954562716988215 56
1739553670215 5.882521201886152 57
1739553670223 5.691053883393564 58
1739553670231 5.528417999297086 59
1739553670243 4.1545505101023465 60
1739553670253 5.519691925421078 61
1739553670261 5.540184351755122 62
1739553670270 5.453186735156508 63
1739553670280 5.188132107818422 64
1739553670288 5.927693999160542 65
1739553670297 5.623335776708537 66
1739553670309 5.583024735241843 67
1739553670317 5.761118379351668 68
1739553670326 5.696884116956022 69
1739553670334 5.004458141340389 70
1739553670345 5.996229012760579 71
1739553670354 4.940023799116824 72
1739553670362 4.780695091238544 73
1739553670373 5.01997357481709 74
1739553670383 4.999091028570669 75
1739553670392 5.399809250092394 76
1739553670400 5.337800282454522 77
1739553670410 5.669951709846263 78
1739553670419 6.043430996223483 79
1739553670426 4.75315763110136 80
1739553670434 5.580780294374314 81
1739553670445 5.6707647670156005 82
1739553670453 5.542528165520161 83
1739553670461 5.807374070800996 84
1739553670469 5.309209327386314 85
1739553670480 5.340732007990099 86
1739553670489 6.2325311576783085 87
1739553670497 5.644965228618086 88
1739553670505 5.750484783578688 89
1739553670516 6.198287613492303 90
1739553670524 6.02622971143162 91
1739553670533 5.38674489935853 92
1739553670543 5.532197016785169 93
1739553670552 5.302592188705178 94
1739553670560 4.568384965206638 95
1739553670568 6.18951832536943 96
1739553670578 5.504997465862059 97
1739553670587 6.844902557384516 98
1739553670595 5.866362265315476 99
1739553670604 5.62642485096618 100
1739553670612 5.613933341750438 101
1739553670621 5.4029621954207965 102
1739553670629 5.441086717623682 103
1739553670637 6.18436139325712 104
1739553670648 5.966812596460383 105
1739553670657 7.822734432075146 106
1739553670665 5.7899137027154435 107
1739553670674 5.239598694737998 108
1739553670682 5.255206486238948 109
1739553670691 5.368703088207474 110
1739553670699 5.700536950062593 111
1739553670708 5.659788405394513 112
1739553670717 5.291015480635247 113
1739553670725 6.359725633980237 114
1739553670733 6.150938548343077 115
1739553670743 5.666954246857261 116
1739553670751 6.302975779455351 117
1739553670759 4.940634461479887 118
1739553670766 5.158126489479144 119
