1739618102829 170.03614028713014 0
1739618102843 169.697689992257 1
1739618102855 169.52893064824625 2
1739618102867 169.36025541007464 3
1739618102880 169.19174902010937 4
1739618102891 169.02341126689115 5
1739618102903 168.85524198167207 6
1739618102914 168.6872409958519 7
1739618102926 168.51940814099908 8
1739618102937 168.35174324885062 9
1739618102948 168.18424615131195 10
1739618102960 168.01691668045666 11
1739618102972 167.84975466852651 12
1739618102984 167.68275994793106 13
1739618102999 167.51593235124764 14
1739618103011 167.34927171122106 15
1739618103022 167.18277786076365 16
1739618103034 167.01645063295484 17
1739618103046 166.85028986104112 18
1739618103058 166.684295378436 19
1739618103069 166.5184670187195 20
1739618103082 166.3528046156383 21
1739618103097 166.1873080031055 22
1739618103109 166.02197701520043 23
1739618103121 165.8568114861683 24
1739618103132 165.6918112504204 25
1739618103144 165.5269761425336 26
1739618103156 165.36230599725044 27
1739618103167 165.1978006494788 28
1739618103180 165.03345993429176 29
1739618103192 164.86928368692742 30
1739618103204 164.70527174278888 31
1739618103218 164.54142393744385 32
1739618103230 164.37774010662477 33
1739618103242 164.21422008622824 34
1739618103254 164.05086371231525 35
1739618103267 163.88767082111085 36
1739618103280 163.72464124900398 37
1739618103293 163.56177483254731 38
1739618103306 163.39907140845702 39
1739618103318 163.2365308136128 40
1739618103330 163.07415288505766 41
1739618103343 162.91193745999738 42
1739618103356 162.74988437580106 43
1739618103369 162.58799347000027 44
1739618103382 162.42626458028934 45
1739618103395 162.2646975445249 46
1739618103407 162.10329220072597 47
1739618103420 161.94204838707358 48
1739618103432 161.78096594191086 49
1739618103446 161.6200447037425 50
1739618103459 161.459284511235 51
1739618103471 161.29868520321622 52
1739618103485 161.13824661867537 53
1739618103498 160.97796859676276 54
1739618103511 160.81785097678969 55
1739618103525 160.6578935982283 56
1739618103537 160.49809630071135 57
1739618103549 160.33845892403207 58
1739618103562 160.17898130814413 59
1739618103574 160.01966329316124 60
1739618103586 159.86050471935724 61
1739618103599 159.70150542716573 62
1739618103612 159.54266525718006 63
1739618103624 159.38398405015297 64
1739618103636 159.22546164699685 65
1739618103648 159.06709788878305 66
1739618103660 158.9088926167421 67
1739618103672 158.75084567226335 68
1739618103684 158.59295689689498 69
1739618103696 158.43522613234364 70
1739618103708 158.27765322047452 71
1739618103720 158.12023800331093 72
1739618103731 157.96298032303434 73
1739618103743 157.80588002198422 74
1739618103757 157.64893694265777 75
1739618103769 157.49215092770982 76
1739618103782 157.33552181995262 77
1739618103794 157.17904946235583 78
1739618103806 157.0227336980462 79
1739618103819 156.86657437030752 80
1739618103831 156.7105713225804 81
1739618103843 156.554724398462 82
1739618103856 156.3990334417063 83
1739618103868 156.24349829622344 84
1739618103881 156.0881188060797 85
1739618103897 155.93289481549763 86
1739618103910 155.77782616885554 87
1739618103924 155.62291271068756 88
1739618103937 155.46815428568328 89
1739618103950 155.31355073868792 90
1739618103964 155.15910191470178 91
1739618103976 155.00480765888042 92
1739618103989 154.85066781653433 93
1739618104001 154.6966822331287 94
1739618104016 154.54285075428362 95
1739618104029 154.38917322577342 96
1739618104043 154.23564949352698 97
1739618104056 154.08227940362713 98
1739618104068 153.92906280231102 99
1739618104081 153.77599953596956 100
1739618104096 153.6230894511473 101
1739618104108 153.47033239454257 102
1739618104121 153.31772821300686 103
1739618104134 153.16527675354519 104
1739618104146 153.01297786331548 105
1739618104159 152.8608313896288 106
1739618104172 152.70883717994892 107
1739618104184 152.55699508189218 108
1739618104197 152.40530494322766 109
1739618104209 152.25376661187656 110
1739618104222 152.10237993591244 111
1739618104234 151.95114476356082 112
1739618104249 151.80006094319913 113
1739618104266 151.64912832335656 114
1739618104293 151.49834675271387 115
1739618104328 151.34771608010323 116
1739618104350 151.19723615450818 117
1739618104366 151.0469068250633 118
1739618104380 150.89672794105428 119
1739618104394 150.7466993519175 120
1739618104407 150.59682090724007 121
1739618104422 150.44709245675972 122
1739618104435 150.29751385036437 123
1739618104448 150.1480849380924 124
1739618104460 149.9988055701321 125
1739618104473 149.84967559682175 126
1739618104485 149.70069486864944 127
1739618104497 149.55186323625279 128
1739618104510 149.40318055041902 129
1739618104523 149.25464666208455 130
1739618104536 149.10626142233514 131
1739618104548 148.95802468240547 132
1739618104561 148.8099362936791 133
1739618104573 148.6619961076884 134
1739618104585 148.5142039761142 135
1739618104598 148.36655975078588 136
1739618104611 148.21906328368104 137
1739618104623 148.07171442692555 138
1739618104636 147.92451303279302 139
1739618104648 147.77745895370518 140
1739618104661 147.63055204223122 141
1739618104673 147.48379215108807 142
1739618104686 147.3371791331399 143
1739618104699 147.1907128413982 144
1739618104711 147.04439312902156 145
1739618104724 146.8982198493156 146
1739618104736 146.75219285573266 147
1739618104749 146.6063120018717 148
1739618104761 146.4605771414783 149
1739618104774 146.31498812844438 150
1739618104786 146.16954481680804 151
1739618104802 146.0242470607535 152
1739618104821 145.8790947146109 153
1739618104840 145.73408763285622 154
1739618104863 145.58922567011092 155
1739618104884 145.44450868114208 156
1739618104901 145.29993652086216 157
1739618104916 145.1555090443287 158
1739618104931 145.0112261067444 159
1739618104946 144.8670875634568 160
1739618104961 144.72309326995824 161
1739618104977 144.57924308188566 162
1739618104991 144.43553685502053 163
1739618105006 144.29197444528864 164
1739618105021 144.14855570875983 165
1739618105036 144.00528050164823 166
1739618105052 143.86214868031163 167
1739618105066 143.71916010125173 168
1739618105082 143.57631462111377 169
1739618105098 143.43361209668652 170
1739618105112 143.29105238490195 171
1739618105127 143.14863534283538 172
1739618105142 143.006360827705 173
1739618105157 142.86422869687206 174
1739618105172 142.72223880784043 175
1739618105187 142.5803910182566 176
1739618105201 142.43868518590958 177
1739618105216 142.29712116873068 178
1739618105232 142.1556988247934 179
1739618105246 142.01441801231326 180
1739618105307 141.87327858964773 181
1739618105324 141.7322804152959 182
1739618105341 141.5914233478986 183
1739618105358 141.4507072462381 184
1739618105374 141.31013196923797 185
1739618105389 141.169697375963 186
1739618105405 141.02940332561903 187
1739618105421 140.88924967755275 188
1739618105442 140.7492362912517 189
1739618105476 140.60936302634389 190
1739618105529 140.46962974259802 191
1739618105550 140.33003629992302 192
1739618105567 140.19058255836794 193
1739618105585 140.05126837812205 194
1739618105603 139.91209361951445 195
1739618105620 139.77305814301408 196
1739618105637 139.63416180922943 197
1739618105654 139.49540447890857 198
1739618105672 139.35678601293887 199
1739618105689 139.21830627234698 200
1739618105707 139.07996511829862 201
1739618105724 138.9417624120984 202
1739618105740 138.8036980151898 203
1739618105757 138.66577178915497 204
1739618105773 138.52798359571452 205
1739618105790 138.39033329672745 206
1739618105805 138.25282075419113 207
1739618105819 138.11544583024087 208
1739618105834 137.97820838715012 209
1739618105849 137.84110828733 210
1739618105865 137.70414539332947 211
1739618105880 137.56731956783497 212
1739618105895 137.43063067367038 213
1739618105910 137.2940785737969 214
1739618105925 137.15766313131277 215
1739618105940 137.02138420945337 216
1739618105956 136.88524167159085 217
1739618105970 136.74923538123417 218
1739618105987 136.61336520202883 219
1739618106007 136.47763099775685 220
1739618106057 136.34203263233653 221
1739618106091 136.20656996982234 222
1739618106130 136.07124287440485 223
1739618106165 135.93605121041057 224
1739618106186 135.8009948423017 225
1739618106209 135.66607363467614 226
1739618106229 135.53128745226732 227
1739618106250 135.39663615994397 228
1739618106271 135.26211962271014 229
1739618106291 135.12773770570496 230
1739618106311 134.99349027420246 231
1739618106340 134.85937719361158 232
1739618106359 134.72539832947595 233
1739618106380 134.5915535474737 234
1739618106412 134.45784271341742 235
1739618106431 134.32426569325406 236
1739618106448 134.19082235306465 237
1739618106465 134.0575125590642 238
1739618106482 133.92433617760176 239
1739618106499 133.79129307516007 240
1739618106517 133.65838311835535 241
1739618106534 133.52560617393755 242
1739618106552 133.3929621087898 243
1739618106570 133.2604507899285 244
1739618106588 133.12807208450317 245
1739618106605 132.99582585979627 246
1739618106621 132.86371198322303 247
1739618106642 132.73173032233146 248
1739618106663 132.59988074480202 249
1739618106687 132.4681631184477 250
1739618106711 132.33657731121372 251
1739618106731 132.20512319117745 252
1739618106748 132.07380062654835 253
1739618106765 131.94260948566765 254
1739618106783 131.8115496370085 255
1739618106800 131.6806209491756 256
1739618106817 131.5498232909051 257
1739618106833 131.4191565310646 258
1739618106851 131.28862053865288 259
1739618106867 131.15821518279986 260
1739618106885 131.02794033276646 261
1739618106901 130.89779585794435 262
1739618106918 130.76778162785598 263
1739618106935 130.63789751215435 264
1739618106951 130.50814338062295 265
1739618106967 130.37851910317556 266
1739618106983 130.2490245498561 267
1739618107000 130.11965959083867 268
1739618107016 129.9904240964272 269
1739618107032 129.86131793705542 270
1739618107048 129.73234098328675 271
1739618107064 129.60349310581415 272
1739618107081 129.47477417546003 273
1739618107098 129.34618406317603 274
1739618107114 129.2177226400429 275
1739618107130 129.08938977727053 276
1739618107144 128.96118534619754 277
1739618107159 128.83310921829147 278
1739618107175 128.7051612651484 279
1739618107190 128.57734135849296 280
1739618107206 128.4496493701781 281
1739618107221 128.32208517218504 282
1739618107243 128.1946486366232 283
1739618107270 128.06733963572992 284
1739618107288 127.94015804187035 285
1739618107304 127.81310372753747 286
1739618107321 127.6861765653518 287
1739618107338 127.5593764280614 288
1739618107354 127.43270318854165 289
1739618107371 127.30615671979514 290
1739618107388 127.17973689495156 291
1739618107404 127.05344358726761 292
1739618107420 126.92727667012682 293
1739618107435 126.80123601703934 294
1739618107452 126.6753215016421 295
1739618107470 126.5495329976983 296
1739618107486 126.42387037909758 297
1739618107502 126.29833351985582 298
1739618107518 126.17292229411485 299
1739618107535 126.0476365761426 300
1739618107554 125.92247624033271 301
1739618107571 125.79744116120466 302
1739618107589 125.67253121340336 303
1739618107606 125.5477462716993 304
1739618107623 125.42308621098822 305
1739618107640 125.29855090629107 306
1739618107654 125.17414023275394 307
1739618107670 125.0498540656478 308
1739618107686 124.92569228036847 309
1739618107701 124.80165475243648 310
1739618107716 124.67774135749693 311
1739618107731 124.55395197131939 312
1739618107746 124.43028646979771 313
1739618107761 124.30674472895004 314
1739618107776 124.18332662491848 315
1739618107792 124.06003203396918 316
1739618107809 123.9368608324921 317
1739618107825 123.81381289700089 318
1739618107840 123.69088810413277 319
1739618107858 123.56808633064847 320
1739618107875 123.44540745343203 321
1739618107892 123.3228513494907 322
1739618107911 123.20041789595481 323
1739618107928 123.07810697007766 324
1739618107945 122.95591844923544 325
1739618107962 122.83385221092698 326
1739618107978 122.71190813277377 327
1739618107993 122.59008609251971 328
1739618108010 122.46838596803116 329
1739618108026 122.3468076372966 330
1739618108043 122.22535097842666 331
1739618108059 122.10401586965399 332
1739618108074 121.98280218933304 333
1739618108090 121.86170981594005 334
1739618108105 121.74073862807283 335
1739618108120 121.61988850445074 336
1739618108136 121.4991593239145 337
1739618108151 121.37855096542606 338
1739618108166 121.25806330806853 339
1739618108181 121.13769623104601 340
1739618108195 121.01744961368352 341
1739618108210 120.89732333542682 342
1739618108226 120.77731727584236 343
1739618108241 120.65743131461706 344
1739618108257 120.53766533155827 345
1739618108272 120.41801920659367 346
1739618108289 120.29849281977104 347
1739618108308 120.17908605125828 348
1739618108325 120.05979878134312 349
1739618108342 119.94063089043318 350
1739618108359 119.82158225905576 351
1739618108377 119.70265276785763 352
1739618108394 119.58384229760517 353
1739618108411 119.46515072918393 354
1739618108428 119.34657794359876 355
1739618108445 119.2281238219736 356
1739618108461 119.1097882455513 357
1739618108477 118.9915710956936 358
1739618108495 118.87347225388096 359
1739618108511 118.75549160171249 360
1739618108528 118.63762902090572 361
1739618108547 118.51988439329664 362
1739618108564 118.4022576008394 363
1739618108581 118.28474852560639 364
1739618108597 118.16735704978797 365
1739618108613 118.05008305569235 366
1739618108628 117.93292642574569 367
1739618108643 117.8158870424916 368
1739618108660 117.69896478859138 369
1739618108675 117.58215954682375 370
1739618108692 117.46547120008466 371
1739618108708 117.3488996313874 372
1739618108724 117.23244472386219 373
1739618108740 117.11610636075628 374
1739618108755 116.99988442543378 375
1739618108771 116.88377880137548 376
1739618108786 116.76778937217884 377
1739618108801 116.65191602155778 378
1739618108818 116.53615863334257 379
1739618108835 116.4205170914798 380
1739618108852 116.30499128003216 381
1739618108870 116.18958108317837 382
1739618108888 116.0742863852131 383
1739618108905 115.95910707054678 384
1739618108922 115.84404302370552 385
1739618108940 115.72909412933103 386
1739618108957 115.61426027218045 387
1739618108973 115.4995413371262 388
1739618108990 115.38493720915602 389
1739618109007 115.27044777337268 390
1739618109023 115.15607291499396 391
1739618109039 115.0418125193525 392
1739618109056 114.92766647189572 393
1739618109071 114.81363465818565 394
1739618109087 114.6997169638989 395
1739618109104 114.58591327482641 396
1739618109122 114.47222347687351 397
1739618109140 114.35864745605969 398
1739618109158 114.24518509851842 399
1739618109178 114.13183629049726 400
1739618109196 114.01860091835755 401
1739618109212 113.90547886857433 402
1739618109228 113.79247002773631 403
1739618109243 113.67957428254566 404
1739618109259 113.56679151981793 405
1739618109276 113.45412162648202 406
1739618109294 113.34156448957988 407
1739618109311 113.22911999626658 408
1739618109327 113.11678803381011 409
1739618109342 113.00456848959128 410
1739618109360 112.89246125110358 411
1739618109374 112.78046620595315 412
1739618109390 112.66858324185853 413
1739618109405 112.55681224665071 414
1739618109420 112.44515310827292 415
1739618109436 112.33360571478049 416
1739618109451 112.22216995434086 417
1739618109467 112.11084571523327 418
1739618109482 111.99963288584891 419
1739618109497 111.88853135469056 420
1739618109511 111.77754101037264 421
1739618109527 111.66666174162101 422
1739618109542 111.55589343727296 423
1739618109558 111.44523598627691 424
1739618109573 111.33468927769252 425
1739618109588 111.22425320069044 426
1739618109602 111.11392764455228 427
1739618109619 111.00371249867035 428
1739618109634 110.89360765254774 429
1739618109650 110.78361299579815 430
1739618109665 110.67372841814566 431
1739618109680 110.56395380942477 432
1739618109696 110.45428905958023 433
1739618109712 110.3447340586669 434
1739618109727 110.23528869684974 435
1739618109742 110.12595286440357 436
1739618109757 110.01672645171301 437
1739618109772 109.90760934927245 438
1739618109787 109.7986014476858 439
1739618109802 109.6897026376665 440
1739618109818 109.58091281003733 441
1739618109836 109.47223185573037 442
1739618109855 109.36365966578683 443
1739618109874 109.25519613135693 444
1739618109891 109.14684114369992 445
1739618109907 109.03859459418378 446
1739618109923 108.93045637428526 447
1739618109939 108.82242637558969 448
1739618109956 108.71450448979093 449
1739618109973 108.60669060869121 450
1739618109990 108.49898462420103 451
1739618110007 108.39138642833912 452
1739618110022 108.28389591323223 453
1739618110037 108.17651297111502 454
1739618110051 108.06923749433012 455
1739618110067 107.96206937532783 456
1739618110082 107.85500850666608 457
1739618110096 107.74805478101032 458
1739618110111 107.64120809113346 459
1739618110126 107.53446832991571 460
1739618110141 107.42783539034446 461
1739618110155 107.32130916551418 462
1739618110170 107.21488954862642 463
1739618110185 107.10857643298952 464
1739618110199 107.0023697120186 465
1739618110214 106.89626927923554 466
1739618110228 106.79027502826862 467
1739618110243 106.68438685285277 468
1739618110258 106.57860464682915 469
1739618110272 106.47292830414514 470
1739618110287 106.36735771885434 471
1739618110302 106.26189278511632 472
1739618110318 106.1565333971966 473
1739618110333 106.05127944946648 474
1739618110347 105.94613083640306 475
1739618110362 105.84108745258895 476
1739618110377 105.7361491927123 477
1739618110392 105.63131595156666 478
1739618110409 105.52658762405088 479
1739618110425 105.42196410516893 480
1739618110441 105.31744529002992 481
1739618110456 105.21303107384793 482
1739618110470 105.1087213519419 483
1739618110485 105.00451601973552 484
1739618110500 104.90041497275715 485
1739618110515 104.79641810663966 486
1739618110530 104.69252531712047 487
1739618110545 104.58873650004126 488
1739618110560 104.48505155134798 489
1739618110575 104.3814703670907 490
1739618110589 104.27799284342353 491
1739618110604 104.17461887660453 492
1739618110620 104.07134836299551 493
1739618110637 103.9681811990621 494
1739618110652 103.86511728137351 495
1739618110669 103.76215650660241 496
1739618110684 103.65929877152496 497
1739618110699 103.55654397302054 498
1739618110714 103.45389200807179 499
