1739612987445 169.6210407770955 0
1739612987455 166.26008979308347 1
1739612987466 164.632279270339 2
1739612987476 163.0120466948992 3
1739612987486 161.40953895229902 4
1739612987496 159.82449320634984 5
1739612987506 158.25671156789463 6
1739612987516 156.7059980742973 7
1739612987527 155.1721590411903 8
1739612987535 153.65500303343762 9
1739612987546 152.15434083870642 10
1739612987555 150.6699854413374 11
1739612987565 149.20175199652454 12
1739612987575 147.7494578048002 13
1739612987584 146.3129222868222 14
1739612987594 144.89196695845885 15
1739612987603 143.48641540616913 16
1739612987613 142.09609326267355 17
1739612987624 140.72082818291307 18
1739612987634 139.36044982029236 19
1739612987643 138.01478980320397 20
1739612987654 136.68368171182985 21
1739612987664 135.36696105521773 22
1739612987673 134.06446524862818 23
1739612987683 132.77603359114963 24
1739612987696 131.501507243578 25
1739612987706 130.24072920655817 26
1739612987715 128.9935442989834 27
1739612987726 127.75979913665054 28
1739612987735 126.53934211116737 29
1739612987745 125.33202336910928 30
1739612987754 124.13769479142248 31
1739612987764 122.95620997307056 32
1739612987774 121.78742420292158 33
1739612987784 120.63119444387303 34
1739612987794 119.48737931321156 35
1739612987803 118.35583906320491 36
1739612987813 117.23643556192319 37
1739612987833 116.12903227428666 38
1739612987845 115.03349424333771 39
1739612987855 113.94968807173396 40
1739612987865 112.87748190346008 41
1739612987876 111.81674540575563 42
1739612987888 110.76734975125656 43
1739612987898 109.7291676003476 44
1739612987907 108.70207308372298 45
1739612987915 107.6859417851535 46
1739612987925 106.68065072445685 47
1739612987934 105.6860783406693 48
1739612987943 104.7021044754159 49
1739612987952 103.7286103564774 50
1739612987961 102.76547858155104 51
1739612987972 101.81259310220311 52
1739612987982 100.86983920801116 53
1739612987992 99.93710351089328 54
1739612988001 99.01427392962262 55
1739612988011 98.10123967452456 56
1739612988020 97.19789123235469 57
1739612988030 96.30412035135515 58
1739612988039 95.41982002648776 59
1739612988049 94.54488448484085 60
1739612988058 93.67920917120901 61
1739612988067 92.82269073384268 62
1739612988077 91.9752270103659 63
1739612988085 91.13671701386046 64
1739612988095 90.30706091911426 65
1739612988105 89.48616004903175 66
1739612988115 88.67391686120496 67
1739612988125 87.8702349346429 68
1739612988134 87.07501895665747 69
1739612988143 86.28817470990431 70
1739612988153 85.50960905957623 71
1739612988162 84.73922994074812 72
1739612988171 83.97694634587064 73
1739612988181 83.22266831241198 74
1739612988191 82.47630691064498 75
1739612988200 81.73777423157844 76
1739612988210 81.00698337503091 77
1739612988219 80.28384843784484 78
1739612988229 79.56828450223989 79
1739612988239 78.86020762430364 80
1739612988248 78.15953482261783 81
1739612988257 77.46618406701889 82
1739612988267 76.78007426749083 83
1739612988276 76.1011252631891 84
1739612988286 75.42925781159401 85
1739612988296 74.7643935777917 86
1739612988305 74.10645512388174 87
1739612988314 73.45536589850953 88
1739612988324 72.81105022652181 89
1739612988333 72.17343329874448 90
1739612988343 71.54244116188056 91
1739612988353 70.91800070852733 92
1739612988366 70.30003966731105 93
1739612988375 69.68848659313802 94
1739612988384 69.08327085756031 95
1739612988394 68.48432263925511 96
1739612988403 67.89157291461628 97
1739612988413 67.30495344845654 98
1739612988422 66.72439678481939 99
1739612988432 66.14983623789905 100
1739612988441 65.58120588306748 101
1739612988450 65.01844054800704 102
1739612988460 64.4614758039474 103
1739612988470 63.910247957005915 104
1739612988479 63.36469403962976 105
1739612988489 62.82475180213881 106
1739612988499 62.29035970436819 107
1739612988509 61.76145690740912 108
1739612988520 61.23798326544704 109
1739612988530 60.719879317695664 110
1739612988540 60.207086280426154 111
1739612988549 59.69954603908997 112
1739612988559 59.19720114053438 113
1739612988568 58.69999478530977 114
1739612988578 58.20787082006714 115
1739612988587 57.72077373004535 116
1739612988597 57.23864863164659 117
1739612988607 56.76144126509919 118
1739612988616 56.28909798720675 119
1739612988626 55.82156576418262 120
1739612988636 55.358792164568534 121
1739612988646 54.90072535223657 122
1739612988655 54.44731407947345 123
1739612988666 53.99850768014604 124
1739612988676 53.554256062947346 125
1739612988686 53.11450970472178 126
1739612988695 52.67921964386896 127
1739612988704 52.24833747382506 128
1739612988714 51.821815336620716 129
1739612988723 51.39960591651471 130
1739612988733 50.98166243370238 131
1739612988743 50.56793863809809 132
1739612988752 50.15838880319065 133
1739612988761 49.75296771997093 134
1739612988770 49.35163069093094 135
1739612988790 48.95433352413318 136
1739612988799 48.5610325273499 137
1739612988810 48.17168450227102 138
1739612988820 47.78624673878014 139
1739612988829 47.404677009297764 140
1739612988838 47.02693356319096 141
1739612988848 46.652975121248595 142
1739612988858 46.28276087022159 143
1739612988867 45.916250457427005 144
1739612988876 45.55340398541578 145
1739612988885 45.194182006702825 146
1739612988895 44.83854551855901 147
1739612988904 44.48645595786442 148
1739612988913 44.13787519602177 149
1739612988923 43.79276553392966 150
1739612988932 43.45108969701481 151
1739612988943 43.11281083032251 152
1739612988957 42.77789249366469 153
1739612988966 42.446298656824865 154
1739612988976 42.117993694819376 155
1739612988985 41.79294238321419 156
1739612989026 41.47110989349662 157
1739612989041 41.15246178850119 158
1739612989050 40.836964017889414 159
1739612989059 40.52458291368224 160
1739612989069 40.21528518584502 161
1739612989078 39.90903791792436 162
1739612989087 39.605808562735774 163
1739612989097 39.30556493810223 164
1739612989106 39.00827522264234 165
1739612989116 38.713907951608086 166
1739612989126 38.42243201277126 167
1739612989135 38.13381664235805 168
1739612989145 37.848031421031244 169
1739612989154 37.56504626991962 170
1739612989164 37.28483144669363 171
1739612989175 37.00735754168718 172
1739612989184 36.73259547406482 173
1739612989194 36.46051648803372 174
1739612989203 36.191092149100065 175
1739612989213 35.924294340369244 176
1739612989221 35.660095258889314 177
1739612989230 35.39846741203735 178
1739612989240 35.13938361394792 179
1739612989249 34.88281698198355 180
1739612989259 34.62874093324628 181
1739612989268 34.377129181130165 182
1739612989278 34.127955731914106 183
1739612989287 33.88119488139439 184
1739612989296 33.63682121155678 185
1739612989306 33.3948095872874 186
1739612989315 33.15513515312215 187
1739612989325 32.91777333003409 188
1739612989334 32.68269981225833 189
1739612989344 32.449890564154146 190
1739612989354 32.21932181710367 191
1739612989369 31.990970066446877 192
1739612989379 31.76481206845233 193
1739612989389 31.540824837323353 194
1739612989399 31.3189856422392 195
1739612989408 31.099272004430734 196
1739612989418 30.88166169429029 197
1739612989427 30.666132728515283 198
1739612989437 30.452663367285158 199
1739612989446 30.241232111471305 200
1739612989456 30.031817699879564 201
1739612989466 29.824399106524883 202
1739612989476 29.61895553793783 203
1739612989485 29.415466430502477 204
1739612989495 29.213911447825392 205
1739612989505 29.01427047813532 206
1739612989514 28.81652363171318 207
1739612989524 28.62065123835205 208
1739612989533 28.426633844846812 209
1739612989543 28.23445221251299 210
1739612989552 28.044087314734583 211
1739612989562 27.855520334540476 212
1739612989571 27.668732662209084 213
1739612989581 27.483705892900947 214
1739612989593 27.300421824318875 215
1739612989602 27.118862454395366 216
1739612989613 26.939009979007047 217
1739612989623 26.76084678971558 218
1739612989632 26.58435547153508 219
1739612989642 26.40951880072537 220
1739612989652 26.236319742611002 221
1739612989662 26.064741449425714 222
1739612989671 25.8947672581819 223
1739612989681 25.726380688564937 224
1739612989690 25.559565440852005 225
1739612989700 25.394305393855102 226
1739612989709 25.230584602888065 227
1739612989718 25.068387297757162 228
1739612989737 24.90769788077512 229
1739612989747 24.748500924798208 230
1739612989758 24.590781171286167 231
1739612989768 24.43452352838475 232
1739612989779 24.279713069030453 233
1739612989788 24.126335029077346 234
1739612989798 23.974374805445706 235
1739612989808 23.82381795429207 236
1739612989817 23.67465018920065 237
1739612989826 23.526857379395704 238
1739612989835 23.38042554797468 239
1739612989844 23.235340870161917 240
1739612989854 23.09158967158258 241
1739612989863 22.949158426556668 242
1739612989872 22.808033756412847 243
1739612989882 22.668202427821804 244
1739612989891 22.52965135114894 245
1739612989900 22.392367578826303 246
1739612989909 22.256338303743252 247
1739612989918 22.121550857655897 248
1739612989927 21.987992709614947 249
1739612989936 21.855651464411768 250
1739612989946 21.72451486104256 251
1739612989955 21.59457077119024 252
1739612989964 21.465807197723947 253
1739612989974 21.338212273215984 254
1739612989983 21.2117742584759 255
1739612989992 21.08648154110157 256
1739612990004 20.962322634047073 257
1739612990015 20.83928617420716 258
1739612990025 20.71736092101813 259
1739612990034 20.59653575507483 260
1739612990044 20.476799676763772 261
1739612990054 20.358141804912034 262
1739612990065 20.240551375451755 263
1739612990074 20.124017740100175 264
1739612990086 20.008530365054852 265
1739612990099 19.894078829704032 266
1739612990110 19.780652825351947 267
1739612990119 19.668242153958808 268
1739612990129 19.556836726895394 269
1739612990138 19.446426563712052 270
1739612990148 19.33700179092188 271
1739612990158 19.228552640798046 272
1739612990167 19.121069450184926 273
1739612990177 19.01454265932303 274
1739612990186 18.908962810687495 275
1739612990196 18.80432054783996 276
1739612990205 18.700606614293743 277
1739612990215 18.597811852392102 278
1739612990224 18.495927202199418 279
1739612990233 18.394943700405204 280
1739612990243 18.294852479240785 281
1739612990252 18.195644765408407 282
1739612990261 18.097311879022755 283
1739612990271 17.99984523256467 284
1739612990281 17.903236329846916 285
1739612990290 17.807476764991847 286
1739612990300 17.712558221420956 287
1739612990310 17.61847247085592 288
1739612990319 17.525211372331295 289
1739612990328 17.432766871218487 290
1739612990337 17.34113099826103 291
1739612990347 17.25029586862093 292
1739612990356 17.160253680936002 293
1739612990366 17.070996716388073 294
1739612990379 16.982517337781893 295
1739612990389 16.89480798863464 296
1739612990399 16.807861192275922 297
1739612990411 16.72166955095812 298
1739612990420 16.63622574497693 299
1739612990430 16.551522531802085 300
1739612990440 16.46755274521801 301
1739612990449 16.384309294474384 302
1739612990459 16.30178516344644 303
1739612990468 16.219973409804943 304
1739612990478 16.13886716419568 305
1739612990487 16.058459629428363 306
1739612990497 15.978744079674879 307
1739612990507 15.8997138596767 308
1739612990516 15.821362383961452 309
1739612990526 15.743683136068386 310
1739612990535 15.666669667782815 311
1739612990545 15.590315598379265 312
1739612990555 15.514614613873396 313
1739612990565 15.439560466282378 314
1739612990575 15.365146972893852 315
1739612990584 15.291368015543208 316
1739612990594 15.21821753989916 317
1739612990604 15.145689554757494 318
1739612990613 15.073778131342959 319
1739612990625 15.002477402619052 320
1739612990634 14.931781562605783 321
1739612990644 14.861684865705241 322
1739612990653 14.79218162603483 323
1739612990673 14.723266216768163 324
1739612990682 14.654933069483539 325
1739612990693 14.587176673519759 326
1739612990703 14.51999157533941 327
1739612990713 14.453372377899386 328
1739612990722 14.387313740028592 329
1739612990732 14.321810375812767 330
1739612990742 14.256857053986336 331
1739612990751 14.192448597331214 332
1739612990760 14.128579882082429 333
1739612990770 14.06524583734061 334
1739612990780 14.002441444491094 335
1739612990789 13.940161736629719 336
1739612990798 13.878401797995112 337
1739612990808 13.817156763407512 338
1739612990817 13.75642181771396 339
1739612990827 13.696192195239778 340
1739612990836 13.636463179246363 341
1739612990846 13.577230101395108 342
1739612990855 13.51848834121745 343
1739612990864 13.460233325590936 344
1739612990874 13.402460528221273 345
1739612990883 13.345165469130258 346
1739612990893 13.288343714149542 347
1739612990902 13.231990874420138 348
1739612990912 13.176102605897627 349
1739612990921 13.120674608862997 350
1739612990931 13.065702627439029 351
1739612990942 13.01118244911219 352
1739612990951 12.957109904259939 353
1739612990961 12.903480865683425 354
1739612990970 12.850291248145457 355
1739612990980 12.797537007913764 356
1739612990989 12.745214142309386 357
1739612990998 12.69331868926022 358
1739612991008 12.641846726859637 359
1739612991017 12.59079437293007 360
1739612991027 12.540157784591587 361
1739612991036 12.489933157835296 362
1739612991046 12.440116727101655 363
1739612991055 12.390704764863498 364
1739612991065 12.341693581213836 365
1739612991075 12.293079523458264 366
1739612991084 12.244858975712017 367
1739612991094 12.197028358501582 368
1739612991103 12.149584128370806 369
1739612991113 12.10252277749147 370
1739612991122 12.055840833278223 371
1739612991132 12.009534858007957 372
1739612991142 11.963601448443374 373
1739612991151 11.918037235460893 374
1739612991161 11.872838883682682 375
1739612991170 11.828003091112903 376
1739612991180 11.783526588778043 377
1739612991189 11.739406140371273 378
1739612991199 11.69563854190088 379
1739612991209 11.652220621342584 380
1739612991218 11.609149238295839 381
1739612991228 11.566421283643967 382
1739612991238 11.524033679218142 383
1739612991247 11.481983377465154 384
1739612991257 11.440267361118877 385
1739612991266 11.398882642875519 386
1739612991276 11.357826265072395 387
1739612991285 11.317095299370427 388
1739612991295 11.276686846440223 389
1739612991304 11.236598035651523 390
1739612991314 11.196826024766327 391
1739612991323 11.157367999635387 392
1739612991333 11.118221173898043 393
1739612991343 11.079382788685571 394
1739612991353 11.040850112327712 395
1739612991363 11.002620440062618 396
1739612991375 10.964691093749938 397
1739612991384 10.927059421587227 398
1739612991394 10.889722797829448 399
1739612991404 10.85267862251165 400
1739612991413 10.815924321174766 401
1739612991423 10.779457344594444 402
1739612991432 10.743275168512959 403
1739612991442 10.707375293374087 404
1739612991451 10.671755244060959 405
1739612991461 10.63641256963681 406
1739612991470 10.601344843088702 407
1739612991480 10.566549661074047 408
1739612991489 10.532024643669951 409
1739612991499 10.497767434125437 410
1739612991508 10.463775698616347 411
1739612991518 10.430047126003 412
1739612991528 10.396579427590593 413
1739612991537 10.363370336892228 414
1739612991547 10.330417609394587 415
1739612991557 10.297719022326246 416
1739612991566 10.265272374428536 417
1739612991576 10.233075485728964 418
1739612991585 10.201126197317153 419
1739612991595 10.169422371123323 420
1739612991604 10.13796188969913 421
1739612991623 10.10674265600103 422
1739612991633 10.075762593176046 423
1739612991643 10.04501964434986 424
1739612991653 10.014511772417322 425
1739612991663 9.984236959835176 426
1739612991672 9.95419320841729 427
1739612991681 9.924378539131904 428
1739612991690 9.894790991901315 429
1739612991700 9.865428625403714 430
1739612991709 9.83628951687719 431
1739612991719 9.807371761925975 432
1739612991732 9.778673474328768 433
1739612991743 9.750192785849208 434
1739612991753 9.721927846048457 435
1739612991763 9.69387682209983 436
1739612991774 9.666037898605484 437
1739612991783 9.638409277415123 438
1739612991793 9.610989177446719 439
1739612991803 9.583775834509217 440
1739612991813 9.556767501127167 441
1739612991822 9.529962446367326 442
1739612991831 9.503358955667146 443
1739612991841 9.476955330665158 444
1739612991850 9.450749889033238 445
1739612991860 9.424740964310692 446
1739612991869 9.398926905740206 447
1739612991879 9.373306078105559 448
1739612991888 9.347876861571157 449
1739612991897 9.322637651523298 450
1739612991907 9.297586858413224 451
1739612991916 9.272722907601844 452
1739612991926 9.248044239206207 453
1739612991935 9.223549307947634 454
1739612991945 9.19923658300154 455
1739612991954 9.175104547848848 456
1739612991963 9.151151700129105 457
1739612991973 9.127376551495166 458
1739612991982 9.103777627469476 459
1739612991992 9.080353467301917 460
1739612992001 9.05710262382922 461
1739612992012 9.034023663335915 462
1739612992022 9.011115165416802 463
1739612992031 8.988375722840912 464
1739612992041 8.965803941416969 465
1739612992050 8.94339843986033 466
1739612992060 8.921157849661327 467
1739612992069 8.899080814955099 468
1739612992079 8.877165992392834 469
1739612992088 8.85541205101438 470
1739612992097 8.833817672122294 471
1739612992107 8.812381549157204 472
1739612992116 8.791102387574593 473
1739612992128 8.769978904722866 474
1739612992138 8.749009829722748 475
1739612992148 8.728193903348071 476
1739612992157 8.707529877907715 477
1739612992167 8.687016517128978 478
1739612992177 8.666652596042102 479
1739612992186 8.646436900866119 480
1739612992196 8.626368228895878 481
1739612992206 8.60644538839035 482
1739612992215 8.586667198462116 483
1739612992225 8.567032488968053 484
1739612992235 8.547540100401191 485
1739612992245 8.528188883783788 486
1739612992254 8.508977700561465 487
1739612992264 8.489905422498603 488
1739612992274 8.470970931574787 489
1739612992284 8.452173119882387 490
1739612992294 8.43351088952524 491
1739612992303 8.414983152518465 492
1739612992313 8.396588830689309 493
1739612992322 8.378326855579054 494
1739612992331 8.360196168346047 495
1739612992341 8.342195719669686 496
1739612992351 8.32432446965552 497
1739612992360 8.306581387741293 498
1739612992369 8.288965452604074 499
