1739556314032 164.5985741793465 0
1739556314045 159.03355602111785 1
1739556314058 154.39970500943278 2
1739556314071 143.95384505252179 3
1739556314084 145.9956243937788 4
1739556314098 139.5971332724841 5
1739556314112 141.8389473570761 6
1739556314125 135.46299861203804 7
1739556314138 134.01849154896613 8
1739556314151 126.17960239310949 9
1739556314165 118.42196257747442 10
1739556314179 119.03272915573642 11
1739556314202 115.0482398670032 12
1739556314225 116.60120804613129 13
1739556314244 111.12239987707756 14
1739556314266 109.1240131575743 15
1739556314287 103.83639868103121 16
1739556314308 101.85016107917293 17
1739556314330 98.13485305287952 18
1739556314348 97.56011775860615 19
1739556314363 93.5516973643338 20
1739556314378 94.39926454418998 21
1739556314393 88.62874848149647 22
1739556314408 89.02193333850096 23
1739556314422 82.39484536518721 24
1739556314436 85.15741225736052 25
1739556314450 84.00832141971345 26
1739556314464 80.90432879567305 27
1739556314480 78.5620698470228 28
1739556314516 74.97426509390075 29
1739556314532 73.39674288885479 30
1739556314547 70.96888098002246 31
1739556314561 73.26514884032258 32
1739556314575 70.29466444155821 33
1739556314589 68.09025941524885 34
1739556314651 63.301871180569805 35
1739556314672 62.558644134261456 36
1739556314688 63.0421831613621 37
1739556314702 60.985843391775944 38
1739556314717 61.44015663991736 39
1739556314731 60.38168572400979 40
1739556314747 58.2208211092614 41
1739556314761 58.20549044033237 42
1739556314776 53.24641751412123 43
1739556314790 53.42231673855697 44
1739556314804 56.179137842751345 45
1739556314818 53.32790943673439 46
1739556314833 50.20383605437674 47
1739556314847 51.77801668428088 48
1739556314861 47.6794883230615 49
1739556314876 44.10905636324301 50
1739556314890 46.82205947788988 51
1739556314904 43.09247650294696 52
1739556314918 48.27526441805335 53
1739556314932 48.595530409615556 54
1739556314946 45.86504351010788 55
1739556314960 43.725709478180455 56
1739556314973 43.50218331331412 57
1739556314987 45.246886560621306 58
1739556315001 41.353884369877235 59
1739556315016 39.3805806347612 60
1739556315029 47.95920567608871 61
1739556315043 36.87741782080259 62
1739556315057 32.9802458948893 63
1739556315070 41.98302778242883 64
1739556315083 31.2180260998349 65
1739556315096 31.137666489618496 66
1739556315110 33.4522072086283 67
1739556315124 33.140505816795724 68
1739556315138 36.293266616645205 69
1739556315151 34.42707891816185 70
1739556315165 35.52016108799027 71
1739556315179 33.18277037001036 72
1739556315194 33.028218200070675 73
1739556315210 30.57891247155049 74
1739556315227 35.15142749831756 75
1739556315243 31.806672273928385 76
1739556315261 28.17503714492386 77
1739556315275 23.88339547030284 78
1739556315289 28.44888644712535 79
1739556315302 28.5851145718361 80
1739556315316 29.622226213768908 81
1739556315330 30.122457236712233 82
1739556315344 28.399369510836458 83
1739556315358 26.924543011691416 84
1739556315372 29.4564639652059 85
1739556315385 18.560353590152587 86
1739556315400 23.533310608749527 87
1739556315414 26.250621442586056 88
1739556315428 24.944306125788454 89
1739556315442 23.471267020321722 90
1739556315456 22.80989422506031 91
1739556315470 28.22156697813944 92
1739556315484 21.40463982058959 93
1739556315498 19.57714638281202 94
1739556315513 27.88944183046576 95
1739556315527 20.357227172738888 96
1739556315541 24.001688852801113 97
1739556315553 17.420239181392777 98
1739556315565 30.11826595954269 99
1739556315577 21.323917582555815 100
1739556315589 28.23896140252465 101
1739556315603 22.628464710126725 102
1739556315615 19.030787182071585 103
1739556315627 20.26907814965939 104
1739556315640 21.950123522572618 105
1739556315652 24.908585918636742 106
1739556315665 19.3866722962051 107
1739556315677 22.322885977837853 108
1739556315688 22.86243579340128 109
1739556315701 20.488834101459663 110
1739556315713 19.76205829385443 111
1739556315726 25.57910750937642 112
1739556315738 22.862167452426373 113
1739556315751 23.020891191583008 114
1739556315764 18.032126588665136 115
1739556315776 19.554281457610614 116
1739556315788 20.193271600500577 117
1739556315801 17.41479910294432 118
1739556315813 17.15851085825139 119
1739556315825 20.523514214635874 120
1739556315841 22.499964584695107 121
1739556315857 20.658056387559178 122
1739556315876 17.831253132432156 123
1739556315900 21.62140086192158 124
1739556315929 25.443058689007035 125
1739556315955 22.70426410981966 126
1739556315976 19.10781998224372 127
1739556315993 20.837877465452408 128
1739556316008 17.0981259126344 129
1739556316024 19.64556946384955 130
1739556316038 15.835042985861081 131
1739556316053 22.420106373400962 132
1739556316069 22.96034808254914 133
1739556316084 20.91060029503242 134
1739556316099 19.14787628588544 135
1739556316115 15.587589075207962 136
1739556316134 21.54897552779118 137
1739556316159 20.841419870816196 138
1739556316179 19.051705642038755 139
1739556316198 17.903934649860645 140
1739556316215 23.205168689159088 141
1739556316254 15.23293730846641 142
1739556316274 18.450904049923107 143
1739556316295 13.527539089102259 144
1739556316315 14.30683016039065 145
1739556316333 17.933068683682006 146
1739556316352 19.26560201544135 147
1739556316370 13.856611022703072 148
1739556316390 19.22055158503394 149
1739556316408 16.00686972575165 150
1739556316427 15.757922267415791 151
1739556316444 20.485857454954186 152
1739556316462 16.54685446699006 153
1739556316481 19.480208528269042 154
1739556316500 14.206996793033579 155
1739556316520 21.377641998082876 156
1739556316538 17.082483717010792 157
1739556316555 15.665367705333551 158
1739556316572 13.70628423460923 159
1739556316588 14.82343189626191 160
1739556316605 13.74227465212779 161
1739556316623 11.648257052604892 162
1739556316640 13.622303459925826 163
1739556316658 16.87944439695801 164
1739556316675 16.34946273515774 165
1739556316693 16.752576865057385 166
1739556316710 14.99341058168005 167
1739556316726 13.962615052671532 168
1739556316743 16.063531950606137 169
1739556316761 13.733300825837064 170
1739556316780 18.58092513900153 171
1739556316803 18.772842671008362 172
1739556316820 14.205141601719502 173
1739556316836 13.28379253393401 174
1739556316853 13.556650083852182 175
1739556316870 15.106249531672118 176
1739556316886 16.448387678625448 177
1739556316902 11.217428091650465 178
1739556316919 14.95676141107593 179
1739556316935 11.277582736604108 180
1739556316950 14.868220910082583 181
1739556316964 17.348799426299873 182
1739556316978 12.423203145947273 183
1739556316991 16.87891656967124 184
1739556317004 12.188557266562098 185
1739556317018 18.13434785111919 186
1739556317031 13.836598723157906 187
1739556317044 14.454655584034914 188
1739556317058 15.234085444329958 189
1739556317072 18.08234262505146 190
1739556317086 15.382871937023198 191
1739556317101 17.658035737391437 192
1739556317114 12.42493735545149 193
1739556317129 12.546100825307747 194
1739556317143 17.562599572472248 195
1739556317158 12.741696765002557 196
1739556317174 13.090280445359094 197
1739556317191 13.948469936529161 198
1739556317206 14.007098575208023 199
1739556317220 14.575047454602112 200
1739556317234 17.90902081518244 201
1739556317248 14.115219665904425 202
1739556317262 10.623165673992546 203
1739556317276 16.514376219229934 204
1739556317291 16.42381027343934 205
1739556317304 15.206769092020584 206
1739556317318 16.300338642980414 207
1739556317331 18.867829195922027 208
1739556317345 15.488949650004667 209
1739556317359 13.819099615643816 210
1739556317372 14.834785209394896 211
1739556317386 17.42332608801848 212
1739556317399 12.569612100436972 213
1739556317415 15.099930834737355 214
1739556317428 14.632927995795649 215
1739556317442 20.52470640454085 216
1739556317456 12.229836153608007 217
1739556317470 12.06516167037765 218
1739556317484 13.231195319541916 219
1739556317498 21.04653265149714 220
1739556317512 14.266410477539068 221
1739556317526 9.322611643990086 222
1739556317540 17.80535163224735 223
1739556317553 12.697580672349664 224
1739556317568 20.13716409059257 225
1739556317581 17.266664267348478 226
1739556317595 13.347488510858769 227
1739556317608 17.986378625140443 228
1739556317622 16.475861181306918 229
1739556317635 17.9777478918928 230
1739556317648 16.43371446310645 231
1739556317663 14.560501862670815 232
1739556317678 16.081000858283797 233
1739556317692 13.324180560597476 234
1739556317707 10.033705002609464 235
1739556317722 14.909603903653672 236
1739556317737 15.92335904493224 237
1739556317752 17.171753833299395 238
1739556317768 18.142244210755898 239
1739556317783 17.489845110730197 240
1739556317796 17.53209910524264 241
1739556317810 17.246157031030314 242
1739556317824 11.65634045301714 243
1739556317838 13.93224516750753 244
1739556317851 6.306729266601698 245
1739556317864 13.119690364117641 246
1739556317876 15.757763471382985 247
1739556317888 16.691708583648317 248
1739556317900 11.30115972492712 249
1739556317912 12.248007407559854 250
1739556317924 17.58064304222205 251
1739556317936 17.33888022757283 252
1739556317948 9.899825106834136 253
1739556317960 12.783131287510065 254
1739556317972 15.630108903611815 255
1739556317985 11.596757327970527 256
1739556317997 10.293295580479048 257
1739556318010 15.273579958646033 258
1739556318021 14.72374341068652 259
1739556318032 12.232050712911144 260
1739556318044 12.196898812401276 261
1739556318055 19.79815404383196 262
1739556318066 15.651365224136889 263
1739556318077 13.44688418993647 264
1739556318088 16.3394321086338 265
1739556318099 18.023985960859804 266
1739556318110 12.004897989999877 267
1739556318120 16.95515037452755 268
1739556318132 13.866780858372413 269
1739556318142 17.204113576955166 270
1739556318153 16.673532537830557 271
1739556318164 14.769019068610476 272
1739556318175 17.57226836928992 273
1739556318185 15.693225824538683 274
1739556318196 14.632111458323605 275
1739556318207 16.415294701934478 276
1739556318217 13.418261901441884 277
1739556318228 12.206265287416942 278
1739556318238 15.34008295253546 279
1739556318249 12.744495218649456 280
1739556318260 15.654850270524449 281
1739556318274 18.34197940341133 282
1739556318285 16.618791649428207 283
1739556318295 18.689767746407277 284
1739556318305 12.939617168983135 285
1739556318314 13.323052862305078 286
1739556318324 17.767750330315874 287
1739556318334 16.794928083998112 288
1739556318344 20.60456267032547 289
1739556318353 9.652469096779857 290
1739556318363 13.28493800433969 291
1739556318373 14.610090068969484 292
1739556318384 11.936726014815633 293
1739556318394 12.402977743946396 294
1739556318404 12.444834172090522 295
1739556318414 11.289586178093241 296
1739556318424 11.485844428094637 297
1739556318433 10.194518849006679 298
1739556318443 16.339397817447935 299
1739556318453 15.597775471562523 300
1739556318463 9.442609552688772 301
1739556318472 16.212253673651258 302
1739556318483 11.562961081561335 303
1739556318493 16.27998400496647 304
1739556318502 16.258642365840934 305
1739556318512 13.552249103452267 306
1739556318522 12.05528914923165 307
1739556318532 16.92357631495659 308
1739556318542 17.45091742471204 309
1739556318551 13.597483217648062 310
1739556318561 16.06980194035196 311
1739556318571 14.827369663790849 312
1739556318581 11.131942964024342 313
1739556318591 14.498317422214761 314
1739556318601 13.171558387137685 315
1739556318611 15.98858515611772 316
1739556318621 14.555471428374371 317
1739556318630 14.364973819797 318
1739556318640 17.894729953405346 319
1739556318650 15.83810573389526 320
1739556318660 14.738729986994384 321
1739556318669 15.135060245913468 322
1739556318679 20.528866131396143 323
1739556318689 16.47351475897055 324
1739556318699 11.414027877909772 325
1739556318709 21.34165196746355 326
1739556318718 15.820631106124802 327
1739556318728 15.941623058925941 328
1739556318737 13.417648097930535 329
1739556318747 17.912681269973955 330
1739556318757 16.017874764244006 331
1739556318767 18.950513009672953 332
1739556318777 17.581591922324787 333
1739556318787 16.969804081423064 334
1739556318797 11.46909097463342 335
1739556318807 12.208941885443462 336
1739556318817 17.780008608123616 337
1739556318827 16.12243430243099 338
1739556318836 15.498012995105917 339
1739556318846 14.573493747504502 340
1739556318856 14.847440948307426 341
1739556318867 9.8173337300399 342
1739556318898 16.264448889156853 343
1739556318916 15.752875182952971 344
1739556318934 17.612494876899348 345
1739556318945 13.628869218934987 346
1739556318956 14.369192049944116 347
1739556318967 8.939502838234148 348
1739556318978 13.597534010066386 349
1739556318988 17.234444787444087 350
1739556319000 14.37083183837596 351
1739556319011 15.682222560707737 352
1739556319021 16.863313484350858 353
1739556319032 13.210588194122888 354
1739556319043 14.379153654856584 355
1739556319054 12.07773795606897 356
1739556319064 8.962421534008483 357
1739556319075 13.283220797628422 358
1739556319086 15.470977401713267 359
1739556319097 12.912288853495902 360
1739556319107 12.88856626223278 361
1739556319118 10.192110852903415 362
1739556319129 17.722328787731694 363
1739556319140 16.466022177197384 364
1739556319151 12.561324166471737 365
1739556319162 18.657724378994484 366
1739556319172 15.434220703524389 367
1739556319183 17.87739787663113 368
1739556319194 17.48419999460892 369
1739556319205 15.104442735480353 370
1739556319216 11.10612722690211 371
1739556319227 15.460027695962362 372
1739556319236 12.818540248161414 373
1739556319246 13.492635960349151 374
1739556319256 13.361308025625547 375
1739556319266 12.503897195598976 376
1739556319278 17.00069144916895 377
1739556319288 15.971112918825154 378
1739556319298 13.57789254977115 379
1739556319307 19.40805125935187 380
1739556319317 12.403176833791305 381
1739556319327 18.724658116439127 382
1739556319336 14.322666666054745 383
1739556319346 12.517608938415112 384
1739556319356 14.270435089262213 385
1739556319365 15.888236703648962 386
1739556319375 14.506567324980598 387
1739556319384 15.15469930336614 388
1739556319394 14.150170936484326 389
1739556319404 15.98788675413905 390
1739556319414 13.561747050423664 391
1739556319424 13.850126144873249 392
1739556319434 9.340266400427026 393
1739556319444 9.801843264136211 394
1739556319453 16.37886339289282 395
1739556319463 16.93449665117309 396
1739556319473 10.338478884396407 397
1739556319483 12.577222876961134 398
1739556319493 13.739468413657209 399
1739556319502 12.666298026517525 400
1739556319512 10.806695403556528 401
1739556319522 11.507564936685322 402
1739556319531 8.416084073232538 403
1739556319542 12.647079985040591 404
1739556319552 13.30802934317896 405
1739556319562 13.364796462465568 406
1739556319572 14.386669160669467 407
1739556319582 12.868673610275811 408
1739556319593 11.97518078883121 409
1739556319603 10.491737941876119 410
1739556319612 11.83398994686063 411
1739556319622 10.77838256997467 412
1739556319632 14.20397127422754 413
1739556319642 13.901186180293546 414
1739556319652 14.776471343882685 415
1739556319662 11.701899744217522 416
1739556319672 19.903009152917235 417
1739556319682 13.614310495260076 418
1739556319693 11.666426392505516 419
1739556319703 18.776130362918696 420
1739556319713 9.976359686926099 421
