1739554503248 0.24499762292700575 0
1739554503286 0.5234923859345347 1
1739554503323 0.8367965242593923 2
1739554503359 0.6118345367069722 3
1739554503396 0.0010041126742585955 4
1739554503433 0.5177370372488475 5
1739554503470 0.13913521694930236 6
1739554503507 1.5125360492559867 7
1739554503543 0.6404607500923071 8
1739554503581 0.2103333676728111 9
1739554503618 0.04458393098553615 10
1739554503655 1.1364403352753731 11
1739554503692 0.0023754068619739883 12
1739554503728 1.3930044982389407 13
1739554503766 0.16750532820544975 14
1739554503802 0.6659076670724715 15
1739554503839 0.3940293534773419 16
1739554503876 0.006108938942059625 17
1739554503913 0.19623075392724276 18
1739554503952 1.7366728267990248 19
1739554503993 1.485707307238976 20
1739554504032 0.4686571075340503 21
1739554504070 0.21317709410993146 22
1739554504108 2.2204686201349007 23
1739554504146 0.3934669708027733 24
1739554504183 0.0807638293258848 25
1739554504220 3.061091229489675 26
1739554504256 0.5008877368023927 27
1739554504294 0.15203269762990435 28
1739554504332 0.16261528056492794 29
1739554504369 1.0568574924348253 30
1739554504406 0.08648161667766287 31
1739554504443 0.5539141406318832 32
1739554504483 0.2592293032726102 33
1739554504519 0.46075387087849395 34
1739554504556 5.275195296994196 35
1739554504592 0.186268131483748 36
1739554504628 1.012778518832105 37
1739554504694 1.963787381148967 38
1739554504736 1.4983831364330849 39
1739554504775 0.00029988735231484894 40
1739554504815 2.149582439250232 41
1739554504854 0.12777650220406325 42
1739554504894 0.16242247828730344 43
1739554504933 0.5893488265321019 44
1739554504972 0.011965400779720884 45
1739554505012 0.09850958624576488 46
1739554505050 3.3964722071186157 47
1739554505087 0.08677885040946101 48
1739554505124 0.02077728828939023 49
1739554505162 0.4743293333697181 50
1739554505199 0.015443316385483992 51
1739554505236 4.740089081392738 52
1739554505272 0.31346330929011706 53
1739554505309 0.10343409480386927 54
1739554505346 0.021382725838843257 55
1739554505384 0.0019047024752836487 56
1739554505421 2.0709352166230786 57
1739554505458 0.01311622405464565 58
1739554505495 0.1499263636492189 59
1739554505531 1.050143100245395 60
1739554505568 1.9946127114265408 61
1739554505605 0.4793318541921451 62
1739554505641 0.14958920247805257 63
1739554505678 0.02123943188033707 64
1739554505714 0.3182537811258685 65
1739554505750 0.07778851375623123 66
1739554505787 0.10689809709057532 67
1739554505824 0.07105961190139622 68
1739554505860 0.01734754715318735 69
1739554505897 0.20428082385145838 70
1739554505934 0.0019467608224317948 71
1739554505970 0.1315974125073785 72
1739554506007 0.1825263459190977 73
1739554506044 0.36806205021796207 74
1739554506082 1.749872910072105 75
1739554506123 4.033978270991885 76
1739554506162 0.03993707015139318 77
1739554506203 0.11252722958011192 78
1739554506242 4.3428581285457835 79
1739554506281 2.2398514271665584 80
1739554506320 0.19860053641446562 81
1739554506359 0.9531840860476302 82
1739554506396 1.0188746763795173 83
1739554506433 0.40837758137429414 84
1739554506469 1.9185265864090735 85
1739554506507 0.699104647903441 86
1739554506544 1.0192557103709157 87
1739554506582 0.18168656548476483 88
1739554506619 0.002112214922987879 89
1739554506656 0.5740289819480202 90
1739554506694 0.23464709838897158 91
1739554506730 6.563240654300652 92
1739554506767 0.8465830088953016 93
1739554506805 0.9937000528638072 94
1739554506842 0.3823715494677982 95
1739554506878 3.0759077298810924 96
1739554506915 1.050188644533571e-06 97
1739554506952 2.767889011470022 98
1739554506989 0.47938135544005145 99
1739554507026 1.460633796807546 100
1739554507062 0.09141924419738129 101
1739554507098 0.34582165864035697 102
1739554507135 0.28967074584449204 103
1739554507172 4.842356169096018 104
1739554507208 0.008867273838411644 105
1739554507246 0.9074240246977867 106
1739554507282 0.004002969826019224 107
1739554507319 0.4279777686674481 108
1739554507362 3.99190859987493 109
1739554507399 0.5037889107668376 110
1739554507436 0.013261439420970538 111
1739554507472 1.489117831161689 112
1739554507509 0.257477488575114 113
1739554507545 4.2095588573860185 114
1739554507582 0.048140907620865515 115
1739554507619 0.022502061433045777 116
1739554507655 0.8043668013359673 117
1739554507692 0.03769899657029093 118
1739554507729 1.1003824672533102 119
1739554507766 1.2355208624833354 120
1739554507802 0.4786098558139947 121
1739554507839 0.08340849348016535 122
1739554507876 0.02375580878453594 123
1739554507913 0.4355650852651311 124
1739554507950 0.00024192905500037418 125
1739554507987 5.2241602927288895 126
1739554508024 0.6012234615814948 127
1739554508061 0.0512142607466193 128
1739554508098 2.050856054393508 129
1739554508136 5.276890344018852 130
1739554508174 2.1215302114298367 131
1739554508212 0.04475832360364416 132
1739554508250 0.7614114500572685 133
1739554508287 2.1188159752777227 134
1739554508324 0.9843852871543836 135
1739554508362 0.6022228255553599 136
1739554508398 1.7168649897167094 137
1739554508435 0.26305301317703517 138
1739554508472 1.509235623576558 139
1739554508509 4.107007436616894e-05 140
1739554508546 3.966759358845149 141
1739554508583 2.7226857064678884 142
1739554508620 0.6055748269865873 143
1739554508658 0.6590273785620455 144
1739554508696 0.004661065111995272 145
1739554508733 0.12117281529828582 146
1739554508770 0.003554260372247408 147
1739554508807 0.10794460597987196 148
1739554508844 0.4914069774807186 149
1739554508882 0.4632579694706588 150
1739554508919 0.030830067308202966 151
1739554508957 0.37811195623848876 152
1739554508993 0.9667588077037816 153
1739554509030 1.2763748927384229 154
1739554509067 5.6301382610361665 155
1739554509103 6.761730596823388 156
1739554509140 1.3574816383143564 157
1739554509176 0.015214612208679658 158
1739554509213 0.30626006433455744 159
1739554509250 0.01819218555356593 160
1739554509286 0.09450913651631634 161
1739554509323 0.25828038704146294 162
1739554509360 0.8580663911884971 163
1739554509396 0.35384019449940524 164
1739554509433 0.5353460586575269 165
1739554509469 1.082791025884848 166
1739554509505 4.51075870580957 167
1739554509541 0.9426410774991039 168
1739554509576 0.06626108292407108 169
1739554509611 0.31829092675860604 170
1739554509648 3.1564884387369916 171
1739554509687 0.025571907143151492 172
1739554509724 0.5830119403791829 173
1739554509761 0.633464524071893 174
1739554509798 0.44088815655287156 175
1739554509834 0.9048483705654216 176
1739554509869 3.546585265769493 177
1739554509905 0.45335493287507694 178
1739554509940 2.305045749996935 179
1739554509977 0.7480200450307832 180
1739554510012 0.5404142990288732 181
1739554510048 0.008708591385558828 182
1739554510085 1.4963851316793728 183
1739554510121 0.7093370472929307 184
1739554510157 0.012899441679790945 185
1739554510193 8.364473570066957 186
1739554510228 0.09111573071097016 187
1739554510263 0.15033554096520982 188
1739554510300 0.17301230927681607 189
1739554510337 0.03953254595714624 190
1739554510375 1.514426511412425 191
1739554510412 1.0254944313167438 192
1739554510448 0.9982545060101047 193
1739554510485 0.0003716779075837916 194
1739554510522 0.8089737773662307 195
1739554510558 0.3405412456472982 196
1739554510594 3.496180150096168 197
1739554510628 1.2973222201408485 198
1739554510665 0.17003185761227357 199
1739554510701 0.3679515439232289 200
1739554510736 0.9202676897769295 201
1739554510772 1.851599011181317 202
1739554510807 0.054430687855308836 203
1739554510842 3.9770007530710827 204
1739554510879 1.9312674324848467 205
1739554510913 1.4230375265844453 206
1739554510949 1.2848177832887686 207
1739554510984 0.17608986005997987 208
1739554511020 0.20330715455026502 209
1739554511055 0.4038874650506133 210
1739554511091 0.965642021452658 211
1739554511127 4.041918769145593 212
1739554511162 0.41079217123519984 213
1739554511198 0.2014419753595106 214
1739554511232 0.39181532819031584 215
1739554511268 0.05947212176887655 216
1739554511304 0.005615116076518592 217
1739554511339 1.3300261614367928 218
1739554511375 0.7681342800590032 219
1739554511411 2.506682023862914 220
1739554511446 1.9546135778523814 221
1739554511481 0.986780462189917 222
1739554511517 0.011453905022441233 223
1739554511553 0.4816598638184127 224
1739554511589 6.618111153146121 225
1739554511623 37.02410569528335 226
1739554511659 4.8218975196490055 227
1739554511695 0.02989555178131208 228
1739554511730 0.6932355287180842 229
1739554511765 1.5619273720972322 230
1739554511801 0.9615456809118051 231
1739554511836 1.2072389018523806 232
1739554511872 2.1456914123184077 233
1739554511909 0.012177150778296317 234
1739554511944 0.5813154652624793 235
1739554511980 0.6266793053508317 236
1739554512016 0.3849303094894932 237
1739554512051 2.3081795398421647 238
1739554512087 0.009415971435179893 239
1739554512123 0.005847742902745005 240
1739554512158 0.04798102180777292 241
1739554512193 0.24716121246152298 242
1739554512229 0.12514446338286067 243
1739554512264 0.04406078953967344 244
1739554512300 1.0606350709189354 245
1739554512335 0.791768514086107 246
1739554512371 0.4199986810971623 247
1739554512408 21.23156346865242 248
1739554512444 0.7531538644901603 249
1739554512482 9.4731070544284 250
1739554512519 0.33889368210709536 251
1739554512556 0.4017883871649071 252
1739554512593 1.2865325721145688 253
1739554512629 0.26435179693094857 254
1739554512664 24.757790490175015 255
1739554512700 0.5224165054619367 256
1739554512735 0.4267454082449267 257
1739554512771 1.3062931869708232 258
1739554512807 0.011744152567761245 259
1739554512842 3.651236645566145 260
1739554512877 0.7332573474220053 261
1739554512913 1.0224482979213834 262
1739554512948 1.607912225635923 263
1739554512984 0.10568230152476864 264
1739554513019 0.5139497642046232 265
1739554513054 0.18794582399190668 266
1739554513089 0.3246838126054359 267
1739554513125 1.1912643080216783 268
1739554513160 0.009249795847775017 269
1739554513195 0.4421320132414054 270
1739554513230 0.02400132011701926 271
1739554513265 0.43379235805976185 272
1739554513301 0.20717560046182482 273
1739554513337 0.0008627634173151871 274
1739554513372 0.9095163777084024 275
1739554513408 3.1153983295443037 276
1739554513442 0.3015057536969873 277
1739554513478 0.02268225651468188 278
1739554513514 1.0969066442833557 279
1739554513549 0.029452526020846224 280
1739554513584 0.3974245077046932 281
1739554513620 0.24704142297557613 282
1739554513655 0.014999631323021505 283
1739554513690 1.230166700634668 284
1739554513726 7.2492460442729065 285
1739554513761 1.0730941145896216 286
1739554513796 1.0686453511023586 287
1739554513832 0.9641900575146762 288
1739554513867 0.06234869246451876 289
1739554513902 0.929383073975976 290
1739554513937 0.7131976262321337 291
1739554513973 1.7188148216262027 292
1739554514008 1.925107467782832 293
1739554514044 0.0034771374462510547 294
1739554514079 0.07524339442280564 295
1739554514114 2.203390351036161 296
1739554514149 1.3988298996251716 297
1739554514184 0.675534185827334 298
1739554514220 2.8966785822486787 299
1739554514254 0.8847810140277229 300
1739554514290 0.01343658914648254 301
1739554514326 0.01573225152089698 302
1739554514360 6.008456371232381 303
1739554514394 1.2006845990321564 304
1739554514430 1.0187683288889027 305
1739554514465 0.01416443455298252 306
1739554514500 4.082767516231714 307
1739554514538 0.3803675673454086 308
1739554514575 0.6796809798060311 309
1739554514612 0.2034459725747113 310
1739554514649 0.09278279918250848 311
1739554514685 1.2825901433073987 312
1739554514721 0.0603946511191073 313
1739554514756 1.0519921653237976 314
1739554514792 6.863241296115446 315
1739554514827 0.9238729208230962 316
1739554514862 0.9599395268707923 317
1739554514897 0.10379841274557919 318
1739554514932 0.7763736922032075 319
1739554514967 2.304010318592245 320
1739554515003 0.757215532035072 321
1739554515038 0.1560025879071511 322
1739554515073 1.841805209568349 323
1739554515108 0.00716376776634772 324
1739554515144 8.668560031384827 325
1739554515179 0.2694749573443032 326
1739554515214 0.30527948540055816 327
1739554515250 0.08113164096168651 328
1739554515284 2.674821592773727 329
1739554515319 1.2474630985468333 330
1739554515355 0.673768200687146 331
1739554515390 3.89850139165452 332
1739554515425 1.813095328961608 333
1739554515461 8.194682212961355 334
1739554515496 0.35721404835018944 335
1739554515531 0.351472464641903 336
1739554515567 0.9403684037642095 337
1739554515602 0.8672489831684931 338
1739554515637 9.246409948506201 339
1739554515672 0.3148511261634872 340
1739554515706 0.934997119836448 341
1739554515742 0.15120035232452186 342
1739554515777 5.305544239743755 343
1739554515812 0.3545734915464916 344
1739554515848 2.8854955446000505 345
1739554515882 1.9853213998027084 346
1739554515917 0.2910702071539331 347
1739554515953 8.787332913257814 348
1739554515988 0.31298889788741857 349
1739554516022 0.8021039166869129 350
1739554516057 8.423031230553667 351
1739554516093 0.802812818194023 352
1739554516127 1.5031383836938574 353
1739554516163 0.0033879609624445635 354
1739554516199 2.3479627542435217 355
1739554516233 1.3483995794013568 356
1739554516268 0.9766374990164474 357
1739554516303 6.948094334608465 358
1739554516338 0.8922599249074444 359
1739554516374 0.06624383767631865 360
1739554516409 0.4019658230409681 361
1739554516443 1.00122365684647 362
1739554516479 0.8337185843581734 363
1739554516514 0.013746022145440434 364
1739554516549 0.14975198437056653 365
1739554516584 6.464466437638413 366
1739554516620 0.08858839338147567 367
1739554516658 2.0052844857385437 368
1739554516695 0.7177659890456224 369
1739554516732 1.1050203108946393 370
1739554516769 0.219498540767696 371
1739554516805 0.00016111826643364378 372
1739554516840 1.2502249249933888 373
1739554516875 0.26192478456428486 374
1739554516911 4.8893237595067305 375
1739554516946 0.05050904425758843 376
1739554516981 0.307501321507205 377
1739554517016 1.7108358062325304 378
1739554517051 16.733538414181307 379
1739554517086 0.008072110104867651 380
1739554517120 0.7716922299956221 381
1739554517156 0.7751441262125397 382
1739554517191 1.239368694700906 383
1739554517226 0.08454709861347512 384
1739554517261 5.693577026645792e-05 385
1739554517296 14.603751578069474 386
1739554517331 0.6313723289071085 387
1739554517366 0.9734791636289033 388
1739554517402 1.4597859126580381 389
1739554517435 1.2703732896203443 390
1739554517471 1.2249827690659143 391
1739554517507 2.36887395018014 392
1739554517542 3.8356069900445915 393
1739554517577 0.2329596152225862 394
1739554517613 0.294097716332235 395
1739554517647 1.1883437858516157 396
1739554517682 1.8215322945389616 397
1739554517718 7.008762530089424 398
1739554517753 2.8041715290048175 399
1739554517788 0.2632961273757252 400
1739554517823 0.04208797363903296 401
1739554517857 1.735905936692206 402
1739554517893 0.11762816939395714 403
1739554517927 0.01175790772257839 404
1739554517962 0.002372036032414141 405
1739554517997 0.205804645854395 406
1739554518032 0.8670727649633234 407
1739554518067 0.3850490420648109 408
1739554518102 0.0027001835722891407 409
1739554518136 0.037665920558366726 410
1739554518172 0.0369376221916644 411
1739554518207 1.0590474146102917 412
1739554518241 0.19936117588667687 413
1739554518277 0.0070742576253358695 414
1739554518312 1.888716581597912 415
1739554518346 0.055830970201668925 416
1739554518382 0.24549259449393684 417
1739554518417 2.0726243747907946 418
1739554518451 0.3126141557161581 419
1739554518487 0.41116472170278046 420
1739554518522 0.2827912587029159 421
1739554518556 0.08411005890523564 422
1739554518592 0.6774897914367576 423
1739554518629 3.578203554384183 424
1739554518663 3.4686929525627797 425
1739554518700 5.718007874630798 426
1739554518735 0.8161296587006458 427
1739554518773 3.7421328774529847 428
1739554518813 0.425901915221156 429
1739554518851 0.16705875923563018 430
1739554518892 1.0099220383999075 431
1739554518929 0.07235354015360851 432
1739554518967 0.0007065453262356343 433
1739554519005 1.3802796076933221 434
1739554519042 0.7378491534375847 435
1739554519079 0.12372502001835621 436
1739554519116 0.6097976865871384 437
1739554519153 0.5350129815840583 438
1739554519190 0.08565155652869438 439
1739554519226 0.4238800004969589 440
1739554519263 1.020685540634367 441
1739554519300 0.33756829964831475 442
1739554519337 0.5505111616881921 443
1739554519374 0.6179731158711468 444
1739554519411 0.5059447507316049 445
1739554519447 0.3425562349759959 446
1739554519484 2.2835115333145057 447
1739554519521 0.972077296975478 448
1739554519557 2.024893704593874 449
1739554519593 0.3869235615606036 450
1739554519632 0.00031435763365761723 451
1739554519669 4.1940512077769245 452
1739554519705 0.40166121941312455 453
1739554519743 0.3597948640054215 454
1739554519780 0.09534309925747289 455
1739554519817 0.010830491422576806 456
1739554519853 42.56467372001376 457
1739554519888 1.3443662661174323 458
1739554519927 0.51659525258144 459
1739554519962 0.12930394859125144 460
1739554519997 1.9255659090333404 461
1739554520034 0.7640094597583815 462
1739554520069 0.21284298957903916 463
1739554520105 2.2638689349025283 464
1739554520141 1.1825627993168029 465
1739554520178 0.03624038336777332 466
1739554520218 1.9468699332574544 467
1739554520258 0.43174524103129014 468
1739554520300 0.26996542219042485 469
1739554520343 0.23133730102133068 470
1739554520386 0.8337458599104108 471
1739554520429 0.7575073942629038 472
1739554520471 0.17834711404691986 473
1739554520510 0.2088732151054915 474
1739554520550 0.28498093264488406 475
1739554520588 4.303948875291446 476
1739554520628 0.03043135051923626 477
1739554520666 0.7829699401505463 478
1739554520703 0.10442224472029389 479
1739554520740 0.09172070166966816 480
1739554520776 2.1396751025980345 481
1739554520813 0.007754909403862234 482
1739554520849 2.715781898232281 483
1739554520887 1.617739380989648 484
1739554520924 0.6069390967871507 485
1739554520962 3.251706816763193 486
1739554520999 0.3016262673057704 487
1739554521036 0.2273842185294846 488
1739554521072 1.1157895555651356 489
1739554521109 0.13186063931878064 490
1739554521145 0.29510259022852764 491
1739554521182 0.6704662301293538 492
1739554521219 0.7738369696731495 493
1739554521256 0.4060359585992798 494
1739554521292 0.015575293821099326 495
1739554521328 1.3924178064121036 496
1739554521363 0.15326078622073816 497
1739554521398 0.41868798598635243 498
1739554521435 1.1495319754132498 499
