1739614041916 168.72090282371332 0
1739614041927 167.42122097694485 1
1739614041937 166.15227425788476 2
1739614041948 164.89379671282038 3
1739614041958 163.64574443514067 4
1739614041968 162.4079880311469 5
1739614041978 161.18048485196658 6
1739614041989 159.96310711674198 7
1739614041999 158.75581341197386 8
1739614042009 157.55847754442206 9
1739614042019 156.37105931397898 10
1739614042029 155.19343409020456 11
1739614042040 154.02556286477815 12
1739614042050 152.86732254564106 13
1739614042060 151.71867529502597 14
1739614042070 150.57949953522944 15
1739614042081 149.44975857816797 16
1739614042091 148.3293323368537 17
1739614042102 147.21818525237595 18
1739614042113 146.11619870520232 19
1739614042123 145.023338245436 20
1739614042133 143.9395074306238 21
1739614042143 142.86461065938252 22
1739614042152 141.7986151105683 23
1739614042162 140.74140573168265 24
1739614042173 139.69295076170127 25
1739614042182 138.65313653707398 26
1739614042195 137.62193233792382 27
1739614042204 136.59922586802327 28
1739614042214 135.58498742999703 29
1739614042224 134.5791060736612 30
1739614042234 133.58155310581716 31
1739614042244 132.5922189013873 32
1739614042254 131.61107575334003 33
1739614042264 130.63801534110206 34
1739614042275 129.6730109261095 35
1739614042285 128.71595547202193 36
1739614042294 127.76682319134832 37
1739614042304 126.82550831203456 38
1739614042314 125.89198598056744 39
1739614042324 124.96617162421457 40
1739614042334 124.04798140273158 41
1739614042343 123.13739183443585 42
1739614042352 122.23430022052807 43
1739614042362 121.33868397184362 44
1739614042371 120.45044158653981 45
1739614042381 119.56955135188434 46
1739614042390 118.69591294444233 47
1739614042400 117.82950551210584 48
1739614042410 116.97022989159585 49
1739614042420 116.11806607589347 50
1739614042430 115.2729160439158 51
1739614042440 114.43476061846583 52
1739614042450 113.60350290298412 53
1739614042460 112.77912453509228 54
1739614042470 111.9615297253643 55
1739614042480 111.15070091149617 56
1739614042490 110.34654339408328 57
1739614042500 109.54904039640665 58
1739614042510 108.75809829224454 59
1739614042520 107.97370107622416 60
1739614042530 107.19577534257662 61
1739614042540 106.42424831513289 62
1739614042550 105.6591051216537 63
1739614042561 104.90025474468075 64
1739614042570 104.14768304879225 65
1739614042580 103.40130003286765 66
1739614042589 102.66109228490772 67
1739614042599 101.92697080446759 68
1739614042609 101.1989228898076 69
1739614042618 100.47686052574637 70
1739614042628 99.76077170786893 71
1739614042638 99.05056939109092 72
1739614042647 98.3462422556114 73
1739614042657 97.6477042115185 74
1739614042668 96.95494461113495 75
1739614042678 96.26787830503463 76
1739614042688 95.58649530539027 77
1739614042697 94.91071138880892 78
1739614042708 94.24051721525248 79
1739614042718 93.57582947313873 80
1739614042727 92.91663945836754 81
1739614042737 92.26288319675773 82
1739614042747 91.6144972561251 83
1739614042757 90.97147386677923 84
1739614042767 90.3337319336391 85
1739614042777 89.70126429421673 86
1739614042787 89.07399071722271 87
1739614042797 88.45190463622545 88
1739614042807 87.83492667049518 89
1739614042817 87.22305083870445 90
1739614042827 86.6161985976616 91
1739614042838 86.01436454038159 92
1739614042847 85.41747094839639 93
1739614042857 84.82551297848902 94
1739614042867 84.23841372430407 95
1739614042877 83.65616889600246 96
1739614042887 83.0787023869307 97
1739614042897 82.50601045041847 98
1739614042908 81.93801776730066 99
1739614042917 81.37472112404436 100
1739614042928 80.81604597695322 101
1739614042939 80.26198963577544 102
1739614042949 79.71249609675917 103
1739614042959 79.16750982347813 104
1739614042968 78.62702889477173 105
1739614042978 78.0909806519942 106
1739614042988 77.55936367337107 107
1739614042997 77.0321060351382 108
1739614043007 76.50920680564009 109
1739614043017 75.99059478480869 110
1739614043026 75.47626952200224 111
1739614043036 74.96616052984058 112
1739614043046 74.46026782974944 113
1739614043056 73.95852163620266 114
1739614043066 73.46092243390395 115
1739614043075 72.9674011285187 116
1739614043085 72.47795865939267 117
1739614043095 71.99252661288911 118
1739614043104 71.51110637451123 119
1739614043114 71.03363020099253 120
1739614043124 70.56009991565756 121
1739614043134 70.09044843544565 122
1739614043144 69.6246780133128 123
1739614043154 69.16272221640045 124
1739614043164 68.7045837192497 125
1739614043173 68.25021384300433 126
1739614043182 67.7995643068485 127
1739614043197 67.35263840519711 128
1739614043207 66.90937128568294 129
1739614043216 66.46976664480228 130
1739614043226 66.03376024660528 131
1739614043236 65.6013561821069 132
1739614043246 65.17249082246236 133
1739614043255 64.74716864577536 134
1739614043265 64.32532662114095 135
1739614043275 63.90696960645221 136
1739614043285 63.49203515972319 137
1739614043295 63.08052851146557 138
1739614043305 62.67238779973372 139
1739614043315 62.26761862061325 140
1739614043324 61.86615968346009 141
1739614043334 61.46801694301317 142
1739614043344 61.07312967132892 143
1739614043353 60.681504175000924 144
1739614043364 60.293080280320325 145
1739614043375 59.907864639056626 146
1739614043385 59.525797623403186 147
1739614043395 59.14688622374439 148
1739614043405 58.7710713499744 149
1739614043415 58.39836032464734 150
1739614043424 58.02871104938233 151
1739614043434 57.6620817608941 152
1739614043444 57.29848027043025 153
1739614043453 56.937848794818194 154
1739614043463 56.580195461855986 155
1739614043473 56.22546299836886 156
1739614043483 55.873659842650035 157
1739614043492 55.52472922388521 158
1739614043502 55.17867988491473 159
1739614043512 54.83545554976731 160
1739614043522 54.495065259987605 161
1739614043532 54.157453227047874 162
1739614043542 53.822628785457745 163
1739614043552 53.49053662684954 164
1739614043562 53.16118637306035 165
1739614043572 52.834523188713206 166
1739614043582 52.51055697743516 167
1739614043592 52.18923336978291 168
1739614043602 51.87056254573417 169
1739614043612 51.554490594832856 170
1739614043622 51.241027968064714 171
1739614043632 50.93012120712307 172
1739614043642 50.62178102875399 173
1739614043652 50.315954420069474 174
1739614043662 50.012652358421484 175
1739614043672 49.711838145027635 176
1739614043681 49.41347536390004 177
1739614043691 49.11757537611067 178
1739614043701 48.82408625127907 179
1739614043711 48.53301959859504 180
1739614043720 48.24432391035695 181
1739614043730 47.95801103903219 182
1739614043740 47.674029893327685 183
1739614043750 47.39239256423459 184
1739614043761 47.11304837069593 185
1739614043771 46.83600963755759 186
1739614043781 46.56122608792261 187
1739614043791 46.288710275905956 188
1739614043800 46.01841232278928 189
1739614043810 45.75034500745295 190
1739614043819 45.48445884346907 191
1739614043829 45.22076683006025 192
1739614043838 44.95921986729261 193
1739614043848 44.699831170387 194
1739614043857 44.44255202019737 195
1739614043867 44.18739584367666 196
1739614043877 43.93431429684924 197
1739614043886 43.68332101421037 198
1739614043896 43.4343680214248 199
1739614043905 43.187469156415624 200
1739614043914 42.94259215590694 201
1739614043924 42.69970499587378 202
1739614043933 42.45882181410288 203
1739614043943 42.219895534448526 204
1739614043952 41.98294048815908 205
1739614043961 41.747909950042214 206
1739614043971 41.51481844094639 207
1739614043981 41.283619581478824 208
1739614043991 41.05432807829588 209
1739614044001 40.82689789273043 210
1739614044011 40.601343913522946 211
1739614044055 40.3776204377367 212
1739614044066 40.15574253253956 213
1739614044076 39.935664825807386 214
1739614044086 39.717402559544645 215
1739614044097 39.50091068759817 216
1739614044107 39.28620462328313 217
1739614044117 39.073239641650524 218
1739614044127 38.862031323864024 219
1739614044137 38.65253526148588 220
1739614044147 38.4447672001286 221
1739614044157 38.2386830432453 222
1739614044167 38.0342986975592 223
1739614044177 37.83157037386536 224
1739614044188 37.63051413672 225
1739614044203 37.43108649978142 226
1739614044213 37.233303682220644 227
1739614044223 37.03713733105217 228
1739614044233 36.84255929357932 229
1739614044243 36.6495860172642 230
1739614044252 36.458174751501716 231
1739614044263 36.26834209057639 232
1739614044272 36.08004557160828 233
1739614044282 35.893301932686 234
1739614044292 35.70806899447862 235
1739614044302 35.52436363591552 236
1739614044312 35.342143957102955 237
1739614044322 35.161426974901666 238
1739614044332 34.98217106480666 239
1739614044342 34.80439337875359 240
1739614044352 34.62805256363999 241
1739614044362 34.45316590367225 242
1739614044372 34.27969231322549 243
1739614044381 34.10764920602376 244
1739614044391 33.93699576005512 245
1739614044401 33.76774951585859 246
1739614044411 33.59986991122998 247
1739614044421 33.43337461086995 248
1739614044431 33.268223308635164 249
1739614044441 33.10443379078329 250
1739614044450 32.941966003542504 251
1739614044460 32.7808378521705 252
1739614044470 32.621009531634165 253
1739614044480 32.4624990636812 254
1739614044491 32.305281266131374 255
1739614044501 32.149331124972946 256
1739614044511 31.994666834358814 257
1739614044521 31.841249193294146 258
1739614044531 31.689096506346726 259
1739614044541 31.538169808978257 260
1739614044551 31.388487513819246 261
1739614044561 31.240010889398707 262
1739614044572 31.092758454101084 263
1739614044582 30.946691706185295 264
1739614044592 30.80182926752352 265
1739614044601 30.658132862818142 266
1739614044612 30.51562121520473 267
1739614044622 30.37425627259288 268
1739614044632 30.234056857198293 269
1739614044642 30.094985136950886 270
1739614044652 29.9570600310037 271
1739614044662 29.820243924168594 272
1739614044672 29.684555830432856 273
1739614044682 29.549958348399826 274
1739614044692 29.41647058482685 275
1739614044702 29.284055349065323 276
1739614044712 29.152731838616873 277
1739614044722 29.02246307058379 278
1739614044732 28.893268331223865 279
1739614044742 28.765110842438716 280
1739614044752 28.63800997729117 281
1739614044762 28.511943128957974 282
1739614044772 28.386887832233192 283
1739614044782 28.262863589084105 284
1739614044792 28.1398341185122 285
1739614044802 28.017819004569617 286
1739614044812 27.89678216107529 287
1739614044822 27.776743252339518 288
1739614044832 27.657666384243463 289
1739614044842 27.539571299563136 290
1739614044852 27.422422293528406 291
1739614044862 27.306239185622022 292
1739614044872 27.19098645775019 293
1739614044882 27.07668400437649 294
1739614044892 26.963296491451462 295
1739614044902 26.85084388672598 296
1739614044912 26.73929103760278 297
1739614044921 26.6286579834583 298
1739614044932 26.518909750594485 299
1739614044942 26.41006644838294 300
1739614044952 26.302093279510377 301
1739614044962 26.19501042174383 302
1739614044972 26.08878325167832 303
1739614044982 25.983432013906796 304
1739614044992 25.878922256493425 305
1739614045005 25.775274289317245 306
1739614045015 25.67245382950919 307
1739614045026 25.57048125072362 308
1739614045036 25.469322436792066 309
1739614045046 25.368997823662102 310
1739614045057 25.26948703880119 311
1739614045067 25.170769827811327 312
1739614045077 25.072866719638398 313
1739614045087 24.975744002467778 314
1739614045097 24.87942226395521 315
1739614045106 24.783867950981794 316
1739614045116 24.68910170852727 317
1739614045125 24.595090139958145 318
1739614045135 24.501853946218716 319
1739614045145 24.40935988498378 320
1739614045155 24.31762871182867 321
1739614045165 24.226627336591974 322
1739614045175 24.13637656817209 323
1739614045185 24.046843466458988 324
1739614045195 23.958048892391147 325
1739614045206 23.869960053829217 326
1739614045216 23.782597862493382 327
1739614045225 23.69592967216532 328
1739614045235 23.6099764441127 329
1739614045245 23.52470567601926 330
1739614045255 23.440138377489685 331
1739614045265 23.35624218812095 332
1739614045275 23.273038164667568 333
1739614045285 23.190494086680594 334
1739614045295 23.108631056900116 335
1739614045305 23.027416992901358 336
1739614045315 22.94687304226819 337
1739614045324 22.866967258698843 338
1739614045335 22.78772083350128 339
1739614045345 22.709101954623883 340
1739614045355 22.63113185600074 341
1739614045364 22.553792069384436 342
1739614045374 22.47706422420616 343
1739614045385 22.40096961860308 344
1739614045395 22.32547676585939 345
1739614045404 22.250607004085815 346
1739614045414 22.1763289744784 347
1739614045425 22.10266405409636 348
1739614045435 22.029581010296784 349
1739614045444 21.957101258082353 350
1739614045454 21.885193689246346 351
1739614045465 21.813879755749532 352
1739614045475 21.743128472122066 353
1739614045486 21.672961326316745 354
1739614045497 21.603347453926478 355
1739614045507 21.534308377948978 356
1739614045516 21.465813353390526 357
1739614045526 21.397883937365265 358
1739614045536 21.330489502667877 359
1739614045546 21.2636516396187 360
1739614045556 21.197339837199863 361
1739614045566 21.131575718045667 362
1739614045576 21.066328885748295 363
1739614045586 21.001620994381422 364
1739614045596 20.937421760593207 365
1739614045606 20.873752869039418 366
1739614045616 20.81058414789296 367
1739614045626 20.747937311551453 368
1739614045637 20.685782298203904 369
1739614045646 20.624140851166196 370
1739614045656 20.562995925177706 371
1739614045666 20.502330557011934 372
1739614045676 20.442166534130013 373
1739614045686 20.382474061028084 374
1739614045696 20.323274952097766 375
1739614045706 20.264539516743568 376
1739614045716 20.206289595520175 377
1739614045726 20.148495601329028 378
1739614045736 20.091179400135832 379
1739614045745 20.034311506948182 380
1739614045755 19.97791381240589 381
1739614045765 19.921956932252307 382
1739614045775 19.866462781079296 383
1739614045785 19.811402074015568 384
1739614045795 19.75679674889756 385
1739614045805 19.702617618908743 386
1739614045815 19.648886644436935 387
1739614045825 19.59557473540919 388
1739614045835 19.542703874085575 389
1739614045845 19.49024506584466 390
1739614045854 19.438220314153465 391
1739614045864 19.386600718568868 392
1739614045875 19.33540830311304 393
1739614045884 19.284614260266498 394
1739614045894 19.234240633968124 395
1739614045904 19.18425870838566 396
1739614045914 19.134690546749276 397
1739614045924 19.085507523695497 398
1739614045934 19.036731721133233 399
1739614045944 18.988334602967083 400
1739614045954 18.940338269184657 401
1739614045964 18.892714271775347 402
1739614045974 18.845484728217862 403
1739614045985 18.79863388208262 404
1739614045994 18.752146044448896 405
1739614046004 18.70604336023306 406
1739614046014 18.660297594293965 407
1739614046024 18.614930907622632 408
1739614046034 18.569915149154593 409
1739614046044 18.525272495409396 410
1739614046054 18.480974878291136 411
1739614046064 18.437044489313188 412
1739614046074 18.393453342256063 413
1739614046084 18.350223643103398 414
1739614046094 18.307327486435796 415
1739614046104 18.26478709219456 416
1739614046113 18.22257463469951 417
1739614046123 18.180712347347818 418
1739614046133 18.13917248315297 419
1739614046142 18.09797728847673 420
1739614046152 18.05709909399574 421
1739614046162 18.01656015855548 422
1739614046172 17.976332889480037 423
1739614046182 17.936439557627942 424
1739614046192 17.89685264596959 425
1739614046202 17.857594436915832 426
1739614046212 17.818637488096662 427
1739614046222 17.780004093024385 428
1739614046232 17.741666883015952 429
1739614046242 17.703648162243866 430
1739614046251 17.66592063475338 431
1739614046261 17.628506614945398 432
1739614046271 17.591378878648488 433
1739614046281 17.55455975006946 434
1739614046291 17.51803443144385 435
1739614046301 17.4817881814159 436
1739614046311 17.445843340405286 437
1739614046321 17.41017285737536 438
1739614046331 17.37479908153489 439
1739614046340 17.339695030428246 440
1739614046350 17.304883061661855 441
1739614046360 17.27033626047535 442
1739614046370 17.236076992489988 443
1739614046379 17.202078409767463 444
1739614046389 17.168362885569408 445
1739614046399 17.13490363791881 446
1739614046408 17.101723047351438 447
1739614046418 17.06879439700302 448
1739614046428 17.036140074325264 449
1739614046439 17.003733426730168 450
1739614046449 16.97159684823507 451
1739614046459 16.939703749703607 452
1739614046469 16.908076531376263 453
1739614046479 16.876688666755328 454
1739614046489 16.845562561969523 455
1739614046499 16.81467175235833 456
1739614046509 16.78403864961131 457
1739614046519 16.75363685011501 458
1739614046529 16.723488770799726 459
1739614046539 16.693568068320083 460
1739614046548 16.663897164534248 461
1739614046558 16.634449775596906 462
1739614046567 16.605248327988303 463
1739614046577 16.576266596606008 464
1739614046586 16.54752701225344 465
1739614046596 16.519003407824535 466
1739614046606 16.490718218153805 467
1739614046615 16.462657456984168 468
1739614046625 16.434807184806928 469
1739614046635 16.40718984424664 470
1739614046645 16.37977940771319 471
1739614046655 16.352598321160944 472
1739614046665 16.32562061246493 473
1739614046675 16.298868730640056 474
1739614046685 16.27231675832599 475
1739614046695 16.24598714733514 476
1739614046704 16.219854034381072 477
1739614046714 16.193939873816802 478
1739614046724 16.16821885574872 479
1739614046734 16.142713436819534 480
1739614046744 16.117397859856904 481
1739614046754 16.092294583548238 482
1739614046764 16.067377902780237 483
1739614046775 16.042670278045804 484
1739614046784 16.018146055637708 485
1739614046795 15.993827697620766 486
1739614046805 15.969689601049948 487
1739614046814 15.94575422933402 488
1739614046824 15.921996029655183 489
1739614046834 15.898437466543601 490
1739614046843 15.87505303668262 491
1739614046853 15.851865205506606 492
1739614046863 15.828848518582603 493
1739614046872 15.806025442037257 494
1739614046882 15.783370569712432 495
1739614046892 15.760906368220274 496
1739614046901 15.738607479076979 497
1739614046911 15.716496369178467 498
1739614046923 15.694547727123144 499
