1739557567443 0.5969134938599788 0
1739557567473 0.5263233851629627 1
1739557567503 0.3398265227063416 2
1739557567533 0.8189005176487794 3
1739557567562 0.8411255871091053 4
1739557567591 0.0015700423271225786 5
1739557567621 0.4300592951484939 6
1739557567651 0.6772897538044136 7
1739557567681 0.0043853132805612045 8
1739557567711 0.9744741144565141 9
1739557567740 0.5316749004802993 10
1739557567769 1.8615355052925184 11
1739557567798 0.4065429429585753 12
1739557567828 0.20639796087756127 13
1739557567858 0.8604152757832703 14
1739557567887 0.03603073833870271 15
1739557567917 0.5650529357161641 16
1739557567946 1.531874965899613 17
1739557567976 7.278609851951748 18
1739557568005 0.37241471573903234 19
1739557568034 0.1445065303696627 20
1739557568063 0.5649904706636963 21
1739557568093 0.08424287228258327 22
1739557568122 0.08034631754538624 23
1739557568151 1.2285376483262844 24
1739557568181 0.4504923431145244 25
1739557568210 0.3834884203368346 26
1739557568239 0.12604286316650226 27
1739557568269 0.0330357281720889 28
1739557568298 0.40276538757823566 29
1739557568327 0.3126072609847108 30
1739557568357 0.46468534352556695 31
1739557568386 0.16016389866285763 32
1739557568416 0.49528764191302493 33
1739557568445 1.4787208479696836 34
1739557568474 2.5655721978627533 35
1739557568504 0.30270446815405516 36
1739557568533 0.022049045052817944 37
1739557568562 0.4583607132835802 38
1739557568592 0.9737353413540751 39
1739557568621 0.9537661207909117 40
1739557568651 0.05998831496836111 41
1739557568682 0.8382112655237575 42
1739557568715 2.1323528087809374 43
1739557568744 0.14632758762606446 44
1739557568773 1.0020281678849678 45
1739557568803 0.004151284532396503 46
1739557568832 3.2957874983029294 47
1739557568861 0.7481083346359478 48
1739557568891 0.19176763271814312 49
1739557568920 0.14332543077794124 50
1739557568949 0.00024767551621809034 51
1739557568979 0.6801471115583884 52
1739557569008 0.09812825159127274 53
1739557569038 0.582173045465349 54
1739557569067 0.20488298768363258 55
1739557569097 0.016630041126761974 56
1739557569126 0.12012940968463721 57
1739557569155 0.20178029623412314 58
1739557569185 0.31531165600678823 59
1739557569214 0.6730261331812512 60
1739557569243 0.9052581579624449 61
1739557569273 2.4626410146398943 62
1739557569302 0.9942783551664377 63
1739557569332 0.07295390603864794 64
1739557569362 0.31179905265717395 65
1739557569392 0.028875556543953077 66
1739557569421 3.238935965953662 67
1739557569451 0.09715843034523582 68
1739557569481 0.01712191691205956 69
1739557569511 0.08211781276486248 70
1739557569540 0.0016193252383397431 71
1739557569569 2.8863039090970624 72
1739557569599 0.0040019775358311575 73
1739557569628 0.9641171872804465 74
1739557569657 0.007810034653443637 75
1739557569687 0.6397930426622699 76
1739557569716 0.872768870206384 77
1739557569746 0.059121561937976644 78
1739557569775 0.018351075669158817 79
1739557569805 0.05488672857473398 80
1739557569834 10.181418310229683 81
1739557569864 0.5726604460549782 82
1739557569893 0.1601564977325201 83
1739557569922 0.4878481269532655 84
1739557569952 1.439567294420709 85
1739557569981 0.6700772252190546 86
1739557570011 1.5887979408198627 87
1739557570040 0.46322263342474906 88
1739557570069 0.06271378420616903 89
1739557570098 0.13728687284125546 90
1739557570128 0.6095184217485822 91
1739557570158 0.5337997812888966 92
1739557570187 0.0009689434894335048 93
1739557570217 0.13392214182501652 94
1739557570250 0.5822164784231179 95
1739557570280 0.4620707385167109 96
1739557570311 0.021107099198905223 97
1739557570340 2.4124264202731216 98
1739557570370 0.7104878189945742 99
1739557570399 1.6116123657632242 100
1739557570429 0.9334678391255992 101
1739557570458 0.3619866208420284 102
1739557570488 0.8731827614578808 103
1739557570518 0.9788048809173591 104
1739557570547 0.04169728941925221 105
1739557570577 0.029017939348863347 106
1739557570606 0.10831702702976732 107
1739557570635 0.028285985592160643 108
1739557570664 0.7577199167050315 109
1739557570694 1.7424673150516339 110
1739557570724 0.9878803319320557 111
1739557570753 0.28241807991140044 112
1739557570783 1.3943694454871727 113
1739557570813 0.014989974616807037 114
1739557570842 0.45012551222540703 115
1739557570872 0.008256881253047011 116
1739557570901 0.001966251008049591 117
1739557570930 0.11223254704356575 118
1739557570960 1.4499121537433046 119
1739557570989 0.003607554853271765 120
1739557571019 2.0467589082754536 121
1739557571048 0.3297176571425175 122
1739557571077 0.03214658906919795 123
1739557571107 6.565735311936358 124
1739557571136 0.4791529736638915 125
1739557571166 2.195563629004518 126
1739557571195 0.6724142451824507 127
1739557571225 20.33037382417301 128
1739557571254 0.08290582574161647 129
1739557571284 0.2309435172463077 130
1739557571314 2.929810730259382 131
1739557571343 0.009352721207362864 132
1739557571372 0.1949900816913414 133
1739557571402 0.4431771110957672 134
1739557571432 0.018133619159463762 135
1739557571462 0.09845270396741043 136
1739557571492 1.9975648813858944 137
1739557571522 0.2600612541264928 138
1739557571551 1.1305584320559867 139
1739557571581 0.02046113863906834 140
1739557571610 0.16978794876828734 141
1739557571639 0.6162592193516857 142
1739557571668 0.8261189375456769 143
1739557571698 0.5987011401455541 144
1739557571727 6.36539150911572 145
1739557571756 0.6250549869282797 146
1739557571786 0.09200162451625586 147
1739557571815 0.06709936038201425 148
1739557571844 0.14965531332124965 149
1739557571874 0.007709945597816966 150
1739557571903 1.8536268960179716 151
1739557571932 0.1701054278229051 152
1739557571962 0.35345605683057957 153
1739557571991 0.8825817209708972 154
1739557572020 0.2242027343290406 155
1739557572049 0.13924594526093217 156
1739557572079 0.08160497454820867 157
1739557572109 0.13918723628897287 158
1739557572138 0.6620670280780437 159
1739557572169 0.10651786724826907 160
1739557572199 0.5197786235855025 161
1739557572230 2.4224392939407395 162
1739557572260 0.0074913155318230866 163
1739557572290 0.006606082670989947 164
1739557572319 0.0006411233574249996 165
1739557572348 0.606678027917598 166
1739557572378 0.002515800416882302 167
1739557572407 0.6796516133995466 168
1739557572436 0.36549225742007035 169
1739557572465 0.34600787567479996 170
1739557572495 0.0007795409899886137 171
1739557572524 0.1406216798883297 172
1739557572553 1.6221592113878878 173
1739557572582 0.4810665603749912 174
1739557572611 0.9388054630937681 175
1739557572640 0.002676928690519624 176
1739557572670 0.6380162022342668 177
1739557572699 0.11658904054474306 178
1739557572728 0.00042898278690450413 179
1739557572757 13.977139702262743 180
1739557572787 0.0066871308060383414 181
1739557572817 0.6013579706935255 182
1739557572847 0.009152225369872759 183
1739557572876 0.008906883864480165 184
1739557572908 0.4978806177746016 185
1739557572938 0.07152172634353156 186
1739557572968 0.00010844894544919016 187
1739557572997 0.32529158397970903 188
1739557573026 0.7108370321488244 189
1739557573056 0.0829458085438286 190
1739557573085 0.4835574729595192 191
1739557573114 0.004784924725962911 192
1739557573143 0.01757274346095149 193
1739557573201 1.571948272487209 194
1739557573235 0.0052560787275409806 195
1739557573268 0.00906789731058523 196
1739557573300 16.96636222385616 197
1739557573331 0.8143147545350017 198
1739557573361 32.881040748174556 199
1739557573392 0.6123453253416316 200
1739557573422 1.9453097914039374 201
1739557573453 0.07010684836286324 202
1739557573483 0.20561306378019567 203
1739557573513 0.4833049898471567 204
1739557573543 3.0210145508838155 205
1739557573575 0.47147225883319144 206
1739557573609 0.2927532293281783 207
1739557573640 0.022244002101121197 208
1739557573671 0.015642054579143066 209
1739557573701 1.6544994811922518 210
1739557573732 0.008444097860920558 211
1739557573762 1.265744570765994 212
1739557573792 0.5679993923721322 213
1739557573823 1.257010226960564 214
1739557573853 1.7084754556889175 215
1739557573884 0.1036228272351458 216
1739557573914 0.06779437506975783 217
1739557573944 0.2164972727372643 218
1739557573974 0.634581301357031 219
1739557574005 0.4567121823863565 220
1739557574035 0.1814328971458758 221
1739557574065 1.0912572275292265 222
1739557574096 0.40578346320975595 223
1739557574130 0.0012906702738250842 224
1739557574160 1.7198714441071492 225
1739557574191 0.9450701721950685 226
1739557574221 1.6304147247860524e-06 227
1739557574252 1.9805329210267242 228
1739557574282 2.4597360161112043 229
1739557574312 0.15666752910796589 230
1739557574343 1.4213782486139823 231
1739557574373 0.0022181766751581847 232
1739557574404 1.0682264016067726 233
1739557574434 1.6437484903309674 234
1739557574463 0.0037373457823123737 235
1739557574492 1.5497332249943743 236
1739557574521 0.06977600846212896 237
1739557574551 0.0836411602227819 238
1739557574580 0.03622078650771752 239
1739557574609 0.020883470187254064 240
1739557574639 0.04688867479562894 241
1739557574668 1.7810270919849758 242
1739557574698 0.31215529351710564 243
1739557574727 0.374688292789471 244
1739557574756 0.9010213623048039 245
1739557574785 0.7211229145739689 246
1739557574814 1.7062106344618173 247
1739557574844 0.04705102776881685 248
1739557574874 0.037567523989821515 249
1739557574903 0.01993477737783195 250
1739557574932 0.045784716538196726 251
1739557574961 0.029254482085812206 252
1739557574991 0.0716514665855398 253
1739557575020 2.504836721405637 254
1739557575049 0.5290451773257479 255
1739557575078 0.07154874370557196 256
1739557575108 4.207236985351791 257
1739557575137 0.004390373362555879 258
1739557575167 2.60716185285375 259
1739557575196 0.11395567955142452 260
1739557575225 0.0006144456388517737 261
1739557575255 0.4840611626717523 262
1739557575284 0.37216940001382925 263
1739557575313 2.5971988950118354 264
1739557575343 2.375030529071793 265
1739557575373 0.4856445062432867 266
1739557575403 0.08639818207983845 267
1739557575432 0.08292753175335729 268
1739557575462 0.8817868288025064 269
1739557575491 0.7025574881352308 270
1739557575520 0.11001065077138744 271
1739557575549 1.4901625407187036 272
1739557575579 1.7684747833369834 273
1739557575608 0.019825866879725096 274
1739557575637 0.15719130799284087 275
1739557575666 0.16101737956314213 276
1739557575696 0.8837660165488681 277
1739557575727 0.25961130341576205 278
1739557575758 0.5780835817005185 279
1739557575788 0.026275954480232705 280
1739557575819 2.8134148717200325 281
1739557575849 0.039889190777352486 282
1739557575880 0.6515575380123094 283
1739557575910 0.8388226522993981 284
1739557575940 0.9611323479822053 285
1739557575970 0.01539039821564944 286
1739557576000 0.08509456568385866 287
1739557576030 0.9928748463364726 288
1739557576060 1.2460233355035542 289
