1739555124272 169.2123512294586 0
1739555124280 165.99841029847047 1
1739555124292 164.40798079029577 2
1739555124301 162.80463517110124 3
1739555124308 161.2172621071153 4
1739555124316 159.64555959437715 5
1739555124323 158.08937315778797 6
1739555124331 156.54854913111097 7
1739555124339 155.0229353759952 8
1739555124346 153.51238126316846 9
1739555124354 152.0167376574746 10
1739555124362 150.5358569030407 11
1739555124370 149.06959280859232 12
1739555124378 147.61780063291386 13
1739555124386 146.18033707045385 14
1739555124395 144.757060237073 15
1739555124403 143.34782965593377 16
1739555124411 141.95250624353008 17
1739555124419 140.57095229585585 18
1739555124426 139.20303147471066 19
1739555124434 137.84860879414185 20
1739555124442 136.5075506070209 21
1739555124450 135.17972459175314 22
1739555124457 133.86499973911947 23
1739555124466 132.56324633924913 24
1739555124476 131.27433596872118 25
1739555124485 129.99814147779463 26
1739555124494 128.73453697776512 27
1739555124502 127.4833978284472 28
1739555124511 126.244600625781 29
1739555124519 125.01802318956186 30
1739555124526 123.80354455129188 31
1739555124534 122.60104494215216 32
1739555124542 121.41040578109443 33
1739555124550 120.23150966305084 34
1739555124557 119.06424034726119 35
1739555124566 117.90848274571547 36
1739555124574 116.76412291171192 37
1739555124582 115.631048028528 38
1739555124589 114.50914639820446 39
1739555124598 113.39830743044037 40
1739555124606 112.29842163159861 41
1739555124614 111.20938059382067 42
1739555124622 110.13107698424909 43
1739555124630 109.06340453435763 44
1739555124637 108.00625802938666 45
1739555124645 106.959533297884 46
1739555124657 105.92312720134939 47
1739555124665 104.89693762398178 48
1739555124673 103.88086346252861 49
1739555124681 102.87480461623566 50
1739555124689 101.8786619768968 51
1739555124696 100.89233741900267 52
1739555124704 99.91573378998703 53
1739555124712 98.94875490057002 54
1739555124719 97.9913055151973 55
1739555124727 97.04329134257411 56
1739555124734 96.10461902629346 57
1739555124742 95.17519613555721 58
1739555124750 94.25493115598945 59
1739555124759 93.34373348054088 60
1739555124767 92.44151340048377 61
1739555124775 91.54818209649625 62
1739555124783 90.66365162983503 63
1739555124791 89.7878349335959 64
1739555124799 88.92064580406097 65
1739555124806 88.06199889213175 66
1739555124814 87.21180969484762 67
1739555124822 86.36999454698791 68
1739555124830 85.53647061275814 69
1739555124837 84.7111558775581 70
1739555124845 83.89396913983221 71
1739555124852 83.08483000300045 72
1739555124860 82.28365886746965 73
1739555124868 81.4903769227239 74
1739555124876 80.7049061394937 75
1739555124884 79.92716926200275 76
1739555124892 79.15708980029173 77
1739555124899 78.39459202261838 78
1739555124907 77.63960094793293 79
1739555124915 76.89204233842828 80
1739555124922 76.15184269216432 81
1739555124931 75.4189292357652 82
1739555124938 74.69322991718938 83
1739555124947 73.97467339857121 84
1739555124955 73.2631890491339 85
1739555124963 72.55870693817255 86
1739555124970 71.86115782810708 87
1739555124979 71.17047316760397 88
1739555124986 70.48658508476656 89
1739555124994 69.80942638039255 90
1739555125002 69.13893052129886 91
1739555125010 68.47503163371253 92
1739555125019 67.81766449672733 93
1739555125027 67.16676453582535 94
1739555125035 66.52226781646279 95
1739555125044 65.8841110377196 96
1739555125051 65.25223152601217 97
1739555125059 64.62656722886824 98
1739555125067 64.00705670876388 99
1739555125075 63.393639137021495 100
1739555125083 62.78625428776853 101
1739555125090 62.18484253195599 102
1739555125098 61.58934483143656 103
1739555125106 60.99970273310137 104
1739555125114 60.415858363075024 105
1739555125122 59.8377544209683 106
1739555125130 59.26533417418787 107
1739555125137 58.6985414523025 108
1739555125145 58.137320641465244 109
1739555125153 57.581616678890974 110
1739555125161 57.031375047388785 111
1739555125168 56.48654176994864 112
1739555125176 55.94706340438176 113
1739555125185 55.412887038014276 114
1739555125193 54.883960282433556 115
1739555125201 54.3602312682866 116
1739555125208 53.84164864013024 117
1739555125216 53.32816155133231 118
1739555125224 52.819719659023555 119
1739555125232 52.31627311909963 120
1739555125239 51.81777258127263 121
1739555125247 51.32416918417191 122
1739555125255 50.83541455049344 123
1739555125263 50.351460782197314 124
1739555125271 49.87226045575299 125
1739555125279 49.3977666174317 126
1739555125287 48.927932778645626 127
1739555125298 48.46271291133332 128
1739555125305 48.002061443390915 129
1739555125313 47.54593325414884 130
1739555125321 47.09428366989318 131
1739555125329 46.64706845943177 132
1739555125337 46.20424382970419 133
1739555125345 45.76576642143523 134
1739555125352 45.331593304831735 135
1739555125361 44.90168197532202 136
1739555125369 44.47599034933762 137
1739555125377 44.05447676013691 138
1739555125385 43.63709995367019 139
1739555125392 43.223819084485825 140
1739555125400 42.814593711677084 141
1739555125408 42.409383794869036 142
1739555125415 42.00814969024553 143
1739555125423 41.610852146615436 144
1739555125431 41.21745230151802 145
1739555125438 40.82791167736692 146
1739555125446 40.44219217763251 147
1739555125454 40.06025608306208 148
1739555125462 39.68206604793745 149
1739555125496 39.30758509637005 150
1739555125513 38.93677661863235 151
1739555125523 38.569604367526075 152
1739555125533 38.20603245478628 153
1739555125542 37.84602534752114 154
1739555125551 37.48954786468719 155
1739555125560 37.13656517359939 156
1739555125568 36.78704278647598 157
1739555125577 36.44094655701754 158
1739555125585 36.09824267702009 159
1739555125594 35.75889767302172 160
1739555125602 35.422878402982555 161
1739555125610 35.09015205299773 162
1739555125619 34.760686134042885 163
1739555125627 34.43444847875202 164
1739555125636 34.1114072382274 165
1739555125644 33.791530878880984 166
1739555125652 33.47478817930736 167
1739555125660 33.16114822718757 168
1739555125669 32.85058041622382 169
1739555125678 32.543054443104516 170
1739555125686 32.23854030449943 171
1739555125695 31.937008294084773 172
1739555125703 31.638428999597675 173
1739555125711 31.342773299920037 174
1739555125720 31.050012362191204 175
1739555125729 30.760117638949403 176
1739555125739 30.473060865301477 177
1739555125750 30.18881405612076 178
1739555125759 29.907349503272734 179
1739555125768 29.62863977286828 180
1739555125777 29.352657702544075 181
1739555125785 29.079376398770165 182
1739555125794 28.808769234184073 183
1739555125803 28.54080984495149 184
1739555125811 28.275472128153126 185
1739555125820 28.012730239197474 186
1739555125828 27.752558589259312 187
1739555125837 27.494931842743604 188
1739555125845 27.239824914774495 189
1739555125854 26.98721296870938 190
1739555125862 26.737071413677526 191
1739555125870 26.48937590214317 192
1739555125879 26.244102327492794 193
1739555125887 26.00122682164636 194
1739555125896 25.760725752692228 195
1739555125904 25.522575722545586 196
1739555125912 25.286753564630086 197
1739555125921 25.053236341582508 198
1739555125929 24.82200134298019 199
1739555125937 24.59302608309102 200
1739555125946 24.36628829864581 201
1739555125954 24.141765946632646 202
1739555125963 23.91943720211329 203
1739555125971 23.699280456061153 204
1739555125979 23.48127431322071 205
1739555125987 23.265397589988268 206
1739555125995 23.051629312313644 207
1739555126003 22.83994871362275 208
1739555126011 22.630335232760743 209
1739555126018 22.42276851195566 210
1739555126026 22.21722839480213 211
1739555126034 22.01369492426527 212
1739555126041 21.812148340704265 213
1739555126049 21.612569079915566 214
1739555126056 21.414937771195593 215
1739555126064 21.219235235422584 216
1739555126072 21.02544248315751 217
1739555126079 20.833540712763835 218
1739555126087 20.643511308545946 219
1739555126095 20.455335838906027 220
1739555126103 20.268996054519242 221
1739555126111 20.084473886527043 222
1739555126119 19.90175144474837 223
1739555126127 19.720811015908644 224
1739555126135 19.541635061886307 225
1739555126143 19.364206217976754 226
1739555126150 19.18850729117352 227
1739555126158 19.014521258466527 228
1739555126166 18.842231265157178 229
1739555126173 18.671620623190208 230
1739555126181 18.502672809502066 231
1739555126189 18.335371464385698 232
1739555126198 18.169700389871572 233
1739555126206 18.005643548124745 234
1739555126214 17.843185059857813 235
1739555126222 17.682309202759654 236
1739555126230 17.523000409939772 237
1739555126237 17.365243268388024 238
1739555126245 17.209022517449654 239
1739555126253 17.054323047315467 240
1739555126260 16.901129897527014 241
1739555126268 16.749428255496518 242
1739555126276 16.599203455041582 243
1739555126283 16.450440974934377 244
1739555126291 16.303126437465277 245
1739555126304 16.157245607020673 246
1739555126311 16.01278438867498 247
1739555126319 15.869728826796539 248
1739555126327 15.728065103667415 249
1739555126335 15.58777953811684 250
1739555126343 15.448858584168242 251
1739555126351 15.31128882969972 252
1739555126359 15.175056995117728 253
1739555126366 15.040149932044024 254
1739555126374 14.906554622015562 255
1739555126382 14.774258175197327 256
1739555126390 14.643247829107924 257
1739555126398 14.513510947357823 258
1739555126405 14.38503501840011 259
1739555126414 14.257807654293648 260
1739555126421 14.131816589478479 261
1739555126429 14.00704967956343 262
1739555126437 13.883494900125656 263
1739555126445 13.761140345522215 264
1739555126453 13.639974227713326 265
1739555126461 13.519984875097355 266
1739555126469 13.401160731357338 267
1739555126477 13.283490354318973 268
1739555126485 13.166962414819908 269
1739555126493 13.05156569559029 270
1739555126502 12.93728909014434 271
1739555126510 12.824121601683036 272
1739555126518 12.712052342007576 273
1739555126526 12.601070530443721 274
1739555126533 12.491165492776691 275
1739555126541 12.382326660196723 276
1739555126549 12.274543568255066 277
1739555126556 12.167805855830288 278
1739555126564 12.062103264104914 279
1739555126572 11.95742563555214 280
1739555126579 11.853762912932641 281
1739555126587 11.751105138301334 282
1739555126596 11.649442452023969 283
1739555126604 11.5487650918035 284
1739555126612 11.44906339171606 285
1739555126620 11.350327781256611 286
1739555126628 11.252548784393912 287
1739555126635 11.155717018634991 288
1739555126644 11.05982319409882 289
1739555126651 10.964858112599224 290
1739555126659 10.870812666736818 291
1739555126667 10.777677839000042 292
1739555126674 10.685444700875049 293
1739555126682 10.59410441196445 294
1739555126690 10.50364821911478 295
1739555126699 10.414067455552635 296
1739555126707 10.325353540029376 297
1739555126715 10.23749797597428 298
1739555126723 10.15049235065618 299
1739555126731 10.064328334353302 300
1739555126738 9.978997679531432 301
1739555126746 9.894492220030171 302
1739555126754 9.81080387025733 303
1739555126762 9.727924624391216 304
1739555126770 9.645846555590918 305
1739555126778 9.564561815214388 306
1739555126785 9.484062632044301 307
1739555126793 9.40434131152152 308
1739555126801 9.325390234986259 309
1739555126810 9.247201858926713 310
1739555126818 9.169768714235177 311
1739555126826 9.093083405471486 312
1739555126834 9.017138610133818 313
1739555126842 8.941927077936677 314
1739555126850 8.867441630096105 315
1739555126858 8.793675158621916 316
1739555126865 8.720620625616945 317
1739555126873 8.648271062583346 318
1739555126881 8.576619569735634 319
1739555126888 8.505659315320624 320
1739555126897 8.435383534944107 321
1739555126905 8.36578553090415 322
1739555126914 8.296858671531094 323
1739555126922 8.228596390534008 324
1739555126930 8.160992186353699 325
1739555126937 8.094039621522064 326
1739555126945 8.027732322027857 327
1739555126953 7.962063976688715 328
1739555126960 7.897028336529411 329
1739555126968 7.832619214166287 330
1739555126976 7.768830483197779 331
1739555126983 7.705656077600967 332
1739555126991 7.643089991134161 333
1739555126999 7.581126276745345 334
1739555127007 7.51975904598654 335
1739555127015 7.458982468433949 336
1739555127023 7.398790771113844 337
1739555127031 7.339178237934154 338
1739555127038 7.280139209121721 339
1739555127047 7.221668080665054 340
1739555127055 7.163759303762711 341
1739555127063 7.106407384277054 342
1739555127071 7.049606882193476 343
1739555127078 6.9933524110849845 344
1739555127086 6.937638637582082 345
1739555127094 6.882460280847891 346
1739555127101 6.827812112058505 347
1739555127109 6.773688953888495 348
1739555127117 6.720085680001475 349
1739555127124 6.666997214545759 350
1739555127132 6.614418531655021 351
1739555127140 6.5623446549538516 352
1739555127149 6.510770657068295 353
1739555127156 6.459691659141154 354
1739555127164 6.409102830352189 355
1739555127171 6.358999387442974 356
1739555127179 6.3093765942465625 357
1739555127187 6.260229761221728 358
1739555127195 6.211554244991887 359
1739555127202 6.163345447888554 360
1739555127210 6.115598817499333 361
1739555127218 6.0683098462204015 362
1739555127226 6.021474070813405 363
1739555127234 5.975087071966756 364
1739555127242 5.929144473861307 365
1739555127250 5.8836419437402805 366
1739555127257 5.838575191483496 367
1739555127265 5.793939969185784 368
1739555127273 5.749732070739633 369
1739555127282 5.705947331421921 370
1739555127290 5.6625816274847685 371
1739555127297 5.619630875750439 372
1739555127309 5.577091033210256 373
1739555127317 5.5349580966274905 374
1739555127324 5.49322810214418 375
1739555127332 5.451897124891892 376
1739555127340 5.410961278606257 377
1739555127348 5.370416715245392 378
1739555127356 5.3302596246120775 379
1739555127363 5.290486233979691 380
1739555127371 5.251092807721837 381
1739555127380 5.212075646945649 382
1739555127387 5.173431089128726 383
1739555127395 5.135155507759672 384
1739555127403 5.097245311982186 385
1739555127411 5.05969694624271 386
1739555127419 5.022506889941504 387
1739555127428 4.985671657087257 388
1739555127436 4.949187795955057 389
1739555127444 4.913051888747778 390
1739555127452 4.877260551260844 391
1739555127459 4.841810432550256 392
1739555127467 4.806698214603958 393
1739555127475 4.771920612016448 394
1739555127483 4.737474371666611 395
1739555127491 4.703356272398714 396
1739555127498 4.669563124706627 397
1739555127507 4.636091770421103 398
1739555127516 4.602939082400206 399
1739555127524 4.570101964222773 400
1739555127532 4.537577349884955 401
1739555127539 4.5053622034996845 402
1739555127547 4.4734535189992375 403
1739555127555 4.4418483198406316 404
1739555127563 4.410543658713994 405
1739555127571 4.379536617253832 406
1739555127580 4.348824305753132 407
1739555127587 4.3184038628802925 408
1739555127595 4.288272455398887 409
1739555127603 4.258427277890192 410
1739555127611 4.228865552478432 411
1739555127619 4.199584528558806 412
1739555127627 4.170581482528149 413
1739555127635 4.1418537175183054 414
1739555127644 4.113398563132113 415
1739555127652 4.08521337518202 416
1739555127660 4.057295535431282 417
1739555127667 4.029642451337735 418
1739555127675 4.002251555800073 419
1739555127683 3.975120306906702 420
1739555127691 3.948246187686994 421
1739555127700 3.9216267058651026 422
1739555127708 3.8952593936161155 423
1739555127716 3.869141807324706 424
1739555127724 3.8432715273461358 425
1739555127732 3.8176461577696204 426
1739555127739 3.7922633261840626 427
1739555127747 3.7671206834460786 428
1739555127755 3.742215903450338 429
1739555127763 3.7175466829021744 430
1739555127772 3.6931107410924544 431
1739555127780 3.6689058196746456 432
1739555127787 3.644929682444149 433
1739555127795 3.6211801151197553 434
1739555127803 3.597654925127301 435
1739555127811 3.5743519413854625 436
1739555127819 3.5512690140936645 437
1739555127827 3.528404014522089 438
1739555127835 3.5057548348037697 439
1739555127843 3.483319387728724 440
1739555127851 3.4610956065401743 441
1739555127861 3.4390814447327123 442
1739555127872 3.417274875852523 443
1739555127881 3.3956738932995663 444
1739555127889 3.3742765101317107 445
1739555127897 3.3530807588708096 446
1739555127905 3.3320846913107034 447
1739555127914 3.3112863783271167 448
1739555127922 3.290683909689435 449
1739555127931 3.2702753938743485 450
1739555127940 3.2500589578813437 451
1739555127948 3.2300327470500148 452
1739555127956 3.2101949248791914 453
1739555127964 3.1905436728478556 454
1739555127972 3.171077190237806 455
1739555127980 3.151793693958124 456
1739555127988 3.1326914183713432 457
1739555127997 3.1137686151213524 458
1739555128004 3.0950235529629846 459
1739555128012 3.076454517593318 460
1739555128020 3.0580598114846422 461
1739555128028 3.0398377537190524 462
1739555128036 3.0217866798247095 463
1739555128045 3.003904941613709 464
1739555128053 2.98619090702155 465
1739555128061 2.9686429599482045 466
1739555128068 2.951259500100749 467
1739555128076 2.9340389428375535 468
1739555128084 2.9169797190140243 469
1739555128091 2.9000802748298584 470
1739555128099 2.8833390716778253 471
1739555128106 2.866754585994026 472
1739555128114 2.8503253091096425 473
1739555128122 2.8340497471041646 474
1739555128130 2.8179264206600503 475
1739555128138 2.8019538649188465 476
1739555128147 2.7861306293387065 477
1739555128154 2.7704552775533338 478
1739555128162 2.7549263872323166 479
1739555128170 2.739542549942862 480
1739555128178 2.7243023710128638 481
1739555128185 2.709204469395352 482
1739555128193 2.6942474775342706 483
1739555128201 2.67943004123159 484
1739555128212 2.6647508195157292 485
1739555128219 2.650208484511286 486
1739555128227 2.6358017213100418 487
1739555128235 2.621529227843268 488
1739555128243 2.6073897147552665 489
1739555128251 2.593381905278171 490
1739555128259 2.5795045351080024 491
1739555128267 2.5657563522819284 492
1739555128275 2.552136117056757 493
1739555128282 2.5386426017886015 494
1739555128290 2.5252745908137704 495
1739555128298 2.512030880330816 496
1739555128306 2.4989102782837582 497
1739555128314 2.485911604246443 498
1739555128322 2.473033689308078 499
