1739616272157 169.42512679462885 0
1739616272168 169.40756153506973 1
1739616272180 169.39065831746655 2
1739616272191 169.37375680156404 3
1739616272202 169.35685702186865 4
1739616272213 169.3399589781983 5
1739616272224 169.32306267037265 6
1739616272235 169.30616809821134 7
1739616272245 169.2892752615341 8
1739616272256 169.27238416016056 9
1739616272266 169.25549479391051 10
1739616272277 169.23860716260373 11
1739616272288 169.22193886122776 12
1739616272298 169.20516345763068 13
1739616272309 169.18838977755092 14
1739616272320 169.17161781508779 15
1739616272331 169.15484757006342 16
1739616272343 169.13807904229964 17
1739616272355 169.1213122316184 18
1739616272365 169.10454713784156 19
1739616272377 169.0877837607911 20
1739616272388 169.07102210028899 21
1739616272400 169.05426215615717 22
1739616272411 169.03750392821757 23
1739616272422 169.02074741629238 24
1739616272433 169.00399262020343 25
1739616272443 168.98723953977287 26
1739616272454 168.97048817482275 27
1739616272464 168.9537385251752 28
1739616272475 168.93699059065221 29
1739616272485 168.92024437107602 30
1739616272496 168.90349986626867 31
1739616272506 168.88675707605236 32
1739616272517 168.87001600024925 33
1739616272528 168.8532766386816 34
1739616272539 168.83653899117152 35
1739616272549 168.81980305754135 36
1739616272560 168.80306883761324 37
1739616272570 168.78633633120958 38
1739616272581 168.76960553815258 39
1739616272591 168.7528764582645 40
1739616272602 168.73614909136774 41
1739616272613 168.7194234372846 42
1739616272623 168.7026994958375 43
1739616272634 168.68597726684877 44
1739616272646 168.66925675014087 45
1739616272656 168.65253794553612 46
1739616272667 168.635820852857 47
1739616272677 168.61910547192602 48
1739616272688 168.60239180256556 49
1739616272698 168.58567984459822 50
1739616272709 168.56896959784638 51
1739616272719 168.5522610621327 52
1739616272732 168.53555423727963 53
1739616272743 168.51884912310976 54
1739616272753 168.5021457194457 55
1739616272764 168.48544402611006 56
1739616272775 168.46874404292544 57
1739616272786 168.45204576971443 58
1739616272796 168.4353492062998 59
1739616272807 168.41865435250415 60
1739616272817 168.40196120815023 61
1739616272828 168.38526977306068 62
1739616272838 168.36858004705826 63
1739616272849 168.35189202996574 64
1739616272860 168.3352057216059 65
1739616272870 168.3185211218015 66
1739616272881 168.30183823037535 67
1739616272892 168.28515704715028 68
1739616272903 168.26847757194915 69
1739616272913 168.25179980459478 70
1739616272924 168.23512374491008 71
1739616272935 168.21844939271796 72
1739616272948 168.20177674784134 73
1739616272960 168.18510581010312 74
1739616272971 168.1684365793263 75
1739616272982 168.1517690553338 76
1739616272993 168.13510323794864 77
1739616273003 168.11843912699388 78
1739616273014 168.10185025718746 79
1739616273025 168.08522631293542 80
1739616273036 168.06860407096443 81
1739616273047 168.05198352918674 82
1739616273058 168.03536468742612 83
1739616273068 168.01874754550641 84
1739616273079 168.00213210325137 85
1739616273089 167.98551836048492 86
1739616273100 167.96890631703084 87
1739616273111 167.952295972713 88
1739616273121 167.9356873273553 89
1739616273132 167.91908038078162 90
1739616273143 167.90247513281588 91
1739616273154 167.8858715832821 92
1739616273164 167.86926973200408 93
1739616273175 167.8526695788059 94
1739616273185 167.83607112351154 95
1739616273195 167.81947436594507 96
1739616273206 167.8028793059304 97
1739616273217 167.7862859432917 98
1739616273228 167.76969427785292 99
1739616273238 167.75310430943819 100
1739616273249 167.73651603787164 101
1739616273263 167.71992946297738 102
1739616273273 167.70334458457953 103
1739616273284 167.68676140250233 104
1739616273295 167.67017991656982 105
1739616273305 167.65360012660628 106
1739616273316 167.63702203243597 107
1739616273327 167.62044563388298 108
1739616273337 167.6038709307717 109
1739616273348 167.5872979229263 110
1739616273358 167.57072661017114 111
1739616273370 167.5541569923305 112
1739616273382 167.5375890692287 113
1739616273394 167.5210228406901 114
1739616273405 167.504458306539 115
1739616273416 167.48789546659984 116
1739616273426 167.471334320697 117
1739616273437 167.4547748686549 118
1739616273448 167.43821711029796 119
1739616273459 167.42166104545063 120
1739616273469 167.40510667393744 121
1739616273480 167.38855399558278 122
1739616273490 167.37200301021124 123
1739616273501 167.3554537176473 124
1739616273512 167.3389061177155 125
1739616273523 167.32236021024045 126
1739616273534 167.30581599504663 127
1739616273545 167.28927347195878 128
1739616273555 167.27273264080145 129
1739616273566 167.2561935013992 130
1739616273577 167.23965605357677 131
1739616273587 167.22312029715889 132
1739616273598 167.2065862319701 133
1739616273608 167.19005385783524 134
1739616273620 167.17352317457892 135
1739616273630 167.15699418202598 136
1739616273641 167.14046688000113 137
1739616273651 167.12394126832922 138
1739616273662 167.10741734683492 139
1739616273672 167.09089511534322 140
1739616273683 167.0743745736788 141
1739616273693 167.05785572166658 142
1739616273705 167.04133855913145 143
1739616273715 167.0248230858983 144
1739616273726 167.00830930179205 145
1739616273740 166.99179720663759 146
1739616273750 166.9752868002598 147
1739616273761 166.9587780824838 148
1739616273771 166.94227105313448 149
1739616273782 166.92576571203688 150
1739616273792 166.9092620590159 151
1739616273802 166.89276009389675 152
1739616273813 166.87625981650444 153
1739616273824 166.85976122666392 154
1739616273835 166.84326432420045 155
1739616273846 166.82676910893903 156
1739616273856 166.81027558070485 157
1739616273867 166.79378373932303 158
1739616273877 166.77729358461875 159
1739616273919 166.76080511641715 160
1739616273934 166.74431833454344 161
1739616273946 166.72783323882288 162
1739616273958 166.71134982908072 163
1739616273970 166.69486810514215 164
1739616273982 166.67838806683253 165
1739616273995 166.66190971397705 166
1739616274008 166.64543304640108 167
1739616274019 166.62895806392999 168
1739616274031 166.61248476638903 169
1739616274043 166.59601315360365 170
1739616274055 166.57954322539922 171
1739616274066 166.5630749816011 172
1739616274078 166.54660842203475 173
1739616274089 166.53014354652558 174
1739616274100 166.51368035489907 175
1739616274112 166.49721884698067 176
1739616274124 166.4807590225959 177
1739616274144 166.46430088157027 178
1739616274162 166.44784442372926 179
1739616274181 166.43138964889852 180
1739616274201 166.41493655690354 181
1739616274221 166.3984851475699 182
1739616274242 166.38203542072324 183
1739616274257 166.36558737618913 184
1739616274271 166.34914101379326 185
1739616274285 166.33269633336127 186
1739616274298 166.31625333471885 187
1739616274312 166.29981201769166 188
1739616274325 166.28337238210545 189
1739616274338 166.2669344277859 190
1739616274351 166.2504981545588 191
1739616274364 166.23406356224993 192
1739616274382 166.21763065068504 193
1739616274398 166.20119941968994 194
1739616274410 166.18476986909045 195
1739616274423 166.1683419987124 196
1739616274436 166.15191580838166 197
1739616274448 166.13549129792415 198
1739616274460 166.11906846716565 199
1739616274472 166.1026473159322 200
1739616274500 166.08622784404957 201
1739616274534 166.0698100513439 202
1739616274548 166.05339393764106 203
1739616274560 166.03697950276702 204
1739616274573 166.02056674654781 205
1739616274587 166.00415566880943 206
1739616274600 165.98774626937796 207
1739616274614 165.97133854807942 208
1739616274627 165.95493250473987 209
1739616274641 165.93852813918545 210
1739616274655 165.9221254512422 211
1739616274668 165.90572444073635 212
1739616274680 165.889325107494 213
1739616274692 165.8729274513413 214
1739616274704 165.85653147210442 215
1739616274715 165.84013716960962 216
1739616274727 165.82374454368306 217
1739616274742 165.80735359415104 218
1739616274753 165.79096432083975 219
1739616274764 165.77457672357554 220
1739616274776 165.7581908021846 221
1739616274787 165.74180655649334 222
1739616274799 165.72542398632805 223
1739616274810 165.70904309151507 224
1739616274821 165.69266387188077 225
1739616274832 165.67628632725155 226
1739616274842 165.65991045745383 227
1739616274853 165.64353626231394 228
1739616274864 165.62716374165842 229
1739616274874 165.61079289531366 230
1739616274885 165.59442372310613 231
1739616274895 165.5780562248624 232
1739616274907 165.5616904004089 233
1739616274917 165.5453262495722 234
1739616274928 165.52896377217888 235
1739616274938 165.51260296805538 236
1739616274949 165.4962438370284 237
1739616274960 165.4798863789245 238
1739616274970 165.46353059357028 239
1739616274981 165.44717648079245 240
1739616274991 165.43082404041755 241
1739616275002 165.41447327227237 242
1739616275012 165.39812417618353 243
1739616275023 165.38177675197772 244
1739616275034 165.36543099948176 245
1739616275044 165.3490869185223 246
1739616275055 165.33274450892617 247
1739616275067 165.31640377052008 248
1739616275079 165.30006470313094 249
1739616275090 165.2837273065855 250
1739616275102 165.26739158071052 251
1739616275112 165.251057525333 252
1739616275123 165.23472514027972 253
1739616275134 165.21839442537762 254
1739616275144 165.20206538045355 255
1739616275155 165.1857380053345 256
1739616275166 165.16941229984738 257
1739616275177 165.15308826381914 258
1739616275188 165.1367658970768 259
1739616275199 165.12044519944735 260
1739616275210 165.1041261707577 261
1739616275220 165.08780881083504 262
1739616275231 165.07149311950639 263
1739616275243 165.05517909659872 264
1739616275253 165.03886674193924 265
1739616275264 165.02255605535495 266
1739616275275 165.00624703667305 267
1739616275285 164.9899396857207 268
1739616275296 164.973634002325 269
1739616275307 164.95732998631317 270
1739616275317 164.94102763751235 271
1739616275328 164.92472695574983 272
1739616275338 164.9084279408528 273
1739616275349 164.89213059264847 274
1739616275359 164.87583491096424 275
1739616275370 164.85954089562728 276
1739616275382 164.8432485464649 277
1739616275392 164.82695786330447 278
1739616275403 164.8106688459733 279
1739616275414 164.79438149429882 280
1739616275424 164.77809580810828 281
1739616275435 164.7618117872292 282
1739616275446 164.7455294314889 283
1739616275457 164.7292487407149 284
1739616275468 164.71296971473453 285
1739616275479 164.69669235337534 286
1739616275489 164.68041665646484 287
1739616275500 164.66414262383046 288
1739616275510 164.6478702552998 289
1739616275521 164.63159955070032 290
1739616275532 164.61533050985963 291
1739616275543 164.59906313260527 292
1739616275553 164.58279741876487 293
1739616275564 164.566533368166 294
1739616275575 164.55027098063633 295
1739616275586 164.53401025600346 296
1739616275598 164.5177511940951 297
1739616275608 164.50149379473896 298
1739616275619 164.48523805776267 299
1739616275630 164.46898398299396 300
1739616275640 164.45273157026057 301
1739616275651 164.43648081939028 302
1739616275661 164.42023173021087 303
1739616275672 164.40398430255013 304
1739616275683 164.38773853623582 305
1739616275694 164.3714944310958 306
1739616275704 164.3552519869579 307
1739616275715 164.33901120365005 308
1739616275726 164.32277208100004 309
1739616275739 164.30653461883583 310
1739616275749 164.29029881698534 311
1739616275760 164.27406467527643 312
1739616275771 164.2578321935371 313
1739616275782 164.24160137159535 314
1739616275792 164.22537220927913 315
1739616275803 164.20914470641642 316
1739616275814 164.1929188628353 317
1739616275824 164.17669467836384 318
1739616275835 164.16047215283004 319
1739616275846 164.14425128606192 320
1739616275857 164.12803207788775 321
1739616275867 164.1118145281355 322
1739616275878 164.09559863663335 323
1739616275889 164.07938440320945 324
1739616275900 164.06317182769197 325
1739616275911 164.04696090990907 326
1739616275922 164.030751649689 327
1739616275933 164.0145440468599 328
1739616275943 163.9983381012501 329
1739616275954 163.98213381268783 330
1739616275965 163.96593118100137 331
1739616275975 163.94973020601896 332
1739616275985 163.933530887569 333
1739616275996 163.91733322547978 334
1739616276007 163.9011372195796 335
1739616276018 163.88494286969689 336
1739616276029 163.86875017565995 337
1739616276040 163.85255913729728 338
1739616276051 163.8363697544373 339
1739616276062 163.82018202690836 340
1739616276072 163.80399595453898 341
1739616276083 163.78781153715758 342
1739616276093 163.77162877459273 343
1739616276104 163.75544766667286 344
1739616276114 163.73926821322652 345
1739616276153 163.7230904140823 346
1739616276176 163.7069142690687 347
1739616276195 163.69073977801435 348
1739616276214 163.67456694074775 349
1739616276230 163.65839575709765 350
1739616276246 163.6422262268926 351
1739616276262 163.62605834996128 352
1739616276279 163.6098921261324 353
1739616276295 163.59372755523452 354
1739616276312 163.57756463709646 355
1739616276330 163.5614033715469 356
1739616276347 163.54524375841456 357
1739616276374 163.52908579752827 358
1739616276390 163.51292948871676 359
1739616276405 163.4967748318088 360
1739616276420 163.4806218266333 361
1739616276436 163.46447047301893 362
1739616276451 163.4483207707947 363
1739616276466 163.43217271978935 364
1739616276481 163.41602631983184 365
1739616276495 163.39988157075106 366
1739616276508 163.38373847237594 367
1739616276522 163.36759702453537 368
1739616276536 163.35145722705832 369
1739616276550 163.33531907977383 370
1739616276563 163.3191825825108 371
1739616276577 163.3030477350983 372
1739616276591 163.2869145373653 373
1739616276604 163.27078298914088 374
1739616276618 163.2546530902541 375
1739616276631 163.238524840534 376
1739616276645 163.22239823980982 377
1739616276658 163.2062732879105 378
1739616276672 163.19014998466528 379
1739616276686 163.17402832990325 380
1739616276699 163.15790832345363 381
1739616276713 163.14178996514553 382
1739616276727 163.12567325480825 383
1739616276743 163.10955819227098 384
1739616276756 163.09344477736295 385
1739616276770 163.07733300991345 386
1739616276784 163.06122288975166 387
1739616276797 163.04511441670698 388
1739616276810 163.02900759060867 389
1739616276823 163.0129024112861 390
1739616276835 162.99679887856857 391
1739616276849 162.98069699228546 392
1739616276861 162.96459675226617 393
1739616276883 162.94849815834013 394
1739616276896 162.93240121033665 395
1739616276908 162.91630590808523 396
1739616276922 162.90021225141538 397
1739616276935 162.88412024015653 398
1739616276948 162.86802987413813 399
1739616276961 162.8519411531897 400
1739616276973 162.83585407714082 401
1739616276986 162.81976864582097 402
1739616276999 162.80368485905976 403
1739616277013 162.78760271668673 404
1739616277027 162.77152221853154 405
1739616277040 162.75544336442368 406
1739616277053 162.73936615419296 407
1739616277067 162.72329058766886 408
1739616277080 162.7072166646811 409
1739616277093 162.69114438505946 410
1739616277106 162.6750737486335 411
1739616277119 162.65900475523307 412
1739616277133 162.64293740468779 413
1739616277146 162.62687169682752 414
1739616277160 162.61080763148198 415
1739616277174 162.59474520848093 416
1739616277189 162.57868442765425 417
1739616277203 162.5626252888317 418
1739616277217 162.5465677918432 419
1739616277231 162.53051193651862 420
1739616277244 162.5144577226877 421
1739616277258 162.49840515018047 422
1739616277271 162.48235421882686 423
1739616277285 162.46630492845674 424
1739616277299 162.45025727890004 425
1739616277312 162.4342112699868 426
1739616277325 162.41816690154695 427
1739616277339 162.40212417341056 428
1739616277353 162.38608308540753 429
1739616277368 162.37004363736807 430
1739616277382 162.35400582912214 431
1739616277396 162.3379696604998 432
1739616277409 162.32193513133117 433
1739616277422 162.3059022414464 434
1739616277439 162.28987099067555 435
1739616277453 162.27384137884883 436
1739616277467 162.25781340579636 437
1739616277481 162.24178707134834 438
1739616277494 162.22576237533497 439
1739616277506 162.20973931758644 440
1739616277520 162.19371789793306 441
1739616277537 162.17769811620497 442
1739616277553 162.16167997223255 443
1739616277567 162.145663465846 444
1739616277581 162.1296485968757 445
1739616277595 162.113635365152 446
1739616277609 162.0976237705051 447
1739616277622 162.08161381276548 448
1739616277635 162.06560549176345 449
1739616277648 162.04959880732946 450
1739616277661 162.03359375929392 451
1739616277675 162.01759034748721 452
1739616277689 162.00158857173986 453
1739616277702 161.98558843188223 454
1739616277716 161.96958992774492 455
1739616277728 161.9535930591583 456
1739616277742 161.937597825953 457
1739616277759 161.9216042279595 458
1739616277772 161.90561226500836 459
1739616277784 161.8896219369302 460
1739616277798 161.87363324355553 461
1739616277812 161.857646184715 462
1739616277842 161.84166076023925 463
1739616277856 161.82567696995892 464
1739616277870 161.8096948137046 465
1739616277884 161.79371429130705 466
1739616277898 161.777735402597 467
1739616277912 161.761758147405 468
1739616277926 161.74578252556194 469
1739616277940 161.72980853689847 470
1739616277954 161.71383618124548 471
1739616277968 161.69786545843357 472
1739616277982 161.6818963682937 473
1739616277995 161.66592891065662 474
1739616278009 161.64996308535316 475
1739616278023 161.63399889221424 476
1739616278036 161.61803633107067 477
1739616278053 161.60207540175335 478
1739616278067 161.58611610409318 479
1739616278080 161.5701584379211 480
1739616278094 161.55420240306805 481
1739616278107 161.538247999365 482
1739616278120 161.52229522664294 483
1739616278134 161.5063440847328 484
1739616278148 161.49039457346566 485
1739616278162 161.47444669267256 486
1739616278176 161.45850044218446 487
1739616278189 161.44255582183249 488
1739616278204 161.42661283144773 489
1739616278218 161.41067147086133 490
1739616278232 161.39473173990433 491
1739616278245 161.37879363840787 492
1739616278259 161.36285716620316 493
1739616278273 161.34692232312133 494
1739616278286 161.33098910899358 495
1739616278301 161.31505752365112 496
1739616278315 161.29912756692514 497
1739616278328 161.28319923864697 498
1739616278343 161.26727253864777 499
