1739557890369 165.0014201853197 0
1739557890378 162.82934632873892 1
1739557890387 171.59912830877394 2
1739557890396 160.00353400654006 3
1739557890405 160.50413582932876 4
1739557890413 159.69382652743099 5
1739557890422 156.6970754858374 6
1739557890430 154.07683418411966 7
1739557890439 155.4367628571783 8
1739557890447 154.49242972254788 9
1739557890455 151.97824149731295 10
1739557890463 160.23456683046604 11
1739557890472 151.30444964065538 12
1739557890480 156.90543691671527 13
1739557890488 154.81438818547133 14
1739557890497 148.55841934218765 15
1739557890505 153.6513463320708 16
1739557890513 147.57145305911 17
1739557890522 150.4050243439411 18
1739557890530 145.92969329033826 19
1739557890539 142.1735433045671 20
1739557890548 145.90665195604876 21
1739557890557 140.60477877359722 22
1739557890567 136.002890292342 23
1739557890575 137.06974188300083 24
1739557890584 136.9043017842385 25
1739557890592 137.94241867135338 26
1739557890600 136.87264742703692 27
1739557890609 140.96098279092908 28
1739557890617 133.45127366022535 29
1739557890626 134.2152428441471 30
1739557890634 135.1590250277682 31
1739557890642 136.0632331079939 32
1739557890651 134.8095863483936 33
1739557890660 126.28336264589362 34
1739557890668 133.2897498637038 35
1739557890677 126.53292410782626 36
1739557890685 127.2572112038515 37
1739557890693 122.96620533459372 38
1739557890705 123.87487531047701 39
1739557890714 123.29075421445869 40
1739557890722 125.26486222524144 41
1739557890730 122.80838251609688 42
1739557890739 123.45329697476451 43
1739557890748 118.11030332618783 44
1739557890756 120.55818049010728 45
1739557890764 119.30036434156638 46
1739557890773 120.32315727703971 47
1739557890781 115.13076040661386 48
1739557890789 113.18242532384355 49
1739557890797 115.66151914418722 50
1739557890806 116.51295695688198 51
1739557890814 112.83811010507608 52
1739557890823 115.58571417019316 53
1739557890831 112.71332262830981 54
1739557890839 114.91137630658628 55
1739557890848 112.30078751880922 56
1739557890856 111.89149380246918 57
1739557890864 106.93616932399871 58
1739557890873 108.75679816594477 59
1739557890882 103.09351198508202 60
1739557890891 105.06041824232761 61
1739557890899 105.01150737796297 62
1739557890907 102.96471076879051 63
1739557890916 104.53801804069666 64
1739557890924 104.68317807144709 65
1739557890932 105.77595748669411 66
1739557890941 103.40898083424322 67
1739557890949 103.80598739195773 68
1739557890957 100.51288019523436 69
1739557890966 98.35023375489507 70
1739557890974 95.71335137512257 71
1739557890982 99.3504135656646 72
1739557890991 98.34707424130072 73
1739557890999 101.4468691449867 74
1739557891008 97.79085511534531 75
1739557891016 94.68678943766004 76
1739557891024 94.1545363519417 77
1739557891033 93.13461354962168 78
1739557891041 96.71607544302587 79
1739557891050 92.73815125189313 80
1739557891058 93.20020471438139 81
1739557891066 88.46478099312908 82
1739557891075 90.90920386220004 83
1739557891083 89.59269666127156 84
1739557891091 90.40480694773859 85
1739557891100 87.7610779045734 86
1739557891108 89.59897060747133 87
1739557891116 88.41126893554093 88
1739557891124 86.14013652270333 89
1739557891132 84.98548636764386 90
1739557891141 84.8390650914062 91
1739557891149 86.63824637880525 92
1739557891157 81.63058506538094 93
1739557891166 83.70348555114019 94
1739557891174 83.03495629934693 95
1739557891183 80.85805695529216 96
1739557891191 82.30699033976131 97
1739557891200 81.86263561044272 98
1739557891209 80.30826679088975 99
1739557891217 82.91716887084321 100
1739557891225 80.50781931696883 101
1739557891234 77.63056299510346 102
1739557891242 76.6012864765245 103
1739557891250 79.21882820343698 104
1739557891259 77.4347761736864 105
1739557891268 77.46613105121227 106
1739557891276 78.20578685887067 107
1739557891285 74.67298982202216 108
1739557891293 73.79996659132068 109
1739557891301 77.96345489472564 110
1739557891310 73.94250020515149 111
1739557891318 74.66032658248866 112
1739557891327 72.76098816176466 113
1739557891336 71.8071761869556 114
1739557891344 69.74528205165251 115
1739557891352 71.75239464212832 116
1739557891363 69.00897987055212 117
1739557891373 69.15049131386597 118
1739557891382 71.84643295411932 119
1739557891391 71.20284717563402 120
1739557891400 68.715713363904 121
1739557891408 70.73523885006705 122
1739557891418 65.91441163776831 123
1739557891427 63.93672940560533 124
1739557891436 68.1833985936528 125
1739557891444 65.11691719053067 126
1739557891453 65.37545370048244 127
1739557891461 64.4719115179598 128
1739557891469 65.8021644363125 129
1739557891478 64.35653045992845 130
1739557891486 62.65686470258142 131
1739557891495 62.272849579763935 132
1739557891503 64.32970918917867 133
1739557891512 62.74081031207643 134
1739557891520 60.947990326598756 135
1739557891529 63.53521023913282 136
1739557891537 63.63147534103087 137
1739557891546 62.10610341783922 138
1739557891554 59.382147877269965 139
1739557891563 59.45358825732147 140
1739557891572 57.498768285718214 141
1739557891581 59.61402495012241 142
1739557891591 55.41512746602277 143
1739557891600 59.98214717397018 144
1739557891609 56.21789138498967 145
1739557891618 56.769315366202115 146
1739557891627 54.864461381668455 147
1739557891635 56.34941676735713 148
1739557891644 56.82196681508387 149
1739557891652 56.45382695121663 150
1739557891660 54.123825494981936 151
1739557891668 54.36028645770688 152
1739557891679 53.84497142604128 153
1739557891694 54.006412513375075 154
1739557891704 53.37951298933195 155
1739557891713 52.85693437964836 156
1739557891721 53.964064206281144 157
1739557891729 53.20837882898455 158
1739557891738 53.829802577464235 159
1739557891746 51.88939777587355 160
1739557891755 50.24447856246402 161
1739557891763 50.925689541105356 162
1739557891772 49.026782704465276 163
1739557891781 49.02366801648996 164
1739557891789 49.43986815714038 165
1739557891798 47.45077704220679 166
1739557891806 48.14196002447291 167
1739557891815 48.81386211952461 168
1739557891824 51.04916202028934 169
1739557891832 48.20811387242911 170
1739557891841 46.90660296665328 171
1739557891849 46.94641688389323 172
1739557891857 46.08914613021704 173
1739557891866 47.02607294464678 174
1739557891874 45.78582550166447 175
1739557891883 44.15669910657365 176
1739557891891 46.593263107147855 177
1739557891899 46.25410668139671 178
1739557891908 45.24292048049423 179
1739557891916 44.48227589279474 180
1739557891924 43.81737566871212 181
1739557891933 43.36492060623856 182
1739557891941 43.26656542997362 183
1739557891949 44.18451640900588 184
1739557891957 42.040354704816494 185
1739557891966 43.18171174577767 186
1739557891974 41.916983253601444 187
1739557891983 40.93788061565095 188
1739557891991 41.12694048061138 189
1739557892000 40.79789364365103 190
1739557892009 40.333876201365506 191
1739557892017 40.297353347769125 192
1739557892026 41.28132522916828 193
1739557892034 40.394599292105696 194
1739557892043 38.49019087870302 195
1739557892051 40.98023238101729 196
1739557892060 39.06134358756936 197
1739557892069 39.743367108791894 198
1739557892077 37.852572787164966 199
1739557892086 38.08936847697645 200
1739557892094 37.400318190980755 201
1739557892103 37.35233068565235 202
1739557892112 35.99349100497934 203
1739557892120 35.74209852314458 204
1739557892129 37.58941174514067 205
1739557892137 36.0388726061415 206
1739557892146 36.81914343680125 207
1739557892154 34.33494185829535 208
1739557892163 35.996314827595135 209
1739557892172 35.10501529655682 210
1739557892180 35.42243936274785 211
1739557892189 36.825818319127926 212
1739557892198 35.593421940985536 213
1739557892206 35.871107152185 214
1739557892215 35.72345357135375 215
1739557892223 34.924264551220254 216
1739557892232 34.28870293357324 217
1739557892240 33.34041565530538 218
1739557892249 33.08353619038996 219
1739557892257 32.16650125287982 220
1739557892265 32.1997497523089 221
1739557892274 32.00720942822769 222
1739557892282 32.515982589495295 223
1739557892290 32.15710452164344 224
1739557892299 31.768856258213596 225
1739557892307 30.9260253974743 226
1739557892315 32.42174775688191 227
1739557892324 32.114091959474386 228
1739557892332 31.007199706363846 229
1739557892341 29.27602608756841 230
1739557892349 30.8106821771807 231
1739557892358 30.35793916095491 232
1739557892366 30.532314896204337 233
1739557892375 31.09266978736231 234
1739557892383 29.521840701361107 235
1739557892391 29.609596770640813 236
1739557892399 30.873540879801425 237
1739557892408 28.953656774187806 238
1739557892416 28.316460852876453 239
1739557892424 27.887226262522407 240
1739557892432 29.016399628559565 241
1739557892441 29.486183498097162 242
1739557892449 29.0449183416317 243
1739557892459 27.793244969592557 244
1739557892467 28.79739921180867 245
1739557892476 27.646468585224532 246
1739557892484 26.620987792004538 247
1739557892493 27.905592343024637 248
1739557892501 26.47287144618826 249
1739557892509 26.969503110521792 250
1739557892518 28.403701925971227 251
1739557892526 26.96093583387087 252
1739557892534 26.439575299349254 253
1739557892543 26.324808188502235 254
1739557892551 24.604074451242795 255
1739557892559 25.30766419223861 256
1739557892568 24.746239564849795 257
1739557892576 23.768879253072868 258
1739557892584 24.843494397094712 259
1739557892592 25.88743495290652 260
1739557892601 25.510145937542084 261
1739557892609 24.929456690778984 262
1739557892618 24.64151613804317 263
1739557892626 23.258825225017315 264
1739557892634 23.594199085832557 265
1739557892642 24.469861512759177 266
1739557892651 24.373347538938447 267
1739557892660 22.891202148035216 268
1739557892668 24.609160140228447 269
1739557892676 24.418190387754777 270
1739557892685 22.70147865628011 271
1739557892693 22.741008160500424 272
1739557892701 22.74708353522984 273
1739557892713 22.04105804587567 274
1739557892721 22.3710057048166 275
1739557892730 21.764656874310468 276
1739557892738 21.335789481063546 277
1739557892747 22.301415103810605 278
1739557892755 20.753643432110227 279
1739557892763 20.1391233528756 280
1739557892772 19.946969786347946 281
1739557892780 20.877374653667985 282
1739557892789 20.713164950223117 283
1739557892797 21.803559281759107 284
1739557892805 21.78579197519236 285
1739557892814 21.037455061345977 286
1739557892822 20.47795181741124 287
1739557892830 20.307741073826342 288
1739557892838 20.67554682222702 289
1739557892847 18.89852570763293 290
1739557892855 20.037398038148385 291
1739557892864 21.115905224925484 292
1739557892872 20.27994884480943 293
1739557892881 20.249083515750467 294
1739557892889 20.688069911911313 295
1739557892898 19.501826284257092 296
1739557892907 19.558729418750946 297
1739557892915 17.68602922269417 298
1739557892923 19.389430236215897 299
1739557892931 18.906716614829882 300
1739557892940 17.860252965830583 301
1739557892948 17.66645204669223 302
1739557892957 17.945530549711 303
1739557892965 18.099192667447685 304
1739557892974 17.804549855630686 305
1739557892982 18.52425843817034 306
1739557892991 17.162982087969876 307
1739557892999 17.412760916722572 308
1739557893008 17.862866533036502 309
1739557893016 18.064476730329165 310
1739557893025 16.621550927461957 311
1739557893033 18.48159174354006 312
1739557893041 17.16384401964111 313
1739557893050 15.970966552837785 314
1739557893058 16.83922774414019 315
1739557893066 15.795734173903742 316
1739557893075 16.899373228496817 317
1739557893083 17.040288444387453 318
1739557893091 16.842677620237215 319
1739557893099 16.411125288736006 320
1739557893108 15.041006717150527 321
1739557893117 16.647158307746693 322
1739557893125 14.979234320346007 323
1739557893134 15.902700069037754 324
1739557893143 17.156906422460217 325
1739557893151 15.528758882417328 326
1739557893160 15.77443146604175 327
1739557893168 14.621672045131357 328
1739557893177 15.306620854754398 329
1739557893185 13.944458812427774 330
1739557893193 15.272131484045921 331
1739557893202 14.667805788433908 332
1739557893211 15.49085724136876 333
1739557893219 14.795002285528282 334
1739557893228 14.843025459436605 335
1739557893237 15.145043309829294 336
1739557893245 15.11689839897004 337
1739557893253 15.854920764874267 338
1739557893262 13.614343316073763 339
1739557893271 14.453583485458784 340
1739557893279 13.856777687753302 341
1739557893287 13.541654883974035 342
1739557893296 16.367302834826226 343
1739557893305 13.59884878937281 344
1739557893313 14.068289670754458 345
1739557893322 14.4454054780264 346
1739557893330 12.378568663064483 347
1739557893338 13.613084089854436 348
1739557893347 13.502360639999837 349
1739557893355 13.049025009313032 350
1739557893363 14.221708261833612 351
1739557893372 12.679809987396462 352
1739557893380 13.190179748070912 353
1739557893388 14.142485445730404 354
1739557893397 12.532608557007444 355
1739557893405 11.2770086119977 356
1739557893413 13.33486928267127 357
1739557893422 12.124247432688561 358
1739557893430 12.01802177097187 359
1739557893438 12.552046637263706 360
1739557893446 13.03413889050088 361
1739557893455 11.393374808355247 362
1739557893463 12.66096622008047 363
1739557893472 11.620447329093425 364
1739557893481 12.10205904735746 365
1739557893492 11.633485972845646 366
1739557893501 12.193210088513371 367
1739557893510 10.424619264967436 368
1739557893519 12.061622384888278 369
1739557893528 11.639410398868508 370
1739557893539 11.924378191336983 371
1739557893548 12.433922258393181 372
1739557893557 12.214613055981665 373
1739557893583 12.16223825026477 374
1739557893605 11.842476555752166 375
1739557893615 10.834436171760109 376
1739557893624 12.271209135304087 377
1739557893634 11.722765756926957 378
1739557893643 11.050280369415066 379
1739557893652 10.730112637000099 380
1739557893660 10.604025839947797 381
1739557893669 11.740005312205806 382
1739557893678 9.543474465425048 383
1739557893687 10.704664709162373 384
1739557893696 10.610346597983588 385
1739557893705 9.878671733731517 386
1739557893719 10.696809943651024 387
1739557893727 10.20503513678475 388
1739557893736 10.556742731309281 389
1739557893745 9.517266961730423 390
1739557893754 10.437988682822539 391
1739557893763 8.654899067799384 392
1739557893772 10.480735131612235 393
1739557893781 8.436865806211129 394
1739557893790 9.872783057405272 395
1739557893799 10.116602390155617 396
1739557893808 8.844662606704436 397
1739557893817 10.216705338173188 398
1739557893826 10.052299597201761 399
1739557893834 9.368732589146148 400
1739557893842 9.141607505161721 401
1739557893851 10.484814604922805 402
1739557893859 9.48501425696257 403
1739557893867 8.572142296483728 404
1739557893875 10.325810110213485 405
1739557893884 10.716371096566428 406
1739557893892 9.191091216566509 407
1739557893900 9.426064059901831 408
1739557893908 9.496141578997877 409
1739557893917 8.67753858618576 410
1739557893925 8.6287671050344 411
1739557893933 8.374916377968809 412
1739557893942 9.542774257329635 413
1739557893950 8.34803415640964 414
1739557893958 8.544093960785487 415
1739557893966 8.359677858184144 416
1739557893975 9.515742915773917 417
1739557893983 8.377815985960416 418
1739557893991 8.550243184478415 419
1739557893999 7.471262963281109 420
1739557894008 8.016385782536942 421
1739557894016 8.284386360543918 422
1739557894024 8.598386876732077 423
1739557894032 7.37695873031642 424
1739557894041 8.754156793108404 425
1739557894049 7.008916838175167 426
1739557894058 7.437774842918469 427
1739557894066 7.457594870489413 428
1739557894075 7.387824185592816 429
1739557894083 6.741971168463509 430
1739557894092 8.391923232120744 431
1739557894100 7.781953274432647 432
1739557894109 8.563017697012647 433
1739557894117 7.313508294278783 434
1739557894125 7.394603639371609 435
1739557894133 8.39695687982903 436
1739557894142 7.5392512820622315 437
1739557894150 8.029865897298292 438
1739557894158 7.605516055358944 439
1739557894166 7.372547118142839 440
1739557894175 7.30379890213505 441
1739557894183 7.777799039355379 442
1739557894191 7.66422597398488 443
1739557894199 7.5705740677676205 444
1739557894208 7.400334435066072 445
1739557894217 6.625419881703199 446
1739557894225 5.452182908190723 447
1739557894233 6.545482969678875 448
1739557894242 6.376447210870487 449
1739557894251 6.629352000128494 450
1739557894259 6.119225269701827 451
1739557894268 7.6815782387479485 452
1739557894276 6.882332095602837 453
1739557894285 6.4079631302458315 454
1739557894293 6.773954862700896 455
1739557894301 6.063338549092935 456
1739557894310 6.706780153586603 457
1739557894319 6.494729553637286 458
1739557894327 6.059101716766194 459
1739557894336 6.1126741518931444 460
1739557894344 6.23725432506021 461
1739557894352 6.685627555076573 462
1739557894361 5.948563695748508 463
1739557894369 6.280071635372621 464
1739557894377 5.883392191117473 465
1739557894386 5.910102886262742 466
1739557894394 6.396544821926621 467
1739557894402 5.782607439347581 468
1739557894411 5.109454405596375 469
1739557894419 5.326329269568012 470
1739557894428 5.61264321165746 471
1739557894436 6.145805811027553 472
1739557894444 5.67667423423236 473
1739557894452 5.5102217621342495 474
1739557894460 5.757640006597087 475
1739557894469 4.567872493517233 476
1739557894477 5.371544995253799 477
1739557894485 6.1363583596500515 478
1739557894493 6.328167440117574 479
1739557894502 5.736357507933402 480
1739557894510 5.681141797556352 481
1739557894518 5.2503901857130675 482
1739557894526 5.5298162327575975 483
1739557894535 4.661701849687549 484
1739557894543 5.182532126240883 485
1739557894551 5.321886180234544 486
1739557894560 5.557180481715001 487
1739557894568 5.326893813685329 488
1739557894576 4.654548598348305 489
1739557894585 4.704419415359895 490
1739557894593 5.815008877927155 491
1739557894601 4.20682607333547 492
1739557894610 5.180791414576039 493
1739557894618 4.267240970471127 494
1739557894626 4.911947799264187 495
1739557894635 5.212691329258479 496
1739557894643 6.03771729068885 497
1739557894651 4.769097622281667 498
1739557894659 4.323399176114738 499
