1739613583978 0.006005940230110857 0
1739613584014 0.6203899964100903 1
1739613584052 1.4255960879576308 2
1739613584087 0.2621305019819502 3
1739613584123 0.44591552579392524 4
1739613584160 1.1810028238107846 5
1739613584197 1.9787912152876337 6
1739613584234 0.7734710699400862 7
1739613584271 0.020529138544287694 8
1739613584309 0.008330409057688004 9
1739613584345 0.06891610755404996 10
1739613584390 3.9085567048062404 11
1739613584428 0.9800535551228184 12
1739613584464 5.2889832051305445 13
1739613584500 0.37251479386275427 14
1739613584536 0.0825780699576225 15
1739613584572 0.36347254419743086 16
1739613584608 0.2315721028213758 17
1739613584645 0.00011827401600768002 18
1739613584681 0.728678456123023 19
1739613584719 0.00025038247532750094 20
1739613584755 0.009434057509487972 21
1739613584792 0.17540525446500277 22
1739613584829 0.3711499673598037 23
1739613584866 0.012793135066226346 24
1739613584903 0.008403659524527742 25
1739613584939 0.4216109192471915 26
1739613584976 0.28026029888647 27
1739613585012 0.5489555341810348 28
1739613585049 0.3397604315063814 29
1739613585085 1.0945499460205481 30
1739613585122 0.5161526292835917 31
1739613585158 2.5705543429984363 32
1739613585194 0.00018631681983815023 33
1739613585233 0.017090949279878358 34
1739613585269 0.4759933544193586 35
1739613585306 0.23227709504115848 36
1739613585351 0.4425976627108638 37
1739613585387 0.12606517106657877 38
1739613585424 2.806979060392396 39
1739613585461 0.0027498771150297513 40
1739613585497 1.1709374246034192 41
1739613585533 0.15319293481327811 42
1739613585569 0.6456304614769804 43
1739613585607 0.6976019188405261 44
1739613585643 1.2588394755917667 45
1739613585680 0.7461927494031282 46
1739613585717 0.30370207212694744 47
1739613585753 0.12224320841746497 48
1739613585790 0.9398663298870477 49
1739613585829 1.8484934667483446 50
1739613585867 0.03431798669775331 51
1739613585903 0.2818007143390187 52
1739613585939 1.301461109956292 53
1739613586026 0.39398191976645386 54
1739613586065 0.030034236049120193 55
1739613586101 0.389878879467748 56
1739613586137 1.9937729904481925 57
1739613586174 0.4550626570552055 58
1739613586211 0.34924007464491713 59
1739613586247 0.7103492457889587 60
1739613586292 0.008972214413679956 61
1739613586330 0.39503350708670265 62
1739613586366 0.41098884783593065 63
1739613586402 0.004722725129063093 64
1739613586438 3.823965627620536 65
1739613586474 0.0010901991153887348 66
1739613586512 4.870642589725927 67
1739613586548 1.354911504930901 68
1739613586584 0.8737365901958906 69
1739613586620 0.13306041552364367 70
1739613586657 0.2505634185667562 71
1739613586692 0.15246890377433542 72
1739613586728 0.14546856559891547 73
1739613586765 0.5364660115918757 74
1739613586801 0.17823249561805107 75
1739613586837 0.059512334141325264 76
1739613586873 0.3396602269496444 77
1739613586910 0.02527577028135591 78
1739613586946 7.220193766792423e-05 79
1739613586982 0.015404887238835506 80
1739613587018 2.2061317304930834 81
1739613587054 0.33821764594155673 82
1739613587091 0.054062945705330163 83
1739613587127 1.625136417682886 84
1739613587163 1.3986390078771866 85
1739613587199 42.88256475319607 86
1739613587244 0.533442534460738 87
1739613587282 0.38262532689847656 88
1739613587318 0.01105703577999176 89
1739613587354 4.42246958439229 90
1739613587390 0.8262665980183921 91
1739613587426 2.975063328267141 92
1739613587462 0.06637893574544411 93
1739613587498 1.1179801422459155 94
1739613587534 0.13902312394513391 95
1739613587570 0.6404595851974925 96
1739613587607 0.06540810187722765 97
1739613587645 1.838663405771382 98
1739613587681 1.848825868620981 99
1739613587717 0.10632533984086304 100
1739613587753 0.047396545368074486 101
1739613587790 0.3968576312823049 102
1739613587827 0.6590348674675888 103
1739613587864 1.7362244976217385 104
1739613587901 0.8814702082656241 105
1739613587937 14.474714720350498 106
1739613587973 0.4979242745197563 107
1739613588009 0.010866699020250187 108
1739613588045 1.8875602919998515 109
1739613588082 0.1787069646259636 110
1739613588118 0.24445000401672576 111
1739613588155 2.93109790140212 112
1739613588199 0.1788659497987627 113
1739613588236 0.22464528687235974 114
1739613588273 0.6281171816532056 115
1739613588310 0.4682893117078145 116
1739613588347 2.8523837237713128 117
1739613588384 3.492586317939478 118
1739613588420 1.8788796295510248 119
1739613588456 0.040446294845490983 120
1739613588491 3.220931428402916 121
1739613588528 0.6572029540669749 122
1739613588564 0.08199114690637321 123
1739613588600 0.45634403668089607 124
1739613588636 0.10183306110680997 125
1739613588673 0.963274405850558 126
1739613588709 0.1894743353728603 127
1739613588747 6.264313819861973 128
1739613588783 0.09616495116988806 129
1739613588819 0.1151283329818072 130
1739613588855 0.44516920618333733 131
1739613588891 0.10348784172992956 132
1739613588927 0.02168097447036209 133
1739613588963 0.11308712773461385 134
1739613589000 0.46335313769506115 135
1739613589035 0.031031134381294734 136
1739613589071 0.1141489798679914 137
1739613589107 0.0035526066362316605 138
1739613589152 0.06239466917077349 139
1739613589189 0.529193875203901 140
1739613589226 2.672340869509548 141
1739613589262 0.06549087089707312 142
1739613589304 4.731645263325148 143
1739613589345 0.18975666730547713 144
1739613589385 0.07315657665862596 145
1739613589422 4.824658954971084 146
1739613589458 1.8273737726025356 147
1739613589493 0.6648818800036452 148
1739613589530 0.0386753925767745 149
1739613589567 3.6259513357441917 150
1739613589603 2.041940579401595 151
1739613589640 4.05697582312749 152
1739613589677 0.4997681645714431 153
1739613589714 0.07201987358597699 154
1739613589752 0.033174699606384514 155
1739613589788 2.936866518659584 156
1739613589825 0.14876170671808453 157
1739613589863 0.0009568158806152994 158
1739613589903 1.288885826675464 159
1739613589941 2.0598687309966413 160
1739613589979 0.1591990734583536 161
1739613590021 0.0006438001660025945 162
1739613590059 0.014747536212480717 163
1739613590098 0.12181146790237805 164
1739613590136 0.07128229716831003 165
1739613590173 0.04286195680959488 166
1739613590210 0.8068639152611966 167
1739613590249 0.14077052599230788 168
1739613590300 0.02034301861252134 169
1739613590349 2.0527865281736877 170
1739613590391 0.23387113410962837 171
1739613590430 6.036091260686003 172
1739613590469 0.563818148249245 173
1739613590506 4.012761167549613 174
1739613590544 0.03267079537354427 175
1739613590582 4.41018538504252 176
1739613590618 7.667575723758114 177
1739613590656 0.09145590444525788 178
1739613590693 2.1003618609720944 179
1739613590731 0.03849190587045359 180
1739613590769 1.0520909799846596 181
1739613590805 2.5423325993435806 182
1739613590842 6.0277516022042645 183
1739613590879 0.2368905676974372 184
1739613590917 0.09762423488590766 185
1739613590955 0.5453426100037732 186
1739613590992 0.06302059233629696 187
1739613591032 1.0659620593448558 188
1739613591072 0.2775287560095954 189
1739613591110 1.7980727685236093 190
1739613591151 0.0038097365245892407 191
1739613591188 0.047000594039069886 192
1739613591224 0.7915861740856235 193
1739613591259 1.3547463912337416 194
1739613591295 2.279702256794494 195
1739613591331 0.12734645509058656 196
1739613591366 0.5401816278806418 197
1739613591402 0.5717241471996984 198
1739613591439 0.24012004942352905 199
1739613591484 4.683689115023836 200
1739613591521 0.009196542983073507 201
1739613591558 0.11399525910593102 202
1739613591595 1.8746440491976013 203
1739613591632 0.9630611549692507 204
1739613591670 0.26547089118193296 205
1739613591709 2.6930680303817494 206
1739613591748 0.0985106352630242 207
1739613591786 1.1888488532459192 208
1739613591823 0.11275358737401185 209
1739613591860 0.09563461505852638 210
1739613591898 0.09529155247706797 211
1739613591935 1.1537800381752046 212
1739613591973 1.335417324690309 213
1739613592010 0.13260484233524192 214
1739613592051 0.39988206696855677 215
1739613592089 0.17099175794648858 216
1739613592125 0.10957001934810255 217
1739613592164 1.769510136948849 218
1739613592202 2.706987945029182 219
1739613592240 0.3760556797609448 220
1739613592276 0.731653113830552 221
1739613592314 3.321250344678095 222
1739613592352 3.9670402639337143 223
1739613592398 0.00032849198889005424 224
1739613592436 0.9308080018420943 225
1739613592473 0.5416260997612165 226
1739613592511 1.0464735886596224 227
1739613592549 0.9413597195467186 228
1739613592586 0.5493786049733304 229
1739613592622 0.0587008338392005 230
1739613592660 0.16895353840250404 231
1739613592698 0.23326201126215035 232
1739613592736 0.1583377286252138 233
1739613592772 0.07640569116953548 234
1739613592809 2.5690485024921945 235
1739613592846 1.4794716010395679 236
1739613592884 1.362193752226244 237
1739613592920 0.3576428558161504 238
1739613592958 0.12283952855491821 239
1739613592995 0.5008274805950295 240
1739613593034 2.574052269161644 241
1739613593071 0.1783154212680683 242
1739613593108 0.11758520552385619 243
1739613593146 0.007541351643839196 244
1739613593183 0.3399344409196839 245
1739613593221 0.19290933836196014 246
1739613593257 11.194213902157445 247
1739613593294 0.5271099836212602 248
1739613593331 0.48652822947489643 249
1739613593379 6.117679300008603 250
1739613593417 0.631996713211219 251
1739613593454 1.7022258214261974 252
1739613593490 0.05240401044540164 253
1739613593528 0.0825715575472923 254
1739613593567 1.5141831578651672 255
1739613593604 0.02771807429481775 256
1739613593640 0.4174456548454955 257
1739613593676 7.777683194411168 258
1739613593715 10.857666990965967 259
1739613593752 0.15651291498430386 260
1739613593790 0.27168847142997166 261
1739613593827 1.8981780944040567 262
1739613593864 0.15839282599720123 263
1739613593901 1.366718870422303 264
1739613593937 0.35359556607874754 265
1739613593973 1.4128879688092992 266
1739613594009 0.7509258686583592 267
1739613594045 0.18575445229815307 268
1739613594085 0.044346638518321845 269
1739613594121 2.0005560527267088 270
1739613594157 1.0187351685517367 271
1739613594194 0.6328695206903494 272
1739613594231 5.849723516288501 273
1739613594274 0.025244167962502072 274
1739613594314 1.2030095251247537 275
1739613594351 3.770992170485533 276
1739613594389 0.4919356572816873 277
1739613594424 0.6165751174378897 278
1739613594462 0.4679222207635649 279
1739613594498 0.9440265063175849 280
1739613594535 0.5107999131835734 281
1739613594572 0.27068771885512144 282
1739613594608 0.01935324167372688 283
1739613594644 11.729156203043026 284
1739613594681 3.8160587403888613 285
1739613594719 0.2465167730912205 286
1739613594755 0.6726554716214811 287
1739613594791 15.651518330447812 288
1739613594827 1.8471208816360836 289
1739613594864 0.6313747179184471 290
1739613594902 0.1327487166456415 291
1739613594938 1.154839253888153 292
1739613594975 0.11800227296711686 293
1739613595011 0.15616710136105502 294
1739613595047 0.30622142036943645 295
1739613595084 1.0796712102332189 296
1739613595120 4.2960319804990665e-05 297
1739613595157 0.39300558208701 298
1739613595194 1.3199873208089614 299
1739613595238 0.11215352128364096 300
1739613595276 0.03038827720368907 301
1739613595312 9.535671621022953 302
1739613595348 0.20653270947108926 303
1739613595384 0.5750473969108199 304
1739613595420 0.22834049019187153 305
1739613595456 0.03631080985783758 306
1739613595492 1.7304170823312952 307
1739613595528 0.743445067841763 308
1739613595564 6.032574160320037 309
1739613595600 0.10123514108523855 310
1739613595635 1.7151240260398972 311
1739613595672 0.12851952865605934 312
1739613595708 0.010607901444421402 313
1739613595746 0.09132041098464633 314
1739613595782 0.09351268660485255 315
1739613595818 2.9775651432887607 316
1739613595855 0.0034976987456157155 317
1739613595892 1.9875077412492952 318
1739613595932 0.6807819823005616 319
1739613595973 0.009265589164532205 320
1739613596013 0.353217871790212 321
1739613596055 0.8599389731381533 322
