1739553552907 103.61127086231181 0
1739553552914 65.30413085965634 1
1739553552921 48.76922356633138 2
1739553552929 42.76577742165605 3
1739553552935 30.39799554155242 4
1739553552942 36.39991502316231 5
1739553552949 29.58287351755505 6
1739553552956 25.768693096992898 7
1739553552962 27.006358939709088 8
1739553552969 27.415717918191717 9
1739553552975 35.96018928968984 10
1739553552982 29.060473870762024 11
1739553552988 30.06626751014902 12
1739553552997 27.0063139140038 13
1739553553005 33.08448950794612 14
1739553553013 28.848063527759212 15
1739553553019 27.95742415597941 16
1739553553026 30.04060332434513 17
1739553553034 27.928833975440508 18
1739553553042 26.693986508073106 19
1739553553049 24.76280925431172 20
1739553553057 23.632374024079375 21
1739553553064 23.977270801682707 22
1739553553072 30.948880572268173 23
1739553553079 35.28215499077064 24
1739553553086 28.31355625414589 25
1739553553093 31.989868569716148 26
1739553553104 29.930180756866157 27
1739553553114 35.4694549892172 28
1739553553122 26.65213953307253 29
1739553553131 30.466312893440637 30
