1739553543007 166.1487750957892 0
1739553543015 168.00901506665667 1
1739553543022 161.65239766431603 2
1739553543030 165.85216675877658 3
1739553543037 164.53794982725665 4
1739553543045 167.51853614008544 5
1739553543052 163.97852554845633 6
1739553543059 169.0942979244455 7
1739553543066 163.412660550062 8
1739553543074 167.60197032696698 9
1739553543082 163.52204589615533 10
1739553543090 160.1466172957603 11
1739553543099 161.45721507112992 12
1739553543107 167.8478941518831 13
1739553543122 161.59173405920004 14
1739553543131 159.69275210844194 15
1739553543140 157.56290325963707 16
1739553543149 164.6485385778382 17
1739553543158 157.84674216675805 18
1739553543166 160.84888438845607 19
1739553543176 158.94394728373211 20
1739553543183 158.20760658474097 21
1739553543192 157.01297552635359 22
1739553543202 161.15717650298822 23
1739553543211 152.62254455098156 24
1739553543219 160.5911013405427 25
1739553543227 155.02613423527896 26
1739553543234 161.623364944758 27
1739553543242 152.37336213871086 28
1739553543249 151.28453563865753 29
1739553543257 154.33420610176472 30
1739553543265 151.0296461785554 31
1739553543272 151.986906895407 32
1739553543280 164.12251457921468 33
1739553543287 148.16893381768176 34
1739553543294 151.62216039147756 35
1739553543302 153.63346591497185 36
1739553543311 148.8282243960644 37
1739553543319 148.82713859415153 38
1739553543327 150.96887295266671 39
1739553543334 150.06669097644865 40
1739553543343 150.10323046807784 41
1739553543350 145.74073692552912 42
1739553543358 149.0856935893288 43
1739553543365 148.79729169024128 44
1739553543372 145.90281013071373 45
1739553543379 147.53825092243116 46
1739553543386 148.52406845679815 47
1739553543393 144.31083291227918 48
1739553543400 143.3407616576123 49
1739553543408 148.00152218755485 50
1739553543415 148.03116550911983 51
1739553543422 145.73497152608059 52
1739553543429 144.08863533079852 53
1739553543436 143.76172497763864 54
1739553543443 140.40909199321786 55
1739553543450 146.3609599757503 56
1739553543457 139.76556001016073 57
1739553543463 142.64544683789362 58
1739553543471 142.16796858730112 59
1739553543478 140.13243628500078 60
1739553543485 141.50631014530083 61
1739553543492 138.18585585882755 62
1739553543500 143.33600830204065 63
1739553543507 138.82762576974653 64
1739553543515 140.11888268412315 65
1739553543522 139.4620690123441 66
1739553543529 143.61116260975274 67
1739553543539 134.61275727059038 68
1739553543548 141.65483726715075 69
1739553543556 139.59610466579375 70
1739553543563 137.73562799024717 71
1739553543571 134.0528903529839 72
1739553543578 138.731076264017 73
1739553543586 135.50950434036932 74
1739553543593 137.41867538112726 75
1739553543601 136.6016430249164 76
1739553543609 133.84087339753 77
1739553543616 136.14642406659354 78
1739553543624 133.0383680767495 79
1739553543630 136.28556634889983 80
1739553543637 130.73508268942717 81
1739553543645 135.94795977714986 82
1739553543653 133.43306821223425 83
1739553543659 134.77822831499307 84
1739553543666 131.77362597238252 85
1739553543673 130.77907484941315 86
1739553543680 133.3357197160189 87
1739553543687 134.3085559645027 88
1739553543694 133.73768674274967 89
1739553543701 129.38008870148883 90
1739553543707 131.80832520739006 91
1739553543715 127.61994737913544 92
1739553543721 130.7793737599522 93
1739553543729 128.68479547132597 94
1739553543736 128.34462978662762 95
1739553543743 131.41396410516612 96
1739553543754 125.70812908874272 97
1739553543761 128.52821898938785 98
1739553543768 127.7260538971731 99
1739553543776 127.80408753435484 100
1739553543783 131.74284867713723 101
1739553543789 127.55754315814788 102
1739553543796 127.14708360302829 103
1739553543804 129.06092483195275 104
1739553543810 127.69987156953388 105
1739553543817 125.0423662350505 106
1739553543824 127.97858309245181 107
1739553543831 126.996802359435 108
1739553543849 120.87635390115584 109
1739553543879 125.98396510477995 110
1739553543889 125.99795078884385 111
1739553543897 123.37845976549937 112
1739553543905 122.14052279308332 113
1739553543913 124.38869810153722 114
1739553543920 117.49986252673202 115
1739553543928 120.04162282367236 116
1739553543936 119.80975222180669 117
1739553543944 123.58262489326147 118
1739553543951 120.3887474918459 119
1739553543959 121.11889745597868 120
1739553543968 123.70530460977801 121
1739553543977 119.91165675016116 122
1739553543985 120.29296740066694 123
1739553543992 122.95742008840516 124
1739553543999 119.62901213621244 125
1739553544008 119.93568728321084 126
1739553544016 116.40552865610667 127
1739553544024 120.52278580100878 128
1739553544031 123.34437593619941 129
1739553544039 118.30060836546086 130
1739553544047 117.5554992453166 131
1739553544054 116.97328170713874 132
1739553544062 118.50767801145562 133
1739553544069 116.43781359592195 134
1739553544077 116.63248512784533 135
1739553544085 114.89128013003953 136
1739553544093 116.07864818752735 137
1739553544100 114.53710487442144 138
1739553544108 115.42479250367737 139
1739553544116 114.58230206056189 140
1739553544124 117.03534396996044 141
1739553544131 114.91311613565006 142
1739553544139 114.68931371996779 143
1739553544147 114.96711313704611 144
1739553544154 113.91922085633324 145
1739553544160 112.59367810618107 146
1739553544167 110.89168266730044 147
1739553544174 112.95125220436275 148
1739553544180 112.11564301161772 149
1739553544187 112.24291381071669 150
1739553544194 113.38715854751894 151
1739553544201 114.67067603299346 152
1739553544209 111.33050676616453 153
1739553544218 113.14691688377495 154
1739553544226 109.47183583274891 155
1739553544233 110.57615805493974 156
1739553544240 110.55994510626276 157
1739553544247 108.92275755449832 158
1739553544254 108.58758351268382 159
1739553544261 110.39900129116837 160
1739553544268 109.65422034834815 161
1739553544275 108.5955174700962 162
1739553544282 106.1168550630961 163
1739553544289 107.26439309910879 164
1739553544296 106.8636619451538 165
1739553544305 110.34794901969029 166
1739553544314 111.53060260535489 167
1739553544322 106.64474558335961 168
1739553544329 112.26877174644815 169
1739553544336 110.74812675309825 170
1739553544344 111.76673584701261 171
1739553544351 101.51343057617578 172
1739553544359 107.43027027993277 173
1739553544367 106.8275112373667 174
1739553544375 105.82784765363465 175
1739553544382 104.97982239825315 176
1739553544389 107.35448204972414 177
1739553544396 108.76913639500687 178
1739553544403 106.58673780695982 179
1739553544410 104.17683421593414 180
1739553544417 106.48231354524206 181
1739553544425 107.93903893700006 182
1739553544431 104.34088744177018 183
1739553544438 104.59073294902849 184
1739553544445 104.4218553217444 185
1739553544452 102.37618318299802 186
1739553544459 106.04883062059221 187
1739553544467 104.19405021342205 188
1739553544475 102.97797023556838 189
1739553544483 105.64748015198857 190
1739553544495 98.15038974930822 191
1739553544502 97.48651871779957 192
1739553544510 104.3255965265348 193
1739553544517 103.65004846693188 194
1739553544524 101.959808034603 195
1739553544534 102.49146515999881 196
1739553544542 101.4704749078321 197
1739553544549 100.40568928537985 198
1739553544557 99.7271217369101 199
1739553544564 100.57332376562763 200
1739553544571 98.84926078734044 201
1739553544578 103.2441529225325 202
1739553544584 98.35537660907521 203
1739553544592 97.66893651993182 204
1739553544599 99.18547990007835 205
1739553544606 95.93010886916247 206
1739553544613 100.57362530155164 207
1739553544620 100.13067688326555 208
1739553544627 96.50181214136082 209
1739553544634 97.51737040926167 210
1739553544641 96.69620406777844 211
1739553544649 95.33495625169239 212
1739553544655 97.78895021845065 213
1739553544662 95.6671400485297 214
1739553544669 94.23144478740456 215
1739553544676 98.58387190025536 216
1739553544683 97.08310643076209 217
1739553544690 99.49646285933987 218
1739553544698 96.05969870495073 219
1739553544705 97.91656542352993 220
1739553544711 93.25090424100493 221
1739553544719 94.58915677058813 222
1739553544726 95.88529693092049 223
1739553544733 96.06487949993723 224
1739553544740 97.01020402021584 225
1739553544748 93.57833684545307 226
1739553544758 94.75012746121259 227
1739553544766 95.10273998705725 228
1739553544773 97.27595213727328 229
1739553544779 94.94418279968342 230
1739553544786 98.33469294787969 231
1739553544793 93.04460986956808 232
1739553544800 94.19923933015352 233
1739553544807 95.01001779163121 234
1739553544814 94.89475768938237 235
1739553544821 92.50653966751862 236
1739553544828 93.03206921085823 237
1739553544835 90.98072016212842 238
1739553544841 91.39114532726352 239
1739553544849 91.37410796154654 240
1739553544856 92.23659628669884 241
1739553544863 91.34800654637581 242
1739553544870 89.05094171883874 243
1739553544876 91.97830422426186 244
1739553544883 90.79163863010596 245
1739553544890 86.42451627714235 246
1739553544897 84.40845683612547 247
1739553544903 91.19364780099042 248
1739553544910 92.18178912262243 249
1739553544917 84.77000142393943 250
1739553544924 90.0542929201698 251
1739553544930 85.92713615608189 252
1739553544937 86.7810668852626 253
1739553544944 86.75988909272174 254
1739553544951 93.5538050738327 255
1739553544958 86.88297415405353 256
1739553544965 89.41588860492452 257
1739553544973 87.8111178402201 258
1739553544980 87.035351103736 259
1739553544987 84.3258866844481 260
1739553544994 88.56092505543602 261
1739553545000 86.98890987413719 262
1739553545007 87.12518501906759 263
1739553545014 91.10672006286363 264
1739553545021 85.36424288913838 265
1739553545029 90.0680572617058 266
1739553545036 88.36981426573468 267
1739553545043 83.92215192878054 268
1739553545050 88.21734966060295 269
1739553545057 87.60156178893155 270
1739553545063 87.43245260827881 271
1739553545071 83.48458308078435 272
1739553545078 83.84046140959215 273
1739553545085 89.26573206365147 274
1739553545092 84.33609632521912 275
1739553545100 83.95356978887575 276
1739553545107 85.13983465890428 277
1739553545114 85.72368001490227 278
1739553545121 85.24428967798711 279
1739553545128 84.66360449766181 280
1739553545135 81.66941785583005 281
1739553545142 85.11473766716612 282
1739553545149 76.4930027184345 283
1739553545156 83.05909801410192 284
1739553545163 86.77567208836746 285
1739553545170 85.14046154578065 286
1739553545177 87.7392764709905 287
1739553545184 83.88599488783844 288
1739553545191 82.3534664948158 289
1739553545197 78.78100754624472 290
1739553545204 83.10261589471948 291
1739553545210 84.1562549819346 292
1739553545217 82.90466047452274 293
1739553545224 82.9638709796789 294
1739553545231 77.79069380244326 295
1739553545238 80.99777589695765 296
1739553545245 79.68619575734172 297
1739553545252 81.49933388964155 298
1739553545259 77.57350520078445 299
1739553545266 76.79382719891551 300
1739553545273 82.11047965892261 301
1739553545280 82.24817279774338 302
1739553545287 82.70561968413328 303
1739553545294 82.50524463372732 304
1739553545303 82.76745816812388 305
1739553545311 84.83782837201277 306
1739553545319 79.05536339296498 307
1739553545327 81.30460309608203 308
1739553545334 86.13872167644313 309
1739553545341 79.283479297187 310
1739553545349 76.59744613476741 311
1739553545357 78.70997845122913 312
1739553545364 77.98415294027656 313
1739553545371 78.69548476567202 314
1739553545378 78.22115388642443 315
1739553545385 79.2754864418962 316
1739553545392 79.9050072251063 317
1739553545399 80.76666336991731 318
1739553545405 77.8747289206986 319
1739553545412 76.85264196363212 320
1739553545418 81.44698914227956 321
1739553545426 79.69241171784869 322
1739553545433 79.96586684612747 323
1739553545440 79.58481027333617 324
1739553545446 78.99949409280282 325
1739553545453 79.24592078004216 326
1739553545460 74.65383882832647 327
1739553545467 80.29594165534553 328
1739553545475 72.44180009320735 329
1739553545482 75.74730967173853 330
1739553545489 73.9276032459082 331
1739553545506 75.96931785970872 332
1739553545513 78.02955299838125 333
1739553545520 75.37847550747657 334
1739553545526 78.53790691231413 335
1739553545533 75.33215144453105 336
1739553545540 71.79439210175647 337
1739553545548 79.14469742470534 338
1739553545554 78.26551161610067 339
1739553545561 71.33700811867206 340
1739553545568 78.73927905940953 341
1739553545575 72.5594428368526 342
1739553545583 74.46902060508211 343
1739553545590 73.64438096893892 344
1739553545596 72.524570576247 345
1739553545604 73.766117705762 346
1739553545610 75.08990143913422 347
1739553545617 69.82356626598809 348
1739553545624 76.10993846548664 349
1739553545631 76.64813676284953 350
1739553545638 75.92738814046308 351
1739553545645 71.28167870965258 352
1739553545651 71.41752688729734 353
1739553545658 68.97610193264843 354
1739553545664 72.41136529430369 355
1739553545672 73.43755594085275 356
1739553545679 75.5742675122275 357
1739553545686 69.96355049692022 358
1739553545692 73.40920949240576 359
1739553545699 74.10528261740998 360
1739553545706 70.18750336770714 361
1739553545713 69.60093149907887 362
1739553545719 73.12852559082825 363
1739553545726 72.79015463180704 364
1739553545733 71.64366150322643 365
1739553545739 64.5091599608202 366
1739553545747 70.66171759765686 367
1739553545757 70.26346289234405 368
1739553545764 71.66033777193728 369
1739553545770 74.4211416482376 370
1739553545778 68.29525674144433 371
1739553545785 73.10356586472123 372
1739553545791 77.06634506382998 373
1739553545798 67.52038134188842 374
1739553545805 72.91481186850973 375
1739553545813 73.81078912643768 376
1739553545820 68.16197898184849 377
1739553545827 64.25996097705927 378
1739553545833 69.0935017516621 379
1739553545840 65.64605613638994 380
1739553545847 69.20112819132112 381
1739553545855 67.31101395755532 382
1739553545862 66.48105902041911 383
1739553545869 70.66630215058709 384
1739553545875 68.84894100823571 385
1739553545884 67.90684227523988 386
1739553545892 68.99341177435431 387
1739553545899 68.98681431166115 388
1739553545907 68.88960000058177 389
1739553545916 73.03386684375126 390
1739553545923 63.9792441553627 391
1739553545931 70.72893004996226 392
1739553545939 63.53289520652139 393
1739553545947 65.07641347264492 394
1739553545954 68.07852941902463 395
1739553545961 67.75969457040857 396
1739553545968 68.06624823173368 397
1739553545976 69.07950248935656 398
1739553545983 69.55997482017183 399
1739553545990 66.86861193698255 400
1739553545997 65.56818999743237 401
1739553546004 66.81456277711005 402
1739553546011 70.02984214158572 403
1739553546018 68.25801603191506 404
1739553546025 66.86921913709065 405
1739553546032 65.36980677023539 406
1739553546039 66.21126207352961 407
1739553546046 65.4508402042493 408
1739553546053 69.68198961642251 409
1739553546061 64.42318917139686 410
1739553546069 65.63536603580795 411
1739553546078 66.63949227082834 412
1739553546087 63.19794861271625 413
1739553546096 63.02744816124777 414
1739553546105 64.5872918018522 415
1739553546114 65.39640622542053 416
1739553546121 65.73986066831303 417
1739553546130 64.36310455337777 418
1739553546139 60.97588988855061 419
1739553546147 69.19959544177763 420
1739553546153 62.75428932927093 421
1739553546161 68.58308308597542 422
1739553546167 64.15336894708423 423
1739553546174 61.24258920376648 424
1739553546181 63.407416514260966 425
1739553546188 66.7868954839356 426
1739553546196 63.735034528097636 427
1739553546205 63.389521612399655 428
1739553546213 66.40335088687355 429
1739553546221 64.18077046176236 430
1739553546228 59.91519860080264 431
1739553546238 63.7173864955952 432
1739553546246 64.76458567484403 433
1739553546255 63.051972129166586 434
1739553546263 62.0100797517875 435
1739553546272 64.12454059073552 436
1739553546281 68.0837741327172 437
1739553546289 70.71968454629037 438
1739553546297 61.77386955042728 439
1739553546307 60.28978368646894 440
1739553546316 58.87003312239121 441
1739553546325 65.01302801247373 442
1739553546335 59.87580683729842 443
1739553546344 57.2311553472868 444
1739553546353 62.65185505526902 445
1739553546361 64.20473962944924 446
1739553546369 62.55284355867997 447
1739553546379 59.87188139329366 448
1739553546387 62.16231544107013 449
1739553546395 55.715585141832285 450
1739553546403 65.50654832058866 451
1739553546411 65.70912686190064 452
1739553546419 61.29823569851886 453
1739553546426 63.55082554006709 454
1739553546434 55.18584146326289 455
1739553546442 59.781328524774786 456
1739553546450 63.553219180132125 457
1739553546457 64.49254190883656 458
1739553546464 60.93738828519304 459
1739553546474 63.854949062458715 460
1739553546482 62.76577368961074 461
1739553546490 62.061074388176614 462
1739553546499 65.19042184705062 463
1739553546507 65.03674365471312 464
1739553546514 63.697234503962086 465
1739553546522 63.1587550305751 466
1739553546529 65.15932658585837 467
1739553546536 57.66645544392615 468
1739553546543 66.2417045985118 469
1739553546551 55.12040549507805 470
1739553546559 63.22640871251624 471
1739553546566 67.32750503140323 472
1739553546573 59.75562827570305 473
1739553546581 63.10125808324609 474
1739553546588 61.18534553710042 475
1739553546596 60.01758772824059 476
1739553546604 60.02632875203295 477
1739553546614 57.098692851949764 478
1739553546622 57.89997970558173 479
1739553546629 59.41819241250907 480
1739553546637 60.23097977332271 481
1739553546645 61.52404586181147 482
1739553546652 58.06551681990252 483
1739553546659 62.703810991077304 484
1739553546666 62.36454520310753 485
1739553546674 60.81217494042199 486
1739553546682 57.42357059678086 487
1739553546689 60.226495539287505 488
1739553546697 59.83538296713793 489
1739553546704 59.52089849715946 490
1739553546711 61.258318964447334 491
1739553546718 57.136134526201474 492
1739553546726 52.28381159964815 493
1739553546732 55.65531499179299 494
1739553546739 55.52020709144204 495
1739553546746 60.820139904836175 496
1739553546754 57.714562571236186 497
1739553546765 58.975371069419225 498
1739553546771 51.13342694355018 499
