1739615979280 169.44632699393023 0
1739615979296 169.37030516468562 1
1739615979312 169.30326371313657 2
1739615979327 169.23625038183118 3
1739615979344 169.17086601831875 4
1739615979357 169.10471122962304 5
1739615979373 169.03858630204763 6
1739615979389 168.97249103168124 7
1739615979405 168.9064254049023 8
1739615979423 168.84038940805056 9
1739615979440 168.77438302747194 10
1739615979465 168.70840624951887 11
1739615979482 168.64245906055018 12
1739615979499 168.57654144693106 13
1739615979515 168.51065339503305 14
1739615979531 168.444794891234 15
1739615979547 168.37896592191825 16
1739615979561 168.31316647347649 17
1739615979579 168.2473965323056 18
1739615979594 168.18165608480913 19
1739615979609 168.1159451173967 20
1739615979623 168.0502636164844 21
1739615979639 167.9846115684947 22
1739615979654 167.91927913298494 23
1739615979669 167.85383081252075 24
1739615979685 167.78841184474263 25
1739615979700 167.72302218244167 26
1739615979715 167.65766181213039 27
1739615979730 167.59233072031955 28
1739615979745 167.5270288935264 29
1739615979760 167.4617563182743 30
1739615979774 167.396512981093 31
1739615979790 167.33129886851856 32
1739615979806 167.26611396709325 33
1739615979821 167.20095826336575 34
1739615979837 167.1358317438909 35
1739615979852 167.07073439522986 36
1739615979867 167.0056662039502 37
1739615979893 166.94062715662554 38
1739615979910 166.87561723983595 39
1739615979926 166.81063644016768 40
1739615979942 166.74568474421335 41
1739615979958 166.68089544252297 42
1739615979974 166.61606847302752 43
1739615979991 166.55127054263403 44
1739615980005 166.48650162395762 45
1739615980020 166.42176170364615 46
1739615980035 166.35705076835023 47
1739615980051 166.29236880472686 48
1739615980067 166.2277157994392 49
1739615980082 166.16309173915667 50
1739615980096 166.0984966105549 51
1739615980112 166.0339304003158 52
1739615980128 165.96939309512737 53
1739615980147 165.90488468168402 54
1739615980163 165.84040514668624 55
1739615980179 165.77595447684075 56
1739615980194 165.71153265886048 57
1739615980209 165.64713967946463 58
1739615980225 165.5827755253786 59
1739615980239 165.51844018333387 60
1739615980254 165.45413364006825 61
1739615980269 165.38985588232566 62
1739615980284 165.32560689685633 63
1739615980299 165.2613866704166 64
1739615980314 165.1971951897689 65
1739615980330 165.13303244168202 66
1739615980345 165.06889841293085 67
1739615980359 165.0047930902965 68
1739615980375 164.94071646056614 69
1739615980390 164.87666851053328 70
1739615980405 164.8126492269975 71
1739615980420 164.74865859676453 72
1739615980435 164.68469660664633 73
1739615980451 164.62076324346094 74
1739615980466 164.55685849403264 75
1739615980483 164.49298234519185 76
1739615980499 164.42913478377514 77
1739615980515 164.3653157966251 78
1739615980532 164.30152537059075 79
1739615980547 164.23776349252697 80
1739615980562 164.17403014929494 81
1739615980580 164.11032532776193 82
1739615980595 164.04664901480135 83
1739615980610 163.98300119729268 84
1739615980626 163.9193818621217 85
1739615980641 163.85579099618013 86
1739615980656 163.79222858636595 87
1739615980671 163.7286946195832 88
1739615980686 163.665189082742 89
1739615980702 163.6017119627586 90
1739615980719 163.53826324655546 91
1739615980735 163.47484292106108 92
1739615980752 163.41145097321 93
1739615980768 163.348087389943 94
1739615980782 163.28475215820689 95
1739615980798 163.22144526495444 96
1739615980816 163.1581666971448 97
1739615980833 163.09491644174304 98
1739615980849 163.03169448572032 99
1739615980864 162.9685008160539 100
1739615980880 162.90533541972712 101
1739615980895 162.84219828372946 102
1739615980915 162.7790893950564 103
1739615980936 162.71600874070955 104
1739615980953 162.65295630769657 105
1739615980970 162.58993208303116 106
1739615980985 162.52693605373312 107
1739615981001 162.46396820682827 108
1739615981016 162.40102852934865 109
1739615981031 162.3381170083321 110
1739615981046 162.2752336308227 111
1739615981061 162.2123783838706 112
1739615981075 162.14955125453184 113
1739615981091 162.08675222986864 114
1739615981107 162.0239812969492 115
1739615981125 161.9612384428478 116
1739615981145 161.89852365464472 117
1739615981159 161.83583691942636 118
1739615981173 161.773178224285 119
1739615981191 161.71054755631906 120
1739615981205 161.64794490263304 121
1739615981221 161.58537025033732 122
1739615981235 161.52282358654833 123
1739615981250 161.4603048983886 124
1739615981266 161.39781417298667 125
1739615981281 161.33535139747698 126
1739615981297 161.27291655900015 127
1739615981312 161.21050964470263 128
1739615981327 161.1481306417369 129
1739615981343 161.08577953726163 130
1739615981357 161.0234563184413 131
1739615981373 160.96116097244635 132
1739615981388 160.89889348645343 133
1739615981403 160.83665384764498 134
1739615981419 160.77444204320955 135
1739615981434 160.71225806034155 136
1739615981450 160.6501018862415 137
1739615981465 160.58797350811574 138
1739615981480 160.52587291317687 139
1739615981495 160.4638000886431 140
1739615981511 160.40175502173884 141
1739615981528 160.33973769969447 142
1739615981544 160.27774810974626 143
1739615981559 160.21578623913646 144
1739615981573 160.1538520751132 145
1739615981589 160.09194560493077 146
1739615981604 160.0300668158492 147
1739615981619 159.96821569513463 148
1739615981635 159.90639223005908 149
1739615981650 159.84459640790038 150
1739615981664 159.78282821594263 151
1739615981679 159.7210876414755 152
1739615981695 159.65937467179486 153
1739615981710 159.59768929420244 154
1739615981725 159.53603149600582 155
1739615981740 159.4744012645186 156
1739615981755 159.41279858706028 157
1739615981770 159.3512234509563 158
1739615981785 159.28967584353796 159
1739615981800 159.22815575214256 160
1739615981815 159.16666316411323 161
1739615981831 159.1051980667991 162
1739615981846 159.04376044755506 163
1739615981861 158.98235029374214 164
1739615981875 158.920967592727 165
1739615981892 158.85961233188246 166
1739615981907 158.7982844985871 167
1739615981921 158.7369840802253 168
1739615981937 158.67571106418757 169
1739615981963 158.6144654378701 170
1739615981979 158.55324718867507 171
1739615981996 158.4920563040106 172
1739615982012 158.4308927712905 173
1739615982028 158.36975657793462 174
1739615982043 158.3086477113686 175
1739615982058 158.24756615902402 176
1739615982074 158.1865119083383 177
1739615982089 158.12548494675468 178
1739615982103 158.06448526172238 179
1739615982118 158.00351284069637 180
1739615982133 157.9425676711375 181
1739615982148 157.88164974051256 182
1739615982163 157.820759036294 183
1739615982179 157.75989554596038 184
1739615982193 157.6990592569959 185
1739615982209 157.63825015689073 186
1739615982224 157.5774682331408 187
1739615982239 157.51671347324785 188
1739615982255 157.45598586471965 189
1739615982272 157.39528539506958 190
1739615982288 157.33461205181698 191
1739615982303 157.27396582248693 192
1739615982318 157.21334669461044 193
1739615982333 157.15275465572427 194
1739615982347 157.09218969337104 195
1739615982362 157.03165179509912 196
1739615982377 156.9711409484628 197
1739615982392 156.91065714102203 198
1739615982406 156.8502003603428 199
1739615982421 156.78977059399662 200
1739615982437 156.72936782956108 201
1739615982451 156.66899205461934 202
1739615982466 156.60864325676053 203
1739615982481 156.5483214235795 204
1739615982496 156.4880265426769 205
1739615982510 156.42775860165912 206
1739615982525 156.36751758813847 207
1739615982540 156.30730348973282 208
1739615982556 156.24711629406613 209
1739615982572 156.18695598876795 210
1739615982588 156.12682256147355 211
1739615982603 156.06671599982403 212
1739615982618 156.00663629146635 213
1739615982633 155.94658342405322 214
1739615982648 155.88655738524298 215
1739615982663 155.82655816269983 216
1739615982678 155.7665857440938 217
1739615982692 155.70664011710048 218
1739615982707 155.6467212694014 219
1739615982722 155.58682918868374 220
1739615982738 155.5269638626405 221
1739615982752 155.46712527897046 222
1739615982767 155.40731342537794 223
1739615982782 155.34752828957318 224
1739615982797 155.28776985927215 225
1739615982812 155.22803812219652 226
1739615982828 155.16833306607364 227
1739615982842 155.10865467863667 228
1739615982858 155.0490029476245 229
1739615982873 154.98937786078167 230
1739615982888 154.92977940585854 231
1739615982904 154.8702075706111 232
1739615982919 154.81066234280104 233
1739615982934 154.751143710196 234
1739615982950 154.69165166056894 235
1739615982966 154.63218618169887 236
1739615982992 154.57274726137032 237
1739615983008 154.51333488737365 238
1739615983024 154.45394904750475 239
1739615983040 154.3945897295654 240
1739615983057 154.3352569213629 241
1739615983072 154.2759506107104 242
1739615983086 154.21667078542663 243
1739615983101 154.157417433336 244
1739615983115 154.09819054226875 245
1739615983130 154.03899010006066 246
1739615983145 153.97981609455314 247
1739615983160 153.92066851359354 248
1739615983174 153.86154734503455 249
1739615983190 153.8024525767348 250
1739615983203 153.74338419655837 251
1739615983218 153.68434219237525 252
1739615983233 153.62532655206087 253
1739615983248 153.56633726349645 254
1739615983263 153.50737431456878 255
1739615983278 153.44843769317046 256
1739615983291 153.3895273871995 257
1739615983307 153.33064338455975 258
1739615983323 153.2717856731607 259
1739615983339 153.21295424091736 260
1739615983354 153.15414907575055 261
1739615983369 153.0953701655866 262
1739615983385 153.0366174983575 263
1739615983400 152.97789106200088 264
1739615983415 152.91919084446008 265
1739615983431 152.8605168336839 266
1739615983446 152.80186901762693 267
1739615983461 152.74324738424934 268
1739615983476 152.68465192151686 269
1739615983490 152.62608261740093 270
1739615983506 152.56753945987847 271
1739615983520 152.50902243693218 272
1739615983538 152.45053153655024 273
1739615983553 152.39206674672656 274
1739615983568 152.33362805546042 275
1739615983583 152.2752154507571 276
1739615983598 152.216828920627 277
1739615983613 152.15846845308653 278
1739615983627 152.1001340361574 279
1739615983645 152.04182565786718 280
1739615983662 151.98354330624878 281
1739615983678 151.92528696934085 282
1739615983693 151.86705663518754 283
1739615983709 151.80885229183863 284
1739615983724 151.75067392734945 285
1739615983740 151.692521529781 286
1739615983755 151.63439508719966 287
1739615983770 151.5762945876776 288
1739615983786 151.5182200192924 289
1739615983801 151.46017137012723 290
1739615983817 151.40214862827094 291
1739615983833 151.34415178181777 292
1739615983848 151.28618081886768 293
1739615983863 151.22823572752606 294
1739615983877 151.1703164959039 295
1739615983892 151.11242311211768 296
1739615983909 151.0545555642896 297
1739615983924 150.99671384054724 298
1739615983939 150.9388979290237 299
1739615983953 150.8811078178578 300
1739615983969 150.8233434951938 301
1739615983984 150.76560494918138 302
1739615984000 150.7078921679759 303
1739615984015 150.65020513973823 304
1739615984029 150.59254385263472 305
1739615984044 150.5349082948372 306
1739615984057 150.47729845452324 307
1739615984083 150.41971431987562 308
1739615984098 150.36215587908288 309
1739615984112 150.30462312033893 310
1739615984127 150.24711603184326 311
1739615984142 150.18963460180086 312
1739615984157 150.1321788184222 313
1739615984171 150.0747486699233 314
1739615984184 150.01734414452562 315
1739615984197 149.95996523045622 316
1739615984211 149.90261191594743 317
1739615984223 149.84528418923736 318
1739615984238 149.78798203856945 319
1739615984251 149.73070545219264 320
1739615984264 149.67345441836136 321
1739615984278 149.61622892533558 322
1739615984290 149.55902896138062 323
1739615984303 149.50185451476742 324
1739615984316 149.4447055737723 325
1739615984329 149.38758212667713 326
1739615984340 149.33048416176916 327
1739615984352 149.27341166734118 328
1739615984365 149.21636463169136 329
1739615984378 149.15934304312344 330
1739615984392 149.10234688994655 331
1739615984404 149.0453761604753 332
1739615984416 148.98843084302976 333
1739615984429 148.93151092593544 334
1739615984441 148.87461639752323 335
1739615984453 148.81774724612956 336
1739615984467 148.7609034600964 337
1739615984479 148.70408502777084 338
1739615984491 148.64729193750577 339
1739615984503 148.5905241776593 340
1739615984515 148.53378173659493 341
1739615984528 148.47706460268185 342
1739615984540 148.42037276429446 343
1739615984553 148.36370620981256 344
1739615984566 148.30706492762152 345
1739615984578 148.2504489061121 346
1739615984590 148.1938581336804 347
1739615984606 148.13729259872798 348
1739615984619 148.0807522896618 349
1739615984631 148.02423719489428 350
1739615984644 147.96774730284324 351
1739615984656 147.91128260193182 352
1739615984668 147.85484308058858 353
1739615984681 147.79842872724763 354
1739615984693 147.74203953034825 355
1739615984705 147.68567547833536 356
1739615984718 147.62933655965907 357
1739615984730 147.57302276277494 358
1739615984743 147.516734076144 359
1739615984755 147.46047048823254 360
1739615984768 147.40423198751233 361
1739615984781 147.34801856246048 362
1739615984793 147.29183020155943 363
1739615984806 147.23566689329712 364
1739615984819 147.17952862616673 365
1739615984832 147.1234153886669 366
1739615984845 147.0673271693016 367
1739615984856 147.01126395658014 368
1739615984869 146.9552257390172 369
1739615984882 146.89921250513297 370
1739615984894 146.84322424345277 371
1739615984907 146.78726094250734 372
1739615984920 146.7313225908329 373
1739615984932 146.67540917697085 374
1739615984948 146.619520689468 375
1739615984960 146.56365711687664 376
1739615984973 146.50781844775418 377
1739615984985 146.45200467066348 378
1739615984997 146.39621577417276 379
1739615985009 146.3404517468555 380
1739615985021 146.28471257729058 381
1739615985034 146.22899825406222 382
1739615985047 146.17330876575983 383
1739615985059 146.1176441009783 384
1739615985071 146.06200424831786 385
1739615985083 146.0063891963839 386
1739615985096 145.95079893378718 387
1739615985110 145.89523344914394 388
1739615985122 145.8396927310755 389
1739615985134 145.7841767682086 390
1739615985156 145.7286855491753 391
1739615985169 145.67321906261293 392
1739615985182 145.6177772971642 393
1739615985195 145.56236024147697 394
1739615985208 145.50696788420447 395
1739615985220 145.45160021400534 396
1739615985232 145.39625721954332 397
1739615985245 145.34093888948752 398
1739615985257 145.2856452125124 399
1739615985269 145.23037617729767 400
1739615985281 145.1751317725282 401
1739615985293 145.11991198689438 402
1739615985305 145.0647168090916 403
1739615985317 145.00954622782075 404
1739615985330 144.9544002317879 405
1739615985343 144.89927880970436 406
1739615985355 144.8441819502868 407
1739615985367 144.78910964225705 408
1739615985380 144.73406187434225 409
1739615985392 144.67903863527482 410
1739615985404 144.62403991379242 411
1739615985418 144.56906569863798 412
1739615985430 144.5141159785596 413
1739615985442 144.4591907423108 414
1739615985454 144.40428997865013 415
1739615985466 144.3494136763416 416
1739615985479 144.29456182415427 417
1739615985490 144.23973441086258 418
1739615985503 144.18493142524622 419
1739615985515 144.13015285608992 420
1739615985526 144.07539869218388 421
1739615985539 144.02066892232335 422
1739615985551 143.96596353530896 423
1739615985563 143.91128251994647 424
1739615985574 143.85662586504685 425
1739615985586 143.80199355942634 426
1739615985602 143.7473855919064 427
1739615985614 143.6928019513137 428
1739615985625 143.63824262648004 429
1739615985638 143.58370760624254 430
1739615985651 143.52919687944353 431
1739615985663 143.47471043493044 432
1739615985676 143.42024826155603 433
1739615985687 143.36581034817812 434
1739615985700 143.31139668365992 435
1739615985713 143.25700725686963 436
1739615985725 143.2026420566807 437
1739615985737 143.14830107197199 438
1739615985750 143.09398429162715 439
1739615985766 143.0396917045354 440
1739615985779 142.98542329959085 441
1739615985791 142.931179065693 442
1739615985804 142.87695899174642 443
1739615985817 142.82276306666088 444
1739615985829 142.7685912793513 445
1739615985842 142.7144436187379 446
1739615985854 142.66032007374588 447
1739615985867 142.60622063330567 448
1739615985880 142.552145286353 449
1739615985893 142.4980940218285 450
1739615985905 142.44406682867825 451
1739615985918 142.39006369585323 452
1739615985930 142.33608461230975 453
1739615985943 142.2821295670093 454
1739615985954 142.22819854891827 455
1739615985966 142.17429154700844 456
1739615985980 142.12040855025668 457
1739615985991 142.06654954764494 458
1739615986004 142.01271452816033 459
1739615986017 141.95890348079516 460
1739615986030 141.90511639454678 461
1739615986042 141.8513532584178 462
1739615986055 141.7976140614158 463
1739615986068 141.74389879255364 464
1739615986081 141.69020744084918 465
1739615986093 141.63653999532548 466
1739615986106 141.58289644501073 467
1739615986118 141.52927677893817 468
1739615986131 141.47568098614622 469
1739615986144 141.42210905567836 470
1739615986155 141.36856097658327 471
1739615986168 141.3150367379146 472
1739615986181 141.26153632873118 473
1739615986193 141.2080597380971 474
1739615986205 141.15460695508122 475
1739615986218 141.10117796875772 476
1739615986230 141.04777276820585 477
1739615986251 140.99439134251003 478
1739615986265 140.94103368075955 479
1739615986277 140.88769977204896 480
1739615986290 140.8343896054779 481
1739615986302 140.78110317015103 482
1739615986314 140.72784045517807 483
1739615986326 140.67460144967393 484
1739615986338 140.6213861427585 485
1739615986350 140.56819452355677 486
1739615986363 140.5150265811988 487
1739615986376 140.46188230481977 488
1739615986388 140.4087616835599 489
1739615986401 140.3556647065644 490
1739615986413 140.30259136298366 491
1739615986426 140.24954164197305 492
1739615986438 140.19651553269304 493
1739615986451 140.14351302430913 494
1739615986463 140.09053410599194 495
1739615986475 140.037578766917 496
1739615986488 139.98464699626498 497
1739615986500 139.93173878322168 498
1739615986514 139.8788541169778 499
