1739616229635 168.93035666100118 0
1739616229649 165.72023631052437 1
1739616229663 164.1068427206331 2
1739616229677 162.49798365875142 3
1739616229692 160.90550764911708 4
1739616229707 159.32918392255405 5
1739616229722 157.76884674433558 6
1739616229737 156.224331766389 7
1739616229752 154.69547634382752 8
1739616229766 153.18211951551427 9
1739616229781 151.6841019865783 10
1739616229796 150.20126611110263 11
1739616229811 148.73345587499287 12
1739616229826 147.2805168790242 13
1739616229841 145.84229632206473 14
1739616229856 144.4186429844731 15
1739616229870 143.00940721166972 16
1739616229886 141.61444089787807 17
1739616229900 140.233597470036 18
1739616229914 138.8667318718738 19
1739616229928 137.5137005481587 20
1739616229942 136.17436142910253 21
1739616229967 134.84857391493236 22
1739616229982 133.53619886062137 23
1739616229998 132.23709856077875 24
1739616230013 130.95113673469663 25
1739616230028 129.67817851155306 26
1739616230042 128.41809041576846 27
1739616230057 127.17074035251487 28
1739616230071 125.9359975933759 29
1739616230084 124.71373276215569 30
1739616230098 123.50381782083592 31
1739616230112 122.30612605567859 32
1739616230126 121.12053206347366 33
1739616230140 119.94691173792982 34
1739616230154 118.78514225620658 35
1739616230169 117.6351020655869 36
1739616230182 116.49667087028817 37
1739616230196 115.3697296184107 38
1739616230210 114.25416048902183 39
1739616230224 113.14984687937441 40
1739616230239 112.05667339225853 41
1739616230252 110.9745258234846 42
1739616230266 109.90329114949677 43
1739616230280 108.84285751511513 44
1739616230294 107.79311422140577 45
1739616230308 106.75395171367663 46
1739616230323 105.72526156959849 47
1739616230338 104.70693648744944 48
1739616230352 103.69887027448195 49
1739616230366 102.70095783541048 50
1739616230380 101.71309516101927 51
1739616230394 100.73517931688849 52
1739616230408 99.76710843223775 53
1739616230422 98.80878168888556 54
1739616230435 97.86009931032376 55
1739616230449 96.92096255090566 56
1739616230463 95.99127368514645 57
1739616230477 95.07093599713518 58
1739616230491 94.15985377005666 59
1739616230505 93.25793227582255 60
1739616230519 92.3650777648102 61
1739616230531 91.48119745570824 62
1739616230545 90.60619952546789 63
1739616230559 89.73999309935871 64
1739616230577 88.8824882411278 65
1739616230592 88.0335959432614 66
1739616230606 87.1932281173479 67
1739616230620 86.36129758454071 68
1739616230634 85.53771806612086 69
1739616230648 84.72240417415742 70
1739616230662 83.91527140226502 71
1739616230677 83.11623611645787 72
1739616230691 82.32521554609845 73
1739616230704 81.54212777494068 74
1739616230718 80.76689173226613 75
1739616230732 79.99942718411243 76
1739616230746 79.23965472459282 77
1739616230760 78.48749576730623 78
1739616230774 77.74287253683636 79
1739616230788 77.00570806033949 80
1739616230802 76.27592615921962 81
1739616230815 75.55345144089006 82
1739616230829 74.83820929062104 83
1739616230843 74.13012586347183 84
1739616230859 73.4291280763068 85
1739616230873 72.73514359989457 86
1739616230887 72.04810085108936 87
1739616230901 71.3679289850935 88
1739616230915 70.69455788780053 89
1739616230929 70.0279181682179 90
1739616230943 69.3679411509684 91
1739616230957 68.71455886886966 92
1739616230971 68.06770405559072 93
1739616230985 67.42731013838505 94
1739616230999 66.793311230899 95
1739616231013 66.16564212605516 96
1739616231026 65.54423828900971 97
1739616231050 64.92903585018287 98
1739616231063 64.31997159836192 99
1739616231078 63.71698297387595 100
1739616231092 63.12000806184145 101
1739616231106 62.52898558547834 102
1739616231121 61.94385489949516 103
1739616231143 61.364555983543426 104
1739616231169 60.79102943573971 105
1739616231193 60.22321646625526 106
1739616231217 59.66105889097217 107
1739616231241 59.10449912520553 108
1739616231264 58.553480177490876 109
1739616231289 58.00794564343612 110
1739616231309 57.46783969963754 111
1739616231327 56.933107097658855 112
1739616231344 56.40369315807303 113
1739616231360 55.87954376456591 114
1739616231376 55.36060535810122 115
1739616231392 54.846824931146166 116
1739616231408 54.338150021957055 117
1739616231424 53.83452870892444 118
1739616231440 53.33590960497678 119
1739616231455 52.842241852042534 120
1739616231471 52.3534751155697 121
1739616231485 51.86955957910224 122
1739616231500 51.39044593891309 123
1739616231514 50.916085398692665 124
1739616231529 50.446429664292836 125
1739616231544 49.981430938525364 126
1739616231558 49.52104191601441 127
1739616231572 49.06521577810265 128
1739616231587 48.61390618781018 129
1739616231600 48.167067284845885 130
1739616231613 47.7246536806707 131
1739616231627 47.28662045361202 132
1739616231641 46.852923144029056 133
1739616231654 46.42351774952832 134
1739616231667 45.99836072022884 135
1739616231681 45.577408954076574 136
1739616231695 45.16061979220758 137
1739616231708 44.747951014359245 138
1739616231722 44.33936083432929 139
1739616231735 43.934807895481946 140
1739616231748 43.534251266300735 141
1739616231761 43.1376504359876 142
1739616231775 42.74496531010762 143
1739616231788 42.356156206279046 144
1739616231800 41.97118384990811 145
1739616231813 41.590009369968165 146
1739616231827 41.2125942948226 147
1739616231841 40.838900548091196 148
1739616231856 40.46889044455948 149
1739616231868 40.102526686130425 150
1739616231882 39.73977235781841 151
1739616231895 39.38059092378457 152
1739616231908 39.024946223413515 153
1739616231920 38.6728024674307 154
1739616231933 38.324124234060136 155
1739616231947 37.97887646522203 156
1739616231960 37.63702446276995 157
1739616231973 37.29853388476698 158
1739616231985 36.96337074180066 159
1739616231998 36.63150139333611 160
1739616232012 36.30289254410708 161
1739616232024 35.977511240544494 162
1739616232037 35.655324867242015 163
1739616232049 35.33630114345839 164
1739616232062 35.020408119656125 165
1739616232075 34.70761417407595 166
1739616232097 34.39788800934714 167
1739616232111 34.09119864913274 168
1739616232125 33.78751543480981 169
1739616232139 33.486808022184114 170
1739616232152 33.18904637823886 171
1739616232166 32.89420077791722 172
1739616232179 32.60224180093836 173
1739616232193 32.313140328646334 174
1739616232206 32.026867540891914 175
1739616232218 31.743394912946595 176
1739616232230 31.46269421244879 177
1739616232243 31.18473749638164 178
1739616232256 30.909497108082245 179
1739616232269 30.636945674281918 180
1739616232281 30.36705610217721 181
1739616232294 30.09980157653123 182
1739616232306 29.835155556805223 183
1739616232318 29.573091774319767 184
1739616232330 29.31358422944554 185
1739616232343 29.056607188823186 186
1739616232356 28.802135182612087 187
1739616232368 28.55014300176766 188
1739616232380 28.300605695346906 189
1739616232393 28.053498567841974 190
1739616232406 27.808797176541315 191
1739616232418 27.566477328918317 192
1739616232431 27.326515080047 193
1739616232444 27.0888867300445 194
1739616232456 26.853568821540154 195
1739616232469 26.620538137170804 196
1739616232483 26.389771697102113 197
1739616232495 26.161246756575576 198
1739616232508 25.93494080348106 199
1739616232521 25.71083155595443 200
1739616232533 25.488896960000194 201
1739616232545 25.26911518713872 202
1739616232558 25.051464632077977 203
1739616232570 24.835923910409342 204
1739616232583 24.622471856327344 205
1739616232595 24.411087520373066 206
1739616232608 24.201750167200988 207
1739616232621 23.99443927336894 208
1739616232633 23.789134525151006 209
1739616232645 23.58581581637315 210
1739616232658 23.384463246271245 211
1739616232671 23.18505711737135 212
1739616232684 22.98757793339194 213
1739616232699 22.792006397167967 214
1739616232712 22.598323408596368 215
1739616232726 22.406510062602937 216
1739616232740 22.21654764713029 217
1739616232754 22.028417641146635 218
1739616232766 21.842101712675262 219
1739616232779 21.65758171684444 220
1739616232792 21.474839693957524 221
1739616232805 21.29385786758313 222
1739616232817 21.114618642665032 223
1739616232829 20.937104603651722 224
1739616232842 20.761298512645347 225
1739616232854 20.587183307569855 226
1739616232866 20.414742100358083 227
1739616232879 20.24395817515771 228
1739616232893 20.074814986555754 229
1739616232906 19.907296157821538 230
1739616232919 19.7413854791678 231
1739616232932 19.57706690602989 232
1739616232945 19.414324557362786 233
1739616232958 19.25314271395573 234
1739616232970 19.093505816764406 235
1739616232983 18.93539846526034 236
1739616232995 18.778805415797468 237
1739616233008 18.623711579995568 238
1739616233021 18.47010202314051 239
1739616233033 18.317961962601036 240
1739616233048 18.16727676626201 241
1739616233062 18.018031950973835 242
1739616233075 17.870213181018006 243
1739616233096 17.723806266588472 244
1739616233112 17.578797162288883 245
1739616233125 17.43517196564528 246
1739616233139 17.292916915634216 247
1739616233153 17.152018391226193 248
1739616233166 17.012462909944148 249
1739616233179 16.87423712643685 250
1739616233192 16.73732783106713 251
1739616233206 16.60172194851472 252
1739616233218 16.46740653639355 253
1739616233231 16.334368783883377 254
1739616233244 16.202596010375604 255
1739616233260 16.072075664133102 256
1739616233273 15.942795320963967 257
1739616233286 15.814742682908932 258
1739616233298 15.687905576942445 259
1739616233311 15.562271953687183 260
1739616233324 15.43782988614185 261
1739616233337 15.314567568422204 262
1739616233349 15.192473314515073 263
1739616233362 15.071535557045308 264
1739616233374 14.951742846055508 265
1739616233387 14.833083847798317 266
1739616233399 14.715547343541333 267
1739616233412 14.599122228384312 268
1739616233424 14.483797510088634 269
1739616233437 14.369562307918923 270
1739616233449 14.256405851496611 271
1739616233461 14.144317479665421 272
1739616233475 14.03328663936855 273
1739616233487 13.92330288453751 274
1739616233499 13.814355874992449 275
1739616233519 13.706435375353884 276
1739616233562 13.599531253965662 277
1739616233577 13.49363348182908 278
1739616233592 13.388732131548087 279
1739616233606 13.284817376285318 280
1739616233620 13.18187948872899 281
1739616233634 13.079908840070486 282
1739616233648 12.97889589899252 283
1739616233662 12.878831230667725 284
1739616233675 12.77970549576768 285
1739616233690 12.681509449482135 286
1739616233703 12.584233940548419 287
1739616233717 12.487869910290863 288
1739616233731 12.392408391670152 289
1739616233744 12.29784050834261 290
1739616233757 12.20415747372903 291
1739616233771 12.111350590093352 292
1739616233784 12.0194112476307 293
1739616233797 11.928330923564953 294
1739616233811 11.838101181255622 295
1739616233824 11.74871366931394 296
1739616233838 11.660160120728126 297
1739616233851 11.572432351997696 298
1739616233865 11.485522262276715 299
1739616233878 11.399421832525896 300
1739616233892 11.314123124673493 301
1739616233906 11.229618280784871 302
1739616233918 11.145899522240637 303
1739616233931 11.062959148923296 304
1739616233944 10.98078953841231 305
1739616233957 10.899383145187466 306
1739616233972 10.818732499840479 307
1739616233985 10.738830208294788 308
1739616233999 10.659668951033353 309
1739616234024 10.581241482334478 310
1739616234037 10.503540629515545 311
1739616234051 10.426559292184498 312
1739616234064 10.350290441499158 313
1739616234078 10.27472711943408 314
1739616234092 10.199862438055126 315
1739616234106 10.125689578801385 316
1739616234119 10.052201791774653 317
1739616234131 9.979392395036124 318
1739616234143 9.907254773910458 319
1739616234155 9.835782380296983 320
1739616234169 9.764968731988041 321
1739616234181 9.694807411994336 322
1739616234193 9.625292067877284 323
1739616234206 9.556416411088252 324
1739616234218 9.48817421631464 325
1739616234230 9.420559320832698 326
1739616234243 9.35356562386701 327
1739616234256 9.287187085956615 328
1739616234267 9.221417728327712 329
1739616234280 9.156251632272769 330
1739616234293 9.091682938536104 331
1739616234306 9.027705846705759 332
1739616234318 8.964314614611709 333
1739616234331 8.90150355773025 334
1739616234344 8.839267048594529 335
1739616234357 8.777599516211195 336
1739616234369 8.716495445483059 337
1739616234383 8.65594937663767 338
1739616234395 8.595955904661851 339
1739616234408 8.536509678742055 340
1739616234421 8.47760540171048 341
1739616234433 8.419237829496911 342
1739616234445 8.361401770586205 343
1739616234458 8.304092085481429 344
1739616234470 8.247303686172453 345
1739616234482 8.191031535610097 346
1739616234495 8.135270647185667 347
1739616234508 8.080016084215881 348
1739616234521 8.025262959433094 349
1739616234533 7.971006434480798 350
1739616234547 7.917241719414295 351
1739616234559 7.863964072206552 352
1739616234572 7.811168798259172 353
1739616234589 7.758851249918338 354
1739616234601 7.707006825995811 355
1739616234614 7.6556309712948565 356
1739616234628 7.604719176141031 357
1739616234640 7.554266975917855 358
1739616234654 7.504269950607222 359
1739616234667 7.454723724334586 360
1739616234679 7.405623964918827 361
1739616234692 7.356966383426738 362
1739616234705 7.308746733732124 363
1739616234717 7.260960812079465 364
1739616234730 7.213604456652029 365
1739616234743 7.166673547144465 366
1739616234755 7.120164004339805 367
1739616234767 7.074071789690817 368
1739616234780 7.028392904905659 369
1739616234793 6.983123391537834 370
1739616234807 6.93825933058035 371
1739616234820 6.893796842064058 372
1739616234834 6.849732084660143 373
1739616234846 6.8060612552866955 374
1739616234859 6.762780588719341 375
1739616234872 6.719886357205882 376
1739616234885 6.677374870084905 377
1739616234898 6.635242473408335 378
1739616234911 6.5934855495678395 379
1739616234924 6.552100516925131 380
1739616234936 6.511083829446004 381
1739616234951 6.470431976338222 382
1739616234973 6.4301414816930835 383
1739616234987 6.390208904130687 384
1739616235000 6.350630836448836 385
1739616235013 6.3114039052755935 386
1739616235027 6.272524770725382 387
1739616235041 6.233990126058634 388
1739616235054 6.195796697344944 389
1739616235067 6.157941243129681 390
1739616235080 6.12042055410406 391
1739616235092 6.083231452778557 392
1739616235105 6.046370793159728 393
1739616235117 6.0098354604303355 394
1739616235129 5.973622370632785 395
1739616235143 5.937728470355769 396
1739616235155 5.902150736424201 397
1739616235168 5.866886175592274 398
1739616235180 5.831931824239744 399
1739616235193 5.797284748071262 400
1739616235206 5.762942041818868 401
1739616235218 5.728900828947491 402
1739616235231 5.695158261363491 403
1739616235244 5.66171151912624 404
1739616235256 5.6285578101625955 405
1739616235269 5.595694369984364 406
1739616235282 5.5631184614086475 407
1739616235295 5.530827374281067 408
1739616235308 5.49881842520184 409
1739616235321 5.467088957254644 410
1739616235333 5.435636339738315 411
1739616235346 5.404457967901245 412
1739616235359 5.373551262678561 413
1739616235372 5.342913670431961 414
1739616235385 5.312542662692256 415
1739616235397 5.282435735904552 416
1739616235410 5.252590411176013 417
1739616235422 5.223004234026265 418
1739616235435 5.193674774140327 419
1739616235447 5.164599625124101 420
1739616235460 5.135776404262369 421
1739616235472 5.107202752279246 422
1739616235485 5.078876333101141 423
1739616235498 5.0507948336221125 424
1739616235511 5.022955963471655 425
1739616235523 4.99535745478485 426
1739616235536 4.967997061974891 427
1739616235549 4.940872561507943 428
1739616235561 4.913981751680299 429
1739616235575 4.88732245239784 430
1739616235590 4.860892504957746 431
1739616235603 4.834689771832443 432
1739616235615 4.808712136455773 433
1739616235628 4.782957503011367 434
1739616235641 4.757423796223171 435
1739616235653 4.732108961148131 436
1739616235665 4.707010962970997 437
1739616235678 4.6821277868012405 438
1739616235691 4.657457437472037 439
1739616235704 4.632997939341333 440
1739616235717 4.608747336094922 441
1739616235729 4.584703690551589 442
1739616235741 4.560865084470179 443
1739616235754 4.5372296183587215 444
1739616235768 4.513795411285452 445
1739616235781 4.490560600691785 446
1739616235794 4.467523342207223 447
1739616235807 4.4446818094661475 448
1739616235820 4.422034193926478 449
1739616235833 4.3995787046902 450
1739616235845 4.377313568325734 451
1739616235858 4.355237028692124 452
1739616235871 4.333347346764995 453
1739616235893 4.311642800464342 454
1739616235908 4.290121684484048 455
1739616235923 4.268782310123154 456
1739616235938 4.247623005118873 457
1739616235952 4.22664211348128 458
1739616235965 4.2058379953297385 459
1739616235979 4.185209026730947 460
1739616235991 4.164753599538689 461
1739616236004 4.1444701212352015 462
1739616236017 4.124357014774172 463
1739616236029 4.104412718425329 464
1739616236042 4.084635685620642 465
1739616236055 4.065024384802088 466
1739616236067 4.045577299270947 467
1739616236082 4.0262929270387 468
1739616236096 4.007169780679387 469
1739616236110 3.988206387183513 470
1739616236124 3.9694012878134224 471
1739616236137 3.950753037960186 472
1739616236150 3.932260207001915 473
1739616236163 3.9139213781635442 474
1739616236176 3.8957351483780323 475
1739616236189 3.8777001281489913 476
1739616236202 3.859814941414746 477
1739616236214 3.842078225413704 478
1739616236227 3.824488630551189 479
1739616236240 3.8070448202675764 480
1739616236254 3.789745470907799 481
1739616236266 3.7725892715921856 482
1739616236279 3.7555749240886027 483
1739616236291 3.738701142685926 484
1739616236304 3.7219666540687713 485
1739616236316 3.7053701971935222 486
1739616236329 3.6889105231656516 487
1739616236343 3.672586395118232 488
1739616236355 3.6563965880917295 489
1739616236369 3.6403398889150305 490
1739616236381 3.6244150960876347 491
1739616236394 3.608621019663101 492
1739616236407 3.5929564811336596 493
1739616236420 3.577420313315995 494
1739616236433 3.5620113602381998 495
1739616236445 3.5467284770278895 496
1739616236458 3.5315705298014457 497
1739616236472 3.5165363955544002 498
1739616236485 3.501624962052907 499
