1739617834751 168.61672932147985 0
1739617834767 168.5458362828298 1
1739617834782 168.48081110811 2
1739617834798 168.41581184478648 3
1739617834814 168.3508397005964 4
1739617834828 168.28589466396926 5
1739617834843 168.22097672359385 6
1739617834857 168.1560858681635 7
1739617834872 168.09122208637632 8
1739617834887 168.02638536693522 9
1739617834902 167.96157569854762 10
1739617834918 167.89679306992588 11
1739617834933 167.8320374697868 12
1739617834948 167.76730888685222 13
1739617834963 167.70260730984845 14
1739617834977 167.6379327275065 15
1739617834992 167.57328512856228 16
1739617835006 167.50866450175613 17
1739617835021 167.44407083583334 18
1739617835035 167.37950411954372 19
1739617835050 167.31496434164188 20
1739617835066 167.25045149088706 21
1739617835080 167.18596555604321 22
1739617835095 167.121506525879 23
1739617835109 167.05707438916772 24
1739617835125 166.9926691346874 25
1739617835139 166.92829075122077 26
1739617835154 166.86393922755514 27
1739617835170 166.79961455248258 28
1739617835184 166.73531671479984 29
1739617835199 166.67104570330838 30
1739617835214 166.60680150681415 31
1739617835228 166.54258411412798 32
1739617835243 166.47839351406532 33
1739617835258 166.41422969544618 34
1739617835272 166.35009264709535 35
1739617835287 166.28598235784227 36
1739617835301 166.221898816521 37
1739617835317 166.15784201197022 38
1739617835331 166.09381193303338 39
1739617835346 166.0298085685585 40
1739617835360 165.96583190739833 41
1739617835374 165.90188193841013 42
1739617835389 165.83795865045602 43
1739617835405 165.77406203240255 44
1739617835420 165.71019207312108 45
1739617835434 165.64634876148747 46
1739617835449 165.5825320863824 47
1739617835463 165.51874203669107 48
1739617835479 165.45497860130328 49
1739617835495 165.39124176911355 50
1739617835510 165.32753152902103 51
1739617835525 165.26384786992946 52
1739617835539 165.20019078074728 53
1739617835554 165.13656025038742 54
1739617835568 165.0729562677676 55
1739617835583 165.00937882181006 56
1739617835597 164.94582790144176 57
1739617835611 164.88230349559407 58
1739617835626 164.81880559320322 59
1739617835641 164.75533418320992 60
1739617835655 164.6918892545596 61
1739617835670 164.6284707962022 62
1739617835684 164.56507879709227 63
1739617835700 164.50171324618907 64
1739617835716 164.43837413245635 65
1739617835731 164.3750614448625 66
1739617835746 164.31177517238064 67
1739617835760 164.24851530398823 68
1739617835775 164.18528182866763 69
1739617835789 164.12207473540553 70
1739617835805 164.05889401319348 71
1739617835820 163.99573965102732 72
1739617835834 163.9326116379077 73
1739617835849 163.86950996283983 74
1739617835863 163.80643461483345 75
1739617835878 163.74338558290296 76
1739617835892 163.68036285606723 77
1739617835907 163.6173664233498 78
1739617835921 163.55439627377882 79
1739617835936 163.49145239638688 80
1739617835950 163.42853478021132 81
1739617835965 163.36564341429394 82
1739617835980 163.30277828768115 83
1739617835995 163.23993938942382 84
1739617836010 163.1771267085777 85
1739617836024 163.11434023420273 86
1739617836039 163.05157995536365 87
1739617836053 162.98884586112968 88
1739617836068 162.92613794057462 89
1739617836082 162.86345618277682 90
1739617836097 162.80080057681917 91
1739617836111 162.73817111178928 92
1739617836126 162.675567776779 93
1739617836141 162.61299056088495 94
1739617836155 162.5504394532083 95
1739617836173 162.4879144428547 96
1739617836189 162.4254155189344 97
1739617836204 162.3629426705621 98
1739617836218 162.3004958868571 99
1739617836233 162.23807515694332 100
1739617836248 162.17568046994913 101
1739617836396 162.11331181500742 102
1739617836421 162.05096918125562 103
1739617836446 161.9886525578358 104
1739617836477 161.92636193389436 105
1739617836503 161.86409729858246 106
1739617836530 161.80185864105562 107
1739617836550 161.73964595047394 108
1739617836567 161.67745921600206 109
1739617836585 161.6152984268091 110
1739617836601 161.55316357206874 111
1739617836617 161.49105464095913 112
1739617836632 161.42897162266306 113
1739617836647 161.36691450636764 114
1739617836662 161.30488328126458 115
1739617836677 161.2428779365502 116
1739617836692 161.18089846142522 117
1739617836705 161.11894484509483 118
1739617836719 161.05701707676886 119
1739617836733 160.99511514566146 120
1739617836747 160.93323904099148 121
1739617836760 160.87138875198212 122
1739617836774 160.8095642678612 123
1739617836786 160.74776557786086 124
1739617836799 160.6859926712179 125
1739617836812 160.62424553717355 126
1739617836825 160.56252416497352 127
1739617836837 160.50082854386798 128
1739617836850 160.43915866311173 129
1739617836863 160.37751451196382 130
1739617836876 160.31589607968797 131
1739617836888 160.25430335555234 132
1739617836900 160.19273632882948 133
1739617836913 160.13119498879652 134
1739617836925 160.06967932473503 135
1739617836936 160.00818932593106 136
1739617836948 159.94672498167506 137
1739617836960 159.88528628126207 138
1739617836972 159.82387321399153 139
1739617836984 159.76248576916728 140
1739617836996 159.70112393609782 141
1739617837008 159.63978770409588 142
1739617837020 159.5784770624788 143
1739617837032 159.51719200056831 144
1739617837044 159.45593250769065 145
1739617837055 159.3946985731764 146
1739617837067 159.33349018636085 147
1739617837079 159.2723073365834 148
1739617837091 159.21115001318807 149
1739617837103 159.15001820552337 150
1739617837115 159.08891190294224 151
1739617837127 159.02783109480194 152
1739617837139 158.96677577046435 153
1739617837150 158.90574591929558 154
1739617837162 158.84474153066643 155
1739617837175 158.78376259395188 156
1739617837188 158.72280909853154 157
1739617837199 158.6618810337893 158
1739617837211 158.60097838911366 159
1739617837224 158.54010115389738 160
1739617837235 158.47924931753766 161
1739617837247 158.41842286943623 162
1739617837259 158.35762179899925 163
1739617837270 158.2968460956371 164
1739617837282 158.2360957487648 165
1739617837293 158.17537074780165 166
1739617837305 158.11467108217147 167
1739617837316 158.05399674130243 168
1739617837327 157.99334771462708 169
1739617837339 157.9327239915825 170
1739617837350 157.87212556160995 171
1739617837362 157.81155241415541 172
1739617837374 157.75100453866904 173
1739617837385 157.69048192460536 174
1739617837397 157.62998456142356 175
1739617837408 157.56951243858694 176
1739617837420 157.5090655455634 177
1739617837431 157.44864387182508 178
1739617837442 157.3882474068486 179
1739617837454 157.32787614011494 180
1739617837465 157.26753006110954 181
1739617837476 157.20720915932208 182
1739617837488 157.1469134242468 183
1739617837499 157.08664284538224 184
1739617837511 157.02639741223132 185
1739617837522 156.96617711430127 186
1739617837535 156.90598194110382 187
1739617837546 156.84581188215506 188
1739617837558 156.7856669269754 189
1739617837569 156.72554706508964 190
1739617837582 156.66545228602695 191
1739617837594 156.60538257932086 192
1739617837606 156.54533793450932 193
1739617837618 156.48531834113456 194
1739617837630 156.42532378874333 195
1739617837641 156.3653542668865 196
1739617837653 156.30540976511955 197
1739617837665 156.2454902730021 198
1739617837676 156.18559578009834 199
1739617837688 156.12572627597658 200
1739617837699 156.0658817502097 201
1739617837710 156.00606219237483 202
1739617837722 155.94626759205343 203
1739617837733 155.8864979388313 204
1739617837745 155.8267532222987 205
1739617837756 155.7670334320501 206
1739617837769 155.70733855768438 207
1739617837781 155.64766858880478 208
1739617837792 155.58802351501876 209
1739617837804 155.5284033259383 210
1739617837815 155.46880801117953 211
1739617837826 155.4092375603631 212
1739617837838 155.34969196311377 213
1739617837850 155.29017120906084 214
1739617837862 155.23067528783778 215
1739617837874 155.17120418908254 216
1739617837886 155.1117579024372 217
1739617837897 155.05233641754836 218
1739617837909 154.9929397240668 219
1739617837921 154.9335678116477 220
1739617837932 154.87422066995046 221
1739617837944 154.8148982886389 222
1739617837955 154.75560065738114 223
1739617837967 154.69632776584953 224
1739617837978 154.63707960372082 225
1739617837990 154.577856160676 226
1739617838001 154.5186574264004 227
1739617838013 154.45948339058367 228
1739617838024 154.4003340429198 229
1739617838035 154.3412093731069 230
1739617838047 154.2821093708476 231
1739617838058 154.22303402584856 232
1739617838070 154.16398332782117 233
1739617838081 154.10495726648065 234
1739617838092 154.0459558315468 235
1739617838104 153.98697901274352 236
1739617838115 153.92802679979917 237
1739617838127 153.86909918244638 238
1739617838139 153.8101961504219 239
1739617838150 153.75131769346686 240
1739617838162 153.69246380132682 241
1739617838173 153.6336344637513 242
1739617838185 153.57482967049438 243
1739617838197 153.51604941131433 244
1739617838208 153.45729367597357 245
1739617838220 153.398562454239 246
1739617838231 153.33985573588168 247
1739617838243 153.2811735106769 248
1739617838255 153.22251576840424 249
1739617838267 153.1638824988476 250
1739617838279 153.1052736917952 251
1739617838291 153.04668933703928 252
1739617838303 152.98812942437658 253
1739617838314 152.92959394360795 254
1739617838326 152.8710828845386 255
1739617838337 152.8125962369779 256
1739617838349 152.7541339907396 257
1739617838360 152.69569613564158 258
1739617838372 152.637282661506 259
1739617838383 152.57889355815925 260
1739617838395 152.52052881543204 261
1739617838406 152.46218842315926 262
1739617838418 152.40387237118003 263
1739617838429 152.34558064933776 264
1739617838441 152.28731324748009 265
1739617838453 152.22907015545886 266
1739617838464 152.17085136313017 267
1739617838476 152.11265686035432 268
1739617838489 152.05448663699593 269
1739617838502 151.99634068292372 270
1739617838515 151.93821898801076 271
1739617838526 151.88012154213425 272
1739617838538 151.8220483351757 273
1739617838550 151.76399935702077 274
1739617838562 151.7059745975594 275
1739617838574 151.64797404668562 276
1739617838586 151.58999769429786 277
1739617838598 151.53204553029872 278
1739617838610 151.4741175445949 279
1739617838622 151.41621372709741 280
1739617838634 151.3583340677214 281
1739617838645 151.30047855638628 282
1739617838657 151.24264718301572 283
1739617838668 151.18483993753753 284
1739617838679 151.12705680988367 285
1739617838691 151.0692977899904 286
1739617838703 151.01156286779812 287
1739617838715 150.95385203325142 288
1739617838727 150.89616527629912 289
1739617838739 150.8385025868943 290
1739617838751 150.78086395499403 291
1739617838762 150.7232493705598 292
1739617838773 150.66565882355715 293
1739617838785 150.60809230395586 294
1739617838796 150.55054980172986 295
1739617838808 150.49303130685726 296
1739617838825 150.43553680932044 297
1739617838837 150.3780662991058 298
1739617838848 150.32061976620406 299
1739617838859 150.26319720061016 300
1739617838871 150.205798592323 301
1739617838882 150.1484239313458 302
1739617838894 150.09107320768592 303
1739617838906 150.033746411355 304
1739617838917 149.97644353236865 305
1739617838929 149.91916456074676 306
1739617838942 149.86190948651338 307
1739617838954 149.8046782996967 308
1739617838966 149.7474709903291 309
1739617838977 149.69028754844706 310
1739617838989 149.6331279640913 311
1739617839000 149.57599222730667 312
1739617839012 149.51888032814207 313
1739617839024 149.4617922566507 314
1739617839035 149.40472800288987 315
1739617839046 149.347687556921 316
1739617839058 149.29067090880966 317
1739617839069 149.23367804862562 318
1739617839081 149.1767089664427 319
1739617839092 149.11976365233897 320
1739617839104 149.06284209639657 321
1739617839115 149.0059442887018 322
1739617839126 148.94907021934506 323
1739617839140 148.89221987842097 324
1739617839153 148.83539325602823 325
1739617839165 148.7785903422696 326
1739617839178 148.72181112725212 327
1739617839191 148.66505560108686 328
1739617839203 148.60832375388898 329
1739617839215 148.55161557577793 330
1739617839227 148.4949310568771 331
1739617839239 148.43827018731415 332
1739617839251 148.38163295722066 333
1739617839262 148.32501935673255 334
1739617839273 148.2684293759897 335
1739617839287 148.21186300513628 336
1739617839299 148.15532023432033 337
1739617839311 148.0988010536942 338
1739617839323 148.04230545341423 339
1739617839335 147.9858334236409 340
1739617839347 147.9293849545389 341
1739617839359 147.87296003627688 342
1739617839371 147.81655865902766 343
1739617839383 147.76018081296806 344
1739617839395 147.70382648827922 345
1739617839407 147.6474956751462 346
1739617839419 147.59118836375814 347
1739617839431 147.53490454430843 348
1739617839443 147.47864420699435 349
1739617839455 147.42240734201746 350
1739617839467 147.3661939395833 351
1739617839478 147.31000398990153 352
1739617839490 147.25383748318578 353
1739617839502 147.19769440965405 354
1739617839514 147.14157475952814 355
1739617839526 147.08547852303403 356
1739617839539 147.02940569040177 357
1739617839550 146.9733562518656 358
1739617839562 146.91733019766357 359
1739617839573 146.8613275180381 360
1739617839584 146.8053482032355 361
1739617839596 146.74939224350618 362
1739617839607 146.6934596291046 363
1739617839619 146.6375503502895 364
1739617839631 146.58166439732332 365
1739617839642 146.52580176047277 366
1739617839654 146.46996243000868 367
1739617839665 146.4141463962058 368
1739617839676 146.3583536493431 369
1739617839688 146.30258417970336 370
1739617839699 146.24683797757365 371
1739617839711 146.19111503324498 372
1739617839722 146.13541533701246 373
1739617839734 146.07973887917518 374
1739617839744 146.02408565003637 375
1739617839756 145.96845563990323 376
1739617839769 145.91284883908705 377
1739617839782 145.85726523790314 378
1739617839794 145.80170482667086 379
1739617839806 145.74616759571356 380
1739617839817 145.69065353535873 381
1739617839829 145.63516263593783 382
1739617839840 145.57969488778642 383
1739617839852 145.52425028124392 384
1739617839863 145.468828806654 385
1739617839875 145.4134304543642 386
1739617839887 145.35805521472616 387
1739617839898 145.30270307809556 388
1739617839909 145.24737403483203 389
1739617839921 145.19206807529932 390
1739617839933 145.1367851898651 391
1739617839945 145.08152536890117 392
1739617839956 145.02628860278327 393
1739617839967 144.97107488189113 394
1739617839979 144.91588419660854 395
1739617839990 144.86071653732336 396
1739617840002 144.80557189442737 397
1739617840013 144.75045025831633 398
1739617840025 144.6953516193902 399
1739617840038 144.64027596805275 400
1739617840050 144.58522329471177 401
1739617840062 144.53019358977915 402
1739617840074 144.47518684367074 403
1739617840085 144.42020304680634 404
1739617840098 144.36524218960983 405
1739617840110 144.310304262509 406
1739617840122 144.2553892559357 407
1739617840133 144.2004971603258 408
1739617840146 144.14562796611904 409
1739617840157 144.0907816637593 410
1739617840168 144.03595824369427 411
1739617840181 143.9811576963758 412
1739617840192 143.92638001225959 413
1739617840203 143.87162518180546 414
1739617840215 143.81689319547706 415
1739617840227 143.76218404374217 416
1739617840239 143.70749771707239 417
1739617840251 143.6528342059434 418
1739617840263 143.59819350083487 419
1739617840275 143.54357559223033 420
1739617840287 143.4889804706174 421
1739617840298 143.43440812648765 422
1739617840310 143.37985855033656 423
1739617840321 143.3253317326636 424
1739617840333 143.2708276639722 425
1739617840344 143.21634633476978 426
1739617840357 143.16188773556775 427
1739617840368 143.1074518568813 428
1739617840380 143.05303868922985 429
1739617840391 142.99864822313663 430
1739617840404 142.94428044912877 431
1739617840416 142.8899353577374 432
1739617840428 142.83561293949768 433
1739617840474 142.78131318494863 434
1739617840495 142.7270360846332 435
1739617840507 142.6727816290984 436
1739617840520 142.61854980889512 437
1739617840533 142.56434061457813 438
1739617840546 142.5101540367062 439
1739617840559 142.4559900658421 440
1739617840572 142.4018486925524 441
1739617840585 142.3477299074077 442
1739617840598 142.2936337009826 443
1739617840611 142.23956006385546 444
1739617840625 142.18550898660865 445
1739617840638 142.13148045982857 446
1739617840651 142.07747447410537 447
1739617840664 142.02349102003328 448
1739617840677 141.96953008821032 449
1739617840690 141.91559166923858 450
1739617840702 141.86167575372397 451
1739617840715 141.80778233227633 452
1739617840728 141.75391139550942 453
1739617840739 141.70006293404097 454
1739617840752 141.6462369384926 455
1739617840764 141.59243339948975 456
1739617840776 141.53865230766192 457
1739617840789 141.48489365364244 458
1739617840803 141.43115742806847 459
1739617840816 141.37744362158136 460
1739617840829 141.32375222482597 461
1739617840841 141.27008322845137 462
1739617840853 141.2164366231104 463
1739617840865 141.16281239945982 464
1739617840877 141.1092105481603 465
1739617840889 141.05563105987645 466
1739617840901 141.00207392527665 467
1739617840912 140.94853913503331 468
1739617840924 140.89502667982265 469
1739617840936 140.84153655032483 470
1739617840948 140.78806873722382 471
1739617840960 140.7346232312076 472
1739617840972 140.6812000229679 473
1739617840984 140.62779910320043 474
1739617840996 140.57442046260473 475
1739617841007 140.52106409188434 476
1739617841019 140.4677299817465 477
1739617841031 140.4144181229024 478
1739617841043 140.36112850606713 479
1739617841055 140.3078611219597 480
1739617841066 140.25461596130285 481
1739617841078 140.20139301482328 482
1739617841090 140.14819227325165 483
1739617841102 140.09501372732234 484
1739617841114 140.04185736777362 485
1739617841125 139.98872318534768 486
1739617841137 139.9356111707905 487
1739617841150 139.88252131485208 488
1739617841161 139.82945360828603 489
1739617841173 139.77640804185006 490
1739617841185 139.72338460630561 491
1739617841196 139.67038329241797 492
1739617841207 139.6174040909563 493
1739617841219 139.56444699269372 494
1739617841230 139.51151198840697 495
1739617841241 139.45859906887688 496
1739617841252 139.40570822488795 497
1739617841264 139.35283944722863 498
1739617841276 139.2999927266912 499
