1739557960402 156.44270063048185 0
1739557960411 144.11111077090203 1
1739557960421 134.34619873026392 2
1739557960431 124.59968183718658 3
1739557960440 115.99575492029199 4
1739557960452 110.3506174363115 5
1739557960461 99.78972657775688 6
1739557960470 95.42699211412103 7
1739557960478 90.04109141422947 8
1739557960487 80.96487331516202 9
1739557960495 78.2723859204218 10
1739557960504 70.38396649700766 11
1739557960512 61.777569299491105 12
1739557960521 60.82203488328746 13
1739557960529 54.60353556195151 14
1739557960538 51.843536565171206 15
1739557960546 47.91386640306715 16
1739557960555 44.91270306368591 17
1739557960563 41.93704105968432 18
1739557960571 40.08719878049513 19
1739557960580 37.069253088534936 20
1739557960589 31.989079049298983 21
1739557960598 31.205552707975926 22
1739557960607 28.357999018747414 23
1739557960615 27.722040483000836 24
1739557960624 23.546957719656717 25
1739557960632 23.275208125535073 26
1739557960641 21.623761500450414 27
1739557960649 19.854775022469013 28
1739557960658 18.877396659088337 29
1739557960666 17.510025609589686 30
1739557960675 15.961166549143721 31
1739557960684 14.140672688608628 32
1739557960692 14.458087253959105 33
1739557960702 12.046411997638725 34
1739557960711 13.164593584404134 35
1739557960720 11.416254697854324 36
1739557960728 9.937512715598418 37
1739557960737 9.490500090725282 38
1739557960745 9.451020640127313 39
1739557960754 8.741485638399752 40
1739557960762 8.216428497517416 41
1739557960770 7.272529083482855 42
1739557960779 8.142454770049662 43
1739557960787 6.374567628556386 44
1739557960796 7.002383638772534 45
1739557960804 5.540733549359014 46
1739557960813 5.64299074348062 47
1739557960821 5.678376266463308 48
1739557960829 4.7005916358085384 49
1739557960838 4.973911524706376 50
1739557960846 3.912882749468739 51
1739557960854 3.760822382685452 52
1739557960863 4.32283838178181 53
1739557960871 2.973038488584502 54
1739557960880 3.166194910464968 55
1739557960888 2.6241086042711372 56
1739557960896 3.1189321933183054 57
1739557960906 3.2162121337911107 58
1739557960914 4.100521313943157 59
1739557960923 3.751442308054359 60
1739557960932 2.3654739818665957 61
1739557960941 2.665116387291071 62
1739557960949 1.8661357216730954 63
1739557960958 2.700157056459631 64
1739557960966 1.7981702163710573 65
1739557960975 1.954195700800929 66
1739557960984 1.7962418788749728 67
1739557960992 1.904668386062607 68
1739557961001 2.2069921486652557 69
1739557961009 0.9990226518781763 70
1739557961018 2.3209462311588207 71
1739557961026 1.0813200618747565 72
1739557961035 1.168686521260194 73
1739557961043 1.7713744064291714 74
1739557961052 1.4967897678033106 75
1739557961060 1.8576681499904084 76
1739557961069 1.3582504435675935 77
1739557961077 0.8875993340879246 78
1739557961086 1.090447832249732 79
1739557961095 1.3534009840260859 80
1739557961103 3.557562344502968 81
1739557961112 0.8892752334588766 82
1739557961121 0.9654306211618549 83
1739557961129 1.4905898849504045 84
1739557961138 0.8451696013991594 85
1739557961146 1.7739508537522806 86
1739557961155 1.5830034949329799 87
1739557961163 1.9184705476061559 88
1739557961172 0.7760923977297224 89
1739557961181 1.4212888153747745 90
1739557961190 0.6536741846896759 91
1739557961199 1.3626832178175083 92
1739557961207 0.8572020634991219 93
1739557961216 0.7513834239509449 94
1739557961224 0.936896394077879 95
1739557961232 1.0968098157249246 96
1739557961241 0.9986137431423147 97
1739557961249 0.957301923673391 98
1739557961257 1.6936612890435145 99
1739557961266 1.0013601163880375 100
1739557961275 0.6323276227810252 101
1739557961284 0.8980148427238384 102
1739557961293 1.05425688866696 103
1739557961303 0.9655124865303574 104
1739557961313 1.4366272429426028 105
1739557961321 1.247416853788222 106
1739557961330 1.432980809976351 107
1739557961339 1.0514247670711117 108
1739557961348 0.7344200122543638 109
1739557961357 1.272317948914698 110
1739557961366 0.7459769886320645 111
1739557961374 1.277895221149301 112
1739557961383 0.8334317218684779 113
1739557961391 0.8019211395041623 114
1739557961400 1.6015438155158832 115
1739557961409 0.8480143315154717 116
1739557961418 0.7757972637509414 117
1739557961426 1.3173152202886214 118
1739557961435 0.6331101989860769 119
1739557961444 0.790670290032543 120
1739557961456 1.0469785390018316 121
1739557961464 1.4309999389862345 122
1739557961473 1.9959825037223893 123
1739557961481 1.1483751148123034 124
1739557961490 1.1170439416552527 125
1739557961498 0.6192685480736317 126
1739557961506 1.2002464722151556 127
1739557961515 0.8177397201899674 128
1739557961524 1.4814297511268928 129
1739557961533 1.4239926728330352 130
1739557961541 1.1868029647604241 131
1739557961551 0.7673554550824302 132
1739557961561 1.2209950352552095 133
1739557961570 0.9370202867848568 134
1739557961579 1.039302768117166 135
1739557961587 2.4811363271222535 136
1739557961596 1.2060137256056904 137
1739557961605 0.7812236456721374 138
1739557961614 0.5530316566360511 139
1739557961623 0.7116843255601853 140
1739557961633 0.6848779963155355 141
1739557961643 0.6674475303076305 142
1739557961652 0.9331118589589689 143
1739557961663 1.0771438954037138 144
1739557961699 1.3267547481723987 145
1739557961716 0.8225240447788592 146
1739557961726 0.6391219230827072 147
1739557961735 1.6406867442208095 148
1739557961745 0.8959336403216629 149
1739557961755 0.6762262819698474 150
1739557961764 1.2703977638338046 151
1739557961774 0.6674406232264046 152
1739557961783 0.8737411471338355 153
1739557961792 1.234487523530032 154
1739557961801 1.0419063953654177 155
1739557961810 0.8601624594852817 156
1739557961819 1.1130349606745629 157
1739557961828 0.8807278428789921 158
1739557961837 0.8072254977489663 159
1739557961847 0.8333079808330514 160
1739557961856 1.1494908013928296 161
1739557961866 3.034648421939642 162
1739557961875 0.8748977018028709 163
1739557961884 1.0138921631817954 164
1739557961893 1.2301268711918403 165
1739557961902 1.1016894201071366 166
1739557961912 1.2314844285900002 167
1739557961921 0.9352436146980928 168
1739557961929 0.9951643729872999 169
1739557961938 0.8110389599945392 170
1739557961947 1.1963162730219354 171
1739557961955 0.9168757316824755 172
1739557961964 1.0437586455126013 173
1739557961973 0.7367112633941025 174
1739557961983 1.3804501487374528 175
1739557961992 0.9037069128522621 176
1739557962001 0.6267896486641336 177
1739557962009 0.5879460772426752 178
1739557962018 0.8641400212646879 179
1739557962026 0.7712244371562649 180
1739557962035 0.8033962127071107 181
1739557962043 0.9653560640939588 182
1739557962051 0.9177008562082924 183
1739557962060 0.6209237423453874 184
1739557962068 1.1763817257485518 185
1739557962077 0.8277763887551791 186
1739557962085 0.7721579534767501 187
1739557962096 0.5524393682435919 188
1739557962106 0.9535576437530966 189
1739557962114 0.7420890501443352 190
1739557962123 1.1661118327045512 191
1739557962132 1.0785300398739033 192
1739557962141 0.8821569969051765 193
1739557962150 0.7836456601651223 194
1739557962158 1.0787629237943057 195
1739557962166 0.7173688180690646 196
1739557962175 0.629253681993414 197
1739557962183 0.7001045174912718 198
1739557962192 0.7630040583159259 199
1739557962200 0.7160690672404278 200
1739557962208 1.196943445497553 201
1739557962217 2.8891911958607035 202
1739557962225 1.0356786632731054 203
1739557962234 0.9612377385400549 204
1739557962243 0.9487515625254217 205
1739557962251 1.2618258177722133 206
1739557962260 0.60753081326271 207
1739557962268 1.134299990742601 208
1739557962276 0.9179435238318021 209
1739557962285 0.6260719521147632 210
1739557962293 2.351802020190798 211
1739557962301 0.9112328010782755 212
1739557962310 0.8004405708812462 213
1739557962318 0.6543627032344393 214
1739557962326 1.1669603690920582 215
1739557962338 0.8476702137636762 216
1739557962346 1.3616370447326798 217
1739557962355 0.9900191738302554 218
1739557962363 1.061398834460064 219
1739557962377 1.086050995431299 220
1739557962388 1.0223825197419087 221
1739557962397 1.1515116358342883 222
1739557962406 0.6962197813904322 223
1739557962414 1.2458129608942305 224
1739557962423 1.0427829659938774 225
1739557962432 0.9037540771500048 226
1739557962440 0.6242793501853408 227
1739557962449 1.219468164598618 228
1739557962458 0.620785623892367 229
1739557962467 0.8128476028079578 230
1739557962475 0.6938969535314352 231
1739557962483 0.943993426383754 232
1739557962492 1.2242235716206415 233
1739557962500 0.854165060845688 234
1739557962508 0.8858002655976087 235
1739557962517 0.9954259655657972 236
1739557962525 0.777250736806187 237
1739557962534 1.3737823090747765 238
1739557962543 1.1895633188612365 239
1739557962552 1.3706988925300343 240
1739557962560 1.5536374918469877 241
1739557962569 0.7267739434731382 242
1739557962577 0.7929704292111525 243
1739557962586 0.8186866451626078 244
1739557962594 0.9769511943364446 245
1739557962603 0.6928704658703374 246
1739557962612 0.9495547823891731 247
1739557962621 0.515300063325053 248
1739557962629 0.9681887851040176 249
1739557962638 0.9910272053854253 250
1739557962646 0.8527932918008155 251
1739557962655 0.6683787583460851 252
1739557962663 1.0304812667416996 253
1739557962673 0.8188716719128749 254
1739557962681 0.9397269461951849 255
1739557962690 0.6169858513121905 256
1739557962699 1.4213941435375783 257
1739557962711 1.214339499749634 258
1739557962729 1.1134340171534747 259
1739557962739 1.138923358260613 260
1739557962748 0.959927364039286 261
1739557962758 0.7818973244943394 262
1739557962767 0.7917855182758397 263
1739557962776 1.25141353378403 264
1739557962784 1.0327912342659267 265
1739557962793 0.7717479538083047 266
1739557962801 0.7935618594307536 267
1739557962810 1.0751507188264833 268
1739557962818 0.7163183217474682 269
1739557962827 1.5135256933454218 270
1739557962835 0.5867227932552868 271
1739557962843 0.8797269507144492 272
1739557962852 0.5143090478763019 273
1739557962861 0.7584361309055783 274
1739557962869 0.9094187638340597 275
1739557962879 0.9164396988566293 276
1739557962889 0.8363499911530056 277
1739557962899 1.16056151543362 278
1739557962909 0.7585106632085966 279
1739557962919 0.6124615194744141 280
1739557962930 0.9225972259682647 281
1739557962941 0.7126195273251759 282
1739557962951 0.973709140099864 283
1739557962962 0.7149994039536259 284
1739557962973 0.7438954905430112 285
1739557962982 1.2620114795266666 286
1739557962992 0.5478627921883062 287
1739557963001 0.6303493085632265 288
1739557963010 0.785331327979283 289
1739557963021 1.0333739333572969 290
1739557963031 1.3761721577065542 291
1739557963042 0.6145851171779311 292
1739557963051 0.6915867717792096 293
1739557963060 0.5641685735471497 294
1739557963068 1.1721173703075611 295
1739557963077 0.6632752580910131 296
1739557963085 0.49390212737278066 297
1739557963094 0.49689260980520716 298
1739557963103 1.1790777547617035 299
1739557963111 0.8071444289597712 300
1739557963120 0.721854275129981 301
1739557963129 0.7863540430407702 302
1739557963137 1.2847933230665283 303
1739557963146 0.6825570264890471 304
1739557963154 0.6031672721842827 305
1739557963163 2.967369505953859 306
1739557963172 1.0167570178552878 307
1739557963180 1.346584702054428 308
1739557963189 0.745564669890454 309
1739557963197 0.8629202317734752 310
1739557963206 0.8252851155975577 311
1739557963215 0.9935373128242857 312
1739557963224 1.4967545988286486 313
1739557963232 0.6595375031876766 314
1739557963241 1.0429027985144774 315
1739557963249 1.1635537974076768 316
1739557963258 1.0546974296095313 317
1739557963267 1.0204436663464824 318
1739557963276 0.8058897131338322 319
1739557963285 0.5801125226040985 320
1739557963295 0.6913745650803109 321
1739557963304 0.780015728571459 322
1739557963314 1.2415136714688024 323
1739557963325 1.6839068573624814 324
1739557963334 1.4250011937185647 325
1739557963345 1.4516618113984523 326
1739557963356 1.145801314111342 327
1739557963365 0.9234723286201192 328
1739557963375 1.258439504247732 329
1739557963384 1.228713646767795 330
1739557963393 0.8961554013856391 331
1739557963403 0.903634553431894 332
1739557963415 0.5155103593105324 333
1739557963427 0.8108434260845208 334
1739557963436 0.7028388128105227 335
1739557963446 0.9238139793214468 336
1739557963457 0.9929456391217056 337
1739557963471 1.2689059064572883 338
1739557963481 1.5064201513113924 339
1739557963489 0.8796464139592177 340
1739557963498 0.7922809339135499 341
1739557963506 1.1521675137188563 342
1739557963515 0.666461313113068 343
1739557963524 1.0236308829035743 344
1739557963534 0.8309337525981134 345
1739557963543 0.9014882569858682 346
1739557963552 0.7597991477302216 347
1739557963560 0.798422849106675 348
1739557963569 1.1278302954170165 349
1739557963578 0.6468290825527457 350
1739557963586 1.1413587095837057 351
1739557963595 0.6919866045499443 352
1739557963604 0.8829960952677615 353
1739557963613 0.9755765801774163 354
1739557963622 0.8032184652993012 355
1739557963632 0.509852412925637 356
1739557963640 0.6484372098777238 357
1739557963649 1.0146823709133077 358
1739557963658 0.906945376757647 359
1739557963668 0.613635809813953 360
1739557963678 0.5497475151508621 361
1739557963688 0.928280317207744 362
1739557963697 2.7343942067539224 363
1739557963707 0.7296208343284469 364
1739557963717 0.7354192449233143 365
1739557963727 1.0863336895065183 366
1739557963735 1.1040092957534922 367
1739557963744 0.7436272318262551 368
1739557963753 1.15689685767442 369
1739557963761 0.9642991131002556 370
1739557963770 0.7536320172600253 371
1739557963778 1.1187810410189183 372
1739557963787 1.3391465344407303 373
1739557963796 0.7597674335237403 374
1739557963804 0.847084100385728 375
1739557963812 0.5033333434540188 376
1739557963821 1.1819699917968172 377
1739557963829 0.7130328790311765 378
1739557963838 0.6649268123953417 379
1739557963846 0.8586235045483196 380
1739557963855 0.7547527429228397 381
1739557963863 0.8954673785230464 382
1739557963871 0.9337846962711482 383
1739557963880 0.7126966107338479 384
1739557963888 1.281572647936142 385
1739557963897 1.1670520518766332 386
1739557963905 0.7413655500403032 387
1739557963914 1.3454321782682348 388
1739557963923 0.800416015723174 389
1739557963932 1.4038309155568824 390
1739557963941 0.6308268944606312 391
1739557963949 1.1499414238751313 392
1739557963958 1.441274790437004 393
1739557963967 1.979837643620499 394
1739557963975 1.5847027356380112 395
1739557963983 1.3499453214480563 396
1739557963992 1.214809695558547 397
1739557964000 0.8878821915398523 398
1739557964009 1.322096147761605 399
1739557964017 0.550880151316403 400
1739557964026 1.0897857071163066 401
1739557964035 0.7843319403221493 402
1739557964044 0.7945823692742132 403
1739557964053 1.316374075846582 404
1739557964062 1.4162352361021344 405
1739557964071 0.9759603959720959 406
1739557964081 0.6875889869662526 407
1739557964091 0.7277983078641764 408
1739557964101 0.8798623746982898 409
1739557964109 0.9025297932989449 410
1739557964118 0.49880656122309264 411
1739557964126 0.996320831533889 412
1739557964135 0.525837000978723 413
1739557964143 0.7432456070272311 414
1739557964152 1.0684929409915933 415
1739557964160 0.6421636894889443 416
1739557964169 0.685225914148144 417
1739557964177 1.0788611214253085 418
1739557964185 0.7637073084981705 419
1739557964194 0.6554198567733369 420
1739557964203 1.1816230336862759 421
1739557964212 1.3941943060973963 422
1739557964221 1.2032580332133695 423
1739557964230 1.0754903444399762 424
1739557964238 1.248186607688342 425
1739557964247 1.503597514177909 426
1739557964255 0.6265971072283225 427
1739557964264 1.0417551590320853 428
1739557964272 0.908920066828735 429
1739557964281 0.736421189302843 430
1739557964290 1.0359953169572738 431
1739557964298 0.9340505348516723 432
1739557964307 0.6515265791057053 433
1739557964315 0.7789343764117477 434
1739557964324 0.4846859196004127 435
1739557964332 0.6551947861369806 436
1739557964341 0.9025109147496025 437
1739557964349 0.7565316619879069 438
1739557964357 1.3054248111522595 439
1739557964366 0.9866475683164901 440
1739557964374 0.6696212285581806 441
1739557964383 0.9074895496717403 442
1739557964391 0.7378846301550827 443
1739557964399 0.9842074970580464 444
1739557964408 0.9650162120516275 445
1739557964417 0.7614367224750377 446
1739557964425 0.7251080045428508 447
1739557964433 0.707402066034825 448
1739557964442 1.0062042787249066 449
1739557964450 0.4927131940210195 450
1739557964458 0.6364516345867187 451
1739557964470 0.877156749195529 452
1739557964479 0.8566952232928912 453
1739557964487 0.8481812543574258 454
1739557964496 0.9616217036424636 455
1739557964504 0.6836930382955867 456
1739557964517 0.9728062774660873 457
1739557964528 0.722867936759435 458
1739557964539 1.0897317901758399 459
1739557964548 0.7957279043330928 460
1739557964557 0.5527032772794105 461
1739557964566 0.7894667628036961 462
1739557964575 0.8234007704966385 463
1739557964583 2.3687681532861857 464
1739557964592 0.7637705985108307 465
1739557964600 1.3346438679665993 466
1739557964610 0.5670293157506016 467
1739557964619 0.5954224908808985 468
1739557964627 0.8026911170661278 469
1739557964635 1.2162586690525965 470
1739557964644 0.8160377586576607 471
1739557964652 0.8705768544732312 472
1739557964661 1.1931012926263351 473
1739557964669 0.8202129683385667 474
1739557964678 1.385081463985529 475
1739557964686 1.2759378498381133 476
1739557964695 1.4629528472174949 477
1739557964703 0.8477761971102737 478
1739557964712 0.7931995404138629 479
1739557964721 1.0101987386077351 480
1739557964729 0.8460174359896417 481
1739557964737 1.1268037779739515 482
1739557964746 1.1476173199432338 483
1739557964754 0.9440558987609132 484
1739557964762 0.5171524253265812 485
1739557964771 0.7521514186054324 486
1739557964779 1.2351921790259495 487
1739557964788 0.747379529878517 488
1739557964796 0.8383498486158042 489
1739557964805 1.1970048352220102 490
1739557964813 0.923509059689822 491
1739557964822 0.5664442067905976 492
1739557964830 0.905929211119432 493
1739557964838 0.7315100752904296 494
1739557964846 0.85472627144457 495
1739557964855 0.5767434161369485 496
1739557964863 1.1847298323905675 497
1739557964872 1.012085229381564 498
1739557964880 0.535082036745491 499
