1739557810167 169.21769860368667 0
1739557810176 171.46855668529233 1
1739557810186 176.7317282431961 2
1739557810195 168.6043371470052 3
1739557810204 163.9384145534869 4
1739557810212 162.64772703253817 5
1739557810220 170.01280517631926 6
1739557810229 165.87785096713029 7
1739557810237 167.61964980477697 8
1739557810245 165.85275438246634 9
1739557810254 160.61426521323682 10
1739557810262 166.29700630608096 11
1739557810270 164.16246403801577 12
1739557810278 160.01429908643004 13
1739557810286 163.1577473997927 14
1739557810295 155.35885835348535 15
1739557810303 160.86803452852433 16
1739557810312 155.684475728267 17
1739557810320 157.82921359527313 18
1739557810329 160.83551455235573 19
1739557810337 158.82986549562864 20
1739557810345 153.73882975684447 21
1739557810362 160.91994624860143 22
1739557810370 162.21005374450343 23
1739557810379 155.19813786325264 24
1739557810387 155.73056704418423 25
1739557810395 154.67620638719842 26
1739557810403 154.96885810431132 27
1739557810411 156.12501945557875 28
1739557810419 157.62764115972578 29
1739557810428 158.18137215756698 30
1739557810436 156.1110333085465 31
1739557810444 156.86307496641 32
1739557810453 151.83966231470663 33
1739557810461 149.756605740563 34
1739557810469 149.5183488165977 35
1739557810477 151.29054403368443 36
1739557810486 150.4111151691855 37
1739557810494 149.3125059328811 38
1739557810502 144.04695319152523 39
1739557810511 148.7438711317558 40
1739557810519 147.12058387578853 41
1739557810528 155.637050116107 42
1739557810536 145.81553701147428 43
1739557810544 152.78236152139462 44
1739557810553 147.10720216683336 45
1739557810561 147.2022502792296 46
1739557810570 143.71340541880548 47
1739557810578 145.64784862247936 48
1739557810586 145.93387364896003 49
1739557810595 146.02714760963866 50
1739557810603 147.1901434361412 51
1739557810611 145.63207912232573 52
1739557810619 144.58813526738749 53
1739557810628 141.17270575372453 54
1739557810636 143.3168463237994 55
1739557810644 144.5103754149071 56
1739557810653 144.864488921952 57
1739557810661 143.10105063169917 58
1739557810670 145.34122052824497 59
1739557810679 143.25250876206238 60
1739557810687 139.42175612012176 61
1739557810695 142.72177996051101 62
1739557810703 137.3276000278036 63
1739557810713 139.9542535263221 64
1739557810721 138.66855675498823 65
1739557810729 138.0393992116138 66
1739557810738 135.9792137429171 67
1739557810746 135.5262137406737 68
1739557810754 135.24005803840527 69
1739557810762 136.52569116050367 70
1739557810771 135.04570176201304 71
1739557810779 137.0175748672697 72
1739557810787 136.38257358832664 73
1739557810798 135.67734121025555 74
1739557810806 136.0877889372753 75
1739557810814 134.4257075688572 76
1739557810823 134.8249083473691 77
1739557810831 133.62600487381633 78
1739557810841 136.09214259570314 79
1739557810851 135.18809459546793 80
1739557810859 136.42441694216822 81
1739557810868 131.90234220497155 82
1739557810877 132.76834550507098 83
1739557810885 131.04379938658064 84
1739557810893 132.72165094365812 85
1739557810902 130.87898510697704 86
1739557810910 129.12753640289884 87
1739557810918 133.60931971099427 88
1739557810926 130.66134384718532 89
1739557810935 131.24928570045756 90
1739557810943 131.8229347922596 91
1739557810952 129.7669335333292 92
1739557810960 129.73947482229877 93
1739557810969 129.63706879516704 94
1739557810977 127.12963068145946 95
1739557810985 127.7496290934089 96
1739557810994 125.18529261831246 97
1739557811002 126.92404586232418 98
1739557811010 126.89207811597562 99
1739557811019 125.9420942388478 100
1739557811028 119.91412523019912 101
1739557811036 128.0594251981483 102
1739557811044 122.61591269882123 103
1739557811053 123.74622267753132 104
1739557811061 124.95283810853127 105
1739557811070 124.82993283929345 106
1739557811078 125.50210939855273 107
1739557811086 121.63416131426024 108
1739557811095 121.91848945697191 109
1739557811103 123.71326488169261 110
1739557811112 124.29861474485537 111
1739557811120 125.0920438277031 112
1739557811128 118.54633669629388 113
1739557811136 124.00428177561712 114
1739557811146 125.89235916131156 115
1739557811154 120.33651399921176 116
1739557811163 119.62992913300286 117
1739557811171 120.53035988926807 118
1739557811180 124.96486820423291 119
1739557811188 117.93191725524981 120
1739557811196 117.44838046272632 121
1739557811205 118.51883213075372 122
1739557811214 118.35948792368924 123
1739557811222 119.23024728664049 124
1739557811230 118.73446888482513 125
1739557811239 117.3072787882228 126
1739557811247 117.66017266186861 127
1739557811255 117.04151567231645 128
1739557811263 117.43036868927764 129
1739557811272 113.42442008465474 130
1739557811280 116.24667821389599 131
1739557811288 117.38076547631738 132
1739557811296 115.46696209771726 133
1739557811305 113.64107953809355 134
1739557811313 114.87552077045054 135
1739557811322 112.84279472698987 136
1739557811330 114.64645307111662 137
1739557811338 112.33574500795814 138
1739557811347 112.63379810938426 139
1739557811355 113.38300764384385 140
1739557811363 113.59436697098029 141
1739557811372 114.88107953031799 142
1739557811381 113.6796509862892 143
1739557811389 109.18100809913236 144
1739557811398 112.1418926645318 145
1739557811407 112.18617596256829 146
1739557811415 117.39041313408026 147
1739557811423 108.21202094699231 148
1739557811432 113.10429131761211 149
1739557811440 110.21868655276951 150
1739557811448 109.37051055032356 151
1739557811456 112.20455186104675 152
1739557811465 111.60180914534567 153
1739557811473 104.98201223011586 154
1739557811482 106.88247553890086 155
1739557811490 106.56668851489896 156
1739557811499 110.88783134157892 157
1739557811507 108.12596765938288 158
1739557811515 105.94514446513665 159
1739557811523 110.25588788563815 160
1739557811532 106.87900828835575 161
1739557811540 105.79800191954173 162
1739557811548 106.29130557905918 163
1739557811556 105.38614092976398 164
1739557811565 105.41811071618328 165
1739557811573 103.37104228251076 166
1739557811581 106.94698805586408 167
1739557811590 103.03024313204753 168
1739557811598 103.06935831433542 169
1739557811606 101.70603672966081 170
1739557811615 106.66280523032259 171
1739557811623 105.63071606425385 172
1739557811643 103.61764166212443 173
1739557811652 98.51538324783128 174
1739557811661 103.26158064625922 175
1739557811694 102.37133262186657 176
1739557811709 95.84579595735491 177
1739557811718 100.10076600961241 178
1739557811726 99.29805752710868 179
1739557811735 100.84495081765503 180
1739557811743 97.62937615272843 181
1739557811751 104.7757675945195 182
1739557811759 102.89406345718669 183
1739557811768 102.40905183254876 184
1739557811776 99.66672749470209 185
1739557811784 102.40173327285163 186
1739557811799 98.84464008685059 187
1739557811808 95.32364599529274 188
1739557811816 97.6819680259247 189
1739557811825 97.00259834271203 190
1739557811833 100.23336718800515 191
1739557811841 96.51724984185097 192
1739557811850 100.43825492967562 193
1739557811858 101.89143544729885 194
1739557811866 94.71008161902714 195
1739557811874 98.033184463968 196
1739557811883 96.71244132463649 197
1739557811891 93.93917794561554 198
1739557811899 98.12842625120174 199
1739557811907 97.1415570496404 200
1739557811916 94.8337981108145 201
1739557811924 94.2286900211148 202
1739557811932 97.04461641327589 203
1739557811941 95.65274742973946 204
1739557811949 90.37605308694052 205
1739557811957 94.7674127022406 206
1739557811966 92.35762791269322 207
1739557811974 91.81722791817725 208
1739557811982 94.48484742000994 209
1739557811990 92.235680159816 210
1739557811999 89.35375389704754 211
1739557812007 92.0468747609762 212
1739557812015 92.21276793047592 213
1739557812023 93.34579037249877 214
1739557812031 90.89228966607153 215
1739557812040 87.98550445324854 216
1739557812048 94.75767586640409 217
1739557812056 92.48903687649823 218
1739557812064 91.5382069093155 219
1739557812072 95.53828610842326 220
1739557812081 89.04904785781665 221
1739557812089 89.66093166227989 222
1739557812098 90.50867553738595 223
1739557812107 86.54114483627286 224
1739557812116 89.82898510660316 225
1739557812124 88.67855173541224 226
1739557812132 87.67727369556926 227
1739557812141 85.31544647159414 228
1739557812149 86.1848992836527 229
1739557812158 86.80805461428578 230
1739557812167 83.8718425289896 231
1739557812175 86.64536889724762 232
1739557812183 87.03725145116832 233
1739557812191 89.27596325398412 234
1739557812200 84.94532674057254 235
1739557812208 82.26005939551787 236
1739557812216 82.54215804337407 237
1739557812224 83.66815665064453 238
1739557812233 84.39185883305744 239
1739557812242 81.78973957339696 240
1739557812250 82.74836622323488 241
1739557812258 88.97414100159263 242
1739557812266 84.02757845670246 243
1739557812274 79.98982938772663 244
1739557812283 78.45477502084375 245
1739557812291 87.28883332790384 246
1739557812299 81.76299218298769 247
1739557812307 83.61490679810049 248
1739557812315 83.356009371875 249
1739557812323 83.0907924887516 250
1739557812331 86.98074407631927 251
1739557812340 81.47596140596826 252
1739557812348 78.56278684315335 253
1739557812357 80.77361853210562 254
1739557812365 85.98889716229836 255
1739557812374 82.20025927506681 256
1739557812382 80.62238519216112 257
1739557812391 83.3650928331293 258
1739557812399 86.31206277399282 259
1739557812408 79.69796740490271 260
1739557812416 79.3434521687323 261
1739557812424 83.75714669648039 262
1739557812432 78.04949790329246 263
1739557812441 78.26761473435171 264
1739557812449 82.12602530354245 265
1739557812458 80.60323353301388 266
1739557812466 77.24903645346593 267
1739557812475 77.14246070311522 268
1739557812483 81.6869055786237 269
1739557812492 78.58334856602744 270
1739557812500 82.15719956058545 271
1739557812509 77.7571659271847 272
1739557812517 77.8936093043859 273
1739557812525 82.46127018549618 274
1739557812533 79.75135679466051 275
1739557812542 79.96318617373962 276
1739557812550 75.32067628959692 277
1739557812558 74.79763354918256 278
1739557812566 73.9595598109711 279
1739557812574 75.35126650062475 280
1739557812583 75.81052015595415 281
1739557812591 83.54424379630525 282
1739557812599 75.50463888151926 283
1739557812608 80.78200655149321 284
1739557812616 78.80234968781883 285
1739557812624 78.1966629684947 286
1739557812632 73.99137645246468 287
1739557812640 73.83487774492015 288
1739557812649 75.65772196237103 289
1739557812657 74.55689026411585 290
1739557812665 77.50078022297272 291
1739557812673 71.54849338702958 292
1739557812682 73.1534537370171 293
1739557812690 72.92178129252848 294
1739557812699 79.33714647729171 295
1739557812707 71.08660206435965 296
1739557812715 72.56570333186605 297
1739557812724 75.8345362635746 298
1739557812733 76.47737962939458 299
1739557812741 70.90661694110618 300
1739557812750 71.16719185820901 301
1739557812758 74.38625457749856 302
1739557812766 72.96891182108484 303
1739557812774 68.76038256636564 304
1739557812783 73.83130410000528 305
1739557812791 71.27102687386899 306
1739557812805 72.61638898787274 307
1739557812813 76.89818565275316 308
1739557812821 67.81794666324944 309
1739557812830 76.2977126889193 310
1739557812838 73.56425770590411 311
1739557812846 73.82475769255167 312
1739557812854 72.27764412328898 313
1739557812863 72.43552272049014 314
1739557812871 69.88293726235429 315
1739557812879 70.75592895641753 316
1739557812887 67.90393967152745 317
1739557812896 70.37537468720987 318
1739557812904 64.91721000066492 319
1739557812912 73.39400274667628 320
1739557812920 72.01770646543292 321
1739557812929 64.00748508262922 322
1739557812937 68.05034859760681 323
1739557812945 68.00120517204901 324
1739557812954 70.008073001605 325
1739557812965 70.54816936033656 326
1739557812974 70.47290587458808 327
1739557812983 66.72277527180158 328
1739557812992 64.6471880713862 329
1739557813000 68.02184447461738 330
1739557813008 64.46775029895187 331
1739557813017 64.01857777725539 332
1739557813025 64.036602117343 333
1739557813033 65.32761418846617 334
1739557813041 70.0504679981985 335
1739557813050 68.55916466464448 336
1739557813058 69.01066874244421 337
1739557813066 67.01249251629694 338
1739557813075 64.64022352430344 339
1739557813083 60.52539638984689 340
1739557813092 62.204107537208124 341
1739557813100 64.59119625794874 342
1739557813108 61.77091436196371 343
1739557813116 67.5952482448084 344
1739557813125 61.752108485148966 345
1739557813133 66.77595587047301 346
1739557813141 59.62199037779684 347
1739557813149 65.50382048723841 348
1739557813157 64.60567438935863 349
1739557813166 63.452706344787565 350
1739557813174 59.99395247379785 351
1739557813182 65.75962277457661 352
1739557813190 59.62055328011873 353
1739557813198 68.1157283142294 354
1739557813207 60.79307987246107 355
1739557813215 69.74316418395621 356
1739557813223 60.72996984504021 357
1739557813231 63.343073580844546 358
1739557813240 71.39016773507778 359
1739557813248 66.75908394708408 360
1739557813256 60.26523655588027 361
1739557813265 61.11960822881406 362
1739557813273 66.95730553343256 363
1739557813282 64.4579643490628 364
1739557813290 58.008816542684265 365
1739557813298 60.60627605590503 366
1739557813306 58.136286410602736 367
1739557813314 56.74299232904804 368
1739557813322 62.13381460275186 369
1739557813331 60.61848504514033 370
1739557813339 64.40209386893287 371
1739557813347 56.946558326092955 372
1739557813355 62.36994832796699 373
1739557813364 56.08739787498633 374
1739557813372 63.27932646672878 375
1739557813380 56.379915460813116 376
1739557813388 62.85051058404063 377
1739557813396 58.2189608450804 378
1739557813405 60.34438273524345 379
1739557813413 56.189950149041174 380
1739557813421 59.84107807566183 381
1739557813430 57.339814050788334 382
1739557813438 54.42798766291385 383
1739557813446 57.94207007732795 384
1739557813455 59.03370416678172 385
1739557813463 58.829698562041806 386
1739557813471 57.13551585246387 387
1739557813479 57.26973923706234 388
1739557813487 64.78055404712526 389
1739557813496 60.66125283992401 390
1739557813504 57.72991967217108 391
1739557813513 59.90575880560186 392
1739557813521 57.977109848710036 393
1739557813530 57.35526226073996 394
1739557813538 60.01655727586793 395
1739557813546 55.2440677114172 396
1739557813554 54.489602675754995 397
1739557813563 52.37029008302293 398
1739557813571 55.69658054818446 399
1739557813579 54.266247829812976 400
1739557813588 55.06308303523373 401
1739557813596 54.131618726920486 402
1739557813604 57.047994987706026 403
1739557813612 52.97004740733195 404
1739557813620 50.24757909215533 405
1739557813629 55.71507116451226 406
1739557813637 53.94501898877218 407
1739557813646 60.81459878857084 408
1739557813654 49.59101764660158 409
1739557813663 56.08309685797434 410
1739557813671 49.807835448526696 411
1739557813679 53.98722603401584 412
1739557813687 52.759390071991675 413
1739557813696 53.55623225153835 414
1739557813704 50.25962599199556 415
1739557813712 59.30276738566881 416
1739557813720 54.73778859685127 417
1739557813729 57.41509581354997 418
1739557813737 54.04321682613006 419
1739557813746 50.870941958998735 420
1739557813754 55.57840732272421 421
1739557813762 49.99084549831246 422
1739557813770 48.15150828380871 423
1739557813778 51.993102931265014 424
1739557813787 55.911714074837896 425
1739557813795 52.61544399252959 426
1739557813803 48.5255733743728 427
1739557813816 56.259331341735866 428
1739557813824 55.010876947533845 429
1739557813832 56.31026146026547 430
1739557813840 51.11440991242139 431
1739557813849 50.369072217841165 432
1739557813857 53.215559154518715 433
1739557813865 47.29802708600826 434
1739557813873 49.000728194572154 435
1739557813881 48.20404283631085 436
1739557813890 52.26072336235191 437
1739557813898 54.86534790442048 438
1739557813906 55.902329171413236 439
1739557813914 49.09292957263329 440
1739557813922 54.890091181236606 441
1739557813931 51.22712732015384 442
1739557813939 49.246255256364066 443
1739557813947 56.14951541605054 444
1739557813955 51.54959485702499 445
1739557813963 48.54591210387752 446
1739557813972 50.110938707689286 447
1739557813980 48.68783550716749 448
1739557813988 51.06107700543314 449
1739557813996 47.50930121288547 450
1739557814005 55.6197758211791 451
1739557814013 46.731939067854285 452
1739557814021 48.9662064716059 453
1739557814030 52.84037529639424 454
1739557814039 52.51660444086449 455
1739557814047 49.68385335428975 456
1739557814055 49.506786369856215 457
1739557814064 48.26103789154881 458
1739557814072 52.247617557009214 459
1739557814080 45.133695761344654 460
1739557814088 46.6679415994707 461
1739557814097 50.277315527200514 462
1739557814105 51.27137007222409 463
1739557814113 50.7996909894145 464
1739557814121 47.20097847765331 465
1739557814129 51.11998023207422 466
1739557814138 50.60999442631672 467
1739557814146 40.2712020187744 468
1739557814154 49.853689842489736 469
1739557814162 45.09750998854634 470
1739557814170 48.40443629528737 471
1739557814179 48.04800676897669 472
1739557814187 43.55050902670355 473
1739557814195 48.57997270095479 474
1739557814204 52.863298479065804 475
1739557814212 47.712770030977055 476
1739557814221 44.681012616738315 477
1739557814229 43.91978428780883 478
1739557814238 51.61924139892859 479
1739557814246 45.682058874431604 480
1739557814255 50.24199563077923 481
1739557814263 45.421976145507166 482
1739557814271 40.54474332909463 483
1739557814279 46.63245769617707 484
1739557814287 41.761692411987774 485
1739557814296 47.76652378279408 486
1739557814304 41.99101987104414 487
1739557814312 47.07106849012435 488
1739557814321 46.54895869955431 489
1739557814329 45.27052366751663 490
1739557814338 42.02455039135085 491
1739557814346 41.94498806927728 492
1739557814354 44.6233281149599 493
1739557814362 44.055809692795854 494
1739557814371 45.43504751369263 495
1739557814379 46.667937273254765 496
1739557814387 47.76959919067948 497
1739557814395 46.54011850462095 498
1739557814403 42.80332480844933 499
