1739615271271 89.71685488614017 0
1739615271321 33.76191489828638 1
1739615271362 23.40664232791423 2
1739615271404 8.301630119985866 3
1739615271445 2.6873881694375266 4
1739615271486 6.626899795656453 5
1739615271527 2.9424083706946624 6
1739615271567 0.24066864439502847 7
1739615271608 2.0361719741214204 8
1739615271649 0.035110330733214824 9
1739615271693 0.8634665390736453 10
1739615271734 1.3425048077520152 11
1739615271774 0.6979390038498016 12
1739615271815 2.3274055094337607 13
1739615271854 1.811053665307017 14
1739615271895 7.0284798582002805 15
1739615271935 0.577053147190798 16
1739615271976 0.5443581552214686 17
1739615272017 0.9125426715020337 18
1739615272060 0.3940779435014423 19
1739615272101 2.4812263037413405 20
1739615272142 0.30612955086687105 21
1739615272183 0.9125885533455356 22
1739615272232 0.5374376554514801 23
1739615272273 1.3444468789904838 24
1739615272314 0.003028245389433188 25
1739615272355 0.003672477011869408 26
1739615272396 0.0035214103933731956 27
1739615272438 0.3377381890999154 28
1739615272480 1.191800424907976 29
1739615272520 4.144239617874701 30
1739615272561 0.0023631574794344017 31
1739615272601 0.27124847188537105 32
1739615272641 0.005595391510926101 33
1739615272683 0.006472324756110318 34
1739615272722 0.48194748373007573 35
1739615272763 1.8283782122736163 36
1739615272804 2.0197110183640534 37
1739615272847 1.1119490375093548 38
1739615272887 3.478043467208361 39
1739615272929 1.240655846143903 40
1739615272970 0.30183972835122314 41
1739615273010 28.422518363194907 42
1739615273051 0.4053659011349774 43
1739615273093 0.010325083639938353 44
1739615273159 1.2383261001747827 45
1739615273220 0.3634962006868165 46
1739615273272 0.3240944090089204 47
1739615273313 3.26838733499801 48
1739615273352 0.7252374551009846 49
1739615273393 0.2656344018236409 50
1739615273432 0.6871870898239189 51
1739615273472 0.10500421747341974 52
1739615273514 3.144308718999242 53
1739615273555 0.16248208843971157 54
1739615273596 1.2037136013141407 55
1739615273637 0.002992523763543518 56
1739615273677 3.2271874924310757 57
1739615273717 6.40070838702311 58
1739615273759 0.0023201561142074546 59
1739615273799 0.5154855902872423 60
1739615273839 0.29357765205951086 61
1739615273880 0.6055112004595131 62
1739615273921 0.04018003993738868 63
1739615273963 0.2363478001659598 64
1739615274003 1.4161543661157494 65
1739615274045 1.7967461776022784 66
1739615274092 3.5235644876004666 67
1739615274132 1.5151265403206813 68
1739615274175 0.010447534214853466 69
1739615274215 0.13156223176645762 70
1739615274256 0.0010729537952183634 71
1739615274298 2.9490180594905366 72
1739615274338 0.7718064578466894 73
1739615274379 1.00397323445224 74
1739615274420 0.00561292637236207 75
1739615274460 0.0941358465316618 76
1739615274500 2.0436247264008722 77
1739615274542 0.06490222392713572 78
1739615274584 2.5125596069980998 79
1739615274627 2.758565880389931 80
1739615274669 1.2544594318169657 81
1739615274712 0.02809384979324822 82
1739615274752 0.8542655032415636 83
1739615274793 0.8973803140829439 84
