1739554295910 84.45389623994117 0
1739554295944 38.4964365157023 1
1739554295978 21.46560556594374 2
1739554296010 7.339280833966372 3
1739554296044 7.4395785482813785 4
1739554296077 14.480155529340681 5
1739554296121 1.9372059749766046 6
1739554296168 0.1341238075193957 7
1739554296201 0.0228526031376913 8
1739554296233 1.81424671130628 9
1739554296266 2.3158177339380015 10
1739554296300 1.270148537320555 11
1739554296333 0.18790385976222895 12
1739554296366 0.5245640306882944 13
1739554296399 1.985239449349122 14
1739554296432 0.9985598425422477 15
1739554296466 2.5198656958381127 16
1739554296499 0.10103809349687548 17
1739554296532 0.33390198400965143 18
1739554296565 0.27514421062420824 19
1739554296622 0.8815771178586803 20
1739554296655 0.10024156022837351 21
1739554296688 0.06084331181601312 22
1739554296721 0.012650170876048255 23
1739554296754 0.02225741686324687 24
1739554296786 0.3720868330302471 25
1739554296819 0.07863810512402805 26
1739554296851 0.2317532429549194 27
1739554296883 0.20837390803290337 28
1739554296916 0.09155211526435991 29
1739554296949 3.9111490770809736 30
1739554296982 0.0019376182602357933 31
1739554297015 1.2183753789533327 32
1739554297047 2.9800815137125727 33
1739554297080 0.0008463869402616915 34
1739554297113 2.2811154174956174 35
1739554297146 0.5603628840472069 36
1739554297179 0.39325521605537067 37
1739554297212 0.07621428864016294 38
1739554297244 0.12109019775758517 39
1739554297277 0.2857279914547767 40
1739554297310 0.06658652526659753 41
1739554297343 2.097504440026684 42
1739554297377 1.7903322887675233 43
1739554297410 0.2577859351248655 44
1739554297443 0.017639175305033453 45
1739554297475 0.21677150510634255 46
1739554297508 0.19007883106090692 47
1739554297540 0.07372820240096645 48
1739554297573 0.3248893939141071 49
1739554297605 1.1645826716567975 50
1739554297638 0.0448109732711745 51
1739554297670 0.6819122951768167 52
1739554297703 0.15371498824796495 53
1739554297735 0.0004208032599639894 54
1739554297768 0.7715491297522862 55
1739554297800 9.89506752744014 56
1739554297833 1.4240039267073814 57
1739554297866 0.040640059760115144 58
1739554297898 0.052584957061622355 59
1739554297931 0.016230817244084414 60
1739554297964 0.012053032050642206 61
1739554297996 1.4199979956565092 62
1739554298029 0.019525387432916493 63
1739554298061 0.08979199217463744 64
1739554298094 1.4083185131379121 65
1739554298126 0.006050450685867994 66
1739554298159 0.6897488029640757 67
1739554298191 6.722406247094943 68
1739554298224 0.040534595863739836 69
1739554298257 0.3957418843070419 70
1739554298289 0.8426372712129909 71
1739554298322 0.5772247271360766 72
1739554298354 1.0169162384935813 73
1739554298386 0.49621145469982286 74
1739554298419 2.038210421235123 75
1739554298453 0.39660316188146477 76
1739554298485 0.4702781454579989 77
1739554298518 0.16892491831154077 78
1739554298551 0.012978376439624371 79
1739554298583 0.03261267664094092 80
1739554298618 2.751061869214338 81
1739554298650 0.26972560669780465 82
1739554298683 0.10386065322619988 83
1739554298715 3.4310029395434407 84
1739554298748 0.00022117229220375317 85
1739554298781 0.08493067932420872 86
1739554298814 0.7888916307269026 87
1739554298847 1.1555643746833866 88
1739554298880 0.6371785368585097 89
1739554298913 0.37696326931356583 90
1739554298946 3.993064335941607 91
1739554298978 0.12829108929118924 92
1739554299011 0.012982746609277632 93
1739554299044 0.24656311581430115 94
1739554299076 0.196486940287741 95
1739554299108 0.005429052500750398 96
1739554299141 0.20498986931074936 97
1739554299173 0.04038926781760829 98
1739554299206 0.008774146146174184 99
1739554299238 2.9855189384496295 100
1739554299270 0.12003202339604083 101
1739554299303 0.07024450915493674 102
1739554299335 0.5537924622710984 103
1739554299368 0.3265326300988574 104
1739554299400 0.2462465499168743 105
1739554299433 0.40121896630255277 106
1739554299466 0.3829755755025247 107
1739554299498 0.6400722537914844 108
1739554299531 0.30116151162459637 109
1739554299564 0.01165351997509942 110
1739554299597 0.5679760513489922 111
1739554299629 2.4732529128206586 112
1739554299663 0.09869559720078894 113
1739554299695 0.27291260396526273 114
1739554299728 1.5870057195373908 115
1739554299761 0.014368149912656763 116
1739554299793 0.14963851578623352 117
1739554299825 0.3543750993286954 118
1739554299859 0.16943015175896164 119
1739554299892 3.7054245700706545 120
1739554299925 0.13531749624931433 121
1739554299957 5.4152904748745625 122
1739554299990 0.024857131158290066 123
1739554300022 0.29556098468451697 124
1739554300055 0.5918722626554257 125
1739554300088 0.02115442770829373 126
1739554300120 0.13199948967790298 127
1739554300152 3.5550401201903647 128
1739554300185 2.262853026047902 129
1739554300217 2.5909570937581083 130
1739554300250 0.8977152695801038 131
1739554300282 0.9894094795327054 132
1739554300315 0.8062876148661667 133
1739554300348 0.398706393364014 134
1739554300381 3.8897099548504506 135
1739554300414 0.18193779636602722 136
1739554300446 0.39215012664215504 137
1739554300479 6.217365367180017 138
1739554300511 0.00011051448093642364 139
1739554300544 0.021830381573722118 140
1739554300578 4.071788338452578 141
1739554300611 0.1918277337415075 142
1739554300643 0.268086938819101 143
1739554300676 1.9003819913645004 144
1739554300709 0.5622637230511914 145
1739554300742 0.00239457830803263 146
1739554300775 0.9170670990552082 147
1739554300807 0.26585677639256144 148
1739554300840 2.3410112761535737 149
1739554300873 0.4665855671154361 150
1739554300906 0.5149052026529994 151
1739554300938 0.5848208338235215 152
1739554300971 0.9408283936019722 153
1739554301003 0.019535196407600576 154
1739554301035 0.062135358339575536 155
1739554301068 0.4491311412517055 156
1739554301100 0.2550708032035924 157
1739554301133 0.019155240392006112 158
1739554301166 0.8578754470185821 159
1739554301198 1.7715241960176946 160
1739554301231 0.15908438162527141 161
1739554301264 0.035550025376190446 162
1739554301296 0.5644338496507012 163
1739554301329 0.07377940860454738 164
1739554301362 0.2032682337668034 165
1739554301395 0.008177044487146417 166
1739554301427 0.9204837586270662 167
1739554301459 0.7528949644489733 168
1739554301493 1.1144492844434124 169
1739554301525 0.07190746306260168 170
1739554301558 0.7738883601075053 171
1739554301590 8.98746808541896 172
1739554301623 0.647840258663383 173
1739554301655 7.469523993750663 174
1739554301688 0.4263192585409202 175
1739554301720 2.204085411767951 176
1739554301753 0.3273358055809885 177
1739554301785 0.011349724139686442 178
1739554301817 1.284136194948109 179
1739554301850 0.11522915704276593 180
1739554301883 1.1164065244754193 181
1739554301916 0.6481901506442547 182
1739554301948 0.047470397198982404 183
1739554301981 0.4767633301993146 184
1739554302014 0.034172308042982796 185
1739554302046 0.07529416063505184 186
1739554302079 1.3880931701040329 187
1739554302112 0.5914112536325207 188
1739554302144 0.0537945233723262 189
1739554302176 0.0055262404245546475 190
1739554302209 0.013825032762466471 191
1739554302241 2.083277266894038 192
1739554302274 0.6195091045917633 193
1739554302307 0.32966148259944217 194
1739554302339 0.10447813557892237 195
1739554302372 0.25631049164519193 196
1739554302405 1.0358884593175108 197
1739554302437 0.1593885564981 198
1739554302469 1.1156853301033955 199
1739554302502 0.5503671894508951 200
1739554302534 0.6048618622919825 201
1739554302566 0.11964646959365303 202
1739554302599 0.2630276433828381 203
1739554302631 1.9225551352420593 204
1739554302665 0.2219308793126151 205
1739554302700 0.31178459481577736 206
1739554302732 0.2283497381440751 207
1739554302765 1.4292856301849646 208
1739554302798 0.0026971005773371924 209
1739554302831 1.1433684817993153 210
1739554302864 0.057841283396895295 211
1739554302897 0.02982735612917238 212
1739554302930 0.29299010322564406 213
1739554302963 4.1152732691650495 214
1739554302996 0.09643936173513684 215
1739554303029 0.41501572823018745 216
1739554303061 0.011118796438748748 217
1739554303093 0.025231551996664808 218
1739554303126 0.876725591177566 219
1739554303158 1.1327603519439151 220
1739554303191 0.07782583206003184 221
1739554303224 0.025233041901311717 222
1739554303257 1.6651166692596542 223
1739554303289 0.4551238728677225 224
1739554303322 0.2308678869964748 225
1739554303355 1.835861091154484 226
1739554303387 0.19214946241892253 227
1739554303419 0.4956809352661893 228
1739554303452 0.03802162179989005 229
1739554303484 0.9525161150235836 230
1739554303516 2.1803208589602376 231
1739554303549 2.9142454962442166 232
1739554303581 0.16370032170279306 233
1739554303614 0.6365463749203008 234
1739554303647 0.5168465588989187 235
1739554303679 8.227132909484398 236
1739554303712 0.023990643323214652 237
1739554303744 3.20296193888657 238
1739554303777 0.0005156767107176061 239
1739554303809 0.6356169966945501 240
1739554303842 0.0021184894378003753 241
1739554303874 1.2772975934954807 242
1739554303906 0.137333920162161 243
1739554303939 0.3045574742067436 244
1739554303971 0.026022575977017546 245
1739554304003 0.048513486269696975 246
1739554304036 1.0308886508474022 247
1739554304069 1.269028098458694 248
1739554304101 0.07462778798501304 249
1739554304134 0.03713972514083847 250
1739554304166 0.6694106990347313 251
1739554304198 0.01644166847374878 252
1739554304231 0.03171928891104912 253
1739554304264 0.24686830530459591 254
1739554304296 0.3781531606791525 255
1739554304329 31.778543051216214 256
1739554304362 0.002014615044929253 257
1739554304394 1.8045553571865 258
1739554304427 2.425896466704492 259
1739554304459 0.020379124856462948 260
1739554304492 0.10561609312721547 261
1739554304525 1.9850206188490738 262
1739554304558 1.0588830527518247 263
1739554304591 0.8718311825256353 264
1739554304623 3.181522665849076 265
1739554304656 0.4973241766925416 266
1739554304688 10.740621521540918 267
1739554304720 0.401810156532121 268
1739554304753 0.34340425813219944 269
1739554304786 0.3279839209592839 270
1739554304819 0.6812849149943068 271
1739554304853 0.07318801866070658 272
1739554304885 0.0009729349545891352 273
1739554304917 0.0009461420737172804 274
1739554304950 0.01444640383415052 275
1739554304983 0.0537218787542258 276
1739554305016 2.3638478811802353 277
1739554305049 1.0346235072776795 278
1739554305082 1.3758585570099193 279
1739554305115 0.010315769184779014 280
1739554305148 0.013551194329807021 281
1739554305180 0.07325964750707209 282
1739554305212 1.3607367695999417 283
1739554305245 1.6354176564620548 284
1739554305278 0.032388286995516685 285
1739554305311 0.009346887482992335 286
1739554305343 0.03831805377909347 287
1739554305376 0.42658662471110187 288
1739554305409 1.5425273081965032 289
1739554305441 0.6689138285266985 290
1739554305474 1.814956027212671 291
1739554305506 0.13545779918234313 292
1739554305539 1.1214318767928781 293
1739554305572 0.21902705910016804 294
1739554305605 0.8354214298415554 295
1739554305637 0.6889504805934162 296
1739554305671 1.3969778995596431 297
1739554305703 11.985936894663947 298
1739554305736 0.1501572385774928 299
1739554305769 0.19061579723802577 300
1739554305801 2.2052415608125835 301
1739554305834 1.0700605711283112e-06 302
1739554305867 0.11204185600963777 303
1739554305899 0.06977411065930045 304
1739554305932 0.5731358150397557 305
1739554305965 0.9839700509803314 306
1739554305997 0.16332492038892138 307
1739554306030 0.01228389359296686 308
1739554306062 0.011065666637121604 309
1739554306095 0.05602438306373758 310
1739554306127 0.10766923746148986 311
1739554306159 0.17919312718493632 312
1739554306192 0.11343219242586737 313
1739554306224 3.113594994528572 314
1739554306257 0.07595753352409013 315
1739554306290 0.7284025525739437 316
1739554306322 1.312226122808277 317
1739554306355 9.723862887999863 318
1739554306388 0.4208618127944542 319
1739554306420 6.1595180065171915 320
1739554306452 0.00015017653089426143 321
1739554306485 1.7410266396090806 322
1739554306517 3.1232056449863026 323
1739554306549 0.8427218306362411 324
1739554306582 7.245597385251533 325
1739554306614 0.32446842450716246 326
1739554306647 0.011369425828600592 327
1739554306680 2.663871790714623 328
1739554306713 0.32187937829344 329
1739554306746 0.12287168802554499 330
1739554306778 0.05575180721066321 331
1739554306811 0.09938053273408731 332
1739554306844 0.21359703622458442 333
1739554306876 0.17188224862376067 334
1739554306909 0.19104526009007008 335
1739554306942 0.48868493364530446 336
1739554306975 1.0442385063933057 337
1739554307007 4.111152849248618 338
1739554307040 0.12511172067990595 339
1739554307073 0.03307817805707789 340
1739554307106 0.4978226440926886 341
1739554307139 0.6449270717665218 342
1739554307171 0.42586568914210254 343
1739554307204 0.2558013501881051 344
1739554307237 0.6531505521689691 345
1739554307269 0.04736165206968816 346
1739554307301 1.3923302618866782 347
1739554307334 2.0418143237817525 348
1739554307366 0.0010571058143685763 349
1739554307399 0.0700551120219321 350
1739554307432 1.1506170018666932 351
1739554307464 0.22795076085231114 352
1739554307497 1.0023383894039388 353
1739554307529 0.33520133989402706 354
1739554307561 0.31744486390782706 355
1739554307594 0.44416441803367446 356
1739554307627 0.23087788379650884 357
1739554307659 0.27716337260759066 358
1739554307692 0.1523033108651428 359
1739554307725 0.010200703073635933 360
1739554307757 0.7040613183226933 361
1739554307789 0.11433998123014916 362
1739554307822 4.014900245206341 363
1739554307854 2.0099226802017527 364
1739554307887 0.4063097221682312 365
1739554307920 0.7046664040966647 366
1739554307953 1.4101732496513213 367
1739554307985 0.8392716623047146 368
1739554308018 0.0005365373862929563 369
1739554308050 0.11428460208219055 370
1739554308083 0.21800650609070063 371
1739554308115 0.04170113713546819 372
1739554308148 0.00044409885422492124 373
1739554308181 4.366994000673125 374
1739554308214 4.708561714480717 375
1739554308247 5.791068517267944 376
1739554308279 0.2747804734568169 377
1739554308312 1.1008019160673146 378
1739554308345 0.012247341876692725 379
1739554308377 2.260788397194146 380
1739554308410 0.1598533242309384 381
1739554308443 0.366451881514446 382
1739554308475 0.0013317704139176158 383
1739554308507 0.05740194775042476 384
1739554308541 0.26560413098940094 385
1739554308573 1.1020494242942138 386
1739554308606 0.3150439975027817 387
1739554308638 0.12351988149401134 388
1739554308671 0.24124480560016912 389
1739554308704 0.3454922717321324 390
1739554308736 0.036524099987097734 391
1739554308769 0.14929141928966305 392
1739554308801 0.008304671485307504 393
1739554308834 0.0993384262566718 394
1739554308866 0.039583733482099974 395
1739554308899 1.24126984006271 396
1739554308931 0.3293371390884634 397
1739554308964 0.5024518441185725 398
1739554308997 1.6260415491442846 399
1739554309030 16.048336196431244 400
1739554309064 0.6410178167332995 401
1739554309097 0.13635655715874365 402
1739554309130 1.4758829319909499 403
1739554309163 2.566444289643245 404
1739554309196 0.46377046062058913 405
1739554309230 3.2813707298742862 406
1739554309264 0.02363602998302392 407
1739554309297 0.1955210904712614 408
1739554309330 0.0036293091363369936 409
1739554309362 0.14499513874324213 410
1739554309395 0.03766575536132612 411
1739554309428 0.31238119707506684 412
1739554309461 0.7026229202946048 413
1739554309493 1.0379172405786148 414
1739554309526 0.934894646956592 415
1739554309559 0.14993918539226694 416
1739554309591 0.9614245062767645 417
1739554309624 1.969908479698453 418
1739554309657 0.555885228836069 419
1739554309689 1.0077085181249692 420
1739554309722 2.202753655325082 421
1739554309755 0.06337278269943689 422
1739554309787 0.4109627671775834 423
1739554309819 0.6608764188529032 424
1739554309852 0.18825497142539627 425
1739554309885 0.22311395143877086 426
1739554309918 0.8947323168757307 427
1739554309950 0.16170327125606074 428
1739554309983 1.6637468931703507 429
1739554310015 1.1645528085202879 430
1739554310048 2.411513287975843 431
1739554310080 0.004857821161955336 432
1739554310113 0.2427463586973963 433
1739554310146 0.42044934402541145 434
1739554310179 0.0012863391832504901 435
1739554310212 2.1966320321906743 436
1739554310245 8.44188880819094 437
1739554310278 0.3592831868611838 438
1739554310310 1.0164440025265187 439
1739554310343 0.21215971144351697 440
1739554310375 0.9550615572809995 441
1739554310408 0.9003708663212305 442
1739554310440 0.20131863939134395 443
1739554310473 0.515231541823091 444
1739554310506 0.31320025930319273 445
1739554310538 0.007762072825573168 446
1739554310571 2.080760270442768 447
1739554310603 0.13247626942120153 448
1739554310635 0.17040912198543456 449
1739554310668 1.1270363629129452 450
1739554310700 0.7545752445312126 451
1739554310733 0.15369767819857408 452
1739554310765 0.04822659710504988 453
1739554310798 0.005185483559868238 454
1739554310830 2.974093328837511 455
1739554310863 1.2434508239789372 456
1739554310895 0.457401621349788 457
1739554310928 0.0026296540645533457 458
1739554310962 6.375088658750592 459
1739554310995 1.0985907050802366 460
1739554311027 16.005157147243803 461
1739554311059 1.9684176197733543 462
1739554311092 0.1721288356430935 463
1739554311124 0.5507070992987955 464
1739554311157 1.30576962435485 465
1739554311190 0.5386172562804852 466
1739554311222 4.1095070168189 467
1739554311255 0.07597601534925257 468
1739554311288 0.45096691690093416 469
1739554311321 1.5055453364113056 470
1739554311354 1.2397180246143482 471
1739554311387 0.41843587749951705 472
1739554311420 0.028177712461512777 473
1739554311452 0.037753685951369624 474
1739554311486 0.08037183975841909 475
1739554311519 1.3049076891471763 476
1739554311551 0.06317805291326882 477
1739554311584 5.193784624494119 478
1739554311617 5.6809609094940265 479
1739554311649 0.2869653671104682 480
1739554311682 0.40293709434909347 481
1739554311714 0.25576186647886023 482
1739554311747 1.3315382299635248 483
1739554311780 0.4939038602147123 484
1739554311813 0.051139245045790364 485
1739554311845 0.9891348059512849 486
1739554311878 0.5707703481540902 487
1739554311910 0.5110039031678831 488
1739554311943 1.1643421499244286 489
1739554311975 2.93304258561153 490
1739554312010 3.4655931653161693 491
1739554312042 0.026648599180086958 492
1739554312075 1.1058725365659585 493
1739554312108 0.28801449099181414 494
1739554312140 0.41738710786163796 495
1739554312172 0.06606130903687335 496
1739554312205 0.10593519225709301 497
1739554312237 0.2600811404544157 498
1739554312270 0.2003562516852515 499
