1739616715699 0.286172093171757 0
1739616715735 1.709680115805209 1
1739616715771 1.7080678398358193 2
1739616715810 0.504317968322633 3
1739616715847 0.7475293906548998 4
1739616715884 1.9113435225192326 5
1739616715920 0.5692200310781421 6
1739616715956 0.06200024212940128 7
1739616715992 0.7387688228614245 8
1739616716034 0.005586515855991607 9
1739616716073 2.122895421918975 10
1739616716111 2.769288860387751 11
1739616716148 0.45318279654736576 12
1739616716184 0.09668728942042941 13
1739616716221 1.2179249768393003 14
1739616716255 0.9912376646493823 15
1739616716289 0.01584900958682542 16
1739616716326 0.06281726357046519 17
1739616716360 0.9431322158969401 18
1739616716395 2.121870399540789 19
1739616716429 0.13820786190763862 20
1739616716466 1.230188474624851 21
1739616716501 0.007475477156792191 22
1739616716537 0.026210634996970256 23
1739616716572 1.239853224507181 24
1739616716607 0.0032404428015921213 25
1739616716644 0.22517578102882116 26
1739616716680 1.5196533431042505 27
1739616716715 0.6399526850754581 28
1739616716750 0.21908781608804542 29
1739616716787 0.522606133192814 30
1739616716822 0.07932784757545291 31
1739616716857 1.6802093669352491 32
1739616716893 0.002894798790766542 33
1739616716930 0.08795216594954568 34
1739616716974 1.4167017734063947 35
1739616717013 0.07126798693864297 36
1739616717051 1.7420241751400358 37
1739616717088 0.3033967738240999 38
1739616717123 0.014092695185363338 39
1739616717158 0.007507329073055238 40
1739616717193 0.0003828608116015586 41
1739616717233 0.09961446372952099 42
1739616717271 0.4050932280893655 43
1739616717307 0.3955460056402233 44
1739616717342 0.03105461630442766 45
1739616717377 0.26877046096641893 46
1739616717412 0.07633614755889313 47
1739616717447 2.568948495798578 48
1739616717483 0.02133939451780228 49
1739616717518 2.265465499155359 50
1739616717554 1.085506065113709 51
1739616717590 0.7879947759511781 52
1739616717625 0.0019883395136121736 53
1739616717659 0.0015898714494742238 54
1739616717694 1.3387080512037224 55
1739616717730 2.4539736112381743 56
1739616717766 18.264659420744724 57
1739616717801 3.5445594114769783 58
1739616717837 0.20864143071581323 59
1739616717873 0.23128130801260435 60
1739616717921 0.6857656925330224 61
1739616717959 0.04924222002739608 62
1739616717996 0.0008342166557778211 63
1739616718033 1.1430116115505824 64
1739616718071 0.35059552382575115 65
1739616718106 0.021017286271734704 66
1739616718140 1.590604001164524 67
1739616718175 0.17517546615412838 68
1739616718210 0.02561175115572781 69
1739616718244 0.04740490050803169 70
1739616718278 0.24557868699590005 71
1739616718313 7.094949683112922 72
1739616718347 7.923778987308866 73
1739616718383 2.3371767970950945e-05 74
1739616718418 1.7361227924305698 75
1739616718454 0.00469032630120776 76
1739616718490 0.0036274847052073247 77
1739616718525 0.5065914702435246 78
1739616718561 0.016416431393165544 79
1739616718595 0.23143161656943773 80
1739616718631 0.11899773470267899 81
1739616718666 0.46626450256665036 82
1739616718701 3.5474930663451225 83
1739616718738 2.9240995642957617 84
