1739557903436 38.846957027236606 0
1739557903445 8.931901046553222 1
1739557903454 2.708049221052854 2
1739557903463 1.2285580641853062 3
1739557903471 1.6469609278004456 4
1739557903479 1.0092618919596494 5
1739557903489 0.7328512441433743 6
1739557903499 0.664527598822589 7
1739557903509 1.3812454375501297 8
1739557903518 0.7062068389800992 9
1739557903527 1.1782888727203094 10
1739557903536 0.6920334099163244 11
1739557903544 0.7100031528934502 12
1739557903553 0.9841175407190236 13
1739557903561 0.8984638600446077 14
1739557903569 1.3936240425471396 15
1739557903577 0.8424318214836453 16
1739557903586 0.9760275757983585 17
1739557903594 0.8125672622383947 18
1739557903602 0.908351921970147 19
1739557903611 0.7870592310896035 20
1739557903619 0.9882102985122784 21
1739557903628 0.7807116817827916 22
1739557903638 0.987587337523453 23
1739557903647 0.8349429466262945 24
1739557903655 0.7157904415484033 25
1739557903664 1.1229863296861475 26
1739557903672 0.7841500913906682 27
1739557903680 1.2345391774876149 28
1739557903689 1.016653775814757 29
1739557903697 0.96587996222726 30
1739557903706 1.006830275795189 31
1739557903714 1.0090047175767363 32
1739557903723 1.1552114057740133 33
1739557903731 0.5646945149323024 34
1739557903740 1.4263702704072678 35
1739557903748 0.792033683249076 36
1739557903756 1.0155443876638475 37
1739557903764 0.48298544641282215 38
1739557903772 0.6811975468529122 39
1739557903781 0.8302471042413407 40
1739557903789 1.2333124330442429 41
1739557903798 1.0784256539265946 42
1739557903806 0.9309143181532346 43
1739557903814 0.6157197857175393 44
1739557903822 1.6359227392508988 45
1739557903830 0.6363634955349818 46
1739557903838 0.6528256568979571 47
1739557903847 0.644443456111948 48
1739557903855 0.739962771217846 49
1739557903863 0.5895378795199813 50
1739557903872 0.8805593058432726 51
1739557903880 0.6353873468881485 52
1739557903888 0.6421597030437013 53
1739557903897 0.9205537722931451 54
1739557903905 0.7133006417057233 55
1739557903914 0.5889525191415274 56
1739557903922 0.7716182714017407 57
1739557903930 0.6941074635043801 58
1739557903939 1.239336723313707 59
1739557903947 1.1604890802679615 60
1739557903955 0.6799186005046259 61
1739557903964 1.0544240969750514 62
1739557903972 0.770336312537682 63
1739557903980 0.9912012334687965 64
1739557903988 0.7635283652494084 65
1739557903997 0.5236464529581913 66
1739557904005 1.005858272308575 67
1739557904013 1.2897024236734123 68
1739557904021 1.2414258714910322 69
1739557904030 0.6404506904024445 70
1739557904038 0.7942986759744733 71
1739557904048 0.950009986251195 72
1739557904057 0.5668616247892038 73
1739557904066 1.0724227666793567 74
1739557904076 0.690314449653985 75
1739557904087 0.5311716825577012 76
1739557904096 0.6586296476765746 77
1739557904105 1.3430934365522573 78
1739557904113 0.7578936630563248 79
1739557904122 1.0837908255099755 80
1739557904131 0.8162256484537147 81
1739557904139 0.6041326289572553 82
1739557904148 0.9938735369238444 83
1739557904157 0.7909715465804573 84
1739557904165 1.4722856236747883 85
1739557904173 0.7204040069538832 86
1739557904181 0.7670514276458775 87
1739557904194 0.7849512846264212 88
1739557904207 0.990381590530366 89
1739557904215 1.794556664355884 90
1739557904224 0.4934369609043478 91
1739557904233 0.8060690054075571 92
1739557904242 0.659231019583248 93
1739557904251 0.9028421835960961 94
1739557904259 1.5823040875036614 95
1739557904268 1.6660591446304494 96
1739557904277 0.6610984655587865 97
1739557904285 0.6611221094573433 98
1739557904294 0.998983905222455 99
1739557904303 0.8907194745383908 100
1739557904311 1.5982490982742834 101
1739557904319 1.0770129985696957 102
1739557904327 1.276759158226926 103
1739557904335 0.878429853549831 104
1739557904343 1.3332643397830977 105
1739557904351 0.944466684008 106
1739557904359 0.8705174238404737 107
1739557904382 1.435553052376702 108
1739557904391 0.8627416583328009 109
1739557904399 0.7572937493280518 110
1739557904408 0.4573205887522693 111
1739557904417 0.7498811348428209 112
1739557904425 0.9701439885505997 113
1739557904434 0.8518720442736623 114
1739557904442 0.7085824032401189 115
1739557904451 0.7128492803373778 116
1739557904459 1.0642084471432738 117
1739557904468 1.0535153773706936 118
1739557904476 0.449155776704256 119
