1739612742942 169.21235122945856 0
1739612742953 167.88536330721274 1
1739612742964 166.57225928930768 2
1739612742976 165.27288275689688 3
1739612742987 163.98707913627473 4
1739612742998 162.71469567653864 5
1739612743008 161.45558142752526 6
1739612743017 160.2095872180177 7
1739612743028 158.97656563421978 8
1739612743037 157.756370998495 9
1739612743048 156.54885934836605 10
1739612743059 155.35388841577196 11
1739612743077 154.17131760658003 12
1739612743089 153.00100798034882 13
1739612743099 151.84282223033946 14
1739612743109 150.69662466377224 15
1739612743120 149.56228118232508 16
1739612743131 148.4396592628715 17
1739612743141 147.3286279384543 18
1739612743151 146.22905777949327 19
1739612743161 145.1408208752222 20
1739612743172 144.06379081535457 21
1739612743181 142.99784267197305 22
1739612743191 141.9428529816416 23
1739612743201 140.89869972773639 24
1739612743211 139.86526232299343 25
1739612743221 138.84242159226994 26
1739612743231 137.8300597555168 27
1739612743241 136.82806041095998 28
1739612743250 135.83630851848739 29
1739612743260 134.85469038323976 30
1739612743271 133.88309363940195 31
1739612743283 132.92140723419328 32
1739612743293 131.9695214120532 33
1739612743302 131.0273276990214 34
1739612743313 130.0947188873082 35
1739612743323 129.17158902005445 36
1739612743332 128.25783337627774 37
1739612743342 127.35334845600279 38
1739612743351 126.45803196557378 39
1739612743361 125.57178280314636 40
1739612743372 124.69450104435725 41
1739612743382 123.8260879281689 42
1739612743392 122.96644584288748 43
1739612743403 122.11547831235181 44
1739612743413 121.27308998229101 45
1739612743423 120.4391866068492 46
1739612743433 119.61367503527465 47
1739612743443 118.79646319877183 48
1739612743453 117.98746009751409 49
1739612743463 117.18657578781506 50
1739612743473 116.3937213694567 51
1739612743482 115.60880897317242 52
1739612743493 114.83175174828271 53
1739612743504 114.06246385048229 54
1739612743513 113.30086042977597 55
1739612743524 112.54685761856204 56
1739612743533 111.80037251986128 57
1739612743543 111.06132319568938 58
1739612743554 110.32962865557155 59
1739612743563 109.60520884519718 60
1739612743572 108.88798463521307 61
1739612743583 108.17787781015332 62
1739612743593 107.47481105750433 63
1739612743602 106.77870795690322 64
1739612743613 106.08949296946788 65
1739612743623 105.40709142725746 66
1739612743632 104.73142952286095 67
1739612743642 104.06243429911316 68
1739612743653 103.40003363893578 69
1739612743664 102.74415625530234 70
1739612743677 102.0947316813256 71
1739612743687 101.4516902604656 72
1739612743697 100.81496313685713 73
1739612743712 100.18448224575496 74
1739612743730 99.56018030409557 75
1739612743746 98.9419908011738 76
1739612743758 98.32984798943298 77
1739612743769 97.72368687536729 78
1739612743780 97.12344321053493 79
1739612743795 96.52905348268054 80
1739612743809 95.9404549069658 81
1739612743820 95.35758541730685 82
1739612743830 94.78038365781678 83
1739612743841 94.2087889743527 84
1739612743850 93.64274140616519 85
1739612743860 93.08218167764971 86
1739612743870 92.52705119019808 87
1739612743880 91.97729201414911 88
1739612743891 91.43284688083722 89
1739612743900 90.89365917473737 90
1739612743911 90.359672925706 91
1739612743921 89.83083280131576 92
1739612743930 89.3070840992838 93
1739612743941 88.78837273999154 94
1739612743951 88.27464525909596 95
1739612743961 87.76584880023 96
1739612743971 87.26193110779211 97
1739612743980 86.76284051982296 98
1739612743991 86.2685259609688 99
1739612744000 85.77893693553047 100
1739612744010 85.29402352059613 101
1739612744019 84.81373635925807 102
1739612744029 84.33802665391129 103
1739612744038 83.86684615963354 104
1739612744048 83.40014717764569 105
1739612744060 82.93788254885142 106
1739612744071 82.48000564745512 107
1739612744081 82.02647037465721 108
1739612744092 81.57723115242597 109
1739612744102 81.13224291734468 110
1739612744112 80.69146111453357 111
1739612744122 80.254841691645 112
1739612744132 79.82234109293182 113
1739612744147 79.39391625338727 114
1739612744162 78.96952459295593 115
1739612744178 78.54912401081477 116
1739612744189 78.1326728797234 117
1739612744200 77.72013004044274 118
1739612744211 77.31145479622116 119
1739612744221 76.90660690734731 120
1739612744231 76.50554658576897 121
1739612744242 76.10823448977688 122
1739612744252 75.71463171875284 123
1739612744273 75.32469980798139 124
1739612744283 74.93840072352407 125
1739612744296 74.55569685715577 126
1739612744308 74.17655102136212 127
1739612744320 73.80092644439758 128
1739612744331 73.42878676540278 129
1739612744343 73.06009602958126 130
1739612744354 72.69481868343429 131
1739612744365 72.33291957005305 132
1739612744376 71.97436392446792 133
1739612744388 71.61911736905365 134
1739612744401 71.26714590899017 135
1739612744412 70.91841592777796 136
1739612744422 70.57289418280767 137
1739612744431 70.23054780098308 138
1739612744441 69.8913442743968 139
1739612744450 69.5552514560582 140
1739612744460 69.22223755567275 141
1739612744469 68.89227113547221 142
1739612744479 68.56532110609507 143
1739612744488 68.24135672251661 144
1739612744497 67.92034758002798 145
1739612744507 67.6022636102636 146
1739612744516 67.28707507727661 147
1739612744526 66.97475257366116 148
1739612744535 66.66526701672183 149
1739612744546 66.35858964468868 150
1739612744555 66.05469201297814 151
1739612744564 65.75354599049875 152
1739612744574 65.45512375600121 153
1739612744583 65.15939779447255 154
1739612744593 64.86634089357334 155
1739612744602 64.57592614011789 156
1739612744612 64.28812691659672 157
1739612744621 64.00291689774073 158
1739612744631 63.720270047126654 159
1739612744641 63.44016061382317 160
1739612744650 63.16256312907747 161
1739612744660 62.88745240304143 162
1739612744669 62.614803521537 163
1739612744680 62.344591842860545 164
1739612744692 62.07679299462546 165
1739612744701 61.81138287064252 166
1739612744712 61.548337627837725 167
1739612744722 61.287633683207126 168
1739612744732 61.02924771080797 169
1739612744743 60.773156638786006 170
1739612744752 60.5193376464384 171
1739612744763 60.267768161311665 172
1739612744779 60.018425856334524 173
1739612744790 59.7712886469849 174
1739612744799 59.52633468849093 175
1739612744809 59.283542373065366 176
1739612744819 59.04289032717312 177
1739612744829 58.804357408831365 178
1739612744839 58.56792270494204 179
1739612744849 58.333565528656145 180
1739612744860 58.10126541676948 181
1739612744869 57.871002127149616 182
1739612744880 57.64275563619346 183
1739612744890 57.416506136315235 184
1739612744900 57.192234033464445 185
1739612744910 56.96991994467338 186
1739612744920 56.74954469563396 187
1739612744931 56.531089318303415 188
1739612744942 56.31453504853855 189
1739612744956 56.099863323758186 190
1739612744966 55.88705578063347 191
1739612744977 55.67609425280558 192
1739612744987 55.4669607686309 193
1739612744997 55.25963754895267 194
1739612745007 55.054107004899464 195
1739612745017 54.8503517357097 196
1739612745027 54.64835452658207 197
1739612745038 54.44809834655157 198
1739612745048 54.24956634639074 199
1739612745059 54.05274185653587 200
1739612745069 53.857608385037864 201
1739612745079 53.66414961553741 202
1739612745089 53.472349405264225 203
1739612745099 53.28219178306007 204
1739612745111 53.09366094742523 205
1739612745122 52.90674126458811 206
1739612745132 52.72141726659787 207
1739612745142 52.5376736494395 208
1739612745153 52.35549527117143 209
1739612745163 52.1748671500851 210
1739612745174 51.99577446288634 211
1739612745184 51.81820254289837 212
1739612745195 51.64213687828603 213
1739612745206 51.46756311030102 214
1739612745216 51.29446703154793 215
1739612745227 51.12283458427084 216
1739612745239 50.9526518586601 217
1739612745248 50.78390509117916 218
1739612745262 50.6165806629112 219
1739612745273 50.45066509792537 220
1739612745286 50.28614506166217 221
1739612745297 50.12300735933796 222
1739612745309 49.961238934368474 223
1739612745327 49.8008268668107 224
1739612745340 49.641758371823286 225
1739612745351 49.48402079814506 226
1739612745361 49.327601626591544 227
1739612745370 49.172488468569156 228
1739612745380 49.01866906460688 229
1739612745389 48.86613128290534 230
1739612745398 48.7148631179029 231
1739612745408 48.5648526888586 232
1739612745417 48.4160882384519 233
1739612745426 48.268558131398805 234
1739612745436 48.12225085308421 235
1739612745445 47.97715500821055 236
1739612745456 47.83325931946208 237
1739612745466 47.69055262618501 238
1739612745475 47.54902388308312 239
1739612745485 47.4086621589286 240
1739612745495 47.269456635288165 241
1739612745506 47.13139660526405 242
1739612745515 46.994471472249735 243
1739612745525 46.85867074870033 244
1739612745536 46.723984054917366 245
1739612745546 46.59040111784773 246
1739612745556 46.45791176989691 247
1739612745568 46.326505947755805 248
1739612745579 46.196173691241555 249
1739612745591 46.06690514215178 250
1739612745601 45.93869054313233 251
1739612745611 45.81152023655811 252
1739612745622 45.68538466342718 253
1739612745631 45.56027436226771 254
1739612745641 45.4361799680576 255
1739612745651 45.31309221115688 256
1739612745662 45.19100191625245 257
1739612745683 45.06990000131523 258
1739612745695 44.94977747656938 259
1739612745706 44.830625443473615 260
1739612745715 44.712435093714326 261
1739612745726 44.59519770821055 262
1739612745737 44.47890465613034 263
1739612745747 44.363547393918815 264
1739612745760 44.2491174643373 265
1739612745771 44.13560649551384 266
1739612745781 44.023006200004595 267
1739612745792 43.91130837386626 268
1739612745804 43.80050489573922 269
1739612745814 43.69058772594133 270
1739612745825 43.581548905572284 271
1739612745836 43.4733805556283 272
1739612745846 43.36607487612717 273
1739612745857 43.259624145243336 274
1739612745867 43.154020718453125 275
1739612745878 43.04925702768976 276
1739612745888 42.94532558050833 277
1739612745898 42.842218959260215 278
1739612745909 42.73992982027721 279
1739612745920 42.6384508930651 280
1739612745930 42.53777497950647 281
1739612745942 42.43789495307276 282
1739612745952 42.338803758045486 283
1739612745962 42.24049440874642 284
1739612745972 42.142959988776546 285
1739612745982 42.046193650264065 286
1739612745993 41.95018861312075 287
1739612746004 41.85493816430714 288
1739612746014 41.76043565710608 289
1739612746024 41.66667451040461 290
1739612746034 41.57364820798425 291
1739612746044 41.48135029781925 292
1739612746054 41.38977439138315 293
1739612746064 41.298914162963115 294
1739612746075 41.20876334898229 295
1739612746086 41.11931574732986 296
1739612746098 41.03056521669884 297
1739612746110 40.94250567593144 298
1739612746125 40.85513110337204 299
1739612746137 40.76843553622734 300
1739612746146 40.68241306993423 301
1739612746155 40.597057857534516 302
1739612746164 40.51236410905706 303
1739612746175 40.42832609090691 304
1739612746189 40.344938125261386 305
1739612746200 40.26219458947316 306
1739612746217 40.18008991548007 307
1739612746228 40.09861858922176 308
1739612746240 40.017775150062924 309
1739612746250 39.93755419022313 310
1739612746260 39.85795035421325 311
1739612746273 39.77895833827818 312
1739612746286 39.700572889845986 313
1739612746299 39.622788806983316 314
1739612746310 39.545600937857095 315
1739612746321 39.46900418020213 316
1739612746331 39.39299348079505 317
1739612746342 39.317563834933964 318
1739612746352 39.242710285924296 319
1739612746362 39.168427924570246 320
1739612746372 39.09471188867209 321
1739612746382 39.02155736252926 322
1739612746392 38.948959576448985 323
1739612746403 38.8769138062605 324
1739612746413 38.80541537283481 325
1739612746430 38.734459641609874 326
1739612746442 38.66404202212114 327
1739612746453 38.594157967537406 328
1739612746462 38.52480297420193 329
1739612746474 38.4559725811788 330
1739612746483 38.387662369804225 331
1739612746494 38.31986796324319 332
1739612746503 38.25258502605085 333
1739612746513 38.18580926373895 334
1739612746523 38.11953642234729 335
1739612746532 38.05376228801974 336
1739612746543 37.98848268658531 337
1739612746552 37.92369348314369 338
1739612746562 37.8593905816556 339
1739612746574 37.79556992453781 340
1739612746583 37.732227492262425 341
1739612746593 37.66935930296103 342
1739612746602 37.606961412033016 343
1739612746612 37.54502991175846 344
1739612746623 37.48356093091516 345
1739612746631 37.422550634400245 346
1739612746641 37.361995222855676 347
1739612746650 37.301890932298285 348
1739612746661 37.24223403375369 349
1739612746671 37.183020832894435 350
1739612746680 37.12424766968214 351
1739612746692 37.06591091801364 352
1739612746701 37.008006985371125 353
1739612746711 36.950532312476064 354
1739612746722 36.89348337294712 355
1739612746733 36.83685667296185 356
1739612746743 36.78064875092208 357
1739612746754 36.72485617712309 358
1739612746763 36.66947555342649 359
1739612746774 36.61450351293665 360
1739612746783 36.55993671968084 361
1739612746793 36.50577186829278 362
1739612746804 36.45200568369986 363
1739612746813 36.39863492081368 364
1739612746824 36.34565636422414 365
1739612746833 36.29306682789683 366
1739612746844 36.240863154873836 367
1739612746853 36.189042216977796 368
1739612746863 36.13760091451931 369
1739612746874 36.08653617600747 370
1739612746883 36.035844957863695 371
1739612746894 35.985524244138674 372
1739612746905 35.93557104623239 373
1739612746914 35.885982402617365 374
1739612746924 35.836755378564774 375
1739612746933 35.78788706587371 376
1739612746946 35.739374582603396 377
1739612746958 35.69121507280828 378
1739612746968 35.643405706276134 379
1739612746978 35.595943678268966 380
1739612746989 35.54882620926678 381
1739612746998 35.50205054471417 382
1739612747008 35.45561395476972 383
1739612747017 35.409513734057995 384
1739612747027 35.36374720142451 385
1739612747037 35.31831169969312 386
1739612747048 35.27320459542619 387
1739612747059 35.22842327868742 388
1739612747069 35.18396516280715 389
1739612747080 35.13982768415026 390
1739612747091 35.09600830188672 391
1739612747100 35.05250449776445 392
1739612747111 35.0093137758848 393
1739612747122 34.96643366248033 394
1739612747131 34.923861705695195 395
1739612747141 34.88159547536778 396
1739612747151 34.8396325628157 397
1739612747162 34.797970580623186 398
1739612747173 34.75660716243075 399
1739612747182 34.71553996272712 400
1739612747193 34.67476665664348 401
1739612747205 34.63428493974982 402
1739612747214 34.594092527853626 403
1739612747225 34.55418715680067 404
1739612747234 34.51456658227795 405
1739612747244 34.47522857961877 406
1739612747255 34.43617094360993 407
1739612747264 34.39739148830102 408
1739612747276 34.35888804681562 409
1739612747286 34.32065847116478 410
1739612747300 34.28270063206229 411
1739612747310 34.24501241874202 412
1739612747322 34.20759173877725 413
1739612747331 34.17043651790185 414
1739612747342 34.133544699833465 415
1739612747353 34.09691424609858 416
1739612747363 34.06054313585936 417
1739612747386 34.02442936574252 418
1739612747396 33.988570949669835 419
1739612747408 33.9529659186906 420
1739612747419 33.9176123208158 421
1739612747430 33.882508220854085 422
1739612747442 33.84765170024951 423
1739612747454 33.81304085692089 424
1739612747464 33.77867380510308 425
1739612747476 33.74454867518969 426
1739612747489 33.71066361357767 427
1739612747500 33.677016782513455 428
1739612747511 33.64360635994069 429
1739612747524 33.61043053934977 430
1739612747535 33.577487529628705 431
1739612747545 33.54477555491579 432
1739612747557 33.51229285445365 433
1739612747568 33.48003768244502 434
1739612747579 33.4480083079099 435
1739612747591 33.41620301454422 436
1739612747601 33.384620100580115 437
1739612747611 33.353257878647526 438
1739612747621 33.322114675637394 439
1739612747631 33.29118883256616 440
1739612747643 33.260478704441795 441
1739612747652 33.2299826601312 442
1739612747662 33.199699082228975 443
1739612747673 33.16962636692757 444
1739612747684 33.139762923888846 445
1739612747694 33.11010717611693 446
1739612747705 33.08065755983238 447
1739612747714 33.05141252434776 448
1739612747726 33.022370531944404 449
1739612747734 32.993530057750505 450
1739612747745 32.964889589620554 451
1739612747757 32.93644762801589 452
1739612747766 32.90820268588661 453
1739612747777 32.880153288554624 454
1739612747788 32.85229797359803 455
1739612747797 32.82463529073656 456
1739612747807 32.79716380171833 457
1739612747818 32.76988208020768 458
1739612747827 32.74278871167424 459
1739612747839 32.71588229328306 460
1739612747850 32.689161433786 461
1739612747861 32.662624753414136 462
1739612747873 32.63627088377125 463
1739612747883 32.61009846772862 464
1739612747894 32.58410615932061 465
1739612747905 32.55829262364159 466
1739612747915 32.53265653674371 467
1739612747925 32.507196585535866 468
1739612747937 32.481911467683695 469
1739612747948 32.45679989151048 470
1739612747960 32.43186057589919 471
1739612747970 32.40709225019549 472
1739612747980 32.38249365411169 473
1739612747989 32.35806353763179 474
1739612747998 32.333800660917355 475
1739612748010 32.309703794214464 476
1739612748019 32.28577171776155 477
1739612748029 32.26200322169819 478
1739612748040 32.23839710597483 479
1739612748049 32.21495218026347 480
1739612748060 32.1916672638691 481
1739612748070 32.16854118564227 482
1739612748080 32.14557278389233 483
1739612748091 32.12276090630171 484
1739612748100 32.10010440984096 485
1739612748110 32.07760216068469 486
1739612748120 32.055253034128384 487
1739612748130 32.033055914506 488
1739612748141 32.01100969510847 489
1739612748150 31.98911327810291 490
1739612748161 31.9673655744528 491
1739612748172 31.9457655038388 492
1739612748181 31.924311994580524 493
1739612748191 31.903003983558953 494
1739612748201 31.881840416139717 495
1739612748211 31.86082024609713 496
1739612748220 31.839942435538966 497
1739612748230 31.819205954832 498
1739612748240 31.798609782528278 499
