1739615746589 169.6210407770955 0
1739615746602 168.2903369005313 1
1739615746613 166.98162269956939 2
1739615746625 165.68458328224617 3
1739615746636 164.39912907113327 4
1739615746647 163.12513622041646 5
1739615746657 161.8625170707283 6
1739615746672 160.61114981556636 7
1739615746685 159.37094867714058 8
1739615746699 158.14179385080402 9
1739615746710 156.92360140455057 10
1739615746723 155.71625349882876 11
1739615746734 154.51966801230077 12
1739615746746 153.33373766905638 13
1739615746758 152.15835619893582 14
1739615746770 150.9934441327446 15
1739615746781 149.8388883867625 16
1739615746792 148.69461121755413 17
1739615746803 147.56050138313321 18
1739615746815 146.4364828329794 19
1739615746825 145.32244613305664 20
1739615746836 144.21831689353755 21
1739615746848 143.12398745517993 22
1739615746860 142.03938505723747 23
1739615746872 140.96440378272163 24
1739615746892 139.8989724689534 25
1739615746904 138.8429953333998 26
1739615746916 137.7963774884323 27
1739615746928 136.7590501121367 28
1739615746940 135.73091150419867 29
1739615746953 134.71189436578203 30
1739615746965 133.70189862962212 31
1739615746976 132.70085849095426 32
1739615746989 131.70867548565565 33
1739615747001 130.72528527457592 34
1739615747014 129.75059096738158 35
1739615747026 128.78452966261852 36
1739615747041 127.82701427089646 37
1739615747053 126.87795851379929 38
1739615747066 125.93730159575732 39
1739615747078 125.00495043550775 40
1739615747090 124.08084560767281 41
1739615747104 123.16489550626952 42
1739615747116 122.25704205000112 43
1739615747128 121.3571950811848 44
1739615747140 120.4652978369887 45
1739615747153 119.58126158155075 46
1739615747166 118.7050308453731 47
1739615747179 117.83651828842633 48
1739615747190 116.97566970989179 49
1739615747202 116.12240720824434 50
1739615747214 115.27665360412648 51
1739615747226 114.43835655506258 52
1739615747238 113.60743209951256 53
1739615747251 112.78382910406685 54
1739615747263 111.96746491579688 55
1739615747275 111.15828958730098 56
1739615747288 110.35622175037294 57
1739615747300 109.5612126209978 58
1739615747312 108.7731820922453 59
1739615747324 107.99208252129482 60
1739615747337 107.2178429576248 61
1739615747350 106.45039310561471 62
1739615747363 105.68968699407492 63
1739615747375 104.93564756898364 64
1739615747387 104.18822994668668 65
1739615747400 103.44735825574502 66
1739615747412 102.71298867928496 67
1739615747424 101.98504650689615 68
1739615747436 101.26348896812416 69
1739615747449 100.54824249243221 70
1739615747460 99.83926533580964 71
1739615747472 99.13648504683005 72
1739615747485 98.43986088832993 73
1739615747498 97.74932925822849 74
1739615747510 97.06482713814424 75
1739615747522 96.38631526578448 76
1739615747535 95.71372389862891 77
1739615747546 95.04701473385009 78
1739615747558 94.38611907834708 79
1739615747571 93.73099957043118 80
1739615747584 93.08158854733149 81
1739615747595 92.4378495705189 82
1739615747608 91.79971598881644 83
1739615747621 91.16715226921659 84
1739615747633 90.54009275374665 85
1739615747645 89.91850279761707 86
1739615747658 89.30232531113722 87
1739615747670 88.6915037251247 88
1739615747684 88.08600469592203 89
1739615747696 87.48576496979392 90
1739615747709 86.89075204946413 91
1739615747721 86.30090361267523 92
1739615747733 85.71618799235043 93
1739615747745 85.13654378080163 94
1739615747757 84.56194012527699 95
1739615747769 83.99231651606162 96
1739615747782 83.42764289915523 97
1739615747794 82.86785964652665 98
1739615747807 82.31293748764926 99
1739615747830 81.7628251052693 100
1739615747844 81.21747164654484 101
1739615747857 80.67684898867934 102
1739615747871 80.14089963801092 103
1739615747884 79.60959621827793 104
1739615747898 79.08288206282266 105
1739615747909 78.56073052763159 106
1739615747921 78.04308575807227 107
1739615747933 77.52992182836357 108
1739615747945 77.02118368119584 109
1739615747957 76.51684609527078 110
1739615747970 76.01685479617029 111
1739615747983 75.52118525359047 112
1739615747994 75.0297839618398 113
1739615748006 74.54262706837628 114
1739615748019 74.05966910754603 115
1739615748031 73.580865021144 116
1739615748043 73.1061919495415 117
1739615748055 72.63559824806012 118
1739615748067 72.16906170284042 119
1739615748079 71.7065313903799 120
1739615748092 71.24798573021458 121
1739615748104 70.79337450699097 122
1739615748156 70.3426767615021 123
1739615748172 69.8958429737566 124
1739615748186 69.45285279389653 125
1739615748200 69.01365738474144 126
1739615748214 68.57823699410059 127
1739615748226 68.1465506109128 128
1739615748239 67.71855758812211 129
1739615748252 67.29423904915248 130
1739615748265 66.87354780991186 131
1739615748277 66.45646556324819 132
1739615748291 66.04294576574458 133
1739615748304 65.6329706687498 134
1739615748317 65.22649435797813 135
1739615748330 64.82349963256347 136
1739615748343 64.42394119601967 137
1739615748356 64.02780238475387 138
1739615748369 63.635038508956406 139
1739615748382 63.24563343199545 140
1739615748395 62.859543059819465 141
1739615748407 62.47675177264154 142
1739615748420 62.09722307713995 143
1739615748433 61.72092079985386 144
1739615748446 61.34783007824878 145
1739615748460 60.97790826067464 146
1739615748473 60.6111409769845 147
1739615748486 60.247486134629575 148
1739615748498 59.88692984639171 149
1739615748510 59.529430568779816 150
1739615748522 59.174974888225606 151
1739615748534 58.8235218004366 152
1739615748547 58.47505835639193 153
1739615748559 58.12954408131977 154
1739615748572 57.78696648181738 155
1739615748584 57.447292505394785 156
1739615748597 57.110489385732244 157
1739615748609 56.77654529701562 158
1739615748622 56.445421046557534 159
1739615748634 56.1171052425744 160
1739615748648 55.791559189405376 161
1739615748659 55.468771920948704 162
1739615748672 55.14870522966647 163
1739615748687 54.83134856694888 164
1739615748700 54.51666420464053 165
1739615748712 54.204642003589676 166
1739615748724 53.89524470644345 167
1739615748736 53.588462575627055 168
1739615748758 53.28425881616754 169
1739615748772 52.98262408433598 170
1739615748784 52.68352881903879 171
1739615748797 52.38694371109306 172
1739615748809 52.09285999389737 173
1739615748821 51.80124199205146 174
1739615748833 51.51208131410948 175
1739615748845 51.22534271876983 176
1739615748857 50.941018182514206 177
1739615748869 50.65907289038962 178
1739615748881 50.37949917971504 179
1739615748894 50.10226265427807 180
1739615748906 49.827356005279576 181
1739615748919 49.55474524777906 182
1739615748932 49.28442342003647 183
1739615748944 49.01635694105117 184
1739615748956 48.75053918944938 185
1739615748969 48.486943646679734 186
1739615748981 48.225544016173046 187
1739615748993 47.96633417536734 188
1739615749006 47.70928152137409 189
1739615749018 47.45438025581762 190
1739615749031 47.20159815512814 191
1739615749043 46.950929738859195 192
1739615749055 46.70234315601225 193
1739615749067 46.45583323793234 194
1739615749079 46.21136849956792 195
1739615749092 45.96894407803484 196
1739615749105 45.72852884772541 197
1739615749119 45.49011824562028 198
1739615749132 45.25368149917126 199
1739615749144 45.01921433943051 200
1739615749158 44.78669290014162 201
1739615749170 44.556093510872316 202
1739615749182 44.32741233369391 203
1739615749194 44.1006194510009 204
1739615749206 43.875711304930995 205
1739615749219 43.65265830949762 206
1739615749231 43.431457181489094 207
1739615749243 43.21207866066135 208
1739615749256 42.994519733140905 209
1739615749269 42.77875145865696 210
1739615749281 42.5647710874632 211
1739615749293 42.35254999359798 212
1739615749305 42.14208568633053 213
1739615749317 41.933349848447676 214
1739615749328 41.72634024322005 215
1739615749341 41.52103531732889 216
1739615749353 41.31741369040567 217
1739615749365 41.115473498064 218
1739615749377 40.91518717075952 219
1739615749390 40.716553085986355 220
1739615749402 40.51954396427217 221
1739615749415 40.32415842030463 222
1739615749427 40.13036945956412 223
1739615749439 39.938175929334406 224
1739615749452 39.74755111502245 225
1739615749464 39.55849409199843 226
1739615749476 39.37097842066119 227
1739615749488 39.18500340004383 228
1739615749501 39.0005428606921 229
1739615749513 38.81759632096304 230
1739615749525 38.63614424531274 231
1739615749537 38.45616725113412 232
1739615749550 38.27766517834878 233
1739615749562 38.10061251171297 234
1739615749575 37.92500929998343 235
1739615749587 37.75083028178968 236
1739615749600 37.578075710667996 237
1739615749611 37.4067205746599 238
1739615749623 37.236765328103125 239
1739615749635 37.06818520407102 240
1739615749648 36.9009808538007 241
1739615749660 36.73512775109667 242
1739615749672 36.570626740267976 243
1739615749693 36.40745353162766 244
1739615749705 36.24560915880244 245
1739615749718 36.085069564467794 246
1739615749731 35.92583596788568 247
1739615749743 35.76789081178642 248
1739615749755 35.61121667215119 249
1739615749767 35.455815040477376 250
1739615749780 35.301662422163346 251
1739615749792 35.148760485440455 252
1739615749805 34.997085954141774 253
1739615749817 34.846640669790936 254
1739615749829 34.69740157083719 255
1739615749841 34.54937066872067 256
1739615749853 34.40252511275738 257
1739615749865 34.25686708099281 258
1739615749878 34.11237392992815 259
1739615749890 33.96904800096646 260
1739615749902 33.82686685417917 261
1739615749915 33.68583299114142 262
1739615749927 33.545930364624844 263
1739615749939 33.407143045572376 264
1739615749951 33.269473770510906 265
1739615749963 33.1329005925138 266
1739615749975 32.997426400580004 267
1739615749988 32.86302943920818 268
1739615750001 32.72971274689232 269
1739615750013 32.59745475622626 270
1739615750026 32.46625865227905 271
1739615750039 32.336103052469696 272
1739615750051 32.20699128557828 273
1739615750064 32.078902150637994 274
1739615750076 31.95183911733091 275
1739615750088 31.82578116315124 276
1739615750100 31.700731895927834 277
1739615750114 31.576670468519772 278
1739615750125 31.45360062420025 279
1739615750137 31.33150779773224 280
1739615750149 31.210377527195995 281
1739615750162 31.090213754610883 282
1739615750173 30.970996057531817 283
1739615750185 30.852728506890717 284
1739615750197 30.735390845203902 285
1739615750209 30.618987269790622 286
1739615750222 30.503497685275608 287
1739615750233 30.388926412888654 288
1739615750245 30.275253516561236 289
1739615750256 30.16248343900448 290
1739615750269 30.050596400705285 291
1739615750281 29.939596963473566 292
1739615750293 29.829465501649832 293
1739615750305 29.72020669380598 294
1739615750318 29.61180106548281 295
1739615750330 29.5042534097223 296
1739615750343 29.397550433592546 297
1739615750355 29.291678934673406 298
1739615750367 29.18664387404417 299
1739615750380 29.082426143414995 300
1739615750392 28.979030812795735 301
1739615750404 28.876438916180604 302
1739615750416 28.774655630368613 303
1739615750429 28.67366212919243 304
1739615750441 28.573463694139946 305
1739615750453 28.47404163648061 306
1739615750465 28.375401340331308 307
1739615750478 28.277524252039562 308
1739615750489 28.180415856331052 309
1739615750501 28.08405773231493 310
1739615750513 27.988455463344245 311
1739615750528 27.893596729307678 312
1739615750540 27.799469290773306 313
1739615750553 27.70607887593689 314
1739615750567 27.613407385413673 315
1739615750580 27.52146064123803 316
1739615750592 27.430220669001592 317
1739615750606 27.339693382726256 318
1739615750627 27.249860930844395 319
1739615750639 27.160729317549983 320
1739615750652 27.072280812018615 321
1739615750665 26.984521506835883 322
1739615750677 26.897433789860575 323
1739615750690 26.8110238403237 324
1739615750702 26.725274162744 325
1739615750714 26.640191021285396 326
1739615750725 26.5557570351394 327
1739615750738 26.47197855172333 328
1739615750750 26.388844207415023 329
1739615750762 26.306342709562443 330
1739615750774 26.224480527918086 331
1739615750786 26.14324055935869 332
1739615750798 26.062629352831102 333
1739615750809 25.98262991320525 334
1739615750822 25.903248867053495 335
1739615750835 25.8244693254063 336
1739615750847 25.74629799092292 337
1739615750859 25.668718078994292 338
1739615750871 25.591736366857628 339
1739615750884 25.515336172496326 340
1739615750895 25.439524346245815 341
1739615750908 25.364284306945304 342
1739615750920 25.289622976577228 343
1739615750932 25.215523873130902 344
1739615750944 25.141993988812573 345
1739615750956 25.06902278283641 346
1739615750968 24.996599776993072 347
1739615750981 24.924732066749655 348
1739615750993 24.85340341017161 349
1739615751006 24.782620969510496 350
1739615751018 24.712368596247348 351
1739615751031 24.64265351808896 352
1739615751042 24.57345967835823 353
1739615751056 24.504794368913686 354
1739615751068 24.436641623374296 355
1739615751081 24.369008796471984 356
1739615751092 24.301880010603394 357
1739615751105 24.235262682120258 358
1739615751117 24.16914102070535 359
1739615751130 24.10352250310087 360
1739615751142 24.03839142481059 361
1739615751154 23.97375532176167 362
1739615751168 23.90960436159039 363
1739615751179 23.84592876724562 364
1739615751192 23.782736161756084 365
1739615751204 23.720011048402927 366
1739615751216 23.6577611064866 367
1739615751228 23.595970920182722 368
1739615751240 23.534648223937698 369
1739615751252 23.473777681469418 370
1739615751264 23.413367081266255 371
1739615751277 23.353401165260035 372
1739615751290 23.293887774898558 373
1739615751302 23.234811729022613 374
1739615751315 23.176180920977874 375
1739615751326 23.117980245232147 376
1739615751339 23.060217645988004 377
1739615751352 23.002878092080923 378
1739615751364 22.945969577549565 379
1739615751377 22.88947714435986 380
1739615751389 22.833408835385637 381
1739615751401 22.777755494771085 382
1739615751414 22.722508014996503 383
1739615751425 22.667674510887675 384
1739615751438 22.613240201431783 385
1739615751451 22.55921324787103 386
1739615751462 22.50557893816216 387
1739615751474 22.45234547902925 388
1739615751487 22.399498226256277 389
1739615751499 22.347045431132763 390
1739615751511 22.294972516147624 391
1739615751523 22.243287776257258 392
1739615751535 22.191976699552878 393
1739615751546 22.14104762377668 394
1739615751558 22.090486101538854 395
1739615751581 22.040300512503425 396
1739615751593 21.990476472735246 397
1739615751605 21.941022402972987 398
1739615751619 21.891929664767147 399
1739615751631 21.84318966263585 400
1739615751643 21.794810877910987 401
1739615751655 21.746779080225114 402
1739615751668 21.699102789937832 403
1739615751679 21.65176783655619 404
1739615751691 21.604782778676725 405
1739615751703 21.558133504697853 406
1739615751715 21.51182861067765 407
1739615751728 21.465854042939903 408
1739615751741 21.420218434243964 409
1739615751753 21.37490778788987 410
1739615751765 21.32993077259279 411
1739615751777 21.285273447696436 412
1739615751789 21.240944517140907 413
1739615751802 21.1969300953972 414
1739615751815 21.153238920913722 415
1739615751827 21.10986280194399 416
1739615751839 21.066793585046284 417
1739615751852 21.02404005965197 418
1739615751863 20.98158847361135 419
1739615751876 20.93944764913259 420
1739615751888 20.897603886110346 421
1739615751900 20.856066038860767 422
1739615751910 20.814820458476042 423
1739615751923 20.773876030724548 424
1739615751934 20.7332191570639 425
1739615751947 20.69285875407177 426
1739615751958 20.652781272753494 427
1739615751970 20.61299565986572 428
1739615751982 20.573488415157982 429
1739615751994 20.53426851494788 430
1739615752006 20.495322506939548 431
1739615752018 20.456659396405627 432
1739615752030 20.4182657782289 433
1739615752041 20.380150686043027 434
1739615752054 20.342306356018618 435
1739615752066 20.304725058134764 436
1739615752077 20.26741586801188 437
1739615752089 20.230365494638214 438
1739615752101 20.193583040559993 439
1739615752113 20.15705525933296 440
1739615752125 20.120791279874876 441
1739615752138 20.084777899591526 442
1739615752150 20.04902427322883 443
1739615752162 20.01351724133755 444
1739615752174 19.978265983959012 445
1739615752186 19.943257384096047 446
1739615752199 19.908500646563144 447
1739615752211 19.873982696134167 448
1739615752223 19.83971276188479 449
1739615752236 19.805677809690632 450
1739615752247 19.7718870923866 451
1739615752259 19.7383331744932 452
1739615752271 19.705008650864904 453
1739615752284 19.67192280958957 454
1739615752295 19.63906271591021 455
1739615752308 19.60643768046127 456
1739615752320 19.57403480733482 457
1739615752333 19.54186342924372 458
1739615752345 19.509910688509912 459
1739615752357 19.478185939465696 460
1739615752370 19.446676362054376 461
1739615752383 19.415391331777737 462
1739615752395 19.38431806560234 463
1739615752406 19.353465959758367 464
1739615752419 19.322822267647762 465
1739615752431 19.292396405796726 466
1739615752443 19.26217566346474 467
1739615752456 19.232169477050178 468
1739615752467 19.202365171102098 469
1739615752480 19.172772201475574 470
1739615752492 19.143383447996847 471
1739615752504 19.11419181746563 472
1739615752517 19.085206794694642 473
1739615752529 19.056415789501283 474
1739615752541 19.027828305151328 475
1739615752564 18.999431784839533 476
1739615752576 18.97123574989727 477
1739615752588 18.943227676370945 478
1739615752601 18.915417103277758 479
1739615752615 18.88779153899898 480
1739615752626 18.860360539865383 481
1739615752639 18.833111646085094 482
1739615752652 18.806054430937593 483
1739615752664 18.779176465958482 484
1739615752677 18.75248734101827 485
1739615752690 18.725974658489115 486
1739615752703 18.699648024482013 487
1739615752714 18.67350056137113 488
1739615752726 18.647525415899135 489
1739615752739 18.62173221842936 490
1739615752751 18.596108645797994 491
1739615752765 18.57066434376201 492
1739615752776 18.545387018341028 493
1739615752789 18.520286330358914 494
1739615752801 18.49535001456402 495
1739615752813 18.470587746526817 496
1739615752825 18.44598728927744 497
1739615752837 18.421558332818982 498
1739615752850 18.39728866802397 499
