1739556591956 168.9667821671465 0
1739556591966 167.65074568819512 1
1739556591977 166.34647889201432 2
1739556591988 165.05520052023226 3
1739556591998 163.7754611739058 4
1739556592007 162.50715483734263 5
1739556592019 161.25017648345633 6
1739556592028 160.00442206447633 7
1739556592037 158.76978850274523 8
1739556592046 157.54617368160322 9
1739556592056 156.33347278392986 10
1739556592065 155.13159291643873 11
1739556592075 153.94042748459518 12
1739556592084 152.7598854113316 13
1739556592094 151.5898619873255 14
1739556592103 150.43026791736187 15
1739556592112 149.28100034247433 16
1739556592121 148.14197171558396 17
1739556592131 147.0130845612623 18
1739556592140 145.89424233299053 19
1739556592152 144.7853600440988 20
1739556592163 143.68633931321924 21
1739556592174 142.59709682028597 22
1739556592184 141.51753591733544 23
1739556592194 140.44757491936576 24
1739556592203 139.38711887979508 25
1739556592212 138.33608771774146 26
1739556592221 137.2943881565795 27
1739556592230 136.26194168918758 28
1739556592239 135.23865667805796 29
1739556592249 134.22445616004325 30
1739556592259 133.21925010648985 31
1739556592269 132.22296306900114 32
1739556592278 131.23550659807876 33
1739556592287 130.25680673140542 34
1739556592297 129.28677656949296 35
1739556592306 128.32534360797368 36
1739556592315 127.37242246876818 37
1739556592324 126.42794207786 38
1739556592333 125.4918185505104 39
1739556592343 124.56398221597725 40
1739556592353 123.64435065531771 41
1739556592363 122.73285557449852 42
1739556592372 121.8294159933416 43
1739556592381 120.93396496845912 44
1739556592391 120.04642293191046 45
1739556592400 119.166724265382 46
1739556592410 118.29479407201616 47
1739556592419 117.43055816785078 48
1739556592428 116.57395287532648 49
1739556592438 115.72490204422608 50
1739556592447 114.8833432602304 51
1739556592456 114.04920169634805 52
1739556592466 113.22241617758039 53
1739556592475 112.40291317578797 54
1739556592484 111.59063273182484 55
1739556592494 110.7855025924837 56
1739556592503 109.98746399144697 57
1739556592512 109.19644592696534 58
1739556592521 108.41239080296029 59
1739556592531 107.63522884610344 60
1739556592540 106.86490360839299 61
1739556592550 106.10134652231368 62
1739556592559 105.34450226619663 63
1739556592569 104.59430345615286 64
1739556592578 103.85069587551375 65
1739556592587 103.1136133022428 66
1739556592597 102.38300260374199 67
1739556592606 101.65879869845894 68
1739556592616 100.94094951733214 69
1739556592625 100.22939109832286 70
1739556592635 99.52407241575995 71
1739556592645 98.82493060653813 72
1739556592654 98.13191566861121 73
1739556592664 97.44496581761035 74
1739556592674 96.76403205572244 75
1739556592683 96.08905365749372 76
1739556592693 95.4199826103189 77
1739556592702 94.75676225119979 78
1739556592711 94.09933645533016 79
1739556592720 93.44765865306333 80
1739556592729 92.80167068188243 81
1739556592739 92.16132691134351 82
1739556592749 91.52657017132982 83
1739556592758 90.89735575280386 84
1739556592767 90.27362745983388 85
1739556592777 89.65534148732894 86
1739556592786 89.04244259566586 87
1739556592797 88.43488786657043 88
1739556592806 87.83262299918403 89
1739556592815 87.23560594524308 90
1739556592824 86.64378332543573 91
1739556592833 86.05711394502059 92
1739556592843 85.47554532933486 93
1739556592853 84.8990371209826 94
1739556592862 84.32753773336641 95
1739556592871 83.76100763056478 96
1739556592881 83.1993960977703 97
1739556592891 82.64266440496509 98
1739556592900 82.09076269315854 99
1739556592910 81.54365302295983 100
1739556592919 81.00128637551902 101
1739556592928 80.46362558708448 102
1739556592937 79.93062246356196 103
1739556592947 79.40224060213461 104
1739556592956 78.87843261836453 105
1739556592965 78.35916285594328 106
1739556592975 77.84438472527047 107
1739556592988 77.33406330239234 108
1739556592999 76.82815277800242 109
1739556593009 76.32661894661554 110
1739556593021 75.82941676494546 111
1739556593031 75.33651273235208 112
1739556593041 74.84786532773498 113
1739556593051 74.36343342283939 114
1739556593061 73.8831845493455 115
1739556593072 73.40707551826141 116
1739556593082 72.93507453316982 117
1739556593093 72.46713912319578 118
1739556593102 72.00323815108149 119
1739556593111 71.54332985094929 120
1739556593120 71.08738373219875 121
1739556593130 70.63535872107322 122
1739556593139 70.18722496136404 123
1739556593149 69.74294205879808 124
1739556593166 69.30248077952466 125
1739556593183 68.86580139635119 126
1739556593200 68.43287528597882 127
1739556593215 68.00366337612239 128
1739556593231 67.57813764245202 129
1739556593249 67.15625965564259 130
1739556593270 66.73800197896936 131
1739556593288 66.32332681434137 132
1739556593301 65.91220730149013 133
1739556593313 65.5046062620502 134
1739556593327 65.10049740127134 135
1739556593340 64.69984414921836 136
1739556593353 64.30262076592808 137
1739556593366 63.90879127880957 138
1739556593379 63.51833049215849 139
1739556593392 63.13120301984751 140
1739556593404 62.74738420010217 141
1739556593415 62.3668392225796 142
1739556593426 61.9895439493015 143
1739556593437 61.615464135228194 144
1739556593449 61.24457615623556 145
1739556593460 60.87684632229982 146
1739556593471 60.51225151339717 147
1739556593482 60.15075858442293 148
1739556593494 59.79234490988417 149
1739556593505 59.43698042458882 150
1739556593516 59.084635345968074 151
1739556593526 58.73528777281261 152
1739556593537 58.38890587932413 153
1739556593549 58.04546823568531 154
1739556593560 57.70494352712719 155
1739556593571 57.36731078627385 156
1739556593583 57.032539200102825 157
1739556593595 56.70060825489837 158
1739556593607 56.371487630273364 159
1739556593618 56.04515725755712 160
1739556593630 55.72158730005519 161
1739556593642 55.40075812568989 162
1739556593653 55.08264037268211 163
1739556593663 54.767214837255004 164
1739556593673 54.45445262392969 165
1739556593684 54.14433494909498 166
1739556593694 53.83683337511636 167
1739556593704 53.53192953056695 168
1739556593715 53.22959542735706 169
1739556593725 52.92981309841386 170
1739556593735 52.63255499704622 171
1739556593745 52.33780355285328 172
1739556593755 52.04553165254666 173
1739556593765 51.75572211486083 174
1739556593776 51.46834825206208 175
1739556593786 51.183393264626105 176
1739556593796 50.90083088267062 177
1739556593806 50.62064468115854 178
1739556593816 50.34280880049802 179
1739556593826 50.067307183022336 180
1739556593836 49.794114372008664 181
1739556593846 49.523214670178604 182
1739556593856 49.25458301639382 183
1739556593867 48.98820406691431 184
1739556593877 48.72405314903622 185
1739556593887 48.46211526583765 186
1739556593898 48.202366126031016 187
1739556593908 47.9447910729195 188
1739556593918 47.68936618974306 189
1739556593928 47.436077153561705 190
1739556593937 47.18490275281863 191
1739556593946 46.93582197314303 192
1739556593955 46.68882098040432 193
1739556593965 46.44387676481518 194
1739556593974 46.200975810362 195
1739556593983 45.96009545865926 196
1739556593993 45.72122250576064 197
1739556594003 45.48433463834703 198
1739556594012 45.24941895860424 199
1739556594024 45.01645349206072 200
1739556594034 44.78542564121173 201
1739556594043 44.55631376432902 202
1739556594052 44.32910555850485 203
1739556594062 44.10377970876244 204
1739556594071 43.880324201186696 205
1739556594081 43.658718041670745 206
1739556594090 43.43894949979407 207
1739556594100 43.22099789654642 208
1739556594109 43.00485177960771 209
1739556594118 42.790490779397324 210
1739556594128 42.57790371640379 211
1739556594137 42.36707052491328 212
1739556594146 42.15798029303128 213
1739556594156 41.9506132534503 214
1739556594165 41.74495875679948 215
1739556594174 41.54099732881761 216
1739556594183 41.338718577660615 217
1739556594193 41.1381033168521 218
1739556594202 40.93914140717259 219
1739556594211 40.741813944765674 220
1739556594220 40.54611103822718 221
1739556594230 40.3520140612508 222
1739556594239 40.15951336552941 223
1739556594248 39.96859059733009 224
1739556594258 39.779236346813995 225
1739556594267 39.59143252793619 226
1739556594276 39.405169964784974 227
1739556594285 39.22043083420785 228
1739556594295 39.03720618976513 229
1739556594304 38.855478466489146 230
1739556594314 38.6752389430416 231
1739556594323 38.496470308018495 232
1739556594332 38.319164060895005 233
1739556594341 38.143303139294495 234
1739556594350 37.96887925929901 235
1739556594360 37.79587775483919 236
1739556594369 37.62428409362355 237
1739556594379 37.45409030896609 238
1739556594388 37.28527994171847 239
1739556594397 37.117845231630504 240
1739556594407 36.951769953349206 241
1739556594416 36.7870465491261 242
1739556594426 36.62365902322965 243
1739556594435 36.46160001655356 244
1739556594445 36.30085375889037 245
1739556594454 36.14141308598953 246
1739556594463 35.983262449145336 247
1739556594473 35.826394875248404 248
1739556594482 35.670795033146064 249
1739556594491 35.516456137225894 250
1739556594500 35.36336307001197 251
1739556594510 35.21150922981364 252
1739556594519 35.060879709026345 253
1739556594529 34.911468086373915 254
1739556594538 34.76325966038732 255
1739556594547 34.61624818676401 256
1739556594556 34.47041916650313 257
1739556594565 34.32576652890014 258
1739556594575 34.182275973821994 259
1739556594584 34.03994160085062 260
1739556594593 33.89874930518621 261
1739556594602 33.75869335344834 262
1739556594613 33.61975983270064 263
1739556594622 33.4819431734131 264
1739556594632 33.34522965110625 265
1739556594641 33.20961385697382 266
1739556594651 33.07508225164898 267
1739556594660 32.941629583981694 268
1739556594669 32.80924249643466 269
1739556594679 32.67791589250484 270
1739556594688 32.547636593261196 271
1739556594697 32.41839965389549 272
1739556594706 32.29019207091855 273
1739556594716 32.16300904832082 274
1739556594725 32.036837754948344 275
1739556594734 31.911673540748925 276
1739556594743 31.7875037438539 277
1739556594752 31.66432385738115 278
1739556594762 31.542121385752896 279
1739556594771 31.42089196252265 280
1739556594781 31.300623255463773 281
1739556594790 31.181311035882825 282
1739556594800 31.062945127819376 283
1739556594809 30.945515445378483 284
1739556594818 30.82901796161253 285
1739556594828 30.71344074012499 286
1739556594837 30.59877988523542 287
1739556594846 30.48502361402485 288
1739556594856 30.372168159571412 289
1739556594865 30.26020188972733 290
1739556594875 30.14912116386836 291
1739556594884 30.038914497960842 292
1739556594894 29.929578375263898 293
1739556594903 29.821101457249213 294
1739556594913 29.71348034869083 295
1739556594922 29.606703854004554 296
1739556594931 29.500768697155838 297
1739556594940 29.39566382298986 298
1739556594950 29.291386072384146 299
1739556594959 29.187924528144244 300
1739556594968 29.085276145823645 301
1739556594977 28.98343014376413 302
1739556594986 28.882383590001528 303
1739556594995 28.782125836033746 304
1739556595005 28.682654060226927 305
1739556595015 28.583957744898253 306
1739556595025 28.486034176633073 307
1739556595034 28.38887296627334 308
1739556595043 28.292471506552598 309
1739556595052 28.196819534584748 310
1739556595062 28.10191454721982 311
1739556595071 28.007746405631714 312
1739556595080 27.914312708793826 313
1739556595090 27.8216034397682 314
1739556595101 27.729616297696364 315
1739556595112 27.63834138539602 316
1739556595122 27.547776500258696 317
1739556595132 27.457911862763954 318
1739556595141 27.368745366671636 319
1739556595151 27.280267348067227 320
1739556595160 27.192475795233 321
1739556595170 27.10536115784168 322
1739556595179 27.018921516887104 323
1739556595189 26.933147433647115 324
1739556595198 26.84803708005066 325
1739556595208 26.76358112703446 326
1739556595217 26.679777835719868 327
1739556595227 26.596617984791397 328
1739556595237 26.514099922853273 329
1739556595247 26.432214534461288 330
1739556595256 26.35096025402545 331
1739556595265 26.270328070130244 332
1739556595275 26.190316501346288 333
1739556595284 26.110916638477445 334
1739556595293 26.03212708264099 335
1739556595303 25.953940882106977 336
1739556595313 25.876351143620347 337
1739556595322 25.79935658919427 338
1739556595332 25.72294855744294 339
1739556595342 25.647125849024288 340
1739556595351 25.571879898692814 341
1739556595361 25.497209584242178 342
1739556595370 25.423106434900273 343
1739556595379 25.34956940411611 344
1739556595389 25.276590113954107 345
1739556595398 25.20416759206644 346
1739556595408 25.132293551746663 347
1739556595418 25.060967093425514 348
1739556595427 24.990180020047315 349
1739556595436 24.919931503423843 350
1739556595446 24.850213434600207 351
1739556595455 24.781025055398313 352
1739556595464 24.71235834344197 353
1739556595474 24.644212609218403 354
1739556595483 24.576579915435403 355
1739556595493 24.50945963992626 356
1739556595502 24.442843929014938 357
1739556595512 24.37673222658666 358
1739556595522 24.311116761140145 359
1739556595532 24.245997041342996 360
1739556595542 24.181365376453172 361
1739556595551 24.11722133867531 362
1739556595561 24.05355731663652 363
1739556595570 23.990372944856816 364
1739556595580 23.927660689967283 365
1739556595589 23.86542024760492 366
1739556595598 23.803644161064188 367
1739556595608 23.742332185923456 368
1739556595617 23.681476940823952 369
1739556595627 23.62107824013221 370
1739556595636 23.561128776543285 371
1739556595645 23.501628422080586 372
1739556595655 23.442569942223173 373
1739556595664 23.383953265541653 374
1739556595673 23.325771229052034 375
1739556595682 23.268023816783515 376
1739556595691 23.210703936064323 377
1739556595700 23.153811625314418 378
1739556595710 23.097339860971445 379
1739556595719 23.04128873479859 380
1739556595729 22.98565129116164 381
1739556595738 22.930427674139462 382
1739556595748 22.87561099486583 383
1739556595757 22.82120144872729 384
1739556595766 22.76719221248619 385
1739556595776 22.713583531847963 386
1739556595785 22.660368648084457 387
1739556595795 22.607547856250093 388
1739556595805 22.555114461027138 389
1739556595814 22.503068805867507 390
1739556595823 22.451406003305085 391
1739556595832 22.40012120395324 392
1739556595842 22.349214822150817 393
1739556595852 22.298680316390122 394
1739556595861 22.2485181471074 395
1739556595871 22.198721832510817 396
1739556595880 22.149291878244515 397
1739556595889 22.10022186121892 398
1739556595899 22.05151233141358 399
1739556595908 22.00315692344563 400
1739556595917 21.955156230774133 401
1739556595927 21.90750394474512 402
1739556595936 21.86020070145759 403
1739556595945 21.813240248026094 404
1739556595955 21.766623262366004 405
1739556595964 21.720343546417016 406
1739556595973 21.67440181910304 407
1739556595983 21.628791936262367 408
1739556595992 21.583514657035014 409
1739556596001 21.538563890247744 410
1739556596011 21.493940434479352 411
1739556596020 21.449638250651144 412
1739556596032 21.405658176018182 413
1739556596041 21.361994222718252 414
1739556596050 21.318647265934757 415
1739556596060 21.27561136815942 416
1739556596070 21.232887441770337 417
1739556596079 21.190469598765954 418
1739556596088 21.14835878799938 419
1739556596097 21.106549170143584 420
1739556596106 21.065041729820788 421
1739556596115 21.02383067556101 422
1739556596125 20.98291702706311 423
1739556596134 20.94229503991115 424
1739556596144 20.901965768201435 425
1739556596154 20.861923513783285 426
1739556596164 20.82216936448415 427
1739556596174 20.78269766764377 428
1739556596183 20.743509544167228 429
1739556596192 20.704599386123505 430
1739556596201 20.66596834685429 431
1739556596211 20.62761086241008 432
1739556596220 20.589528117940358 433
1739556596229 20.55171459274262 434
1739556596239 20.514171503157357 435
1739556596248 20.47689337100752 436
1739556596257 20.439881443219583 437
1739556596266 20.4031302834331 438
1739556596276 20.366641168567114 439
1739556596285 20.330408703381426 440
1739556596294 20.29443419420553 441
1739556596303 20.2587122862354 442
1739556596313 20.223244314640024 443
1739556596322 20.18802496437948 444
1739556596332 20.153055598902185 445
1739556596341 20.118330942272095 446
1739556596350 20.083852385667726 447
1739556596359 20.049614691608294 448
1739556596369 20.015619278463554 449
1739556596378 19.981862600746872 450
1739556596387 19.948341137651045 451
1739556596396 19.91505634738002 452
1739556596406 19.882003085792295 453
1739556596415 19.849182836980578 454
1739556596424 19.81659049307687 455
1739556596434 19.78422756355904 456
1739556596443 19.752088976233633 457
1739556596452 19.720176265469693 458
1739556596462 19.68848439415986 459
1739556596471 19.657014921079814 460
1739556596480 19.625762843630124 461
1739556596490 19.594729744517874 462
1739556596499 19.563910655083525 463
1739556596508 19.5333071814994 464
1739556596517 19.50291438848775 465
1739556596526 19.472733905228907 466
1739556596535 19.442760829278548 467
1739556596545 19.412996812376548 468
1739556596554 19.383436984373255 469
1739556596563 19.354083019128186 470
1739556596572 19.32493007825697 471
1739556596582 19.295979857307334 472
1739556596592 19.267227549140028 473
1739556596602 19.238674870567802 474
1739556596611 19.21031704518548 475
1739556596620 19.182155810655726 476
1739556596629 19.15418642080526 477
1739556596639 19.126410633739546 478
1739556596649 19.098823733023764 479
1739556596658 19.07142749680685 480
1739556596668 19.044217237907613 481
1739556596677 19.017194754126795 482
1739556596686 18.990355387060376 483
1739556596695 18.963700953776762 484
1739556596704 18.937226824180993 485
1739556596713 18.910934834232325 486
1739556596722 18.884820381684822 487
1739556596731 18.858885321019052 488
1739556596741 18.83312507738607 489
1739556596750 18.80754152342525 490
1739556596760 18.782130111240438 491
1739556596769 18.756892731274338 492
1739556596779 18.731824862147068 493
1739556596788 18.706928411755936 494
1739556596797 18.682198884808386 495
1739556596807 18.657638206314342 496
1739556596816 18.63324190664706 497
1739556596825 18.609011927593606 498
1739556596834 18.584943824778808 499
