1739555352475 131.1241892530589 0
1739555352519 100.79374227119558 1
1739555352563 78.63805911799477 2
1739555352606 64.2359452843769 3
1739555352649 66.41691567443712 4
1739555352693 20.986233468358062 5
1739555352737 21.286229771791024 6
1739555352779 16.78678259425745 7
1739555352823 67.91782715665832 8
1739555352865 33.60105400319511 9
1739555352908 2.5433352242998573 10
1739555352955 62.058648456281105 11
1739555353000 9.79354718462695 12
1739555353043 64.19792989926908 13
1739555353087 1.172138862395977 14
1739555353130 27.87882378139591 15
1739555353173 23.6144771539669 16
1739555353216 51.914783412244866 17
1739555353259 5.3607853548788595 18
1739555353302 7.86570615652715 19
1739555353345 6.112243675687062 20
1739555353388 0.04131946598013676 21
1739555353431 0.002789247928453756 22
1739555353474 5.205751238785862 23
1739555353517 2.057398305268995 24
1739555353560 45.660488576373616 25
1739555353603 62.18141700399092 26
1739555353646 9.208918458827 27
1739555353690 14.950213023707633 28
1739555353734 26.912669208583637 29
1739555353777 105.63373465014851 30
1739555353821 0.7533699223269933 31
1739555353864 0.868828686766074 32
1739555353939 14.578573009243247 33
1739555353986 44.77369319428606 34
1739555354032 58.02728302050048 35
1739555354076 28.09956700572063 36
1739555354120 0.4756932264295002 37
1739555354164 0.03050226078698734 38
1739555354207 3.833213719086323 39
1739555354251 3.6363409231422548 40
1739555354294 11.409888094732338 41
1739555354337 12.539377074043966 42
1739555354380 10.336019852482046 43
1739555354424 2.615606381333389 44
1739555354466 12.70685128979097 45
1739555354510 16.523523920712744 46
1739555354552 14.788403746763505 47
1739555354592 40.48636005248653 48
1739555354634 0.02345393231172228 49
1739555354675 2.264121866063917 50
1739555354717 31.68269989293275 51
1739555354759 0.03915321991902946 52
1739555354799 5.739441236176301 53
1739555354841 0.0006716537897663569 54
1739555354883 16.436862510602165 55
1739555354925 0.0781989424388035 56
1739555354966 5.590983102860538 57
