1739558309649 168.82021741169405 0
1739558309659 168.61705923885947 1
1739558309668 168.45043073827924 2
1739558309677 168.28394980033502 3
1739558309687 168.1176343546628 4
1739558309696 167.95148422776953 5
1739558309704 167.78549925532982 6
1739558309712 167.61967927317716 7
1739558309720 167.45402411730828 8
1739558309729 167.28853362388278 9
1739558309737 167.12320762922332 10
1739558309745 166.95804596981512 11
1739558309753 166.79304848230603 12
1739558309762 166.62821500350614 13
1739558309771 166.4635453703879 14
1739558309779 166.2990394200857 15
1739558309788 166.13469698989596 16
1739558309848 165.97051791727665 17
1739558309857 165.80650203984743 18
1739558309865 165.64264919538937 19
1739558309873 165.47895922184475 20
1739558309882 165.31543195731686 21
1739558309890 165.15206724007015 22
1739558309898 164.98886490852965 23
1739558309906 164.82582480128096 24
1739558309915 164.66294675707027 25
1739558309923 164.50023061480402 26
1739558309931 164.33767621354875 27
1739558309940 164.175283392531 28
1739558309948 164.01305199113702 29
1739558309956 163.85098184891288 30
1739558309964 163.68907280556402 31
1739558309973 163.5273247009553 32
1739558309981 163.36573737511065 33
1739558309989 163.20431066821317 34
1739558309997 163.0430444206046 35
1739558310006 162.88193847278566 36
1739558310014 162.72099266541542 37
1739558310022 162.5602068393113 38
1739558310030 162.39958083544917 39
1739558310038 162.23911449496282 40
1739558310047 162.07880765914388 41
1739558310055 161.91866016944198 42
1739558310063 161.75867186746416 43
1739558310071 161.59884259497483 44
1739558310081 161.43917219389598 45
1739558310089 161.2796605063065 46
1739558310097 161.12030737444235 47
1739558310105 160.96111264069626 48
1739558310114 160.80207614761764 49
1739558310122 160.64319773791246 50
1739558310130 160.48447725444294 51
1739558310138 160.3259145402276 52
1739558310147 160.16750943844093 53
1739558310155 160.0092617924134 54
1739558310163 159.85117144563105 55
1739558310172 159.69323824173568 56
1739558310180 159.53546202452446 57
1739558310188 159.3778426379497 58
1739558310197 159.22037992611897 59
1739558310206 159.06307373329474 60
1739558310214 158.90592390389438 61
1739558310222 158.7489302824897 62
1739558310230 158.59209271380726 63
1739558310239 158.43541104272776 64
1739558310247 158.2788851142862 65
1739558310255 158.12251477367164 66
1739558310264 157.96629986622693 67
1739558310272 157.8102402374487 68
1739558310280 157.65433573298722 69
1739558310288 157.49858619864602 70
1739558310296 157.3429914803821 71
1739558310304 157.18755142430547 72
1739558310312 157.03226587667913 73
1739558310321 156.87713468391888 74
1739558310329 156.72215769259327 75
1739558310337 156.56733474942322 76
1739558310345 156.4126657012821 77
1739558310353 156.2581503951955 78
1739558310362 156.10378867834112 79
1739558310370 155.94958039804837 80
1739558310378 155.79552540179867 81
1739558310387 155.6416235372248 82
1739558310395 155.48787465211123 83
1739558310403 155.33427859439357 84
1739558310411 155.18083521215866 85
1739558310419 155.02754435364426 86
1739558310427 154.87440586723912 87
1739558310436 154.7214196014826 88
1739558310445 154.56858540506462 89
1739558310453 154.41590312682553 90
1739558310461 154.26337261575597 91
1739558310469 154.11099372099656 92
1739558310478 153.95876629183803 93
1739558310486 153.8066901777208 94
1739558310494 153.65476522823505 95
1739558310502 153.5029912931204 96
1739558310516 153.3513682222658 97
1739558310524 153.19989586570952 98
1739558310533 153.04857407363875 99
1739558310541 152.89740269638978 100
1739558310549 152.7463815844476 101
1739558310557 152.59551058844565 102
1739558310565 152.44478955916608 103
1739558310574 152.2942183475393 104
1739558310582 152.14379680464376 105
1739558310591 151.99352478170613 106
1739558310599 151.8434021301009 107
1739558310608 151.6934287013502 108
1739558310616 151.54360434712387 109
1739558310626 151.39392891923922 110
1739558310635 151.24440226966064 111
1739558310643 151.09502425049996 112
1739558310651 150.94579471401576 113
1739558310660 150.79671351261368 114
1739558310668 150.64778049884592 115
1739558310677 150.49899552541132 116
1739558310685 150.35035844515514 117
1739558310693 150.20186911106896 118
1739558310701 150.05352737629028 119
1739558310710 149.90533309410284 120
1739558310718 149.7572861179361 121
1739558310726 149.60938630136525 122
1739558310735 149.46163349811093 123
1739558310743 149.31402756203929 124
1739558310751 149.16656834716179 125
1739558310759 149.0192557076348 126
1739558310767 148.8720894977599 127
1739558310775 148.7250695719833 128
1739558310784 148.578195784896 129
1739558310792 148.43146799123352 130
1739558310802 148.2848860458758 131
1739558310811 148.13844980384695 132
1739558310819 147.9921591203153 133
1739558310828 147.846013850593 134
1739558310836 147.70001385013626 135
1739558310844 147.55415897454463 136
1739558310853 147.4084490795615 137
1739558310862 147.26288402107352 138
1739558310871 147.1174636551106 139
1739558310880 146.9721878378458 140
1739558310888 146.82705642559506 141
1739558310896 146.68206927481728 142
1739558310905 146.53722624211392 143
1739558310913 146.39252718422895 144
1739558310922 146.24797195804894 145
1739558310930 146.10356042060255 146
1739558310938 145.95929242906053 147
1739558310946 145.81516784073574 148
1739558310954 145.67118651308277 149
1739558310963 145.52734830369795 150
1739558310971 145.3836530703192 151
1739558310980 145.2401006708257 152
1739558310988 145.09669096323807 153
1739558310997 144.95342380571802 154
1739558311005 144.8102990565681 155
1739558311014 144.667316574232 156
1739558311022 144.52447621729382 157
1739558311030 144.3817778444784 158
1739558311040 144.23922131465093 159
1739558311050 144.09680648681703 160
1739558311058 143.9545332201223 161
1739558311067 143.81240137385242 162
1739558311077 143.670410807433 163
1739558311085 143.5285613804293 164
1739558311093 143.3868529525462 165
1739558311102 143.245285383628 166
1739558311111 143.10385853365847 167
1739558311120 142.96257226276026 168
1739558311128 142.82142643119545 169
1739558311137 142.68042089936475 170
1739558311147 142.53955552780766 171
1739558311156 142.39883017720237 172
1739558311164 142.2582447083656 173
1739558311172 142.1177989822523 174
1739558311181 141.97749285995567 175
1739558311189 141.83732620270703 176
1739558311197 141.69729887187572 177
1739558311205 141.5574107289686 178
1739558311213 141.41766163563048 179
1739558311222 141.27805145364357 180
1739558311230 141.13858004492752 181
1739558311238 140.99924727153916 182
1739558311246 140.8600529956725 183
1739558311254 140.7209970796585 184
1739558311262 140.58207938596505 185
1739558311270 140.44329977719664 186
1739558311278 140.30465811609432 187
1739558311286 140.1661542655357 188
1739558311294 140.0277880885346 189
1739558311303 139.88955944824107 190
1739558311311 139.75146820794112 191
1739558311320 139.61351423105666 192
1739558311328 139.47569738114544 193
1739558311336 139.33801752190078 194
1739558311344 139.20047451715146 195
1739558311353 139.0630682308617 196
1739558311361 138.92579852713087 197
1739558311369 138.78866527019346 198
1739558311378 138.65166832441892 199
1739558311386 138.5148075543115 200
1739558311394 138.37808282451013 201
1739558311402 138.2414939997883 202
1739558311411 138.10504094505396 203
1739558311419 137.96872352534928 204
1739558311428 137.83254160585057 205
1739558311436 137.69649505186828 206
1739558311447 137.56058372884655 207
1739558311455 137.42480750236348 208
1739558311464 137.2891662381306 209
1739558311472 137.1536598019931 210
1739558311480 137.01828805992935 211
1739558311489 136.88305087805105 212
1739558311497 136.747948122603 213
1739558311506 136.61297965996286 214
1739558311514 136.4781453566412 215
1739558311527 136.3434450792812 216
1739558311535 136.20887869465875 217
1739558311548 136.07444606968198 218
1739558311556 135.94014707139144 219
1739558311565 135.8059815669598 220
1739558311573 135.67194942369173 221
1739558311582 135.53805050902392 222
1739558311590 135.40428469052466 223
1739558311598 135.27065183589406 224
1739558311606 135.13715181296357 225
1739558311615 135.00378448969613 226
1739558311624 134.87054973418591 227
1739558311632 134.73744741465816 228
1739558311641 134.60447739946915 229
1739558311649 134.471639557106 230
1739558311657 134.33893375618652 231
1739558311665 134.20635986545918 232
1739558311674 134.07391775380285 233
1739558311682 133.94160729022678 234
1739558311690 133.80942834387045 235
1739558311700 133.67738078400333 236
1739558311712 133.54546448002492 237
1739558311721 133.41367930146453 238
1739558311731 133.2820251179811 239
1739558311740 133.1505017993632 240
1739558311748 133.01910921552886 241
1739558311756 132.88784723652526 242
1739558311765 132.7567157325289 243
1739558311773 132.62571457384527 244
1739558311781 132.49484363090883 245
1739558311789 132.36410277428277 246
1739558311797 132.23349187465897 247
1739558311806 132.1030108028578 248
1739558311814 131.97265942982813 249
1739558311822 131.842437626647 250
1739558311830 131.71234526451974 251
1739558311838 131.58238221477953 252
1739558311847 131.4525483488876 253
1739558311855 131.32284353843286 254
1739558311863 131.1932676551319 255
1739558311871 131.06382057082885 256
1739558311879 130.93450215749513 257
1739558311887 130.80531228722953 258
1739558311895 130.67625083225792 259
1739558311903 130.54731766493322 260
1739558311912 130.4185126577352 261
1739558311921 130.28983568327038 262
1739558311929 130.16128661427192 263
1739558311937 130.03286532359954 264
1739558311945 129.90457168423924 265
1739558311954 129.77640556930336 266
1739558311962 129.6483668520303 267
1739558311971 129.5204554057846 268
1739558311980 129.39267110405646 269
1739558311988 129.265013820462 270
1739558311996 129.1374834287429 271
1739558312004 129.0100798027664 272
1739558312013 128.88280281652504 273
1739558312021 128.7556523441367 274
1739558312029 128.62862825984428 275
1739558312038 128.50173043801578 276
1739558312046 128.37495875314409 277
1739558312055 128.24831307984672 278
1739558312063 128.121793292866 279
1739558312071 127.9953992670686 280
1739558312079 127.8691308774457 281
1739558312088 127.74298799911269 282
1739558312096 127.61697050730909 283
1739558312104 127.4910782773984 284
1739558312112 127.36531118486812 285
1739558312120 127.23966910532943 286
1739558312128 127.11415191451715 287
1739558312136 126.98875948828967 288
1739558312145 126.86349170262878 289
1739558312153 126.73834843363947 290
1739558312161 126.61332955754999 291
1739558312169 126.48843495071152 292
1739558312177 126.36366448959828 293
1739558312186 126.23901805080708 294
1739558312194 126.11449551105761 295
1739558312202 125.99009674719193 296
1739558312210 125.86582163617466 297
1739558312219 125.7416700550926 298
1739558312228 125.61764188115481 299
1739558312236 125.49373699169237 300
1739558312244 125.36995526415832 301
1739558312252 125.24629657612746 302
1739558312261 125.12276080529635 303
1739558312269 124.9993478294831 304
1739558312283 124.87605752662722 305
1739558312302 124.75288977478962 306
1739558312313 124.62984445215241 307
1739558312321 124.50692143701878 308
1739558312330 124.3841206078128 309
1739558312338 124.26144184307958 310
1739558312347 124.13888502148477 311
1739558312355 124.01645002181473 312
1739558312363 123.8941367229763 313
1739558312371 123.77194500399666 314
1739558312380 123.64987474402325 315
1739558312388 123.52792582232365 316
1739558312398 123.40609811828543 317
1739558312407 123.28439151141609 318
1739558312415 123.16280588134286 319
1739558312424 123.04134110781263 320
1739558312432 122.91999707069186 321
1739558312440 122.79877364996638 322
1739558312448 122.67767072574134 323
1739558312457 122.55668817824102 324
1739558312465 122.43582588780886 325
1739558312473 122.31508373490716 326
1739558312482 122.19446160011707 327
1739558312490 122.07395936413845 328
1739558312499 121.9535769077897 329
1739558312507 121.83331411200771 330
1739558312515 121.7131708578478 331
1739558312527 121.59314702648342 332
1739558312535 121.47324249920617 333
1739558312543 121.35345715742568 334
1739558312551 121.2337908826694 335
1739558312560 121.11424355658257 336
1739558312568 120.99481506092812 337
1739558312577 120.87550527758648 338
1739558312585 120.75631408855546 339
1739558312593 120.63724137595018 340
1739558312602 120.51828702200298 341
1739558312610 120.39945090906323 342
1739558312619 120.28073291959724 343
1739558312627 120.16213293618819 344
1739558312636 120.04365084153591 345
1739558312644 119.9252865184569 346
1739558312652 119.80703984988409 347
1739558312660 119.68891071886682 348
1739558312668 119.5708990085706 349
1739558312677 119.45300460227725 350
1739558312685 119.33522738338434 351
1739558312693 119.2175672354056 352
1739558312702 119.10002404197043 353
1739558312711 118.9825976868239 354
1739558312719 118.86528805382669 355
1739558312728 118.74809502695486 356
1739558312736 118.63101849029984 357
1739558312744 118.5140583280683 358
1739558312752 118.39721442458197 359
1739558312761 118.28048666427759 360
1739558312769 118.16387493170672 361
1739558312777 118.04737911153575 362
1739558312786 117.93099908854568 363
1739558312794 117.81473474763203 364
1739558312802 117.69858597380475 365
1739558312811 117.5825526521881 366
1739558312818 117.46663466802052 367
1739558312827 117.35083190665449 368
1739558312838 117.23514425355653 369
1739558312847 117.1195715943069 370
1739558312856 117.00411381459973 371
1739558312865 116.88877080024268 372
1739558312873 116.77354243715692 373
1739558312881 116.65842861137705 374
1739558312890 116.54342920905093 375
1739558312898 116.42854411643962 376
1739558312907 116.3137732199172 377
1739558312916 116.19911640597074 378
1739558312926 116.08457356120009 379
1739558312935 115.97014457231786 380
1739558312946 115.85582932614926 381
1739558312954 115.74162770963204 382
1739558312963 115.62753960981627 383
1739558312971 115.51356491386429 384
1739558312979 115.39970350905065 385
1739558312988 115.28595528276195 386
1739558312996 115.17232012249669 387
1739558313004 115.05879791586526 388
1739558313012 114.94538855058968 389
1739558313021 114.83209191450366 390
1739558313029 114.71890789555236 391
1739558313037 114.60583638179233 392
1739558313046 114.4928772613914 393
1739558313054 114.3800304226286 394
1739558313062 114.2672957538939 395
1739558313070 114.15467314368834 396
1739558313078 114.04216248062374 397
1739558313086 113.92976365342265 398
1739558313094 113.81747655091819 399
1739558313102 113.70530106205403 400
1739558313110 113.5932370758842 401
1739558313118 113.48128448157307 402
1739558313126 113.36944316839511 403
1739558313134 113.25771302573489 404
1739558313143 113.14609394308694 405
1739558313151 113.03458581005562 406
1739558313161 112.92318851635505 407
1739558313170 112.8119019518089 408
1739558313179 112.70072600635048 409
1739558313187 112.58966057002237 410
1739558313196 112.47870553297659 411
1739558313204 112.36786078547422 412
1739558313213 112.25712621788551 413
1739558313221 112.14650172068968 414
1739558313229 112.03598718447478 415
1739558313237 111.92558249993762 416
1739558313246 111.81528755788368 417
1739558313254 111.70510224922695 418
1739558313262 111.59502646498991 419
1739558313270 111.4850600963033 420
1739558313278 111.37520303440613 421
1739558313286 111.26545517064547 422
1739558313295 111.15581639647647 423
1739558313303 111.04628660346211 424
1739558313311 110.93686568327314 425
1739558313319 110.8275535276881 426
1739558313327 110.71835002859295 427
1739558313336 110.60925507798126 428
1739558313344 110.50026856795387 429
1739558313352 110.39139039071891 430
1739558313360 110.28262043859165 431
1739558313369 110.17395860399441 432
1739558313377 110.06540477945641 433
1739558313385 109.95695885761376 434
1739558313394 109.84862073120924 435
1739558313403 109.74039029309223 436
1739558313411 109.63226743621868 437
1739558313419 109.52425205365091 438
1739558313428 109.41634403855754 439
1739558313436 109.30854328421341 440
1739558313444 109.20084968399938 441
1739558313452 109.09326313140235 442
1739558313461 108.98578352001508 443
1739558313469 108.87841074353607 444
1739558313477 108.77114469576956 445
1739558313486 108.66398527062529 446
1739558313494 108.55693236211846 447
1739558313502 108.44998586436964 448
1739558313510 108.34314567160462 449
1739558313518 108.23641167815438 450
1739558313526 108.1297837784549 451
1739558313541 108.02326186704705 452
1739558313549 107.91684583857666 453
1739558313558 107.81053558779415 454
1739558313566 107.70433100955461 455
1739558313574 107.59823199881767 456
1739558313582 107.49223845064733 457
1739558313590 107.3863502602119 458
1739558313599 107.28056732278395 459
1739558313607 107.17488953374009 460
1739558313615 107.06931678856097 461
1739558313624 106.9638489828311 462
1739558313632 106.8584860122388 463
1739558313641 106.75322777257605 464
1739558313649 106.6480741597385 465
1739558313657 106.54302506972518 466
1739558313666 106.4380803986385 467
1739558313674 106.33324004268425 468
1739558313682 106.22850389817131 469
1739558313690 106.12387186151163 470
1739558313699 106.01934382922015 471
1739558313707 105.91491969791468 472
1739558313715 105.81059936431579 473
1739558313724 105.70638272524671 474
1739558313732 105.60226967763323 475
1739558313741 105.4982601185036 476
1739558313749 105.3943539449884 477
1739558313758 105.29055105432052 478
1739558313766 105.18685134383493 479
1739558313774 105.0832547109687 480
1739558313783 104.97976105326084 481
1739558313791 104.87637026835223 482
1739558313800 104.77308225398546 483
1739558313808 104.66989690800476 484
1739558313816 104.56681412835594 485
1739558313824 104.46383381308625 486
1739558313832 104.36095586034425 487
1739558313841 104.25818016837978 488
1739558313849 104.15550663554379 489
1739558313857 104.05293516028827 490
1739558313865 103.95046564116623 491
1739558313873 103.84809797683138 492
1739558313882 103.7458320660383 493
1739558313890 103.6436678076421 494
1739558313898 103.54160510059857 495
1739558313906 103.4396438439638 496
1739558313914 103.33778393689427 497
1739558313922 103.23602527864672 498
1739558313930 103.13436776857803 499
