1739616182579 168.8945785781991 0
1739616182602 168.55995724851684 1
1739616182616 168.22602082739138 2
1739616182629 167.89276789488494 3
1739616182642 167.5609311895965 4
1739616182655 167.22977293411788 5
1739616182667 166.8992917227349 6
1739616182680 166.56948615266634 7
1739616182692 166.2403548240573 8
1739616182705 165.91189633997345 9
1739616182717 165.5841093063945 10
1739616182729 165.25699233220857 11
1739616182743 164.9305440292057 12
1739616182756 164.604763012072 13
1739616182769 164.2796478983836 14
1739616182781 163.95519730860036 15
1739616182794 163.6314098660602 16
1739616182807 163.30828419697275 17
1739616182819 162.9858189304135 18
1739616182832 162.66401269831772 19
1739616182845 162.34286413547457 20
1739616182857 162.0223718795211 21
1739616182870 161.7025345709362 22
1739616182883 161.38335085303476 23
1739616182895 161.06481937196162 24
1739616182908 160.7469387766858 25
1739616182920 160.42970771899445 26
1739616182933 160.11312485348697 27
1739616182946 159.79718883756922 28
1739616182959 159.48189833144752 29
1739616182972 159.16725199812294 30
1739616182984 158.8532485033852 31
1739616182996 158.5398865158071 32
1739616183009 158.2271647067386 33
1739616183021 157.9150817503009 34
1739616183033 157.6036363233808 35
1739616183046 157.2928271056248 36
1739616183058 156.98265277943338 37
1739616183071 156.67311202995518 38
1739616183083 156.36420354508135 39
1739616183097 156.05592601543964 40
1739616183111 155.74827813438893 41
1739616183124 155.44125859801315 42
1739616183137 155.13486610511598 43
1739616183149 154.82909935721486 44
1739616183161 154.52395705853542 45
1739616183174 154.21943791600577 46
1739616183187 153.91554063925096 47
1739616183199 153.61226394058718 48
1739616183212 153.3096065350162 49
1739616183225 153.00756714021978 50
1739616183238 152.70614447655393 51
1739616183250 152.4053372670436 52
1739616183262 152.1051442373766 53
1739616183276 151.80556411589865 54
1739616183288 151.50659563360728 55
1739616183300 151.20823752414648 56
1739616183312 150.91048852380138 57
1739616183351 150.6133473714923 58
1739616183372 150.3168128087695 59
1739616183385 150.02088357980767 60
1739616183399 149.7255584314004 61
1739616183412 149.43083611295464 62
1739616183426 149.13671537648528 63
1739616183441 148.84319497660968 64
1739616183455 148.5502736705423 65
1739616183468 148.2579502180891 66
1739616183482 147.96622338164232 67
1739616183496 147.67509192617484 68
1739616183519 147.38455461923502 69
1739616183532 147.09461023094107 70
1739616183546 146.8052575339759 71
1739616183559 146.51649530358148 72
1739616183573 146.22832231755382 73
1739616183587 145.94073735623743 74
1739616183600 145.65373920251986 75
1739616183613 145.36732664182662 76
1739616183627 145.08149846211583 77
1739616183640 144.7962534538727 78
1739616183653 144.51159041010453 79
1739616183666 144.22750812633527 80
1739616183679 143.9440054006003 81
1739616183691 143.66108103344106 82
1739616183704 143.37873382790002 83
1739616183716 143.09696258951521 84
1739616183728 142.81576612631534 85
1739616183742 142.5351432488141 86
1739616183755 142.25509277000535 87
1739616183767 141.97561350535779 88
1739616183780 141.6967042728098 89
1739616183793 141.41836389276423 90
1739616183807 141.14059118808325 91
1739616183819 140.86338498408338 92
1739616183832 140.58674410853 93
1739616183845 140.3106673916325 94
1739616183858 140.0351536660392 95
1739616183870 139.76020176683198 96
1739616183882 139.48581053152142 97
1739616183896 139.21197880004163 98
1739616183911 138.93870541474521 99
1739616183924 138.66598922039813 100
1739616183937 138.39382906417472 101
1739616183949 138.12222379565267 102
1739616183962 137.85117226680794 103
1739616183974 137.5806733320097 104
1739616183988 137.31072584801544 105
1739616184000 137.0413286739659 106
1739616184013 136.77248067138012 107
1739616184026 136.50418070415037 108
1739616184039 136.23642763853732 109
1739616184051 135.96922034316495 110
1739616184063 135.70255768901575 111
1739616184077 135.43643854942565 112
1739616184089 135.1708618000791 113
1739616184102 134.90582631900432 114
1739616184114 134.64133098656814 115
1739616184132 134.3773746854714 116
1739616184153 134.11395630074378 117
1739616184172 133.85107471973916 118
1739616184193 133.58872883213056 119
1739616184215 133.32691752990542 120
1739616184241 133.0656397073607 121
1739616184260 132.80489426109813 122
1739616184276 132.54468009001923 123
1739616184292 132.28499609532068 124
1739616184308 132.02584118048935 125
1739616184324 131.7672142512976 126
1739616184340 131.50911421579846 127
1739616184355 131.25153998432094 128
1739616184369 130.99449046946523 129
1739616184386 130.7379645860978 130
1739616184401 130.4819612513469 131
1739616184415 130.22647938459764 132
1739616184430 129.97151790748728 133
1739616184454 129.71707574390078 134
1739616184469 129.46315181996565 135
1739616184483 129.20974506404764 136
1739616184497 128.9568544067459 137
1739616184511 128.70447878088828 138
1739616184525 128.45261712152674 139
1739616184539 128.20126836593263 140
1739616184553 127.95043145359212 141
1739616184567 127.70010532620147 142
1739616184580 127.45028892766254 143
1739616184594 127.20098120407802 144
1739616184607 126.95218110374692 145
1739616184620 126.70388757716003 146
1739616184634 126.45609957699513 147
1739616184647 126.20881605811262 148
1739616184661 125.96203597755088 149
1739616184674 125.71575829452169 150
1739616184687 125.4699819704057 151
1739616184699 125.22470596874791 152
1739616184712 124.9799292552531 153
1739616184724 124.73565079778135 154
1739616184736 124.49186956634352 155
1739616184749 124.24858453309675 156
1739616184761 124.00579467233996 157
1739616184773 123.76349896050935 158
1739616184785 123.52169637617399 159
1739616184798 123.2803859000313 160
1739616184811 123.03956651490263 161
1739616184823 122.79923720572882 162
1739616184836 122.55939695956567 163
1739616184848 122.32004476557968 164
1739616184860 122.08117961504357 165
1739616184874 121.84280050133168 166
1739616184886 121.60490641991596 167
1739616184898 121.36749636836123 168
1739616184911 121.13056934632098 169
1739616184924 120.89412435553297 170
1739616184936 120.65816039981482 171
1739616184950 120.42267648505968 172
1739616184962 120.187671619232 173
1739616184974 119.953144812363 174
1739616184986 119.71909507654652 175
1739616184999 119.48552142593455 176
1739616185012 119.25242287673302 177
1739616185024 119.01979844719759 178
1739616185038 118.78764715762911 179
1739616185050 118.55596803036961 180
1739616185062 118.32476008979783 181
1739616185076 118.09402236232512 182
1739616185089 117.863753876391 183
1739616185100 117.6339536624591 184
1739616185113 117.40462075301281 185
1739616185126 117.17575418255116 186
1739616185138 116.9473529875845 187
1739616185150 116.71941620663024 188
1739616185162 116.49194288020888 189
1739616185175 116.26493205083963 190
1739616185187 116.03838276303622 191
1739616185199 115.81229406330287 192
1739616185213 115.58666500013003 193
1739616185226 115.36149462399014 194
1739616185238 115.13678198733373 195
1739616185252 114.91252614458504 196
1739616185264 114.688726152138 197
1739616185276 114.46538106835209 198
1739616185290 114.24248995354824 199
1739616185301 114.0200518700047 200
1739616185314 113.79806588195302 201
1739616185327 113.57653105557387 202
1739616185340 113.35544645899297 203
1739616185362 113.13481116227709 204
1739616185376 112.91462423742998 205
1739616185389 112.6948847583882 206
1739616185402 112.47559180101726 207
1739616185414 112.25674444310745 208
1739616185426 112.03834176436983 209
1739616185439 111.82038284643231 210
1739616185452 111.6028667728355 211
1739616185464 111.38579262902881 212
1739616185477 111.16915950236641 213
1739616185489 110.95296648210326 214
1739616185500 110.73721265939116 215
1739616185513 110.52189712727474 216
1739616185525 110.30701898068746 217
1739616185538 110.09257731644784 218
1739616185550 109.8785712332553 219
1739616185562 109.6649998316863 220
1739616185574 109.45186221419054 221
1739616185588 109.23915748508682 222
1739616185600 109.02688475055932 223
1739616185613 108.81504311865356 224
1739616185626 108.60363169927267 225
1739616185639 108.39264960417327 226
1739616185651 108.18209594696184 227
1739616185663 107.9719698430907 228
1739616185676 107.76227040985414 229
1739616185689 107.55299676638468 230
1739616185701 107.34414803364918 231
1739616185714 107.13572333444489 232
1739616185726 106.92772179339579 233
1739616185739 106.72014253694866 234
1739616185751 106.5129846933693 235
1739616185763 106.30624739273874 236
1739616185776 106.09992976694949 237
1739616185789 105.89403094970154 238
1739616185801 105.68855007649888 239
1739616185813 105.48348628464552 240
1739616185826 105.27883871324177 241
1739616185840 105.0746065031805 242
1739616185852 104.8707887971434 243
1739616185864 104.66738473959727 244
1739616185877 104.46439347679012 245
1739616185888 104.2618141567477 246
1739616185901 104.05964592926956 247
1739616185913 103.85788794592551 248
1739616185925 103.65653936005177 249
1739616185938 103.45559932674732 250
1739616185950 103.2550670028703 251
1739616185962 103.0549415470343 252
1739616185974 102.85522211960452 253
1739616185987 102.6559078826944 254
1739616186000 102.45699800016166 255
1739616186014 102.25849163760495 256
1739616186027 102.0603879623599 257
1739616186040 101.86268614349574 258
1739616186052 101.66538535181161 259
1739616186064 101.46848475983279 260
1739616186077 101.27198354180734 261
1739616186090 101.07588087370227 262
1739616186102 100.88017593320014 263
1739616186115 100.68486789969529 264
1739616186127 100.4899559542904 265
1739616186140 100.2954392797928 266
1739616186153 100.10131706071108 267
1739616186166 99.90758848325133 268
1739616186178 99.71425273531368 269
1739616186191 99.5213090064888 270
1739616186203 99.32875648805432 271
1739616186215 99.13659437297129 272
1739616186228 98.94482185588069 273
1739616186242 98.75343813309989 274
1739616186255 98.56244240261915 275
1739616186268 98.37183386409818 276
1739616186280 98.18161171886251 277
1739616186293 97.99177516990018 278
1739616186314 97.80232342185812 279
1739616186328 97.61325568103875 280
1739616186341 97.42457115539655 281
1739616186358 97.23626905453452 282
1739616186372 97.04834858970075 283
1739616186388 96.86080897378508 284
1739616186406 96.67364942131553 285
1739616186422 96.486869148455 286
1739616186438 96.3004673729977 287
1739616186454 96.1144433143659 288
1739616186476 95.92879619360642 289
1739616186495 95.74352523338727 290
1739616186515 95.55862965799425 291
1739616186533 95.37410869332761 292
1739616186548 95.1899615668986 293
1739616186568 95.00618750782616 294
1739616186589 94.82278574683349 295
1739616186606 94.63975551624482 296
1739616186628 94.45709604998191 297
1739616186647 94.27480658356087 298
1739616186670 94.09288635408865 299
1739616186687 93.91133460025983 300
1739616186710 93.73015056235334 301
1739616186728 93.549333482229 302
1739616186746 93.36888260332435 303
1739616186763 93.18879717065127 304
1739616186780 93.00907643079275 305
1739616186797 92.82971963189952 306
1739616186816 92.65072602368686 307
1739616186836 92.47209485743127 308
1739616186854 92.29382538596728 309
1739616186872 92.11591686368408 310
1739616186889 91.93836854652236 311
1739616186907 91.76117969197105 312
1739616186925 91.58434955906404 313
1739616186953 91.40787740837699 314
1739616186970 91.23176250202408 315
1739616186986 91.05600410365487 316
1739616187004 90.88060147845097 317
1739616187022 90.7055538931229 318
1739616187040 90.5308606159069 319
1739616187063 90.35652091656178 320
1739616187081 90.18253406636559 321
1739616187098 90.00889933811263 322
1739616187116 89.83561600611011 323
1739616187135 89.66268334617513 324
1739616187152 89.49010063563145 325
1739616187173 89.31786715330635 326
1739616187190 89.14598217952748 327
1739616187210 88.97444499611969 328
1739616187229 88.80325488640206 329
1739616187246 88.63241113518448 330
1739616187264 88.4619130287649 331
1739616187281 88.2917598549259 332
1739616187312 88.12195090293179 333
1739616187330 87.95248546352536 334
1739616187350 87.78336282892491 335
1739616187368 87.61458229282121 336
1739616187391 87.44614315037417 337
1739616187409 87.27804469821007 338
1739616187427 87.11028623441827 339
1739616187446 86.94286705854826 340
1739616187467 86.77578647160665 341
1739616187487 86.609043776054 342
1739616187507 86.44263827580183 343
1739616187523 86.27656927620964 344
1739616187539 86.11083608408185 345
1739616187554 85.94543800766473 346
1739616187568 85.78037435664345 347
1739616187583 85.61564444213903 348
1739616187598 85.45124757670537 349
1739616187613 85.28718307432628 350
1739616187628 85.12345025041239 351
1739616187642 84.96004842179829 352
1739616187657 84.79697690673945 353
1739616187669 84.63423502490932 354
1739616187683 84.47182209739631 355
1739616187696 84.30973744670094 356
1739616187709 84.14798039673269 357
1739616187723 83.98655027280729 358
1739616187736 83.8254464016436 359
1739616187750 83.66466811136078 360
1739616187764 83.5042147314753 361
1739616187777 83.34408559289808 362
1739616187790 83.18428002793146 363
1739616187804 83.0247973702665 364
1739616187816 82.86563695497983 365
1739616187829 82.706798118531 366
1739616187842 82.5482801987593 367
1739616187854 82.3900825348812 368
1739616187866 82.2322044674872 369
1739616187880 82.07464533853911 370
1739616187892 81.9174044913672 371
1739616187904 81.76048127066717 372
1739616187916 81.60387502249749 373
1739616187929 81.44758509427646 374
1739616187942 81.29161083477936 375
1739616187955 81.13595159413563 376
1739616187967 80.98060672382607 377
1739616187980 80.82557557667994 378
1739616187992 80.67085750687224 379
1739616188005 80.51645186992083 380
1739616188017 80.36235802268361 381
1739616188030 80.20857532335582 382
1739616188043 80.05510313146708 383
1739616188056 79.90194080787879 384
1739616188068 79.74908771478117 385
1739616188080 79.59654321569063 386
1739616188094 79.44430667544688 387
1739616188106 79.29237746021029 388
1739616188119 79.14075493745898 389
1739616188133 78.98943847598618 390
1739616188146 78.83842744589744 391
1739616188160 78.6877212186079 392
1739616188174 78.53731916683952 393
1739616188187 78.38722066461843 394
1739616188199 78.23742508727209 395
1739616188212 78.08793181142667 396
1739616188225 77.93874021500423 397
1739616188239 77.7898496772202 398
1739616188251 77.64125957858045 399
1739616188264 77.49296930087868 400
1739616188286 77.34497822719388 401
1739616188299 77.19728574188737 402
1739616188312 77.04989123060034 403
1739616188324 76.90279408025104 404
1739616188337 76.75599367903224 405
1739616188350 76.60948941640841 406
1739616188363 76.46328068311325 407
1739616188375 76.3173668711468 408
1739616188388 76.17174737377307 409
1739616188402 76.02642158551714 410
1739616188414 75.88138890216273 411
1739616188427 75.73664872074941 412
1739616188439 75.59220043957006 413
1739616188451 75.4480434581683 414
1739616188464 75.30417717733577 415
1739616188476 75.16060099910955 416
1739616188490 75.01731432676958 417
1739616188505 74.87431656483608 418
1739616188522 74.73160711906691 419
1739616188538 74.58918539645505 420
1739616188558 74.44705080522593 421
1739616188574 74.30520275483494 422
1739616188604 74.16364065596478 423
1739616188619 74.02236392052299 424
1739616188633 73.88137196163929 425
1739616188649 73.74066419366312 426
1739616188668 73.60024003216103 427
1739616188687 73.46009889391414 428
1739616188702 73.32024019691562 429
1739616188718 73.18066336036819 430
1739616188736 73.0413678046815 431
1739616188752 72.90235295146968 432
1739616188768 72.76361822354887 433
1739616188796 72.62516304493454 434
1739616188820 72.48698684083915 435
1739616188837 72.34908903766966 436
1739616188853 72.2114690630248 437
1739616188873 72.07412634569286 438
1739616188891 71.93706031564906 439
1739616188909 71.80027040405312 440
1739616188924 71.66375604324674 441
1739616188939 71.52751666675113 442
1739616188955 71.39155170926462 443
1739616188969 71.25586060666011 444
1739616188984 71.12044279598268 445
1739616188999 70.98529771544715 446
1739616189014 70.8504248044355 447
1739616189032 70.71582350349466 448
1739616189046 70.58149325433385 449
1739616189061 70.4474334998223 450
1739616189076 70.31364368398681 451
1739616189090 70.18012325200922 452
1739616189103 70.04687165022416 453
1739616189117 69.91388832611652 454
1739616189130 69.78117272831905 455
1739616189144 69.64872430661009 456
1739616189157 69.51654251191103 457
1739616189171 69.38462679628394 458
1739616189184 69.25297661292929 459
1739616189197 69.12159141618349 460
1739616189211 68.99047066151654 461
1739616189225 68.85961380552962 462
1739616189245 68.72902030595279 463
1739616189261 68.59868962164258 464
1739616189274 68.4686212125797 465
1739616189288 68.33881453986663 466
1739616189301 68.20926906572531 467
1739616189314 68.07998425349473 468
1739616189328 67.95095956762876 469
1739616189341 67.82219447369364 470
1739616189354 67.69368843836575 471
1739616189367 67.56544092942931 472
1739616189379 67.43745141577398 473
1739616189392 67.30971936739263 474
1739616189404 67.182244255379 475
1739616189416 67.05502555192544 476
1739616189428 66.9280627303205 477
1739616189441 66.80135526494684 478
1739616189453 66.67490263127868 479
1739616189467 66.54870430587984 480
1739616189480 66.42275976640116 481
1739616189492 66.2970684915784 482
1739616189505 66.17162996122994 483
1739616189518 66.04644365625452 484
1739616189531 65.921509058629 485
1739616189544 65.79682565140601 486
1739616189557 65.67239291871184 487
1739616189570 65.54821034574411 488
1739616189582 65.42427741876956 489
1739616189602 65.30059362512185 490
1739616189616 65.17715845319923 491
1739616189629 65.05397139246242 492
1739616189642 64.93103193343238 493
1739616189655 64.80833956768804 494
1739616189667 64.68589378786409 495
1739616189680 64.56369408764884 496
1739616189693 64.44173996178199 497
1739616189706 64.32003090605241 498
1739616189718 64.19856641729596 499
