1739554114278 56.48703235843035 0
1739554114311 28.224255791887636 1
1739554114343 0.5638053730695786 2
1739554114376 2.6304895094077265 3
1739554114408 1.4889330395393807 4
1739554114441 33.18810412488216 5
1739554114475 15.193659597297524 6
1739554114508 8.30124710981435 7
1739554114541 10.003766991981768 8
1739554114574 2.247213032646198 9
1739554114606 54.17242559955893 10
1739554114639 29.294880200572734 11
1739554114671 1.4931831017304908 12
1739554114704 0.909138267092087 13
1739554114736 1.4948900187397063 14
1739554114769 14.677759788979515 15
1739554114801 72.36876312992679 16
1739554114834 4.298195186214155 17
1739554114867 19.006121305041283 18
1739554114899 0.3649503663307524 19
1739554114932 2.34023200482819 20
1739554114964 25.883036714529883 21
1739554114997 6.627599524917819 22
1739554115030 43.42238560854112 23
1739554115062 2.865772928375257 24
1739554115095 12.365248138620977 25
1739554115127 0.28488073777728834 26
1739554115160 0.9841763127713599 27
1739554115192 0.19135318728256984 28
1739554115224 1.3899421987053249 29
1739554115257 0.1422347781681129 30
1739554115290 6.599557728633756 31
1739554115322 36.161442092041064 32
1739554115355 0.300925697032145 33
1739554115388 1.3766859186407574 34
1739554115420 8.982624934443784 35
1739554115452 19.847361298783685 36
1739554115485 13.213306346731013 37
1739554115518 0.9153154147797566 38
1739554115551 2.650497305126808 39
1739554115583 0.4839374644324669 40
1739554115616 5.660454161311551 41
1739554115648 0.42019603470293093 42
1739554115680 95.98892194145913 43
1739554115713 2.8174555960009284 44
1739554115745 1.137647937976184 45
1739554115778 0.15503076514611425 46
1739554115811 100.06256760007611 47
1739554115843 6.582833311082518 48
1739554115876 9.562522257907753 49
1739554115908 21.90313795950681 50
1739554115941 3.908239328059717 51
1739554115974 7.135802380292731 52
1739554116007 2.9241594569034874 53
1739554116041 16.337634075161507 54
1739554116074 2.9133030511770723 55
1739554116108 0.20724971508854795 56
1739554116141 36.82603691488777 57
1739554116173 0.27680590529708604 58
1739554116208 0.17277855327141212 59
1739554116241 12.72614866944729 60
1739554116273 68.99799192936824 61
1739554116306 14.63553971249898 62
1739554116339 19.338323138971578 63
1739554116371 25.10011514502178 64
1739554116404 27.135478852102906 65
1739554116436 38.70907266867952 66
1739554116468 53.10476127765531 67
1739554116502 9.701997302228879 68
1739554116534 0.9032410451763476 69
1739554116566 6.446904824163312 70
1739554116599 23.930884107607493 71
1739554116631 20.49438579027061 72
1739554116664 1.7767427317290039 73
1739554116697 0.8454820942915219 74
1739554116729 0.4825135015628225 75
1739554116761 1.7341798409004856 76
1739554116793 14.459779404788124 77
1739554116826 9.59844587994877 78
1739554116859 0.06815532900862897 79
1739554116891 3.0614102566316976 80
1739554116924 6.939453944424489 81
1739554116957 43.95496195840263 82
1739554116989 19.104963258261513 83
