1739616713423 0.09637229895382428 0
1739616713456 0.055010589846979555 1
1739616713489 0.4241765994565992 2
1739616713523 0.09898049564773062 3
1739616713556 1.7481834655198698 4
1739616713590 0.8484223327551382 5
1739616713623 0.7925852656659563 6
1739616713656 0.08001394978581926 7
1739616713691 1.0256385287085075 8
1739616713724 0.12093836104574902 9
1739616713758 0.04403245721862031 10
1739616713791 0.2935632978230008 11
1739616713824 1.4169063628648169 12
1739616713857 0.00459906034027992 13
1739616713890 0.8855102060147381 14
1739616713924 0.7908172984852672 15
1739616713958 0.07169088620620624 16
1739616713991 0.04472259861384088 17
1739616714024 0.4758469575016304 18
1739616714058 3.664448764535255 19
1739616714091 2.537544677464027 20
1739616714125 0.10842589780893182 21
1739616714158 0.018080992857813435 22
1739616714200 3.665507925194598 23
1739616714237 0.6006787433435393 24
1739616714271 0.0060654211540533826 25
1739616714305 0.3377465249051977 26
1739616714339 1.2498969814108944 27
1739616714373 0.8964488586933098 28
1739616714408 0.22757081658029107 29
1739616714442 5.194590984893367 30
1739616714477 0.37892175675497763 31
1739616714511 0.6213653124975409 32
1739616714547 0.0017658846877421372 33
1739616714583 0.11558882662878178 34
1739616714619 0.7148853796677163 35
1739616714656 2.716939569140301 36
1739616714691 0.7083487222159677 37
1739616714727 0.9873896888361943 38
1739616714763 0.06214300923546531 39
1739616714798 0.05005156608163281 40
1739616714834 1.133476314334522 41
1739616714871 0.20998917554591054 42
1739616714907 0.4525244039577943 43
1739616714941 0.5934275730041931 44
1739616714977 2.378002812087874 45
1739616715011 0.27172999524888636 46
1739616715048 0.0969576312871856 47
1739616715084 0.1699840937750552 48
1739616715132 0.679839637945444 49
1739616715170 0.05867600541483239 50
1739616715244 0.36112457511230334 51
1739616715285 4.212441700954408 52
1739616715324 2.261960130082251 53
1739616715365 2.3237874868281096 54
1739616715404 1.3029566632376404 55
1739616715441 2.3286115602022366 56
1739616715478 0.32883841191655094 57
1739616715515 0.01980344743791067 58
1739616715553 0.17729796422358063 59
1739616715590 0.800337823746636 60
1739616715625 0.2971662416190703 61
