1739554729636 157.96403098299558 0
1739554729645 149.67778006715665 1
1739554729653 140.2899471989784 2
1739554729661 134.97226744806764 3
1739554729668 130.91236918623454 4
1739554729677 117.97111375869862 5
1739554729685 114.38480081293017 6
1739554729693 108.41873357253499 7
1739554729700 102.50325277682569 8
1739554729708 92.17846206895084 9
1739554729715 89.10014151435792 10
1739554729723 87.9930165695695 11
1739554729731 87.74774060251798 12
1739554729738 80.54079833229834 13
1739554729746 74.10174369454116 14
1739554729755 71.71706896394709 15
1739554729763 67.9838843354939 16
1739554729771 63.05063272274646 17
1739554729779 61.281840646758106 18
1739554729787 65.00176853613863 19
1739554729795 56.45182914334909 20
1739554729803 53.183069945661046 21
1739554729812 53.29970167172986 22
1739554729822 46.67019970877967 23
1739554729830 53.815791973474035 24
1739554729840 47.65827313901982 25
1739554729849 40.200818180185486 26
1739554729858 45.58957674924305 27
1739554729866 37.531940161830875 28
1739554729874 35.08172206547347 29
1739554729882 32.02744256975109 30
1739554729890 33.62379630551077 31
1739554729897 26.633918715882032 32
1739554729905 37.012860784484374 33
1739554729913 30.009701276891157 34
1739554729921 30.032663609237147 35
1739554729929 30.89788941158055 36
1739554729936 30.76664508775103 37
1739554729945 20.24376659598377 38
1739554729952 25.033189450737265 39
1739554729961 23.568750432218483 40
1739554729969 24.117294474297065 41
1739554729977 34.19779232007549 42
1739554729985 20.73157889695971 43
1739554729993 20.19097815007482 44
1739554730000 23.2971804224649 45
1739554730008 21.31293966136653 46
1739554730016 21.143923631094346 47
1739554730025 20.55353581729093 48
1739554730032 22.792358202116713 49
1739554730040 18.158870513266375 50
1739554730048 15.69119425484501 51
1739554730056 18.138719073560512 52
1739554730064 22.11311382654434 53
1739554730072 20.67911896040081 54
1739554730080 24.835202042963918 55
1739554730087 19.34700527971302 56
1739554730095 19.774368114852475 57
1739554730103 17.365952733218766 58
1739554730112 16.706265392545998 59
1739554730120 17.461378567179406 60
1739554730128 19.097631730668716 61
1739554730136 13.421873382614663 62
1739554730144 16.63781385646933 63
1739554730152 18.542526933508103 64
1739554730160 16.68348476070047 65
1739554730168 17.322314383218348 66
1739554730176 11.485282916850162 67
1739554730184 12.199153624523147 68
1739554730193 13.627365886155033 69
1739554730201 12.064344846719306 70
1739554730209 13.529454418449214 71
1739554730217 15.294070038288764 72
1739554730225 11.025928535485663 73
1739554730233 11.359426053676316 74
1739554730241 18.886084039776183 75
1739554730249 16.925058508945803 76
1739554730257 10.947995885304232 77
1739554730266 8.719829322969654 78
1739554730273 14.88904774983373 79
1739554730281 12.273964516947897 80
1739554730289 12.03771285771533 81
1739554730297 17.358707423779148 82
1739554730304 18.45365486297965 83
1739554730312 15.785800171346352 84
1739554730320 12.965886884789489 85
1739554730328 14.264816746518223 86
1739554730336 12.774874354885512 87
1739554730344 9.593271957173855 88
1739554730352 14.09904472234917 89
1739554730360 17.174072049149526 90
1739554730367 12.861858611886115 91
1739554730376 15.067184404006412 92
1739554730384 10.87146778142018 93
1739554730392 14.567950558515856 94
1739554730399 11.159504815362608 95
1739554730407 9.324213467510592 96
1739554730414 12.115880912986572 97
1739554730422 15.249436174396795 98
1739554730429 13.759816816195178 99
1739554730437 8.823522050351512 100
1739554730446 11.92693937029342 101
1739554730454 12.159678865241418 102
1739554730462 12.966847735426063 103
1739554730470 14.971656809741418 104
1739554730478 12.136946855649251 105
1739554730486 12.003275968962528 106
1739554730494 9.284629486464691 107
1739554730501 11.98842092639075 108
1739554730509 12.913869410274787 109
1739554730516 17.19130013934066 110
1739554730525 13.020764571355956 111
1739554730532 12.834331913883913 112
1739554730540 11.011493523882812 113
1739554730548 14.985138036556926 114
1739554730556 13.576586567403284 115
1739554730564 19.859336694788333 116
1739554730571 12.41421910766375 117
1739554730580 14.124870811202415 118
1739554730591 21.920698959758415 119
1739554730598 12.741485193050961 120
1739554730605 14.96612647311606 121
1739554730613 16.320135371831594 122
1739554730621 13.821571102793902 123
1739554730629 11.624131031218514 124
1739554730637 13.127140811261743 125
1739554730644 13.042675492234286 126
1739554730652 13.915465367358689 127
1739554730660 10.084613417161751 128
1739554730667 8.0238108923438 129
1739554730675 9.85823606701829 130
1739554730684 11.11164092002426 131
1739554730692 11.294887311491204 132
1739554730700 11.167177309126489 133
1739554730707 14.44888924424603 134
1739554730715 13.835547245625214 135
1739554730723 13.315609404865091 136
1739554730733 10.115143244940104 137
1739554730741 8.819741202252906 138
1739554730749 12.076977630149562 139
1739554730757 9.663716776565868 140
1739554730766 9.655913456854833 141
1739554730776 10.45390913241411 142
1739554730784 13.454962711970923 143
1739554730792 14.046675444918815 144
1739554730800 11.894487324978847 145
1739554730808 14.67941207752776 146
1739554730816 12.334730245933434 147
1739554730824 13.57046953949326 148
1739554730832 9.919882714824672 149
1739554730843 16.694910151078215 150
1739554730855 13.897962815075099 151
1739554730864 10.810182195919076 152
1739554730872 14.653002182164238 153
1739554730881 15.239863482174101 154
1739554730889 13.780017871108237 155
1739554730897 12.331199060691782 156
1739554730905 12.649914898683429 157
1739554730913 15.103852012401605 158
1739554730921 16.868517112706606 159
1739554730930 11.23315008446779 160
1739554730938 9.480015863119965 161
1739554730947 9.067091353700013 162
1739554730955 12.81173876238867 163
1739554730963 13.000376425455519 164
1739554730971 14.900826509360249 165
1739554730980 12.182979031495146 166
1739554730988 13.763780110399289 167
1739554730996 8.519135811204462 168
1739554731004 12.62224900204605 169
1739554731011 15.557667056997627 170
1739554731019 9.816595267800494 171
1739554731027 14.19581446256204 172
1739554731035 13.006207938816205 173
1739554731043 8.803835987422582 174
1739554731051 15.741943202419169 175
1739554731059 9.254906563441338 176
1739554731067 14.55264187436728 177
1739554731075 13.817385282326434 178
1739554731083 13.54313608439117 179
1739554731091 13.383667818609334 180
1739554731099 16.310250551820133 181
1739554731106 14.6599438621495 182
1739554731114 13.009332905378002 183
1739554731122 13.85138967695553 184
1739554731130 13.161580785020066 185
