1739556533758 169.6210407770955 0
1739556533768 168.2903369005313 1
1739556533777 167.6434745927583 2
1739556533785 166.9928388577144 3
1739556533794 166.34513246659523 4
1739556533802 165.70029986256841 5
1739556533810 165.0583543322215 6
1739556533818 164.4192562515268 7
1739556533827 163.78301894000705 8
1739556533835 163.1496029483591 9
1739556533844 162.51902166547674 10
1739556533853 161.89123581530185 11
1739556533861 161.26625885520875 12
1739556533870 160.64405168100586 13
1739556533878 160.02462781766633 14
1739556533887 159.40794833149823 15
1739556533896 158.79402681420163 16
1739556533904 158.18282450122894 17
1739556533913 157.57435505014456 18
1739556533921 156.96857986420164 19
1739556533930 156.36551266597544 20
1739556533939 155.7651150251876 21
1739556533949 155.16740072858008 22
1739556533960 154.57234016301447 23
1739556533969 153.97991687947777 24
1739556533978 153.3901403973652 25
1739556533986 152.80297270182928 26
1739556533995 152.21842773678244 27
1739556534003 151.63646764385868 28
1739556534012 151.05710642826404 29
1739556534021 150.48030639224592 30
1739556534030 149.90608160148827 31
1739556534039 149.3343945175809 32
1739556534048 148.76525926589022 33
1739556534057 148.1986384660885 34
1739556534065 147.6345463024374 35
1739556534074 147.07295409641094 36
1739556534082 146.51384616626427 37
1739556534091 145.9572324755183 38
1739556534099 145.4030760384938 39
1739556534108 144.85139118369148 40
1739556534116 144.30214107390412 41
1739556534125 143.75534009385032 42
1739556534133 143.21095155886715 43
1739556534142 142.66898990913035 44
1739556534151 142.129418611319 45
1739556534160 141.59225216032468 46
1739556534169 141.05746262994603 47
1739556534178 140.52503495324234 48
1739556534187 139.99497944291488 49
1739556534196 139.46725994358383 50
1739556534205 138.94189108412766 51
1739556534215 138.41883685120263 52
1739556534225 137.8981119258813 53
1739556534234 137.37968044087788 54
1739556534242 136.86355712874197 55
1739556534251 136.34970626709878 56
1739556534261 135.83814263927664 57
1739556534270 135.32883066667438 58
1739556534279 134.8217851827084 59
1739556534288 134.3169791072845 60
1739556534299 133.8143980616478 61
1739556534308 133.3140527415771 62
1739556534318 132.81590792764888 63
1739556534326 132.31997857591628 64
1739556534335 131.82622960176778 65
1739556534345 131.33467600899618 66
1739556534354 130.84528285176404 67
1739556534363 130.3580651809357 68
1739556534371 129.87298818836234 69
1739556534381 129.3900669713295 70
1739556534390 128.9092751310282 71
1739556534399 128.43059884020943 72
1739556534409 127.954049095358 73
1739556534417 127.47959143241481 74
1739556534426 127.00724106230903 75
1739556534434 126.53696364998721 76
1739556534443 126.0687744505894 77
1739556534453 125.60263926197943 78
1739556534462 125.13857338287873 79
1739556534470 124.67654274303278 80
1739556534479 124.21656268413219 81
1739556534489 123.75859926677693 82
1739556534498 123.30266787502147 83
1739556534507 122.84874287650908 84
1739556534516 122.39681106140588 85
1739556534524 121.94688375552187 86
1739556534533 121.49892734659726 87
1739556534541 121.05295732238075 88
1739556534551 120.60894019309897 89
1739556534561 120.16689148680751 90
1739556534571 119.72677784007182 91
1739556534580 119.28861482066819 92
1739556534589 118.8523691905205 93
1739556534598 118.41805655655611 94
1739556534607 117.98565190375471 95
1739556534616 117.55514251713892 96
1739556534624 117.12653998056449 97
1739556534632 116.69981136946255 98
1739556534641 116.2749723865769 99
1739556534653 115.85199022458397 100
1739556534664 115.43088062344384 101
1739556534673 115.01161089688085 102
1739556534682 114.59419682151947 103
1739556534691 114.17860583119604 104
1739556534700 113.7648537386636 105
1739556534708 113.35290809694256 106
1739556534717 112.94278475438459 107
1739556534726 112.53445939070293 108
1739556534734 112.12791984499299 109
1739556534746 111.72317798315511 110
1739556534754 111.32020165639761 111
1739556534763 110.91900680017963 112
1739556534772 110.5195613770686 113
1739556534781 110.1218813563233 114
1739556534790 109.72593481561447 115
1739556534800 109.33173775748695 116
1739556534809 108.93925837382862 117
1739556534818 108.54851269997224 118
1739556534826 108.1594690411442 119
1739556534835 107.77214346497242 120
1739556534844 107.38651231007645 121
1739556534853 107.00256393813319 122
1739556534862 106.62031047391658 123
1739556534871 106.23972050633493 124
1739556534880 105.86081018202555 125
1739556534889 105.48354819568543 126
1739556534897 105.1079507245751 127
1739556534906 104.7339865728663 128
1739556534915 104.361671947965 129
1739556534923 103.9909757626786 130
1739556534932 103.6219142540955 131
1739556534940 103.25445644282672 132
1739556534950 102.88861859518529 133
1739556534964 102.52437767483742 134
1739556534974 102.1617225363825 135
1739556534985 101.80066554187238 136
1739556534995 101.44117598186187 137
1739556535004 101.08327019414705 138
1739556535013 100.72691756979874 139
1739556535023 100.37213447428464 140
1739556535032 100.0188904028201 141
1739556535041 99.66720174810013 142
1739556535051 99.31703810868994 143
1739556535061 98.96841590408172 144
1739556535070 98.6213048354027 145
1739556535078 98.27572134851691 146
1739556535087 97.93164300013308 147
1739556535097 97.58905910983788 148
1739556535105 97.24798225684157 149
1739556535114 96.90838239920166 150
1739556535122 96.57027604727425 151
1739556535131 96.2336332546414 152
1739556535140 95.8984705565893 153
1739556535149 95.56475810579624 154
1739556535186 95.23251246206553 155
1739556535200 94.90170387641894 156
1739556535209 94.57234893277764 157
1739556535218 94.24441797976043 158
1739556535228 93.91792762501153 159
1739556535237 93.5928559880276 160
1739556535246 93.26919282707003 161
1739556535256 92.94695091976982 162
1739556535265 92.62610085934712 163
1739556535274 92.30665931144759 164
1739556535284 91.9885969600899 165
1739556535294 91.67193049330496 166
1739556535303 91.3566306894253 167
1739556535313 91.04271425848349 168
1739556535322 90.73015207241286 169
1739556535331 90.41896086287703 170
1739556535340 90.1091115947029 171
1739556535349 89.80062102081895 172
1739556535359 89.49346779490526 173
1739556535368 89.18764208911254 174
1739556535378 88.88315686204871 175
1739556535387 88.57998331145947 176
1739556535397 88.27813824225228 177
1739556535406 87.97759293849583 178
1739556535415 87.67836422512187 179
1739556535424 87.38042347598189 180
1739556535433 87.08378753567575 181
1739556535442 86.788427867162 182
1739556535451 86.49436133436508 183
1739556535460 86.20155948868043 184
1739556535469 85.91003921301746 185
1739556535479 85.61977966819126 186
1739556535488 85.33077141689368 187
1739556535498 85.04302758247732 188
1739556535508 84.75651993818443 189
1739556535517 84.47126541331846 190
1739556535526 84.1872358632058 191
1739556535535 83.90444823498522 192
1739556535544 83.62287446947198 193
1739556535553 83.34253153130973 194
1739556535562 83.06339144616224 195
1739556535571 82.78547119585954 196
1739556535582 82.50874289027888 197
1739556535595 82.23322352812198 198
1739556535605 81.95889275175874 199
1739556535615 81.68574149242663 200
1739556535624 81.41378302312442 201
1739556535633 81.1429896650808 202
1739556535643 80.87337845821615 203
1739556535653 80.60492180182749 204
1739556535662 80.33763675164226 205
1739556535672 80.0714957883768 206
1739556535682 79.80651598325903 207
1739556535691 79.54266989781749 208
1739556535701 79.27997461848581 209
1739556535711 79.01840278700267 210
1739556535720 78.75797150471597 211
1739556535729 78.49866087135477 212
1739556535739 78.24046216597984 213
1739556535752 77.98338879719901 214
1739556535761 77.72741360815193 215
1739556535769 77.47255373661204 216
1739556535779 77.21878209998265 217
1739556535788 76.96611584996626 218
1739556535797 76.71452798152743 219
1739556535806 76.46403566001362 220
1739556535814 76.21461195737508 221
1739556535823 75.96627405233137 222
1739556535831 75.71899509324766 223
1739556535840 75.47279227194592 224
1739556535849 75.22763881263998 225
1739556535858 74.98355191998792 226
1739556535866 74.74051219311929 227
1739556535876 74.49851128825183 228
1739556535884 74.25756275426556 229
1739556535894 74.01764000593168 230
1739556535902 73.77876027924607 231
1739556535911 73.54089705910027 232
1739556535921 73.30406759342614 233
1739556535929 73.06824544047275 234
1739556535938 72.83344785984795 235
1739556535946 72.59964848261697 236
1739556535955 72.36686457981429 237
1739556535963 72.13506985478443 238
1739556535972 71.90428158974227 239
1739556535981 71.6744807934037 240
1739556535991 71.44565942915554 241
1739556535999 71.2178311545425 242
1739556536008 70.99096985458958 243
1739556536017 70.76509283879716 244
1739556536026 70.54017405892122 245
1739556536034 70.3162308348111 246
1739556536043 70.09323718813937 247
1739556536051 69.87121044886361 248
1739556536061 69.65012470805962 249
1739556536070 69.42999730556292 250
1739556536078 69.21080240134329 251
1739556536087 68.99255734488665 252
1739556536097 68.77524353417469 253
1739556536106 68.55885322258688 254
1739556536114 68.34340016521509 255
1739556536122 68.12885869528863 256
1739556536131 67.91524618583514 257
1739556536140 67.70253703360173 258
1739556536149 67.49074862049905 259
1739556536158 67.27985540992701 260
1739556536166 67.06987479245679 261
1739556536175 66.86078129765404 262
1739556536185 66.65259232453779 263
1739556536194 66.4452824683564 264
1739556536203 66.23886913636682 265
1739556536212 66.03332698902075 266
1739556536220 65.82867344160574 267
1739556536228 65.62489031746489 268
1739556536237 65.42197018454202 269
1739556536245 65.21992689766562 270
1739556536254 65.01873528136404 271
1739556536263 64.81841277050384 272
1739556536272 64.61893424962975 273
1739556536280 64.4203171609401 274
1739556536289 64.22253645207387 275
1739556536300 64.02560957235802 276
1739556536309 63.82951153206731 277
1739556536318 63.63425978746375 278
1739556536328 63.43982941100315 279
1739556536336 63.2462378656914 280
1739556536345 63.053460285714195 281
1739556536353 62.86151414063259 282
1739556536362 62.670381655113296 283
1739556536371 62.48005569153828 284
1739556536380 62.29055019189002 285
1739556536389 62.10184044578563 286
1739556536399 61.91394393875674 287
1739556536407 61.726836017143164 288
1739556536416 61.54053417239626 289
1739556536424 61.35501381060023 290
1739556536433 61.17029242894088 291
1739556536442 60.986345492815296 292
1739556536450 60.80319050496767 293
1739556536459 60.62080298967974 294
1739556536467 60.43920045508031 295
1739556536476 60.258365455308564 296
1739556536485 60.078291092667605 297
1739556536495 59.898991375363835 298
1739556536504 59.720441976026635 299
1739556536513 59.54266041589376 300
1739556536522 59.36562242162059 301
1739556536530 59.18934551924506 302
1739556536539 59.01380549242255 303
1739556536548 58.83901987182032 304
1739556536557 58.664964497684124 305
1739556536566 58.49165690514859 306
1739556536575 58.319072990643406 307
1739556536585 58.14723029361072 308
1739556536594 57.9761047662609 309
1739556536603 57.80571395218587 310
1739556536612 57.636040765835666 311
1739556536621 57.467078569871155 312
1739556536630 57.29884143894823 313
1739556536638 57.13130546589484 314
1739556536647 56.9644882043938 315
1739556536656 56.79836579835851 316
1739556536665 56.6329558050916 317
1739556536674 56.46823442251209 318
1739556536682 56.304219211387114 319
1739556536691 56.14088642325543 320
1739556536700 55.97825362220176 321
1739556536709 55.816297113001795 322
1739556536717 55.65503446291292 323
1739556536727 55.49444202956791 324
1739556536736 55.33453738325379 325
1739556536745 55.175303778657444 326
1739556536757 55.01673482224852 327
1739556536765 54.858844645388885 328
1739556536773 54.70160973904568 329
1739556536782 54.54504768086048 330
1739556536791 54.3891350101176 331
1739556536800 54.233889307008695 332
1739556536809 54.07928716200292 333
1739556536818 53.9253461577008 334
1739556536827 53.77204293539268 335
1739556536835 53.61939507995517 336
1739556536844 53.46737928313905 337
1739556536853 53.31601313196577 338
1739556536862 53.16527336828865 339
1739556536870 53.015177581144634 340
1739556536879 52.86570934659793 341
1739556536888 52.71686249946732 342
1739556536897 52.568651218926426 343
1739556536907 52.42105237329898 344
1739556536917 52.2740835564997 345
1739556536926 52.12772168256275 346
1739556536934 51.98198434698509 347
1739556536944 51.83684851232757 348
1739556536953 51.692331775541355 349
1739556536962 51.54841114737132 350
1739556536970 51.40510422610278 351
1739556536979 51.26238807032463 352
1739556536988 51.120280279537894 353
1739556536997 50.97875795983812 354
1739556537006 50.83783871182518 355
1739556537015 50.697506415218335 356
1739556537024 50.557755118741916 357
1739556537033 50.41859904127194 358
1739556537041 50.280015408903516 359
1739556537050 50.142021824877006 360
1739556537058 50.00459555854265 361
1739556537067 49.867754213849146 362
1739556537075 49.73147510616797 363
1739556537084 49.595775840040275 364
1739556537093 49.460633776535715 365
1739556537102 49.3260665206796 366
1739556537111 49.19205147891924 367
1739556537121 49.05860625665742 368
1739556537130 48.92570830540097 369
1739556537138 48.79337523082487 370
1739556537147 48.66159119964562 371
1739556537156 48.530350460997575 372
1739556537165 48.399667266074616 373
1739556537174 48.269519180281264 374
1739556537183 48.139923809916205 375
1739556537192 48.01085876132579 376
1739556537201 47.882341640729685 377
1739556537211 47.75435009813325 378
1739556537220 47.626901739572375 379
1739556537229 47.49997425840678 380
1739556537237 47.373585260391266 381
1739556537246 47.24771248193757 382
1739556537254 47.12237352842343 383
1739556537262 46.99754617901275 384
1739556537271 46.873248038611486 385
1739556537280 46.749463545272405 386
1739556537289 46.62618713592886 387
1739556537298 46.50343308737726 388
1739556537307 46.38117928692357 389
1739556537316 46.259443338283795 390
1739556537325 46.138203167525596 391
1739556537334 46.017476377578305 392
1739556537343 45.897240935940665 393
1739556537352 45.77751444466089 394
1739556537361 45.658274912381536 395
1739556537369 45.5395399401823 396
1739556537378 45.4212875775644 397
1739556537387 45.30353542455298 398
1739556537396 45.18626157122493 399
1739556537405 45.06948361646604 400
1739556537415 44.95318625493777 401
1739556537424 44.83736409958671 402
1739556537432 44.72203144671423 403
1739556537441 44.6071664891087 404
1739556537449 44.49278682283911 405
1739556537458 44.37887067740032 406
1739556537466 44.26543564744027 407
1739556537476 44.152460001783226 408
1739556537484 44.03996133357111 409
1739556537493 43.92791795068652 410
1739556537501 43.81634744468719 411
1739556537510 43.70522816224492 412
1739556537519 43.5945776932564 413
1739556537528 43.484374422915614 414
1739556537537 43.37463593938238 415
1739556537546 43.26534718007377 416
1739556537555 43.15650292293388 417
1739556537564 43.0481174782413 418
1739556537573 42.94016932877614 419
1739556537582 42.832676058426415 420
1739556537592 42.72561618474079 421
1739556537601 42.619007289619255 422
1739556537610 42.512827927956636 423
1739556537620 42.407095679588686 424
1739556537629 42.301789136500425 425
1739556537637 42.19692587639372 426
1739556537646 42.092484528089855 427
1739556537654 41.98848266708824 428
1739556537664 41.88489895879443 429
1739556537673 41.78175097643782 430
1739556537681 41.67902388715735 431
1739556537690 41.576712623597345 432
1739556537699 41.47483150501135 433
1739556537710 41.3733592895522 434
1739556537721 41.2723135448806 435
1739556537731 41.17167306209 436
1739556537740 41.071455406348115 437
1739556537750 40.97163940422242 438
1739556537762 40.87224261831948 439
1739556537772 40.77324391043917 440
1739556537781 40.674660840565 441
1739556537790 40.57647230548949 442
1739556537799 40.478695862512204 443
1739556537809 40.3813104431804 444
1739556537819 40.284333602049735 445
1739556537829 40.18775072371462 446
1739556537838 40.091556885893084 447
1739556537847 39.995766412295666 448
1739556537856 39.90035832264734 449
1739556537864 39.80535016478325 450
1739556537873 39.71072098964429 451
1739556537881 39.616488342124576 452
1739556537891 39.52263130687138 453
1739556537899 39.42916742577694 454
1739556537908 39.33607581696673 455
1739556537917 39.24337401927638 456
1739556537926 39.151041184083134 457
1739556537934 39.059094847112156 458
1739556537944 38.96751419276773 459
1739556537952 38.87631675361167 460
1739556537961 38.78548174685226 461
1739556537970 38.695026701835914 462
1739556537979 38.604937235719774 463
1739556537987 38.515208579798596 464
1739556537996 38.42585505788987 465
1739556538004 38.33685597050562 466
1739556538013 38.248228839126796 467
1739556538022 38.15995299364358 468
1739556538031 38.07204595215103 469
1739556538039 37.98448707636057 470
1739556538048 37.89729388092817 471
1739556538057 37.81044575917261 472
1739556538066 37.723960222263365 473
1739556538075 37.63781669491427 474
1739556538084 37.55203268476182 475
1739556538093 37.46658764770419 476
1739556538103 37.381499087799135 477
1739556538111 37.29675281583839 478
1739556538120 37.21234418969278 479
1739556538128 37.128287529445366 480
1739556538137 37.04456237024968 481
1739556538146 36.96118620741713 482
1739556538154 36.87813860395441 483
1739556538163 36.795437051445234 484
1739556538172 36.71306114315208 485
1739556538181 36.631028366883825 486
1739556538190 36.54931834595653 487
1739556538199 36.46794856436283 488
1739556538207 36.386898675271816 489
1739556538216 36.306186158819195 490
1739556538225 36.22579069782788 491
1739556538234 36.14572976853678 492
1739556538243 36.06598308322503 493
1739556538253 35.9865681141955 494
1739556538261 35.907470879478424 495
1739556538270 35.82868687100276 496
1739556538280 35.75023040068304 497
1739556538288 35.67208125573274 498
1739556538297 35.59425689884336 499
