1739611969898 70.28811763974079 0
1739611969931 11.093095651556888 1
1739611969964 82.36561630608098 2
1739611969997 50.64428616913398 3
1739611970030 11.30611236771234 4
1739611970064 37.7261720288574 5
1739611970099 15.789935194098137 6
1739611970132 41.02071312890251 7
1739611970166 1.5505822715873432 8
1739611970199 8.225803465853543 9
1739611970232 17.951637485397768 10
1739611970265 19.84161841927911 11
1739611970299 3.7195413711308287 12
1739611970333 63.434873990210825 13
1739611970366 8.512341412783037 14
1739611970400 35.30402923933409 15
1739611970433 15.795740746222153 16
1739611970467 26.75011307954014 17
1739611970500 39.216505890778265 18
1739611970532 17.83954298845295 19
1739611970565 60.66511089566125 20
1739611970598 16.311498794583603 21
1739611970632 2.7085867747357453 22
1739611970665 8.103227950634565 23
1739611970698 58.63880241969915 24
1739611970731 24.283300584958734 25
1739611970765 35.41548948741348 26
1739611970797 8.479744251640124 27
1739611970830 23.710796775821837 28
1739611970863 24.231305944883946 29
1739611970897 25.531514082799458 30
1739611970930 53.40608580401241 31
1739611970963 7.762804863269253 32
1739611970996 5.017494524275516 33
1739611971030 79.49060755512905 34
1739611971062 50.40271412221701 35
1739611971096 22.903411195859796 36
1739611971129 18.683391459142385 37
1739611971162 24.738477794728663 38
1739611971194 16.101398437414662 39
1739611971228 47.277291508796296 40
1739611971261 10.078392899841413 41
1739611971294 102.6359760781503 42
1739611971327 52.00322028184641 43
1739611971360 45.65724861525607 44
1739611971393 30.305253570368286 45
1739611971426 21.489986732026164 46
1739611971459 9.289187323861704 47
1739611971492 16.311320682834346 48
1739611971526 30.878724491663295 49
1739611971558 48.11019927603361 50
1739611971591 19.811866603581002 51
1739611971624 37.36986560476162 52
1739611971657 41.13489016896027 53
1739611971690 101.95097061411929 54
1739611971723 58.079356947091874 55
1739611971755 13.03546935256831 56
1739611971789 1.9224236137684054 57
1739611971821 55.12323281014532 58
1739611971854 36.26348984034205 59
1739611971887 1.0629140129536194 60
1739611971920 24.801308928480605 61
1739611971953 39.804521949497094 62
1739611972021 74.95836594170854 63
1739611972055 0.5953190986674001 64
1739611972088 16.927796894019927 65
1739611972121 10.935718987968599 66
1739611972154 8.22081047601477 67
1739611972187 69.24587706276151 68
1739611972220 15.286036488642358 69
1739611972253 52.85293341450977 70
1739611972285 17.62436798590188 71
1739611972318 17.272311653667703 72
1739611972351 20.87937815238978 73
1739611972384 26.612519428648838 74
1739611972417 19.883808370474966 75
1739611972451 13.488946536530504 76
1739611972484 41.1357207992642 77
1739611972518 38.7250433486215 78
1739611972551 12.952541121377697 79
1739611972584 3.033101692649247 80
1739611972617 21.04451747725096 81
1739611972650 23.922067513478314 82
1739611972683 69.26750197327037 83
1739611972716 33.55374264411756 84
1739611972749 3.014216404559088 85
1739611972782 19.611480699214727 86
1739611972814 48.26369345287359 87
1739611972847 8.284007820714866 88
1739611972880 39.7483057196329 89
1739611972913 39.841669035174064 90
1739611972946 45.136780590227374 91
1739611972979 25.22063322623785 92
1739611973012 9.417911579780299 93
1739611973046 39.34032449480562 94
1739611973079 9.962129657587733 95
1739611973111 4.484226106767175 96
1739611973144 16.622117935604503 97
1739611973177 58.43268284356511 98
1739611973209 33.338161140333916 99
1739611973242 58.705453126789415 100
1739611973275 46.15726729500116 101
1739611973308 26.555441353158002 102
1739611973341 43.748486590144985 103
1739611973374 81.60491750555806 104
1739611973407 9.431328645414164 105
1739611973440 8.044692162106523 106
1739611973473 33.03592646265579 107
1739611973506 66.80638711641488 108
1739611973539 15.727468342321671 109
1739611973575 6.344298774915296 110
1739611973608 7.650047473383168 111
1739611973641 41.46512895827627 112
1739611973674 31.753575206410677 113
1739611973707 17.57452860065046 114
1739611973740 54.246792148513194 115
1739611973774 39.34876719485191 116
1739611973807 6.108458569968357 117
1739611973840 9.245973784655776 118
1739611973872 53.78327737500902 119
1739611973905 40.18051478684712 120
1739611973938 41.780537276772556 121
1739611973971 6.296605264015009 122
1739611974005 80.48723205656562 123
1739611974038 57.22644206452348 124
1739611974071 34.88769201774515 125
1739611974105 21.85560318719646 126
1739611974139 35.67226533098875 127
1739611974174 35.03634516454929 128
1739611974208 6.9419466046780505 129
1739611974240 9.517745605556721 130
1739611974273 54.73823448227886 131
1739611974306 31.700417897528432 132
1739611974338 6.405210349761788 133
1739611974375 44.34645361067299 134
1739611974409 5.625073223560457 135
1739611974442 5.570770049286727 136
1739611974475 26.05054968593897 137
1739611974508 8.795113466166375 138
1739611974542 54.08889587890257 139
1739611974575 9.098383969697379 140
1739611974609 36.684678722323945 141
1739611974641 60.83388783608954 142
1739611974674 5.60658260413419 143
1739611974708 21.970760638687818 144
1739611974741 26.837306349093694 145
1739611974773 66.1917504876658 146
1739611974806 2.331952100064189 147
1739611974839 60.79325942345535 148
1739611974872 5.812733033964977 149
1739611974905 19.63829196355182 150
1739611974938 11.253377433329156 151
1739611974970 18.23321756490775 152
1739611975004 83.33251140277687 153
1739611975037 54.21347326078375 154
1739611975069 1.9837442494831115 155
1739611975102 42.17930717119477 156
1739611975135 18.431628898390063 157
1739611975168 5.264940928652737 158
1739611975200 5.793207576138439 159
1739611975233 54.3987845329121 160
1739611975265 26.543821274670343 161
1739611975298 4.600115886595551 162
1739611975330 10.111172937798024 163
1739611975363 11.282319950409732 164
1739611975396 9.732559961028944 165
1739611975429 1.207613976781127 166
1739611975461 69.00252279763747 167
1739611975494 8.88528505036598 168
1739611975527 13.293776483965926 169
1739611975559 74.6383861991496 170
1739611975592 7.646018464459823 171
1739611975625 18.231850282020723 172
1739611975658 82.9050887967292 173
1739611975691 26.429973304387858 174
1739611975724 26.5338655519253 175
1739611975757 2.7378952913963084 176
1739611975790 52.93911105939969 177
1739611975823 5.7938564355874265 178
1739611975856 15.569520303347895 179
1739611975889 1.7464576109123031 180
1739611975921 28.541035285926625 181
1739611975954 6.808052420568496 182
1739611975987 32.136607410178456 183
1739611976020 39.80438524637259 184
1739611976052 82.6586472205694 185
1739611976085 88.46463473766678 186
1739611976118 70.5528531581016 187
1739611976151 8.586852236867415 188
1739611976184 40.88669217802884 189
1739611976217 70.04153747678282 190
1739611976249 25.05983949039305 191
1739611976282 57.287795305850416 192
1739611976314 7.355214885630827 193
1739611976347 23.16990234401696 194
1739611976380 23.098707983763816 195
1739611976413 12.625208443010711 196
1739611976446 64.6006075756541 197
1739611976479 30.586018723467017 198
1739611976512 18.388943339016336 199
1739611976544 13.646078526872333 200
1739611976577 5.50670035332088 201
1739611976610 65.94866528091747 202
1739611976643 18.17593205237041 203
1739611976678 51.40253455237329 204
1739611976710 21.550001469786363 205
1739611976743 22.804606478592007 206
1739611976776 45.71906777787292 207
1739611976809 29.652909282636962 208
1739611976842 48.29429428457315 209
1739611976875 52.07509752736161 210
1739611976908 22.018664698046592 211
1739611976941 0.6347877630367476 212
1739611976974 10.645426812271317 213
1739611977007 54.084377914837866 214
1739611977040 7.778850652604083 215
1739611977072 10.625117009826273 216
1739611977105 33.828027444039805 217
1739611977138 33.508975606289994 218
1739611977171 33.303347523054725 219
1739611977204 3.4065774494600216 220
1739611977237 11.985283951351173 221
1739611977269 101.91646180019701 222
1739611977303 102.33484082415916 223
1739611977336 6.086563975024381 224
1739611977369 21.839471504911607 225
1739611977402 20.376412300003103 226
1739611977436 21.99331344000571 227
1739611977469 5.532735936571502 228
1739611977502 55.665894101150904 229
1739611977534 66.73205355086476 230
1739611977567 12.44470306680844 231
1739611977600 27.75411876256275 232
1739611977633 3.830588746298048 233
1739611977666 31.30873979053453 234
1739611977699 8.587976019835686 235
1739611977732 18.69303955508441 236
1739611977765 15.046174499154908 237
1739611977798 21.274671373377274 238
1739611977831 5.312598318013685 239
1739611977864 19.88429780975896 240
1739611977897 18.944629800644723 241
1739611977930 7.0174418592193 242
1739611977963 48.99094178745641 243
1739611977996 23.290803413212885 244
1739611978029 8.414454705495205 245
1739611978062 10.076383370568573 246
1739611978095 20.55148046645205 247
1739611978127 4.853234312191585 248
1739611978160 11.161337877715745 249
1739611978193 11.076940579654517 250
1739611978226 4.606111062803005 251
1739611978258 1.7315760862640333 252
1739611978291 34.829205909280105 253
1739611978324 23.73068383084924 254
1739611978357 92.39072626888459 255
1739611978390 33.32109106756857 256
1739611978423 60.77387323352013 257
1739611978456 49.35686630792889 258
1739611978489 39.02121116894405 259
1739611978522 1.4515325979075842 260
1739611978554 12.994312597346305 261
1739611978587 4.081374668848084 262
1739611978620 23.44021710210611 263
1739611978653 94.33831380203219 264
1739611978686 29.823301338128335 265
1739611978719 19.050692164352714 266
1739611978752 44.29035737031473 267
1739611978787 48.03429828088457 268
1739611978821 59.43956980107173 269
1739611978854 76.61501613551727 270
1739611978887 4.787259254843423 271
1739611978920 30.93708522996855 272
1739611978953 40.70645526254761 273
1739611978986 67.73967454650949 274
1739611979019 12.155265185154553 275
1739611979051 23.387457793570785 276
1739611979084 18.29154986840753 277
1739611979119 21.321407406025724 278
1739611979152 20.72109331406209 279
1739611979185 55.90606655878764 280
1739611979218 6.829683025866197 281
1739611979251 15.440583262638443 282
1739611979283 97.86764364836748 283
1739611979316 6.27402380424583 284
1739611979349 13.115646454676963 285
1739611979382 57.153517502351846 286
1739611979415 7.812444934963299 287
1739611979448 26.836208997040636 288
1739611979481 28.100196694854432 289
1739611979514 34.278345724892645 290
1739611979547 40.197373744213756 291
1739611979580 16.883059736420787 292
