1739614556156 4.497685028525908 0
1739614556200 2.0757801356846364 1
1739614556242 0.0060391570236921896 2
1739614556283 22.97894095898343 3
1739614556325 2.3761549834540117 4
1739614556367 62.68933550656989 5
1739614556416 8.596219530476347 6
1739614556460 6.7057658533916475 7
1739614556500 7.417660248300975 8
1739614556541 1.948476762499929 9
1739614556581 0.24552706927732304 10
1739614556623 16.130050303635052 11
1739614556663 4.871710623145643 12
1739614556703 20.206307735934665 13
1739614556744 33.803807167536945 14
1739614556784 82.35780438063493 15
1739614556827 0.10860341436922213 16
1739614556867 0.313107265740344 17
1739614556910 1.2261330345753616 18
1739614556950 0.11078119331190363 19
1739614556991 1.6481384009721975 20
1739614557034 4.568104084888966 21
1739614557079 7.865300509101027 22
1739614557123 1.1924133400637482 23
1739614557166 25.668886730336716 24
1739614557209 16.207018189141763 25
1739614557250 13.076487890963834 26
1739614557292 0.81260838776213 27
1739614557334 42.7765975590521 28
1739614557378 34.111226433492234 29
1739614557421 7.730236546271122 30
1739614557473 30.96696384655252 31
1739614557515 1.2641399907096353 32
1739614557560 2.7392837973070026 33
1739614557602 1.4417173436424076 34
1739614557645 1.5708943552856534 35
1739614557688 0.02994462533537742 36
1739614557729 23.744831612650028 37
1739614557770 1.6408897724138007 38
1739614557811 26.73601845173965 39
1739614557852 13.596513860629406 40
1739614557893 10.566430547416056 41
1739614557933 0.56234361864189 42
1739614557974 2.189426831378227 43
1739614558017 0.06228666624383512 44
1739614558136 31.13264170579207 45
1739614558178 43.73027633547028 46
1739614558219 5.670721366389763 47
1739614558260 0.6275583628513901 48
1739614558301 0.9047911031500696 49
1739614558344 1.249563610965106 50
1739614558383 4.002172562737354 51
1739614558425 7.173076982886229 52
1739614558466 1.1672553249454396 53
1739614558509 5.953338699125816 54
1739614558559 9.67229527516399 55
1739614558601 1.6183901640993714 56
1739614558644 0.8577608719803298 57
1739614558684 6.37723134856279 58
1739614558725 3.125267564254375 59
1739614558765 1.4252355569894877 60
1739614558806 2.3220017736683056 61
1739614558847 49.81793051936532 62
1739614558889 5.929293324271333 63
1739614558929 1.2531363503866424 64
1739614558969 17.122687738182794 65
1739614559012 18.794420826436806 66
1739614559053 15.128860919095247 67
1739614559094 6.136127629987351 68
1739614559134 47.6966383032525 69
1739614559176 1.4929281300158257 70
1739614559216 7.75254026238323 71
1739614559257 57.02378244230476 72
1739614559298 0.0003420564656289853 73
1739614559340 19.814790726373076 74
1739614559382 3.605650469521648 75
1739614559424 23.67917749185892 76
1739614559465 0.30250199517668513 77
1739614559508 35.496725142114556 78
1739614559549 40.94213038683756 79
1739614559593 0.06880424974368471 80
1739614559644 34.67410908437209 81
1739614559686 52.512240819342345 82
1739614559728 6.353591103959222 83
1739614559768 31.76496138137778 84
1739614559811 10.852233121899484 85
1739614559852 0.6221344103418542 86
1739614559893 4.84071460425408 87
1739614559934 1.7389811160045758 88
1739614559976 0.5265936189996995 89
1739614560016 1.3108083017110053 90
1739614560059 17.155132092437523 91
1739614560099 28.43398443994478 92
1739614560140 1.1616428140350596 93
1739614560181 0.48579280478382514 94
1739614560223 4.16132110391932 95
1739614560263 36.2503336110971 96
1739614560304 3.083067612004321 97
1739614560344 0.01542238221362976 98
1739614560385 19.911899637537903 99
1739614560426 9.019303033311306 100
1739614560466 0.8639142877403682 101
1739614560508 6.187874032561792 102
1739614560548 19.184984812986585 103
1739614560589 0.3442480838742673 104
1739614560629 0.034573764307066684 105
1739614560669 22.615081771778115 106
1739614560718 44.569959791289406 107
1739614560760 16.985515208541777 108
1739614560803 10.447247618671845 109
1739614560844 63.93207621789605 110
1739614560885 3.7093765749996437 111
1739614560927 1.209694089712858 112
1739614560968 22.383905805815694 113
1739614561009 4.738516616529927 114
1739614561048 0.2948735142603083 115
1739614561088 97.18693114625796 116
1739614561128 5.812270449596754 117
1739614561168 29.617173773495512 118
1739614561207 1.0787868439668904 119
1739614561247 17.356443460256223 120
1739614561287 86.77820646327966 121
1739614561327 0.7241931456232448 122
1739614561366 1.072302628841633 123
1739614561408 9.008052761215858 124
1739614561447 0.2926888287460544 125
1739614561487 25.960795625460836 126
1739614561527 0.22223377473460892 127
1739614561566 3.529172277976978 128
1739614561607 9.84165201110699 129
1739614561646 0.3846640602325175 130
1739614561687 16.11747921819714 131
1739614561727 1.1505208297283203 132
1739614561767 2.2931249042274247 133
1739614561815 0.49264973899197056 134
1739614561857 0.028094174844983832 135
1739614561897 48.70360773648694 136
1739614561936 22.214734475413515 137
1739614561980 4.54167744905801 138
1739614562025 16.74476184391913 139
1739614562068 7.0024746674554175 140
1739614562111 27.762667742531008 141
1739614562155 44.56464630527445 142
1739614562199 27.174553455146178 143
1739614562243 0.42764399801300673 144
1739614562285 19.798054320467458 145
1739614562329 8.747582013734784 146
1739614562372 20.624778998581238 147
1739614562415 3.48049924110569 148
1739614562459 6.814275563987519 149
1739614562500 22.70264320645161 150
1739614562542 0.058520172344220724 151
1739614562582 42.586669799039946 152
1739614562624 0.005817576991126545 153
1739614562666 0.76995956100648 154
1739614562718 0.30949204554813636 155
1739614562763 0.023661918975167666 156
1739614562809 13.870077887131284 157
1739614562851 0.5064175361288727 158
1739614562895 5.24324380556736 159
1739614562935 49.56979717721972 160
1739614562976 22.2831846191803 161
1739614563017 13.765363954129455 162
1739614563059 24.796931581244568 163
1739614563100 1.8189433814754474 164
1739614563144 62.636664693334396 165
1739614563185 0.03618535135697245 166
1739614563225 67.66716073311514 167
1739614563268 0.00021899214740601447 168
1739614563309 24.80915173485557 169
1739614563349 20.896686133719363 170
1739614563387 7.665452004136239 171
1739614563426 21.25315466641737 172
1739614563464 7.14562094315512 173
1739614563503 0.19492770024969044 174
1739614563541 0.09719799157393874 175
1739614563579 0.03403695669112359 176
1739614563618 12.559045340526186 177
1739614563656 0.5054980545399137 178
1739614563695 1.5140676627060492 179
1739614563733 21.502823072166134 180
1739614563771 56.44945324453191 181
1739614563810 0.0316360896892996 182
1739614563848 19.323484060095314 183
1739614563887 28.211606191707553 184
1739614563925 34.92754726912129 185
