1739612410240 5.602157543235617 0
1739612410275 1.2001197102722818 1
1739612410309 3.280476019846287 2
1739612410343 4.740010891460042 3
1739612410377 5.284594046509529 4
1739612410411 3.4929582428823243 5
1739612410446 6.762349270813598 6
1739612410480 6.57888840727444 7
1739612410514 11.738541345870937 8
1739612410547 1.5392586682273155 9
1739612410581 1.7602780254960333 10
1739612410615 6.005238446838018 11
1739612410648 2.0559047323662814 12
1739612410682 3.6183759513892513 13
1739612410715 0.9953503969146644 14
1739612410749 8.175822725354651 15
1739612410783 3.7188999521115558 16
1739612410816 28.723848912927693 17
1739612410850 5.762850252892741 18
1739612410883 10.947783470969163 19
1739612410917 6.178240992570056 20
1739612410950 5.832131270747786 21
1739612410983 3.4199181249644792 22
1739612411017 3.9755078938780475 23
1739612411051 16.736998884610855 24
1739612411085 2.8909243986007773 25
1739612411118 8.076661939785348 26
1739612411151 5.721520833670934 27
1739612411185 16.144613679342392 28
1739612411219 4.252491839365747 29
1739612411252 0.6107566005675951 30
1739612411285 11.608625664269736 31
1739612411319 7.018725923924397 32
1739612411353 8.564259888392371 33
1739612411387 17.312075049006914 34
1739612411421 5.58372352481696 35
1739612411456 22.108135340826443 36
1739612411492 7.613845650978155 37
1739612411526 7.064220608163222 38
1739612411559 4.1817281500446715 39
1739612411593 2.340012677421876 40
1739612411627 2.850142613330543 41
1739612411661 2.2764446064863564 42
1739612411695 5.056791227886884 43
1739612411729 4.494498540375998 44
1739612411762 0.7418767012678312 45
1739612411795 2.5212346640882086 46
1739612411829 2.456580233033251 47
1739612411863 9.498454702453902 48
1739612411897 3.1254522809846823 49
1739612411930 1.2957951687112226 50
1739612411964 3.559584073800932 51
1739612411997 3.314952140346138 52
1739612412031 2.0704443847073786 53
1739612412064 2.159718925359782 54
1739612412097 9.759015128112997 55
1739612412131 2.6074985382550437 56
1739612412165 4.969811246894261 57
1739612412198 7.309799154906042 58
1739612412231 3.6977821885094713 59
1739612412265 8.17122675050753 60
1739612412299 5.4749885981204764 61
1739612412333 11.369174253472782 62
1739612412367 1.5943367583473522 63
1739612412401 11.41151345690348 64
1739612412434 5.135159371365528 65
1739612412468 5.97167185390297 66
1739612412501 7.152710983551549 67
1739612412535 9.621322365113546 68
1739612412569 8.876310314456223 69
1739612412602 5.8818541095303685 70
1739612412636 10.348984350951666 71
1739612412669 3.642758948421143 72
1739612412702 4.672753505438424 73
1739612412736 6.726418724060066 74
1739612412769 7.284384141500984 75
1739612412803 5.016480882786694 76
1739612412837 3.0782949346556485 77
1739612412870 1.518242127038015 78
1739612412904 11.289427295775976 79
1739612412937 1.3958150253373982 80
1739612412970 4.822708233712891 81
1739612413004 3.3935322708176536 82
1739612413037 6.463788989535044 83
1739612413071 8.263681251270224 84
1739612413104 1.376115570487388 85
1739612413138 7.897585114851447 86
1739612413172 6.746094560691934 87
1739612413205 6.98780293966104 88
1739612413239 4.076444506582394 89
1739612413272 5.200946001003542 90
1739612413306 7.178323918710142 91
1739612413339 3.5381419973859 92
1739612413373 5.541601384913624 93
1739612413407 5.136630424690726 94
1739612413441 6.406577265248024 95
1739612413475 3.393640597651648 96
1739612413509 4.461761508702904 97
1739612413544 0.9603752243267283 98
1739612413578 7.6374142973039305 99
1739612413611 2.487580911333329 100
1739612413646 9.69127468806295 101
1739612413679 9.24636469477844 102
1739612413713 3.108015020643705 103
1739612413747 2.381967319560436 104
1739612413780 5.750506543697636 105
1739612413814 8.994789755817184 106
1739612413848 5.023307051124548 107
1739612413881 0.6804653325704015 108
1739612413915 3.273380810710093 109
1739612413949 3.6288681579679642 110
1739612413982 1.6920110335183012 111
1739612414016 6.4666935977005195 112
1739612414050 6.071208942150308 113
1739612414083 0.9294885654930393 114
1739612414116 9.349451616064355 115
1739612414150 5.430793793970896 116
1739612414183 10.959488243002431 117
1739612414217 6.340833155037197 118
1739612414251 3.946106330094305 119
1739612414284 7.8043288271364535 120
1739612414318 1.6695319470747605 121
1739612414351 8.41738418779855 122
1739612414386 5.855406901623567 123
1739612414419 1.7759048714500736 124
1739612414453 9.040552576773237 125
1739612414487 6.8750229628303625 126
1739612414520 2.504898947784154 127
1739612414554 5.0712763331976305 128
1739612414588 2.6365300420869096 129
1739612414622 1.681305516652928 130
1739612414655 4.388111413098759 131
1739612414689 11.964139272853275 132
1739612414723 6.671475452684117 133
1739612414756 2.32424589593787 134
1739612414795 2.2269031015772125 135
1739612414828 9.217624583872489 136
1739612414862 4.986008528371338 137
1739612414896 3.634416991665388 138
1739612414929 2.506931422411795 139
1739612414963 9.668414712617777 140
1739612414997 3.6377592513124135 141
1739612415030 3.8907280533652626 142
1739612415064 1.3803825132075238 143
1739612415097 2.2200947637856636 144
1739612415131 4.699347927269025 145
1739612415165 6.298040016515065 146
1739612415198 2.524434721412319 147
1739612415232 2.690629393683222 148
1739612415265 11.440544893504285 149
1739612415299 2.063662678750978 150
1739612415332 4.274930017180524 151
1739612415366 3.8969589041194204 152
1739612415400 5.4672786653954 153
1739612415433 7.195590255860587 154
1739612415467 6.819064292621438 155
1739612415500 3.880398926433297 156
1739612415534 28.546557316057623 157
1739612415568 0.8931183795105152 158
1739612415601 2.0880699273256615 159
1739612415635 20.248510398040004 160
1739612415669 0.6181693401933231 161
1739612415703 6.729713804172278 162
1739612415737 2.7108097519810204 163
1739612415771 7.033522594198768 164
1739612415805 6.129881956020079 165
1739612415839 2.229613048181124 166
1739612415873 4.140069910644521 167
1739612415907 14.372062855405458 168
1739612415940 5.991221719305099 169
1739612415975 4.021996248201392 170
1739612416009 2.690212096196718 171
1739612416042 1.7914766839307361 172
1739612416077 7.517358628715305 173
1739612416111 1.594177016990437 174
1739612416144 2.3151351683845895 175
1739612416178 0.6199547141420021 176
1739612416212 6.71587595678743 177
1739612416249 4.052858634261033 178
1739612416284 2.656618005415558 179
1739612416317 5.382386774981804 180
1739612416351 3.819046005812679 181
1739612416385 10.223109059805482 182
1739612416419 2.268094215896631 183
1739612416452 5.894915036487738 184
1739612416486 8.436920199303598 185
1739612416520 6.802827187099924 186
1739612416553 1.8383562857387334 187
1739612416587 3.6847106849374662 188
1739612416621 4.713381262047439 189
1739612416654 8.00682732824437 190
1739612416689 3.9050881194171114 191
1739612416722 10.573166525309029 192
1739612416756 2.107025066113135 193
1739612416790 2.2711262174126983 194
1739612416823 3.507283311412268 195
1739612416857 0.815300944665859 196
1739612416891 2.20968494627648 197
1739612416925 2.5454700938430976 198
1739612416958 6.714180972067427 199
1739612416992 1.5071911140041943 200
1739612417026 4.541581574217542 201
1739612417059 2.9880379169169857 202
1739612417093 8.563576843286516 203
1739612417126 6.17431065985477 204
1739612417160 8.839065288510422 205
1739612417194 12.219609764664916 206
1739612417228 8.487019098445503 207
1739612417261 3.1718891200628505 208
1739612417295 8.451829168468254 209
1739612417329 5.083138687804715 210
1739612417363 1.9088775292471039 211
1739612417397 23.068780151885196 212
1739612417431 1.7589204938659704 213
1739612417464 3.0346621331585495 214
1739612417499 7.029336169985972 215
1739612417532 3.028337706727836 216
1739612417565 9.618349765803606 217
1739612417600 6.861530187858943 218
1739612417633 1.8482250075483166 219
1739612417666 4.433849078010913 220
1739612417700 5.849006145111492 221
1739612417734 7.060302792419298 222
1739612417770 4.984023546021459 223
1739612417804 11.735999614888824 224
1739612417839 0.9493035475692936 225
1739612417873 0.6402340425193059 226
1739612417907 4.84775737503901 227
1739612417941 1.7135223928494472 228
1739612417975 2.0661460800232407 229
1739612418009 7.200881114378746 230
1739612418042 2.3525510609504754 231
1739612418076 12.93946418651896 232
1739612418110 3.373333269073331 233
1739612418144 4.73440396164757 234
1739612418177 6.945606016904585 235
1739612418211 3.08829133357751 236
1739612418245 4.82591897463472 237
1739612418278 4.596121259526813 238
1739612418312 4.879511337360758 239
1739612418345 4.508139141967428 240
1739612418378 0.4675118080423324 241
1739612418412 5.537957074730103 242
1739612418446 1.171518153847949 243
1739612418480 10.036478380902274 244
1739612418514 5.396755303284945 245
1739612418547 7.079786152080513 246
1739612418580 5.705023926426439 247
1739612418614 6.791744799575562 248
1739612418647 3.498481720771199 249
1739612418680 5.4492119144347475 250
1739612418714 3.8620241739884724 251
1739612418747 3.3982929552964745 252
1739612418781 3.7525941829722678 253
1739612418815 9.401867135546158 254
1739612418848 2.125798804650561 255
1739612418881 9.385102387196302 256
1739612418915 1.4225196483594973 257
1739612418949 1.96147530732513 258
1739612418982 2.69105048609988 259
1739612419016 5.770554491520342 260
1739612419049 7.897876742034635 261
1739612419083 6.071247141167369 262
1739612419116 3.527120147539071 263
1739612419150 13.987800768194445 264
1739612419183 7.44330104416998 265
1739612419217 3.45047145253882 266
1739612419250 6.878002310613285 267
1739612419284 2.533205658147485 268
1739612419318 0.6787747579673512 269
1739612419351 5.476459788386675 270
1739612419385 7.395631651645391 271
1739612419418 7.686660563572132 272
1739612419452 4.482223520613371 273
1739612419485 3.8763198894753454 274
1739612419519 12.0213065766213 275
1739612419552 3.66223374939894 276
1739612419586 1.7308270517942628 277
1739612419620 5.9294842561944945 278
1739612419654 1.918703289000489 279
1739612419687 1.872736664442644 280
1739612419721 5.158006267581799 281
1739612419755 13.445362846108788 282
1739612419788 9.17884868905347 283
1739612419822 8.601778072465635 284
1739612419856 7.104440276958256 285
1739612419891 11.279021957390908 286
1739612419925 0.9529981069346878 287
1739612419959 2.2817402037981327 288
1739612419993 4.124905075144312 289
1739612420027 1.344333540757568 290
1739612420061 12.037290721774179 291
1739612420094 4.857008265619709 292
1739612420128 10.370546067494326 293
1739612420162 3.3036078591164824 294
1739612420195 4.064898832825884 295
1739612420229 6.533795507474898 296
1739612420263 2.9636386868286215 297
1739612420296 3.8871545741684237 298
1739612420330 14.121245372170526 299
1739612420364 5.191035225163567 300
1739612420397 5.706736198734218 301
1739612420431 5.834926449736856 302
1739612420465 1.9341456023638879 303
1739612420499 5.439018706191201 304
1739612420532 6.377320515199509 305
1739612420566 24.72379879947778 306
1739612420599 3.8579820295394036 307
1739612420633 8.432677157113234 308
1739612420667 7.1579613653667895 309
1739612420701 5.705975367138617 310
1739612420735 5.655190253477397 311
1739612420768 4.699093927888939 312
1739612420802 6.876333634850072 313
1739612420837 2.559398941112159 314
1739612420871 15.395904474906182 315
1739612420904 1.4941507541797634 316
1739612420938 7.78820552220725 317
1739612420971 6.196765778531257 318
1739612421005 5.776760005562269 319
1739612421038 3.1284247525923097 320
1739612421072 11.767557383219176 321
1739612421105 5.381407410117133 322
1739612421139 15.033920137981697 323
1739612421173 5.336994422590735 324
1739612421207 2.1494029449338554 325
1739612421241 4.293325199208245 326
1739612421275 8.914537937533748 327
1739612421308 12.188534585728064 328
1739612421342 2.367398049629364 329
1739612421376 3.8139262002361938 330
1739612421409 1.9207325836833131 331
1739612421443 8.161208922219561 332
1739612421477 4.352366840505623 333
1739612421510 3.2396628461779824 334
1739612421544 11.333196127583308 335
1739612421578 5.496956870373115 336
1739612421611 0.4690997731526778 337
1739612421646 6.765342432437826 338
1739612421679 7.96826281380064 339
1739612421713 4.717314967109225 340
1739612421747 5.1222609467968105 341
1739612421780 2.1897381458437954 342
1739612421814 6.702926202961104 343
1739612421848 4.5477641796378085 344
1739612421881 6.454746573245481 345
1739612421915 3.317372821831565 346
1739612421949 7.89871539904117 347
1739612421983 7.28274900351601 348
1739612422017 4.321610880090677 349
1739612422051 5.153989539139119 350
1739612422085 4.386854428440518 351
1739612422119 7.57987658564206 352
1739612422153 3.712395589925079 353
1739612422187 3.999082174817722 354
1739612422220 7.705137381578511 355
1739612422254 7.532024818814795 356
1739612422288 5.604377515328498 357
1739612422322 3.39384621129136 358
1739612422355 1.853496035497689 359
1739612422390 14.523727505492836 360
1739612422423 2.5191622377113547 361
1739612422457 4.254546536533194 362
1739612422491 1.1173475989251258 363
1739612422525 6.536549447522421 364
1739612422559 3.831238976280498 365
1739612422592 9.521837890748134 366
1739612422626 4.194085813735043 367
1739612422660 9.329112037455403 368
1739612422694 5.042913227110199 369
1739612422727 16.194805883126246 370
1739612422761 1.1256190991522297 371
1739612422795 7.767102156166273 372
1739612422829 3.1380903797137254 373
1739612422869 11.223508338493065 374
1739612422903 2.2980248802378918 375
1739612422937 3.3358704250814695 376
1739612422971 1.9987568209027382 377
1739612423005 3.890047921199738 378
1739612423038 0.6458737920873671 379
1739612423072 10.411198169414597 380
1739612423106 1.3354665252628455 381
1739612423139 3.166803959586306 382
1739612423174 5.4659774818167906 383
1739612423207 7.90714856597878 384
1739612423240 3.8296470252032644 385
1739612423275 2.6979947041480705 386
1739612423308 9.711578601515722 387
1739612423342 3.778484254799885 388
1739612423376 2.29944604420373 389
1739612423410 3.123703292548232 390
1739612423443 1.7063131038951185 391
1739612423477 4.006686765201205 392
1739612423511 7.332230442795166 393
1739612423544 4.883236540810255 394
1739612423578 8.612385436242352 395
1739612423612 3.135993245855611 396
1739612423645 3.348884666436271 397
1739612423680 0.5070480855836234 398
1739612423713 8.51661208571856 399
1739612423747 5.558448468652696 400
1739612423781 5.372897852382066 401
1739612423814 5.832457105327023 402
1739612423847 9.361086869381463 403
1739612423881 3.6492710020136956 404
1739612423915 9.1202294157718 405
1739612423948 3.8497024361715466 406
1739612423983 5.070850013541988 407
1739612424016 4.358121201125905 408
1739612424049 2.8128870238946377 409
1739612424083 5.30903788095395 410
1739612424119 4.5992457802943125 411
1739612424153 2.5513498225255518 412
1739612424187 1.4633481387444065 413
1739612424220 0.7600084712934602 414
1739612424254 1.4566376376952848 415
1739612424288 8.503946862627854 416
1739612424321 6.61691585703042 417
1739612424355 7.7599600789059835 418
1739612424388 5.748440816250512 419
1739612424422 8.060690758727597 420
1739612424455 3.8175951636568803 421
1739612424489 6.182928244663415 422
1739612424523 1.9603915658554125 423
1739612424585 8.461633328321915 424
1739612424619 6.814149259012304 425
1739612424652 2.045848223540159 426
1739612424686 0.9457923367669264 427
1739612424720 14.224558897760192 428
1739612424753 1.7217266203242252 429
1739612424786 4.873933525423654 430
1739612424820 2.120148591383853 431
1739612424853 4.932574125285785 432
1739612424887 4.97234523963841 433
1739612424921 1.9787897589870762 434
1739612424954 3.8912998120276345 435
1739612424988 3.0143800726946544 436
1739612425022 2.4388775182570703 437
1739612425055 3.1855372884387325 438
1739612425089 10.217776838406756 439
1739612425123 21.443915307266234 440
1739612425156 1.4460875890482356 441
1739612425190 11.605313227104503 442
1739612425224 2.178293601207364 443
1739612425257 11.455987927549208 444
1739612425291 3.089307253618101 445
1739612425324 5.6760931232886245 446
1739612425358 7.647253881741376 447
1739612425392 3.705112505308312 448
1739612425426 10.020798680382295 449
1739612425459 10.992891018114653 450
1739612425493 2.470917313708862 451
1739612425527 4.976437306974821 452
1739612425561 2.4324275430599887 453
1739612425594 1.448208261935235 454
1739612425628 6.420318051474607 455
1739612425661 5.881185257324104 456
1739612425695 3.3163227362848526 457
1739612425729 1.6514364053055894 458
1739612425762 5.1481092001714 459
1739612425796 19.04355505173668 460
1739612425829 2.1332154348040255 461
1739612425863 6.4720285547520655 462
1739612425897 7.942074920523165 463
1739612425931 7.882890049522812 464
1739612425964 1.8890096306892532 465
1739612425998 4.0533861592517875 466
1739612426031 3.279182771575373 467
1739612426064 5.786803384569648 468
1739612426097 1.5854451097834623 469
1739612426130 2.7298628089566117 470
1739612426163 4.627715655499632 471
1739612426196 2.161580329104419 472
1739612426233 3.352373152734379 473
1739612426267 6.671821584823085 474
1739612426300 10.012408140777902 475
1739612426334 5.521661606683411 476
1739612426368 1.1422509857811556 477
1739612426401 1.6292276525352192 478
1739612426435 2.8765621861678667 479
1739612426469 11.988769162887388 480
1739612426502 1.9782591292548477 481
1739612426536 2.2616099728077783 482
1739612426569 6.6491038179531445 483
1739612426603 5.901311455290152 484
1739612426636 15.001963082051468 485
1739612426670 2.3417650138819828 486
1739612426703 5.795590595316054 487
1739612426737 9.015299173028435 488
1739612426771 1.5791368175723441 489
1739612426804 6.468224726009218 490
1739612426838 2.546803416926161 491
1739612426872 7.885520490769935 492
1739612426906 5.485701138523759 493
1739612426940 5.053574803271934 494
1739612426974 4.199177827256055 495
1739612427008 5.551102253847474 496
1739612427041 1.9104138565616875 497
1739612427075 5.9984590779606375 498
1739612427109 2.016413472977208 499
