1739553629630 165.69009351462464 0
1739553629638 168.95119827673943 1
1739553629646 159.29887624195024 2
1739553629654 163.7344332891004 3
1739553629665 158.85014378309134 4
1739553629674 153.54159808413752 5
1739553629684 152.86088373996844 6
1739553629693 149.41046111251504 7
1739553629702 156.32285336145893 8
1739553629712 146.32172696852322 9
1739553629720 140.85117200533108 10
1739553629731 143.58250414641174 11
1739553629740 138.10375427746862 12
1739553629749 137.7425765568529 13
1739553629760 135.30381971104353 14
1739553629768 134.80987221096882 15
1739553629778 134.035015471475 16
1739553629787 131.77104175411412 17
1739553629797 124.82127431394277 18
1739553629806 122.88320184858988 19
1739553629814 123.06603274070905 20
1739553629857 120.66678846298439 21
1739553629878 121.74621107238195 22
1739553629890 117.85635199798747 23
1739553629901 118.16558925798073 24
1739553629911 117.50433218854286 25
1739553629920 114.61428078516842 26
1739553629932 110.41316909137929 27
1739553629941 111.08014429183804 28
1739553629950 111.63753362832158 29
1739553629961 110.62267432351611 30
1739553629970 106.32543463014555 31
1739553629980 103.5080307911845 32
1739553629989 106.73174981119463 33
1739553630001 102.27379937410939 34
1739553630012 100.17342999337491 35
1739553630021 97.54564559055092 36
1739553630032 99.39405286413776 37
1739553630042 96.60754526609742 38
1739553630051 91.38169402862998 39
1739553630062 91.05418319805 40
1739553630072 93.35423581293618 41
1739553630082 89.99245464731534 42
1739553630093 88.67147558467629 43
1739553630102 88.9550342126172 44
1739553630112 86.49855369116005 45
1739553630122 87.813223227946 46
1739553630135 86.26815317043979 47
1739553630144 82.70146921712403 48
1739553630153 82.4966961083744 49
1739553630164 82.69156689617672 50
1739553630173 79.52278205461255 51
1739553630183 78.97888597547625 52
1739553630194 77.81450179833237 53
1739553630204 77.45154870542419 54
1739553630214 76.7615259979625 55
1739553630223 75.90221043019906 56
1739553630233 72.77139612773097 57
1739553630242 71.67405864094214 58
1739553630250 71.92519424196233 59
1739553630262 70.54350278664604 60
1739553630271 70.91444671711496 61
1739553630281 70.75815946325022 62
1739553630289 67.07912249248204 63
1739553630300 67.91424634830626 64
1739553630310 70.27396259901556 65
1739553630317 67.08710652039764 66
1739553630327 65.96270096061755 67
1739553630336 65.24510958449684 68
1739553630345 63.90708107545667 69
1739553630352 60.89937996634818 70
1739553630360 60.95686888671177 71
1739553630368 61.23073206248785 72
1739553630375 62.04581116829792 73
1739553630384 59.324453400904 74
1739553630396 60.13037627371288 75
1739553630404 57.9678570710501 76
1739553630414 59.5917798202717 77
1739553630423 56.83520117273014 78
1739553630432 57.873907709953706 79
1739553630440 54.56726971623772 80
1739553630449 53.4380758494176 81
1739553630459 52.624946843705956 82
1739553630467 57.68878504180536 83
1739553630477 52.682491707398 84
1739553630486 52.366965184167206 85
1739553630496 51.338265404518324 86
1739553630504 49.12925483184098 87
1739553630513 50.1695901652039 88
1739553630525 48.63939075761984 89
1739553630535 48.30798316389681 90
1739553630544 46.35760398343447 91
1739553630552 48.16241963085376 92
1739553630564 46.67743408344522 93
1739553630572 46.38944730408763 94
1739553630579 45.34789319131162 95
1739553630587 44.890151777509345 96
1739553630597 45.33630861573643 97
1739553630606 43.06611818262315 98
1739553630615 44.57737883479656 99
1739553630624 42.67735940247062 100
1739553630633 42.2974379188569 101
1739553630642 42.634088632409195 102
1739553630651 43.042164364402524 103
1739553630662 41.21305824795655 104
1739553630671 40.28483893435257 105
1739553630681 39.48942075273597 106
1739553630692 38.67394277191113 107
1739553630700 39.866613038271495 108
1739553630709 38.60987759570797 109
1739553630717 39.95083250188177 110
1739553630727 37.02049380203329 111
1739553630736 36.695857152301606 112
1739553630744 36.70786262785697 113
1739553630753 37.56276269568926 114
1739553630762 36.40251617984086 115
1739553630770 36.9464302822139 116
1739553630778 34.405308424083394 117
1739553630786 35.30066678987939 118
1739553630797 34.155362947193915 119
1739553630806 34.90212660044326 120
1739553630815 34.22469838395344 121
1739553630825 32.23590746087509 122
1739553630834 34.37192069358648 123
1739553630842 32.993389877971 124
1739553630850 33.767339597719385 125
1739553630861 32.23345319740523 126
1739553630870 33.211960865363665 127
1739553630879 30.9943392282352 128
1739553630892 31.989647405517115 129
1739553630900 30.680840941683503 130
1739553630910 29.74280805830828 131
1739553630919 29.71633890299688 132
1739553630931 29.65889157220948 133
1739553630939 29.907392432719778 134
1739553630948 28.20364864851951 135
1739553630957 28.786211449369492 136
1739553630966 29.261670889967853 137
1739553630976 28.181862105947047 138
1739553630985 26.904761920014636 139
1739553630995 29.172616638105083 140
1739553631005 28.29774656979104 141
1739553631014 28.390398279213088 142
1739553631025 27.664011449479442 143
1739553631034 25.64286080131041 144
1739553631043 25.511139463342463 145
1739553631051 25.52158660108584 146
1739553631060 26.650257486513787 147
1739553631070 25.29350353217885 148
1739553631082 24.778106335946767 149
1739553631094 25.73244114355752 150
1739553631103 24.395092648267656 151
1739553631114 23.8464929126217 152
1739553631123 25.99014729803309 153
1739553631134 24.86327703051263 154
1739553631144 25.691215657542063 155
1739553631158 24.123586134337998 156
1739553631175 22.854216643353702 157
1739553631186 22.705722845544454 158
1739553631200 24.044160904245565 159
1739553631212 23.211449676707375 160
1739553631222 24.60091290620232 161
1739553631233 21.958249733512744 162
1739553631243 23.853697102510562 163
1739553631252 21.652028127455385 164
1739553631264 22.643937030465484 165
1739553631274 20.662867394997615 166
1739553631284 21.490502645505014 167
1739553631298 20.91309492535268 168
1739553631308 19.9744900009162 169
1739553631318 21.49047889013315 170
1739553631338 20.677655352173453 171
1739553631348 19.828822215989742 172
1739553631360 19.97814811000917 173
1739553631369 20.972737318113303 174
1739553631379 19.012256190918276 175
1739553631391 18.766664885576805 176
1739553631401 19.595656363187533 177
1739553631411 20.133912919454783 178
1739553631419 20.958405272795343 179
1739553631430 17.64481975649261 180
1739553631439 19.311940615962452 181
1739553631448 18.080360726378906 182
1739553631460 19.20220354771797 183
1739553631469 18.108061918623974 184
1739553631480 19.80670220569886 185
1739553631495 17.513088613925078 186
1739553631505 17.184785649503098 187
1739553631514 19.39462814644487 188
1739553631522 18.416260917852558 189
1739553631533 18.058058330339417 190
1739553631542 18.740377206182135 191
1739553631550 18.123752302141387 192
1739553631558 17.181924009563392 193
1739553631569 16.961710116156492 194
1739553631577 17.091849639882213 195
1739553631586 17.024132903498707 196
1739553631599 15.782698450377177 197
1739553631609 16.131510462944256 198
1739553631618 16.616137789285066 199
1739553631629 16.19184782341386 200
1739553631637 15.84559864179297 201
1739553631645 16.958530989217685 202
1739553631653 15.96082580560844 203
1739553631665 15.425705674869349 204
1739553631675 17.080376077578137 205
1739553631684 15.956871781700984 206
1739553631695 16.241058563978296 207
1739553631703 16.05472386390173 208
1739553631712 15.142341893261872 209
1739553631720 16.247515675766966 210
1739553631732 14.28559538613485 211
1739553631742 14.728291921428115 212
1739553631752 15.617814440493508 213
1739553631763 14.554743021176597 214
1739553631772 13.073702921692284 215
1739553631782 15.019785220265804 216
1739553631794 16.049135800158002 217
1739553631803 14.671068703424584 218
1739553631812 15.726746247449784 219
1739553631820 13.608341088545938 220
1739553631830 14.78559190665843 221
1739553631839 14.024875525871495 222
1739553631847 13.744751086538031 223
1739553631855 13.730515828897797 224
1739553631866 13.21932258702398 225
1739553631875 12.87916714830683 226
1739553631884 14.20398023297651 227
1739553631894 13.448838609473045 228
1739553631901 11.787069244465664 229
1739553631909 12.986123232201589 230
1739553631916 13.588814506453797 231
1739553631924 12.999018887708898 232
1739553631933 14.142581083970109 233
1739553631942 11.969181472606618 234
1739553631950 12.890402319952834 235
1739553631960 13.671030362555015 236
1739553631968 12.360752372424132 237
1739553631977 13.16660024945712 238
1739553631984 11.614750226093399 239
1739553631993 12.173835537001885 240
1739553632003 11.870489243982075 241
1739553632012 11.232766728549665 242
1739553632020 12.719456607446197 243
1739553632030 13.499582838373506 244
1739553632039 12.164917637389795 245
1739553632047 12.166066903346652 246
1739553632054 13.142579398371726 247
1739553632064 11.787909160693697 248
1739553632073 11.4716377380734 249
1739553632080 11.678398601506045 250
1739553632090 11.496370120150148 251
1739553632099 11.910523985208886 252
1739553632107 11.713715552244652 253
1739553632116 11.387791027360405 254
1739553632126 11.704612385778207 255
1739553632135 10.905545675073713 256
1739553632144 11.468118041009967 257
1739553632153 11.205025039474801 258
1739553632163 10.438495965200286 259
1739553632171 11.461249262407176 260
1739553632179 11.806616969925066 261
1739553632187 10.336523193768851 262
1739553632197 10.3167096858252 263
1739553632205 10.84968948191281 264
1739553632215 9.957838748106218 265
1739553632224 11.43484991014825 266
1739553632233 10.707685034574816 267
1739553632241 10.75656985430126 268
1739553632250 10.329855331655727 269
1739553632260 10.390896891626115 270
1739553632268 10.363732157345556 271
1739553632278 9.446107635083253 272
1739553632286 10.157123356478406 273
1739553632296 10.883845682639002 274
1739553632305 12.186960670451015 275
1739553632314 8.705543311446478 276
1739553632322 10.387697728547938 277
1739553632332 11.82383049410591 278
1739553632341 10.314558368518998 279
1739553632349 9.651998075959456 280
1739553632358 9.517433705424603 281
1739553632366 10.168803799174695 282
1739553632374 10.77518247465627 283
1739553632381 10.417450114284263 284
1739553632390 10.006772908428813 285
1739553632400 10.629653037629357 286
1739553632408 8.647137352943863 287
1739553632417 9.652918482206598 288
1739553632427 9.773891865154203 289
1739553632434 8.822067079740421 290
1739553632442 9.478616446736085 291
1739553632450 9.68102785710099 292
1739553632459 8.893310235573818 293
1739553632468 9.296795396294257 294
1739553632475 9.478826125434926 295
1739553632483 9.475712209424575 296
1739553632492 11.179075441226782 297
1739553632500 7.920429525322647 298
1739553632508 10.425467850724372 299
1739553632515 9.260456831140043 300
1739553632526 9.560188046161292 301
1739553632535 11.254113084100217 302
1739553632544 8.731487808548124 303
1739553632552 8.481286943194696 304
1739553632562 8.747824794862789 305
1739553632572 9.62631898718302 306
1739553632580 7.849779266013754 307
1739553632588 8.15169856498884 308
1739553632597 8.224282276444747 309
1739553632605 9.342167138938068 310
1739553632614 9.309005769317974 311
1739553632624 8.105912038825366 312
1739553632633 9.086924270027202 313
1739553632641 9.0356007596417 314
1739553632649 8.202042036147546 315
1739553632656 9.43323629108878 316
1739553632668 8.244996976824801 317
1739553632676 8.595968209554272 318
1739553632685 9.313535119383834 319
1739553632695 8.261647950533108 320
1739553632703 9.032063004489318 321
1739553632711 8.16580980474616 322
1739553632720 7.325647798549426 323
1739553632730 8.23941333332744 324
1739553632738 8.310008909664099 325
1739553632747 9.288271554670436 326
1739553632754 8.719029296162882 327
1739553632764 8.08317488513085 328
1739553632773 8.629922015269328 329
1739553632781 8.397338754316145 330
1739553632791 8.170926868090163 331
1739553632801 7.426159286187088 332
1739553632810 8.167479060907437 333
1739553632819 8.68305758313981 334
1739553632829 8.414145899106574 335
1739553632837 8.39354002098088 336
1739553632844 7.788202189665181 337
1739553632852 7.835876099988357 338
1739553632862 7.8545569375236255 339
1739553632870 6.508687214374004 340
1739553632878 8.855211507689221 341
1739553632887 9.581102377720805 342
1739553632896 9.159877831180433 343
1739553632904 6.149268734333781 344
1739553632913 7.69446030758491 345
1739553632922 6.525628039082047 346
1739553632932 7.618207302766604 347
1739553632941 8.016851704006204 348
1739553632949 7.524674568266713 349
1739553632957 6.974439090749526 350
1739553632966 7.8360068351269785 351
1739553632974 8.29643035745835 352
1739553632982 7.715586527887225 353
1739553632992 8.23033438635706 354
1739553633001 7.377884795893486 355
1739553633012 8.000614660372394 356
1739553633022 6.9818650981750645 357
1739553633031 6.530174053622071 358
1739553633040 7.006360111395224 359
1739553633048 7.093428878964773 360
1739553633056 8.083019296932092 361
1739553633067 7.41559522303479 362
1739553633075 7.063563350198545 363
1739553633084 6.911361497729742 364
1739553633093 8.416443559829329 365
1739553633101 7.669032714407257 366
1739553633110 8.160495663811588 367
1739553633119 6.358290469741607 368
1739553633128 6.374978118581697 369
1739553633137 6.58767432402333 370
1739553633144 6.903092375383229 371
1739553633152 6.489852189445107 372
1739553633162 6.251924480911971 373
1739553633169 7.400013929532642 374
1739553633177 7.251857765233787 375
1739553633185 7.678609358012848 376
1739553633197 8.018109795848728 377
1739553633206 7.512460795897256 378
1739553633217 7.631091957700606 379
1739553633227 8.218193222655385 380
1739553633235 8.114296146904909 381
1739553633245 6.357603682086418 382
1739553633253 7.256324359137666 383
1739553633262 8.63901750127064 384
1739553633270 6.261183434200319 385
1739553633279 7.481966432114696 386
1739553633290 7.563821685774785 387
1739553633300 6.387633791482046 388
1739553633309 7.107485314647829 389
1739553633317 7.356577779762212 390
1739553633328 9.47347694545552 391
1739553633337 7.416038474906832 392
1739553633346 6.853277098068731 393
1739553633355 5.974046497102917 394
1739553633364 8.634996099331559 395
1739553633372 6.513280304853907 396
1739553633380 7.836490764500276 397
1739553633390 6.581800198844358 398
1739553633398 5.984171703106742 399
1739553633407 6.781996507233132 400
1739553633416 7.846777336260591 401
1739553633426 6.806705440679243 402
1739553633434 6.821751157341597 403
1739553633442 6.118781235467449 404
1739553633450 7.2548700631507925 405
1739553633461 6.614085359893615 406
1739553633469 7.540328624183212 407
1739553633479 6.127460652917024 408
1739553633488 7.662907179408357 409
1739553633497 6.536198062899915 410
1739553633506 6.421601623860528 411
1739553633516 6.86403444020906 412
1739553633529 7.528896841828152 413
1739553633538 6.456564609890086 414
1739553633546 5.862484249418262 415
1739553633555 6.33764662729775 416
1739553633564 7.231240886166221 417
1739553633573 7.529833512402377 418
1739553633581 6.190364562674436 419
1739553633594 7.713295671337597 420
1739553633603 7.190126637058736 421
1739553633612 6.794776667817793 422
1739553633622 7.4584575768952055 423
1739553633631 7.34569441298053 424
1739553633639 7.3723036954403645 425
1739553633648 6.7382403630607985 426
1739553633658 6.908795755728204 427
1739553633667 6.306685823146772 428
1739553633675 6.717936329204787 429
1739553633684 6.0419285086673025 430
1739553633693 6.0040514942385075 431
1739553633701 6.556694796869516 432
1739553633710 6.851676397954369 433
1739553633718 5.887705084284971 434
1739553633730 7.264543647385847 435
1739553633739 6.741595724531301 436
1739553633748 6.507217121732665 437
1739553633757 6.136103399061809 438
1739553633765 7.149658788338744 439
1739553633773 6.63365739287718 440
1739553633781 6.399405180074444 441
1739553633791 6.728067055976553 442
1739553633800 6.760053082057857 443
1739553633809 6.473261610703945 444
1739553633818 7.271057796394403 445
1739553633828 6.052803971574326 446
1739553633836 7.328925566016061 447
1739553633845 6.252446831442652 448
1739553633853 5.554373588545219 449
1739553633864 6.163171753771934 450
1739553633873 5.92093855993763 451
1739553633881 6.540546379273415 452
1739553633891 7.305067581889951 453
1739553633899 6.081465658961364 454
1739553633907 6.051614654873137 455
1739553633916 6.48008969070994 456
1739553633925 7.13519021769657 457
1739553633934 6.222894395662443 458
1739553633941 6.3587303860895386 459
1739553633950 5.211520021982864 460
1739553633958 6.524836947537425 461
1739553633966 6.3382887724033665 462
1739553633975 6.447809783699338 463
1739553633983 6.132010351834076 464
1739553633993 7.263739364886068 465
1739553634002 7.516078472552913 466
1739553634013 6.081748484666131 467
1739553634023 6.533876714098898 468
1739553634032 6.653434638121249 469
1739553634040 5.829588886580978 470
1739553634048 5.1601703832366335 471
1739553634057 5.985057194921467 472
1739553634066 6.069003973767937 473
1739553634075 5.8076383898466455 474
1739553634084 6.325592444885845 475
1739553634093 5.445107869338239 476
1739553634101 5.60037684588653 477
1739553634110 6.306977520885779 478
1739553634119 5.909948962920323 479
1739553634129 7.309051037958032 480
1739553634137 5.991665550814063 481
1739553634147 5.424920629586178 482
1739553634158 5.986689155757681 483
1739553634166 5.730426878074531 484
1739553634174 6.510717443885697 485
1739553634182 6.745006176613651 486
1739553634191 6.4845435839599785 487
1739553634200 6.359420672767142 488
1739553634209 6.107213295256093 489
1739553634218 6.728689013427974 490
1739553634228 5.953131701971603 491
1739553634236 5.6888259939598695 492
1739553634245 5.344218869688638 493
1739553634253 6.549687141895178 494
1739553634264 6.182354278331476 495
1739553634273 5.937237882188839 496
1739553634282 6.379941316170515 497
1739553634293 6.320202940348104 498
1739553634302 6.18029651767668 499
