1739613184940 147.14802554382555 0
1739613184978 90.19356996164358 1
1739613185014 47.36167640478266 2
1739613185052 29.067132827371527 3
1739613185091 58.84411965586707 4
1739613185162 40.4087922792275 5
1739613185199 30.86347862179918 6
1739613185235 57.70389237219859 7
1739613185272 20.42577590181937 8
1739613185317 36.29290648423813 9
1739613185355 9.450867679598304 10
1739613185391 9.23060542975251 11
1739613185427 81.89838049859593 12
1739613185464 2.9844342758156115 13
1739613185500 0.9676248508610066 14
1739613185537 2.0811180132604696 15
1739613185573 24.9437238703635 16
1739613185608 39.78951445974883 17
1739613185646 1.1827042813478803 18
1739613185682 19.385941457687398 19
1739613185719 7.010846352474958 20
1739613185756 3.112950022622891 21
1739613185793 21.47192764586379 22
1739613185828 1.1588666396305296 23
1739613185867 12.952450319967271 24
1739613185909 45.54601336028753 25
1739613185949 7.174092007403471 26
1739613185985 27.628693091795846 27
1739613186022 0.7056191470760765 28
1739613186060 0.6109093647766952 29
1739613186096 17.919330976528585 30
1739613186132 0.18683505597161518 31
1739613186169 14.226271418087917 32
1739613186204 0.15143726316012832 33
1739613186242 55.25689768113243 34
1739613186278 0.010571588121466979 35
1739613186316 0.2844311413519622 36
1739613186353 10.652060085226958 37
1739613186390 8.100409616622807 38
