1739615417350 159.8118224004109 0
1739615417361 151.51107958831645 1
1739615417372 144.2867396685829 2
1739615417383 134.44816207804163 3
1739615417396 126.36942091661777 4
1739615417408 120.32932820884828 5
1739615417419 114.38692891607758 6
1739615417430 108.05175255762315 7
1739615417441 102.97266419599387 8
1739615417451 99.93410313921902 9
1739615417462 89.10777705396664 10
1739615417472 88.20199252579282 11
1739615417483 88.05015645856042 12
1739615417494 82.26594814146422 13
1739615417504 80.68416107957776 14
1739615417514 73.40035168383677 15
1739615417526 68.05622744775312 16
1739615417564 67.76302533981226 17
1739615417581 60.66575833911848 18
1739615417591 61.32074361925625 19
1739615417602 57.74451605888061 20
1739615417613 55.913488534410256 21
1739615417624 59.1670735228375 22
1739615417635 52.78833029581109 23
1739615417646 48.97374967456982 24
1739615417657 53.1191390116195 25
1739615417668 44.102855348521025 26
1739615417678 43.369087564509755 27
1739615417689 45.41338109897863 28
1739615417700 38.02698702371217 29
1739615417710 33.10982684330339 30
1739615417721 43.28489488478225 31
1739615417732 39.486563937229114 32
1739615417743 30.479612631652486 33
1739615417753 32.313240620038165 34
1739615417765 30.65371049628761 35
1739615417775 30.419263945328478 36
1739615417786 36.80942412217978 37
1739615417797 32.142288654187475 38
1739615417807 27.699714078622037 39
1739615417818 25.288226937335757 40
1739615417829 31.279155637417126 41
1739615417840 21.312373425393083 42
1739615417852 27.512504626808433 43
1739615417862 28.98388111220191 44
1739615417874 28.875672626557996 45
1739615417885 23.783756783111166 46
1739615417895 27.79633620700194 47
1739615417906 20.870450700994148 48
1739615417917 18.131584552568317 49
1739615417927 14.1374027209018 50
1739615417938 26.12570861267879 51
1739615417949 19.4519922342529 52
1739615417959 19.8976736289485 53
1739615417970 24.833854872849862 54
1739615417981 19.569890541468318 55
1739615417991 26.786888158525873 56
1739615418002 19.732713434361372 57
1739615418012 13.848925763906966 58
1739615418023 19.476049133419856 59
1739615418034 23.341561048713633 60
1739615418045 18.070739025140234 61
1739615418056 24.39944534687338 62
1739615418066 17.885669551767474 63
1739615418077 18.338359040936698 64
1739615418087 24.727892066834617 65
1739615418098 15.295310185583965 66
1739615418109 16.410431398138574 67
1739615418119 18.61315139012834 68
1739615418130 18.27130795624233 69
1739615418141 17.743008491139403 70
1739615418152 24.799033809455292 71
1739615418162 14.45657665899734 72
1739615418173 16.438783890453358 73
1739615418184 14.932399203130162 74
1739615418194 22.94511797117824 75
1739615418205 19.236518857769557 76
1739615418215 18.910534278093635 77
1739615418226 19.960554900446713 78
1739615418237 17.197498081511025 79
1739615418248 15.279841903236623 80
1739615418258 17.691844069236442 81
1739615418269 16.641808156267096 82
1739615418280 18.567872326378257 83
1739615418290 18.74837255689821 84
1739615418301 17.093710683800065 85
1739615418312 12.177617103751174 86
1739615418322 17.930596455405798 87
1739615418333 17.96236021915227 88
1739615418344 15.250399933791869 89
1739615418354 18.602893788013265 90
1739615418365 13.83446472367124 91
1739615418375 20.178534749095437 92
1739615418386 16.730650738672573 93
1739615418398 21.31995780083369 94
1739615418409 21.15540949815814 95
1739615418420 15.339074221100343 96
1739615418431 13.34576726748355 97
1739615418441 17.991289816926688 98
1739615418452 18.30560081166409 99
1739615418462 13.722728448948192 100
1739615418473 13.606313003622244 101
1739615418483 14.122711345656015 102
1739615418494 15.132811730605477 103
1739615418504 17.450550549481527 104
1739615418515 15.443366596049007 105
1739615418527 14.982125794125427 106
1739615418538 11.879081120241095 107
1739615418548 16.234886807081175 108
1739615418559 16.12208610909969 109
1739615418570 13.111796895520564 110
1739615418582 15.332970219899758 111
1739615418592 13.600656929759527 112
1739615418603 14.542064943573246 113
1739615418616 15.767772103728335 114
1739615418626 13.217265062443218 115
1739615418637 22.005040532916663 116
1739615418648 13.173053731210587 117
1739615418659 16.66604343792286 118
1739615418669 15.991763208720124 119
1739615418680 17.844605393526265 120
1739615418690 13.491745000154234 121
1739615418701 16.58345495481678 122
1739615418711 18.991058069850418 123
1739615418722 14.95531135625481 124
1739615418733 17.35128123135064 125
1739615418744 15.443269413895475 126
1739615418754 10.396173645377303 127
1739615418765 16.442380755967108 128
1739615418776 9.540793202119351 129
1739615418787 15.89182033344903 130
1739615418798 17.884470162793136 131
1739615418808 11.000565577343114 132
1739615418819 14.303627534571605 133
1739615418830 12.180608797464629 134
1739615418840 11.81314270823622 135
1739615418852 16.298430768403456 136
1739615418862 17.64125640787608 137
1739615418873 15.820143924069212 138
1739615418884 12.750059061269717 139
1739615418894 14.728972373996568 140
1739615418905 15.09000866846089 141
1739615418915 14.519905892956421 142
1739615418926 12.082097603894995 143
1739615418936 19.97867622508962 144
1739615418947 18.280764551884857 145
1739615418958 12.04540645233862 146
1739615418968 13.9114238105661 147
1739615418979 18.547467056711433 148
1739615418990 13.401920576496096 149
1739615419000 15.652547512054548 150
1739615419011 19.44062376744093 151
1739615419022 17.637320594226914 152
1739615419032 19.668266814547895 153
1739615419043 12.711591514633772 154
1739615419054 16.355201710692587 155
1739615419064 18.510361119686085 156
1739615419075 12.52227775731379 157
1739615419086 15.470394122010417 158
1739615419097 14.276191943239274 159
1739615419113 20.311697887468828 160
1739615419125 15.046359632674088 161
1739615419136 12.647412473530704 162
1739615419146 13.026142642824556 163
1739615419157 12.960062008883428 164
1739615419168 12.627258388711986 165
1739615419178 14.096921030541253 166
1739615419189 11.705623934028027 167
1739615419200 14.182941729418177 168
1739615419210 13.860843960063567 169
1739615419220 15.017773235866331 170
1739615419231 14.224006361302301 171
1739615419242 12.729575953095761 172
1739615419253 14.793580822940726 173
1739615419263 14.148386423438604 174
1739615419274 13.804125045661909 175
1739615419285 16.338497457974846 176
1739615419295 12.070503349290547 177
1739615419306 16.326132496948354 178
1739615419317 16.337058010527834 179
1739615419327 13.086257364602584 180
1739615419338 15.866007501807662 181
1739615419349 12.643023159905555 182
1739615419359 12.549092719186854 183
1739615419370 14.071767693463597 184
1739615419381 18.20168004819639 185
1739615419392 11.324216910431401 186
1739615419403 14.956279617934898 187
1739615419413 11.20899614673971 188
1739615419424 13.340859235750017 189
1739615419434 19.83905588805803 190
1739615419445 15.114970399313872 191
1739615419455 12.138247065189855 192
1739615419466 14.333325449038355 193
1739615419477 13.10273032038367 194
1739615419487 10.879201544397484 195
1739615419498 14.22166932098187 196
1739615419508 16.549071926871676 197
1739615419519 17.496419140196043 198
1739615419530 13.502658664297458 199
1739615419541 15.305330286487138 200
1739615419551 13.309215943770509 201
1739615419562 11.405446807594458 202
1739615419573 13.404000934055153 203
1739615419584 13.051251349239763 204
1739615419595 19.019992632739555 205
1739615419605 15.63517620535478 206
1739615419616 17.995460381240324 207
1739615419627 17.093459050813347 208
1739615419637 15.681492512903018 209
1739615419648 18.487821100523814 210
1739615419658 9.202214990083439 211
1739615419669 16.389279396573194 212
1739615419680 14.663126202002294 213
1739615419690 18.557064488033294 214
1739615419701 11.65359453354216 215
1739615419711 13.045531395021953 216
1739615419722 10.282248418802647 217
1739615419733 11.634212349377044 218
1739615419743 9.355369610180558 219
1739615419754 11.757736844060947 220
1739615419765 11.675332076541826 221
1739615419776 16.023287630663386 222
1739615419786 12.32494076162917 223
1739615419797 15.97285124493061 224
1739615419807 14.738890968432987 225
1739615419818 16.002113711558955 226
1739615419828 14.063884837252976 227
1739615419839 13.63951184436156 228
1739615419850 13.736108514539152 229
1739615419860 12.270840129770791 230
1739615419871 16.661128183146214 231
1739615419882 13.441848714954359 232
1739615419892 11.92036453857685 233
1739615419903 17.126285783725706 234
1739615419913 13.934002967411482 235
1739615419924 13.704795154611695 236
1739615419934 13.916311399918245 237
1739615419945 14.216015113843715 238
1739615419956 8.555969343349187 239
1739615419968 13.687416367939527 240
1739615419980 17.16270652030654 241
1739615419990 10.850954621024837 242
1739615420001 16.773786956871227 243
1739615420012 10.350084504987148 244
1739615420023 14.711053298413644 245
1739615420034 16.874964541990497 246
1739615420044 14.013497287327583 247
1739615420055 13.851130090564597 248
1739615420065 13.69980340937135 249
1739615420076 17.334093230831137 250
1739615420087 12.901488119168146 251
1739615420098 15.831571101041547 252
1739615420108 17.91544672998546 253
1739615420119 13.75961076123762 254
1739615420130 14.914483189653094 255
1739615420140 15.022090560009687 256
1739615420151 14.154717233106288 257
1739615420162 13.14444765541429 258
1739615420172 11.93500933734441 259
1739615420183 14.086764151991966 260
1739615420193 11.61267159256207 261
1739615420204 12.67716384013164 262
1739615420215 14.83576261857855 263
1739615420225 15.632543117542843 264
1739615420236 16.283138319099397 265
1739615420246 16.514721170749272 266
1739615420257 13.50644096788256 267
1739615420268 17.51883466845048 268
1739615420278 16.668230112072486 269
1739615420289 11.331654683106326 270
