1739617471864 147.20045391509746 0
1739617471878 124.58487556813913 1
1739617471891 106.98015276491637 2
1739617471905 92.57520188707694 3
1739617471922 81.31215464569057 4
1739617471937 67.98465856702306 5
1739617471951 58.53155883727522 6
1739617471965 51.02305738609262 7
1739617471980 46.97944528301373 8
1739617471993 37.797662996411994 9
1739617472009 33.09805649108871 10
1739617472025 28.99200485475507 11
1739617472040 24.69910881345584 12
1739617472054 23.733314357289554 13
1739617472069 18.051823140289056 14
1739617472083 16.508352271770647 15
1739617472096 14.152928926540381 16
1739617472110 13.482355449867093 17
1739617472123 11.54743411844736 18
1739617472137 9.256017177652286 19
1739617472150 7.825684177024164 20
1739617472163 6.222763305960499 21
1739617472178 6.309677312511412 22
1739617472192 4.9731802630709705 23
1739617472205 3.6121898718169247 24
1739617472218 4.265670904669887 25
1739617472231 2.592314670919554 26
1739617472244 3.4082220068983338 27
1739617472257 3.6309743950921796 28
1739617472270 2.590542504097835 29
1739617472283 2.435309944113304 30
1739617472296 2.1818927576291354 31
1739617472308 2.2422896016966654 32
1739617472321 2.3865695206963546 33
1739617472333 1.772189906432816 34
1739617472346 1.6766027852903485 35
1739617472359 1.8992074547747517 36
1739617472371 2.4126594536755515 37
1739617472410 1.2059186539310938 38
1739617472433 1.557649036346441 39
1739617472449 1.6736848856241637 40
1739617472464 0.7833501221189535 41
1739617472478 1.6136046405709734 42
1739617472492 1.076270601934705 43
1739617472506 2.1033188111992684 44
1739617472521 1.4303504789615564 45
1739617472536 0.6252512640013309 46
1739617472552 1.5233344190921128 47
1739617472566 1.1051213359625498 48
1739617472579 0.998330741958126 49
1739617472592 1.311614755647363 50
1739617472605 1.057614628028935 51
1739617472619 0.8020221992033086 52
1739617472631 0.8963978372158065 53
1739617472645 0.6049066029925987 54
1739617472658 0.7722022004926109 55
1739617472671 0.7286864908741386 56
1739617472684 1.7626288118831999 57
1739617472697 0.8882469025213525 58
1739617472710 0.773207819033918 59
1739617472724 0.7561235514256177 60
1739617472737 0.6775127777809075 61
1739617472750 0.5884436722316565 62
1739617472762 1.8033899674941254 63
1739617472776 1.1203337120682866 64
1739617472789 1.2558362116381645 65
1739617472802 0.9869432169410934 66
1739617472815 1.2345264307343526 67
1739617472828 1.2994065514054292 68
1739617472841 1.0665319916023084 69
1739617472854 0.7008340805090308 70
1739617472867 0.6185363185611189 71
1739617472880 0.4857034736061061 72
1739617472893 1.5470297631885328 73
1739617472909 0.8518334112329266 74
1739617472924 1.1701158961083475 75
1739617472938 0.9595491009793016 76
1739617472952 0.6913625499128626 77
1739617472965 0.6677508712772361 78
1739617472978 1.0359118702308714 79
1739617472990 0.7761122859236214 80
1739617473002 1.0237445574747637 81
1739617473014 0.6912037507996488 82
1739617473027 0.592089317034416 83
1739617473040 0.8977556056824111 84
1739617473052 0.8554904499200882 85
1739617473064 0.9649743790786346 86
1739617473078 0.7267772834533683 87
1739617473091 1.0493186738509663 88
1739617473104 1.4081836336772415 89
1739617473116 0.7262463087266662 90
1739617473128 0.7291760443837032 91
1739617473141 0.9847490548019403 92
1739617473153 0.8779605768993014 93
1739617473165 2.863426734692478 94
1739617473177 0.9576980011345044 95
1739617473189 1.029462868596905 96
1739617473202 1.1230773861160008 97
1739617473214 1.0101600795353989 98
1739617473227 0.6595507033711892 99
1739617473242 0.9462602951792612 100
1739617473261 1.3287216696681967 101
1739617473275 1.107953915171096 102
1739617473288 0.8913467018617551 103
1739617473301 0.6800735564417237 104
1739617473314 0.5583403982715697 105
1739617473327 0.5145842611986139 106
1739617473339 0.7712296716100792 107
1739617473351 0.673982700398653 108
1739617473364 1.25746976844549 109
1739617473376 0.7739670817419547 110
1739617473388 1.1761102543960447 111
1739617473401 0.6339112755352864 112
1739617473414 1.243435539055884 113
1739617473426 0.7023066038163676 114
1739617473440 0.9020187437726797 115
1739617473452 0.701557403018756 116
1739617473464 0.7189325730776793 117
1739617473477 1.0995674951122507 118
1739617473489 0.9621596978883281 119
1739617473501 0.7995999644871771 120
1739617473513 0.5733968332260401 121
1739617473526 1.2354770559914727 122
1739617473539 0.8209363321987387 123
1739617473551 0.6836062042943094 124
1739617473563 0.846157628961012 125
1739617473576 0.6056235749037292 126
1739617473588 0.6734443729766292 127
1739617473601 0.5092061797236747 128
1739617473613 0.8604729565815501 129
1739617473625 1.0155817260624345 130
1739617473637 0.6623573458920745 131
1739617473650 0.5814743743445826 132
1739617473663 1.288388508452807 133
1739617473675 0.6181850498751871 134
1739617473688 1.2560843660325742 135
1739617473700 0.7609132200290148 136
1739617473713 0.9019345183775501 137
1739617473726 0.7175068127040383 138
1739617473739 1.377654193095751 139
1739617473752 0.6993672123983066 140
1739617473765 0.9926634756509812 141
1739617473778 2.40260377920809 142
1739617473790 2.765996056607162 143
1739617473803 0.5471987870598324 144
1739617473815 0.879709520726523 145
1739617473830 0.4860778457668948 146
1739617473847 0.9817199403782695 147
1739617473861 0.822516444370051 148
1739617473877 1.0502457135794103 149
1739617473892 1.0887191618336727 150
1739617473905 1.0625508503303838 151
1739617473922 1.0144091583039903 152
1739617473937 1.1539203248669383 153
1739617473950 0.9420770322412675 154
1739617473963 0.780959714786355 155
1739617473976 1.0447281404792415 156
1739617473990 1.292353039634253 157
1739617474003 0.5591002990297319 158
1739617474015 0.7092791571625832 159
1739617474028 0.8914065875280894 160
1739617474040 0.8287532151666616 161
1739617474053 0.8698463975798023 162
1739617474065 1.2258172439515698 163
1739617474077 0.6450130845055153 164
1739617474089 1.1990375669679119 165
1739617474102 0.9264734927870882 166
1739617474114 0.9199349484777137 167
1739617474126 2.3673176535876737 168
1739617474138 0.48121921015083396 169
1739617474150 0.9609004765026461 170
1739617474163 1.023886890260473 171
1739617474176 0.8983813320849091 172
1739617474188 0.7112831596308098 173
1739617474200 1.109283723523827 174
1739617474213 1.1176467328197932 175
1739617474225 1.0836181686355753 176
1739617474237 0.7739208875575636 177
1739617474249 0.5855373435099763 178
1739617474262 0.7850020315843073 179
1739617474274 1.3757134687860988 180
1739617474287 0.6599299023847789 181
1739617474299 0.7531204151958077 182
1739617474311 1.1177394520852904 183
1739617474323 0.7667373283028268 184
1739617474337 0.7825048832963233 185
1739617474352 0.5690830559447282 186
1739617474367 1.0945016096650284 187
1739617474381 1.0554726203311464 188
1739617474397 1.370286048285166 189
1739617474415 0.7530327670977377 190
1739617474440 1.3858644179091122 191
1739617474455 0.9491064212035533 192
1739617474470 0.9226027513472962 193
1739617474486 0.6108518392998571 194
1739617474501 1.00899381717719 195
1739617474515 2.635267564549859 196
1739617474529 0.917169018102678 197
1739617474543 0.6363805923986989 198
1739617474560 0.8137659670451274 199
1739617474575 0.7915951419065219 200
1739617474588 0.5415253845815561 201
1739617474602 0.8387454872291172 202
1739617474615 0.505983341466393 203
1739617474628 0.646502347092489 204
1739617474641 0.682503296890004 205
1739617474654 0.7350045150389732 206
1739617474667 0.5897076488091502 207
1739617474683 0.8382018912572835 208
1739617474698 1.0169609187096196 209
1739617474713 0.7639720399749513 210
1739617474729 0.7377258101254746 211
1739617474745 0.4969730593887137 212
1739617474760 0.6545779392765753 213
1739617474776 0.941251608913203 214
1739617474794 0.8465130965846491 215
1739617474813 1.125494072203989 216
1739617474830 1.050171126938843 217
1739617474851 0.7796312455301458 218
1739617474869 1.3657994444226367 219
1739617474887 0.6815329973445909 220
1739617474901 1.235491285809618 221
1739617474916 1.5574909731367732 222
1739617474935 1.0212503695295638 223
1739617474950 0.7013432974456992 224
1739617474964 0.7584033580834391 225
1739617474979 0.8524564773117369 226
1739617474994 0.956708615098195 227
1739617475009 0.6253446368638468 228
1739617475024 1.1734416714898106 229
1739617475039 0.6787961847653879 230
1739617475053 1.0313894225832503 231
1739617475067 2.279573583897121 232
1739617475081 1.1285592666309519 233
1739617475094 0.8438876354761145 234
1739617475108 1.195508948187873 235
1739617475122 1.0795950811299164 236
1739617475137 0.7886589028928457 237
1739617475152 1.2340490263642785 238
1739617475166 0.8049433908402007 239
1739617475181 1.0901194987330032 240
1739617475195 0.7934363780685945 241
1739617475208 0.8856030465707 242
1739617475221 0.5689605909462195 243
1739617475234 0.8145443248903262 244
1739617475248 0.784455080993343 245
1739617475261 1.4763828465071576 246
1739617475274 0.4134214179421818 247
1739617475287 0.9338857980908051 248
1739617475301 1.0507136710700513 249
1739617475315 1.2808145806772728 250
1739617475329 1.0543391758535325 251
1739617475342 0.7623216563102161 252
1739617475356 0.869182055204774 253
1739617475371 1.283739151217623 254
1739617475385 0.7697728268872904 255
1739617475398 0.7617941920351747 256
1739617475412 1.1901864263127506 257
1739617475428 0.8528932248759777 258
1739617475444 0.8018949447993853 259
1739617475458 1.062103358039073 260
1739617475474 1.0467811142070211 261
1739617475490 1.0996625687989678 262
1739617475506 0.9941633896935254 263
1739617475523 0.4749785283082579 264
1739617475540 0.9095673239916369 265
1739617475556 0.7381416966850655 266
1739617475576 0.9663901269034687 267
1739617475595 0.8880992950317675 268
1739617475613 1.2998750882365782 269
1739617475633 1.2606672916689505 270
1739617475650 1.1260349014297097 271
1739617475669 0.9334089391726298 272
1739617475686 0.8743836476662099 273
1739617475704 1.2393184047292702 274
1739617475721 0.7471442653781903 275
1739617475738 0.769180992958934 276
1739617475753 0.5606079678602133 277
1739617475769 0.9413613978510115 278
1739617475785 0.5984814766092172 279
1739617475801 0.8328270803445578 280
1739617475817 0.961485867913893 281
1739617475834 0.8712121770707874 282
1739617475852 0.66398520122159 283
1739617475868 0.659944131557101 284
1739617475883 0.9306300825624668 285
1739617475899 0.9140732703897619 286
1739617475915 0.7174047712025277 287
1739617475931 1.2585066508790863 288
1739617475946 1.1173347754077267 289
1739617475962 1.5974552335531176 290
1739617475977 0.5712379927675716 291
1739617475991 0.8470589968546135 292
1739617476005 0.5237514049236903 293
1739617476020 0.5591031003859593 294
1739617476033 0.5833102517635042 295
1739617476046 0.6876696836174535 296
1739617476059 0.9359669475777764 297
1739617476072 1.5464220040806373 298
1739617476085 1.2764478284098348 299
1739617476098 0.6895229200533134 300
1739617476111 0.9245560476606866 301
1739617476125 0.7865053010207753 302
1739617476138 1.5411256566230394 303
1739617476151 0.7689446575396891 304
1739617476164 0.6886841892641425 305
1739617476178 0.6596423473231638 306
1739617476192 0.852040309909505 307
1739617476205 0.7148501490395801 308
1739617476218 0.7400222868346908 309
1739617476268 0.7335165000922165 310
1739617476321 1.1540179907014112 311
1739617476341 0.6201705609119359 312
1739617476361 0.628264066152357 313
1739617476378 1.1946989242523167 314
1739617476394 0.9185804523435096 315
1739617476411 1.3121302191649524 316
1739617476427 1.079841775629765 317
1739617476444 1.0344938559600088 318
1739617476462 0.9183308184703344 319
1739617476479 1.139438326257 320
1739617476495 0.7135182431856149 321
1739617476511 0.6442350520648281 322
1739617476527 1.4297962031031937 323
1739617476542 1.7779956031345336 324
1739617476558 0.5318986685851358 325
1739617476574 0.5310157706196608 326
1739617476591 0.5579712712778392 327
1739617476606 1.170654415905465 328
1739617476621 1.0321748116772789 329
1739617476637 0.8583842281713013 330
1739617476652 1.0805577344147999 331
1739617476668 1.0043580815549316 332
1739617476686 0.7679290356348283 333
1739617476702 0.6805826246629273 334
1739617476718 1.2511587896477494 335
1739617476733 1.162617178734907 336
1739617476750 0.7703845453338806 337
1739617476765 0.6285463791999264 338
1739617476780 1.2760297374256886 339
1739617476796 1.8182077061522757 340
1739617476812 0.949285655847354 341
1739617476827 1.0594049674277612 342
1739617476843 0.8233487477681002 343
1739617476858 1.4504346773732706 344
1739617476874 1.171437491997562 345
1739617476891 0.8541408662605895 346
1739617476907 0.7823168562432553 347
1739617476926 0.9944586019683517 348
1739617476943 0.6631141836609187 349
1739617476971 1.783859269961603 350
1739617476991 0.9263586644332809 351
1739617477010 0.5487893117177528 352
1739617477033 0.9373548776402086 353
1739617477054 0.7821654459097963 354
1739617477073 0.572385699922159 355
1739617477093 1.2253870789182018 356
1739617477114 0.8219809225508893 357
1739617477136 1.0889747797907214 358
1739617477156 1.0231214805917417 359
1739617477177 0.9862792007404886 360
1739617477200 1.0003793958779834 361
1739617477221 0.7393579146696174 362
1739617477241 0.6107313368639012 363
1739617477261 0.635587001246359 364
1739617477280 1.2879904048388824 365
1739617477300 0.9039302693370387 366
1739617477321 0.8829860226208727 367
1739617477342 0.7959201319019051 368
1739617477361 0.7571161994621913 369
1739617477381 1.245859177270018 370
1739617477400 0.9403556299032371 371
1739617477418 0.935965473155833 372
1739617477436 0.5732895722388911 373
1739617477456 0.4848058852990575 374
1739617477513 0.6905065133609094 375
1739617477665 0.5768339313989598 376
1739617477738 0.5622071644439475 377
1739617477778 1.078641786486657 378
1739617477811 0.5377267907788679 379
1739617477839 0.7643456241280829 380
1739617477871 1.0278569216272095 381
1739617477913 0.6029507337390292 382
1739617477954 1.5257047566098636 383
1739617478031 0.5295628564522322 384
1739617478088 1.3951826559772655 385
1739617478152 0.6107072886123356 386
1739617478196 0.7783419991267084 387
1739617478223 0.65713505517189 388
1739617478253 0.7967971430324683 389
1739617478283 0.9799578281628555 390
1739617478308 0.8582206602449104 391
1739617478333 0.7630385263334672 392
1739617478358 0.7671710268539208 393
1739617478384 0.7896776615952312 394
1739617478409 0.6321196172700811 395
1739617478435 1.0601885322447935 396
1739617478458 0.5995439222741618 397
1739617478479 0.5099949575062829 398
1739617478501 0.5833066508454285 399
1739617478521 0.6580452239367814 400
1739617478541 1.0722171504215414 401
1739617478561 0.7026074771379752 402
1739617478582 1.0095458738097018 403
1739617478602 0.8156335316308924 404
1739617478624 1.0718873666992472 405
1739617478646 0.7136574659706557 406
1739617478668 1.4217996941539734 407
1739617478689 0.8928496242596758 408
1739617478712 1.602646193579118 409
1739617478733 1.4129962695259985 410
1739617478754 1.0521699184410056 411
1739617478774 0.6620072251631012 412
1739617478795 0.6441488039995076 413
1739617478817 0.5833085926663027 414
1739617478839 0.7724262486236502 415
1739617478865 1.0932978214180005 416
1739617478888 0.7422891561228314 417
1739617478912 0.7635241048171715 418
1739617478937 1.3472758453246494 419
1739617478957 1.1786319120532782 420
1739617478978 1.0948977687858055 421
1739617478999 0.6520218257425487 422
1739617479019 0.931300195329934 423
1739617479038 0.8252330543005004 424
1739617479057 1.0573976271416992 425
1739617479076 2.8488789001756185 426
1739617479096 1.272352442155535 427
1739617479114 0.8811126904680543 428
1739617479132 1.0766223054591155 429
1739617479151 0.7022765872325323 430
1739617479169 1.0597436362946373 431
1739617479189 0.5567431413231824 432
1739617479206 0.5962031506210532 433
1739617479222 1.119241192229589 434
1739617479238 1.0851846232935969 435
1739617479329 0.7225997456711071 436
1739617479358 1.152961311787192 437
1739617479377 0.7181108835498522 438
1739617479395 0.6900218797035639 439
1739617479414 1.083125228114318 440
1739617479433 0.8182057695913099 441
1739617479451 0.5571728828755098 442
1739617479469 0.6199881853710609 443
1739617479486 0.8242118735656534 444
1739617479502 0.5403437264160909 445
1739617479519 1.287607104669402 446
1739617479536 1.0443827554632226 447
1739617479552 1.4963019464460656 448
1739617479570 0.9406863172738298 449
1739617479586 0.6645428183577738 450
1739617479604 1.3574879130217667 451
1739617479620 0.9373055093306064 452
1739617479636 1.0280660576535399 453
1739617479653 0.8428266380091906 454
1739617479671 0.8071222634455195 455
1739617479687 0.43054679291186654 456
1739617479703 0.962109599183245 457
1739617479720 0.7364920687486981 458
1739617479736 0.5925597772999562 459
1739617479753 0.6796598441620564 460
1739617479769 1.256533817802375 461
1739617479786 1.0674516298697894 462
1739617479802 0.6161056026538703 463
1739617479818 0.8733246413983803 464
1739617479835 0.5705155397481836 465
1739617479853 1.3363000717869034 466
1739617479871 0.4756586479630059 467
1739617479888 0.8868652531413028 468
1739617479905 0.6309858266080183 469
1739617479926 0.6482692757040927 470
1739617479946 1.0466851360370157 471
1739617479964 0.49554369377057983 472
1739617479982 0.7601705398831146 473
1739617479999 0.5257349319902693 474
1739617480015 0.766395249867638 475
1739617480033 0.7851449314894405 476
1739617480049 1.0231741122899154 477
1739617480067 1.0698621752646522 478
1739617480085 0.8195661814707175 479
1739617480101 0.5928133507878838 480
1739617480118 0.6406308179011532 481
1739617480134 1.177319547563538 482
1739617480151 0.6433077074989643 483
1739617480167 0.5366342872680986 484
1739617480185 0.9207613600370638 485
1739617480202 0.9744694182964824 486
1739617480219 1.375060928492954 487
1739617480236 1.2306196277526475 488
1739617480253 0.6800503424691091 489
1739617480270 1.1131419532465991 490
1739617480286 2.560891160791862 491
1739617480302 0.567084988234701 492
1739617480318 0.8158518413157158 493
1739617480334 0.9842456983150726 494
1739617480350 0.7987896252275334 495
1739617480409 0.6221134872094278 496
1739617480437 1.4900969060365807 497
1739617480457 0.6300246202821419 498
1739617480476 0.5677585605605432 499
