1739612651212 160.9877447530655 0
1739612651222 144.64782412622574 1
1739612651232 137.2335276513796 2
1739612651242 133.01396595764956 3
1739612651251 115.87429189506106 4
1739612651260 110.0022479239727 5
1739612651270 98.50749915238633 6
1739612651279 97.01984930901148 7
1739612651288 89.42965816089766 8
1739612651297 81.12104446217866 9
1739612651307 76.94587244142605 10
1739612651316 72.01898269825833 11
1739612651325 69.14330350339688 12
1739612651334 63.703799605142706 13
1739612651344 60.44780221655843 14
1739612651352 55.698819692156704 15
1739612651361 53.2903115730207 16
1739612651370 47.64476980769115 17
1739612651380 46.361076813106536 18
1739612651390 45.40722761819633 19
1739612651399 42.55215929514276 20
1739612651409 38.34274101583682 21
1739612651421 36.191232188882765 22
1739612651430 34.692484864440246 23
1739612651439 34.43762130351511 24
1739612651448 31.208039938271657 25
1739612651457 30.883923868527035 26
1739612651466 27.657311368066598 27
1739612651476 26.596815460062547 28
1739612651485 24.063426295545177 29
1739612651494 24.55352069238817 30
1739612651503 25.476688180333973 31
1739612651513 23.526775209924928 32
1739612651522 21.58391204510864 33
1739612651531 20.2302188846316 34
1739612651540 19.84064162118717 35
1739612651549 19.40999421228421 36
1739612651559 17.877154171190966 37
1739612651568 17.265867294590056 38
1739612651577 18.496430137785456 39
1739612651586 15.848903356493452 40
1739612651595 14.749030242608097 41
1739612651604 16.704618210281847 42
1739612651614 13.73371668987307 43
1739612651622 15.4145716815259 44
1739612651631 13.184333436652784 45
1739612651641 12.898904269345955 46
1739612651650 12.751361331787834 47
1739612651659 11.465493742333505 48
1739612651668 11.6058022251608 49
1739612651678 12.019774649006827 50
1739612651686 10.530973883159879 51
1739612651696 11.027395467978172 52
1739612651705 10.57434679209819 53
1739612651714 9.998983801555879 54
1739612651723 9.153238414183955 55
1739612651733 10.991679976335375 56
1739612651742 9.418570754564083 57
1739612651752 9.96906226179964 58
1739612651761 10.819683887398117 59
1739612651770 10.23301788520287 60
1739612651781 8.942859253366178 61
1739612651790 8.122610354859939 62
1739612651799 8.8574336832462 63
1739612651809 7.296682589577043 64
1739612651818 8.581585263588874 65
1739612651827 8.558044217851394 66
1739612651836 8.535249721075319 67
1739612651845 8.755301636870845 68
1739612651854 7.644322210835182 69
1739612651864 7.960630493047198 70
1739612651873 7.450561777021613 71
1739612651882 8.817082991991263 72
1739612651891 7.709841276045633 73
1739612651901 8.171229578794414 74
1739612651910 7.057229057988261 75
1739612651919 6.390422077282131 76
1739612651928 6.561129590279191 77
1739612651937 6.921966380476144 78
1739612651946 6.9005361296863095 79
1739612651956 5.953419126309666 80
1739612651965 7.551668665777523 81
1739612651973 7.007390770479548 82
1739612651982 6.497864918323181 83
1739612651992 6.389500681925953 84
1739612652001 6.633510056593981 85
1739612652010 6.5189728355277525 86
1739612652020 5.823758357589765 87
1739612652029 6.3463157855957135 88
1739612652038 6.669100516516917 89
1739612652047 6.504310444187455 90
1739612652056 5.765596071131994 91
1739612652065 6.399194472632495 92
1739612652074 6.1572380984154815 93
1739612652084 6.2980858967885185 94
1739612652093 4.986734694256295 95
1739612652102 6.087454992304947 96
1739612652111 6.618178335782323 97
1739612652120 6.623461407825959 98
1739612652129 7.017692169284073 99
1739612652138 6.944722714047447 100
1739612652147 6.050581456866127 101
1739612652156 6.552804180131709 102
1739612652165 5.387386937787388 103
1739612652175 5.874200135344839 104
1739612652184 6.022126438069182 105
1739612652193 5.7272233358989295 106
1739612652202 6.370519139801973 107
1739612652211 5.414822747337355 108
1739612652221 5.550985848699896 109
1739612652230 6.037791932245909 110
1739612652239 5.245675268380834 111
1739612652248 4.712336042176436 112
1739612652257 5.360166478138079 113
1739612652266 5.966839279257869 114
1739612652275 5.235607103153204 115
1739612652285 5.220813769122363 116
1739612652294 5.310397429319839 117
1739612652303 5.667323783496238 118
1739612652312 6.005105458379954 119
1739612652321 6.17397661493454 120
1739612652331 5.679945736424629 121
1739612652340 5.653818213853186 122
1739612652349 4.869499863249229 123
1739612652358 5.340407750287089 124
1739612652368 5.2714568140134315 125
1739612652376 5.96840672843501 126
1739612652386 6.8326039048106555 127
1739612652395 6.12542951453537 128
1739612652405 5.018043400738225 129
1739612652415 5.583367261326136 130
1739612652425 6.160081045893355 131
1739612652434 6.934586856911409 132
1739612652444 4.874846579448342 133
1739612652453 6.118834222490389 134
1739612652463 6.526183669377402 135
1739612652472 5.809912367319233 136
1739612652481 5.089804103898262 137
1739612652490 6.158940017405073 138
1739612652500 6.392842537169782 139
1739612652509 5.00819716717364 140
1739612652518 6.043427043291565 141
1739612652527 5.108585752393 142
1739612652536 5.830202322610893 143
1739612652546 5.332279492576813 144
1739612652554 5.966073878079037 145
1739612652563 4.746414377917854 146
1739612652572 5.50923446434034 147
1739612652582 6.1706732612543425 148
1739612652591 6.68699307892861 149
1739612652600 4.837580595332753 150
1739612652610 5.620794772657328 151
1739612652619 5.415438048085025 152
1739612652628 5.205838920350058 153
1739612652637 5.234447372226856 154
1739612652646 6.165929930665938 155
1739612652655 5.506968584759206 156
1739612652665 5.058600399206679 157
1739612652674 6.0175400597301705 158
1739612652683 5.49117742517639 159
1739612652692 5.008194215014188 160
1739612652701 5.156855192740437 161
1739612652711 7.20651596775252 162
1739612652720 5.3703315545016 163
1739612652729 5.855227695031048 164
1739612652738 5.609486776111939 165
1739612652747 6.278575653617323 166
1739612652757 6.1056731255205605 167
1739612652766 6.487632802062036 168
1739612652775 6.109491435247873 169
1739612652784 5.201097002569468 170
1739612652793 5.276538594709437 171
1739612652803 6.1725101514946 172
1739612652812 6.086365284818824 173
1739612652821 4.966987459766715 174
1739612652831 4.972196836248704 175
1739612652840 5.513982609875729 176
1739612652849 6.036420057391058 177
1739612652858 5.13920097170368 178
1739612652867 4.838770496761531 179
1739612652876 5.137895651320092 180
1739612652885 5.235418896487577 181
1739612652895 5.527273025625968 182
1739612652904 5.637259866763323 183
1739612652914 5.445560688586629 184
1739612652926 5.276028059961077 185
1739612652936 5.503454865461695 186
1739612652945 5.7927188561185 187
1739612652958 5.627196683409062 188
1739612652968 5.077988395680488 189
1739612652977 5.6790561586487724 190
1739612652986 6.131932386298218 191
1739612652996 5.150467787060381 192
1739612653005 4.8047993389322174 193
1739612653014 5.547196188439655 194
1739612653023 6.486493647886299 195
1739612653032 5.073622640210233 196
