1739613056403 169.9795761742542 0
1739613056413 169.64116885659956 1
1739613056425 169.30350669844685 2
1739613056435 168.96658799137734 3
1739613056444 168.63041103097768 4
1739613056453 168.2949741168306 5
1739613056462 167.96027555250518 6
1739613056472 167.62631364554764 7
1739613056482 167.29308670747164 8
1739613056491 166.96059305374916 9
1739613056500 166.62883100380085 10
1739613056510 166.2977988809868 11
1739613056519 165.96749501259717 12
1739613056528 165.63791772984288 13
1739613056537 165.30906536784622 14
1739613056546 164.98093626563175 15
1739613056555 164.65352876611686 16
1739613056565 164.3268412161027 17
1739613056574 164.0008719662648 18
1739613056620 163.67561937114405 19
1739613056629 163.35108178913725 20
1739613056638 163.02725758248843 21
1739613056647 162.7041451172793 22
1739613056656 162.38174276342028 23
1739613056665 162.0600488946416 24
1739613056675 161.73906188848386 25
1739613056687 161.4187801262894 26
1739613056697 161.0992019931931 27
1739613056706 160.7803258781132 28
1739613056716 160.46215017374266 29
1739613056726 160.14467327654015 30
1739613056736 159.8278935867208 31
1739613056745 159.5118095082477 32
1739613056755 159.1964194488228 33
1739613056764 158.88172181987804 34
1739613056774 158.56771503656657 35
1739613056783 158.25439751775392 36
1739613056792 157.9417676860091 37
1739613056802 157.62982396759602 38
1739613056811 157.31856479246449 39
1739613056821 157.00798859424168 40
1739613056830 156.69809381022327 41
1739613056839 156.38887888136483 42
1739613056849 156.080342252273 43
1739613056858 155.7724823711971 44
1739613056868 155.46529769002026 45
1739613056877 155.15878666425087 46
1739613056887 154.85294775301398 47
1739613056896 154.54777941904283 48
1739613056907 154.2432801286701 49
1739613056916 153.93944835181958 50
1739613056926 153.63628256199746 51
1739613056937 153.33378123628407 52
1739613056946 153.03194285532507 53
1739613056956 152.73076590332343 54
1739613056964 152.43024886803062 55
1739613056974 152.13039024073834 56
1739613056983 151.83118851627023 57
1739613056993 151.53264219297336 58
1739613057003 151.23474977270993 59
1739613057012 150.9375097608488 60
1739613057022 150.64092066625756 61
1739613057031 150.34498100129375 62
1739613057040 150.0496892817969 63
1739613057050 149.7550440270802 64
1739613057060 149.46104375992232 65
1739613057070 149.16768700655905 66
1739613057079 148.87497229667522 67
1739613057090 148.58289816339655 68
1739613057099 148.29146314328136 69
1739613057109 148.00066577631253 70
1739613057118 147.7105046058895 71
1739613057127 147.4209781788199 72
1739613057137 147.13208504531164 73
1739613057146 146.84382375896487 74
1739613057155 146.55619287676402 75
1739613057164 146.26919095906936 76
1739613057184 145.98281656960955 77
1739613057194 145.69706827547338 78
1739613057204 145.4119446471017 79
1739613057213 145.1274442582798 80
1739613057225 144.84356568612915 81
1739613057233 144.56030751109964 82
1739613057243 144.27766831696187 83
1739613057252 143.99564669079888 84
1739613057262 143.71424122299868 85
1739613057271 143.43345050724625 86
1739613057280 143.1532731405157 87
1739613057290 142.8737077230625 88
1739613057299 142.59475285841577 89
1739613057309 142.31640715337053 90
1739613057318 142.03866921797982 91
1739613057327 141.7615376655471 92
1739613057336 141.4850111126186 93
1739613057346 141.20908817897546 94
1739613057355 140.93376748762623 95
1739613057364 140.65904766479906 96
1739613057373 140.3849273399343 97
1739613057383 140.11140514567674 98
1739613057393 139.83847971786798 99
1739613057403 139.56614969553897 100
1739613057412 139.2944137209024 101
1739613057421 139.02327043934514 102
1739613057431 138.75271849942072 103
1739613057439 138.482756552842 104
1739613057449 138.21338325447337 105
1739613057459 137.94459726232358 106
1739613057468 137.67639723753808 107
1739613057477 137.40878184439177 108
1739613057486 137.1417497502814 109
1739613057495 136.87529962571838 110
1739613057504 136.60943014432118 111
1739613057513 136.34413998280823 112
1739613057523 136.07942782099033 113
1739613057533 135.81529234176344 114
1739613057543 135.5517322311014 115
1739613057554 135.2887461780486 116
1739613057563 135.02633287471266 117
1739613057573 134.76449101625738 118
1739613057582 134.50321930089513 119
1739613057591 134.24251642988006 120
1739613057600 133.98238110750054 121
1739613057610 133.72281204107225 122
1739613057620 133.46380794093074 123
1739613057630 133.20536752042457 124
1739613057640 132.94748949590792 125
1739613057649 132.69017258673364 126
1739613057659 132.4334155152461 127
1739613057668 132.17721700677404 128
1739613057677 131.9215757896236 129
1739613057690 131.66649059507125 130
1739613057700 131.41196015735676 131
1739613057710 131.15798321367603 132
1739613057720 130.9045585041744 133
1739613057729 130.6516847719394 134
1739613057738 130.3993607629938 135
1739613057747 130.14758522628892 136
1739613057757 129.89635691369736 137
1739613057766 129.6456745800063 138
1739613057776 129.39553698291056 139
1739613057785 129.14594288300563 140
1739613057795 128.89689104378087 141
1739613057804 128.64838023161275 142
1739613057816 128.40040921575778 143
1739613057826 128.15297676834595 144
1739613057835 127.90608166437377 145
1739613057845 127.65972268169753 146
1739613057854 127.4138986010265 147
1739613057863 127.16860820591626 148
1739613057874 126.92385028276182 149
1739613057883 126.6796236207911 150
1739613057893 126.43592701205803 151
1739613057903 126.19275925143592 152
1739613057912 125.95011913661091 153
1739613057922 125.70800546807513 154
1739613057931 125.46641704912015 155
1739613057942 125.22535268583039 156
1739613057955 124.9848111870764 157
1739613057965 124.74479136450836 158
1739613057974 124.50529203254952 159
1739613057983 124.26631200838952 160
1739613057993 124.02785011197793 161
1739613058002 123.78990516601772 162
1739613058011 123.55247599595873 163
1739613058021 123.31556142999115 164
1739613058031 123.07916029903905 165
1739613058040 122.84327143675394 166
1739613058051 122.60789367950824 167
1739613058060 122.37302586638896 168
1739613058069 122.13866683919113 169
1739613058078 121.90481544241155 170
1739613058088 121.67147052324223 171
1739613058097 121.43863093156416 172
1739613058107 121.20629551994087 173
1739613058116 120.97446314361213 174
1739613058135 120.74313266048752 175
1739613058144 120.51230293114027 176
1739613058155 120.28197281880078 177
1739613058165 120.05214118935052 178
1739613058175 119.8228069113156 179
1739613058186 119.59396885586052 180
1739613058195 119.36562589678218 181
1739613058211 119.13777691050323 182
1739613058227 118.91042077606623 183
1739613058244 118.68355637512725 184
1739613058261 118.4571825919498 185
1739613058277 118.23129831339853 186
1739613058291 118.00590242893323 187
1739613058306 117.78099383060254 188
1739613058321 117.55657141303799 189
1739613058331 117.33263407344775 190
1739613058341 117.10918071161055 191
1739613058350 116.88621022986976 192
1739613058360 116.6637215331271 193
1739613058370 116.44171352883674 194
1739613058380 116.22018512699918 195
1739613058389 115.99913524015534 196
1739613058398 115.77856278338035 197
1739613058408 115.55846667427781 198
1739613058417 115.33884583297359 199
1739613058427 115.11969918211004 200
1739613058436 114.90102564683988 201
1739613058446 114.68282415482038 202
1739613058455 114.4650936362074 203
1739613058464 114.24783302364948 204
1739613058474 114.03104125228192 205
1739613058483 113.81471725972092 206
1739613058493 113.59885998605782 207
1739613058503 113.38346837385296 208
1739613058513 113.16854136813022 209
1739613058522 112.95407791637089 210
1739613058531 112.74007696850796 211
1739613058541 112.52653747692044 212
1739613058550 112.31345839642738 213
1739613058560 112.10083868428222 214
1739613058570 111.88867730016703 215
1739613058579 111.67697320618669 216
1739613058589 111.46572536686331 217
1739613058599 111.25493274913035 218
1739613058608 111.04459432232697 219
1739613058618 110.83470905819252 220
1739613058627 110.62527593086051 221
1739613058637 110.41629391685328 222
1739613058646 110.2077619950762 223
1739613058656 109.99967914681206 224
1739613058664 109.79204435571545 225
1739613058675 109.58485660780715 226
1739613058684 109.37811489146857 227
1739613058697 109.17181819743612 228
1739613058706 108.96596551879568 229
1739613058716 108.76055585097703 230
1739613058725 108.55558819174828 231
1739613058734 108.35106154121048 232
1739613058744 108.14697490179189 233
1739613058754 107.94332727824268 234
1739613058764 107.74011767762927 235
1739613058773 107.53734510932902 236
1739613058782 107.3350085850247 237
1739613058792 107.13310711869896 238
1739613058802 106.93163972662902 239
1739613058811 106.73060542738115 240
1739613058821 106.53000324180539 241
1739613058831 106.32983219303001 242
1739613058841 106.13009130645621 243
1739613058851 105.93077960975266 244
1739613058860 105.7318961328503 245
1739613058870 105.53343990793688 246
1739613058879 105.3354099694516 247
1739613058890 105.13780535407992 248
1739613058899 104.9406251007481 249
1739613058909 104.74386825061802 250
1739613058918 104.54753384708182 251
1739613058927 104.35162093575674 252
1739613058937 104.1561285644797 253
1739613058946 103.96105578330226 254
1739613058957 103.76640164448514 255
1739613058966 103.57216520249322 256
1739613058976 103.37834551399027 257
1739613058986 103.18494163783366 258
1739613058995 102.99195263506931 259
1739613059006 102.79937756892643 260
1739613059015 102.60721550481244 261
1739613059024 102.41546551030774 262
1739613059033 102.22412665516062 263
1739613059043 102.03319801128215 264
1739613059053 101.84267865274106 265
1739613059062 101.65256765575863 266
1739613059072 101.46286409870366 267
1739613059082 101.27356706208728 268
1739613059102 101.08467562855803 269
1739613059111 100.89618888289671 270
1739613059122 100.70810591201145 271
1739613059132 100.52042580493249 272
1739613059142 100.33314765280745 273
1739613059152 100.14627054889607 274
1739613059161 99.95979358856538 275
1739613059171 99.77371586928462 276
1739613059180 99.5880364906204 277
1739613059190 99.40275455423162 278
1739613059199 99.21786916386459 279
1739613059208 99.03337942534813 280
1739613059218 98.84928444658861 281
1739613059227 98.66558333756501 282
1739613059235 98.48227521032412 283
1739613059245 98.29935917897559 284
1739613059254 98.11683435968705 285
1739613059263 97.93469987067935 286
1739613059273 97.75295483222152 287
1739613059282 97.57159836662619 288
1739613059291 97.39062959824456 289
1739613059300 97.21004765346164 290
1739613059310 97.02985166069149 291
1739613059319 96.85004075037243 292
1739613059328 96.67061405496219 293
1739613059337 96.4915707089332 294
1739613059346 96.31290984876786 295
1739613059356 96.13463061295371 296
1739613059364 95.95673214197883 297
1739613059374 95.77921357832693 298
1739613059383 95.60207406647277 299
1739613059392 95.42531275287752 300
1739613059401 95.24892878598385 301
1739613059410 95.07292131621152 302
1739613059420 94.89728949595246 303
1739613059429 94.72203247956637 304
1739613059439 94.54714942337581 305
1739613059448 94.37263948566181 306
1739613059458 94.19850182665908 307
1739613059468 94.02473560855147 308
1739613059477 93.85133999546734 309
1739613059486 93.67831415347504 310
1739613059495 93.50565725057824 311
1739613059505 93.33336845671145 312
1739613059515 93.16144694373533 313
1739613059524 92.98989188543236 314
1739613059534 92.81870245750207 315
1739613059543 92.64787783755666 316
1739613059552 92.47741720511647 317
1739613059561 92.30731974160547 318
1739613059571 92.13758463034671 319
1739613059581 91.96821105655795 320
1739613059591 91.79919820734705 321
1739613059600 91.6305452717077 322
1739613059609 91.4622514405147 323
1739613059619 91.29431590651988 324
1739613059628 91.12673786434729 325
1739613059637 90.95951651048912 326
1739613059646 90.79265104330098 327
1739613059655 90.62614066299783 328
1739613059664 90.45998457164933 329
1739613059674 90.29418197317553 330
1739613059683 90.12873207334266 331
1739613059697 89.96363407975856 332
1739613059706 89.79888720186842 333
1739613059715 89.63449065095057 334
1739613059725 89.47044364011188 335
1739613059735 89.30674538428374 336
1739613059744 89.14339510021759 337
1739613059753 88.9803920064806 338
1739613059763 88.81773532345153 339
1739613059772 88.65542427331638 340
1739613059781 88.49345808006409 341
1739613059791 88.33183596948228 342
1739613059801 88.1705571691532 343
1739613059811 88.00962090844922 344
1739613059821 87.84902641852875 345
1739613059830 87.6887729323321 346
1739613059841 87.5288596845771 347
1739613059850 87.3692859117551 348
1739613059860 87.2100508521266 349
1739613059869 87.05115374571726 350
1739613059879 86.89259383431356 351
1739613059888 86.73437036145882 352
1739613059897 86.57648257244892 353
1739613059908 86.41892971432827 354
1739613059917 86.2617110358856 355
1739613059928 86.10482578764992 356
1739613059941 85.94827322188635 357
1739613059952 85.79205259259213 358
1739613059961 85.6361631554924 359
1739613059971 85.48060416803625 360
1739613059981 85.32537488939253 361
1739613059990 85.170474580446 362
1739613059999 85.01590250379299 363
1739613060009 84.86165792373764 364
1739613060020 84.70774010628779 365
1739613060030 84.55414831915085 366
1739613060050 84.4008818317299 367
1739613060060 84.24793991511974 368
1739613060070 84.09532184210278 369
1739613060080 83.94302688714514 370
1739613060090 83.79105432639267 371
1739613060100 83.63940343766696 372
1739613060109 83.48807350046145 373
1739613060119 83.33706379593744 374
1739613060129 83.18637360692017 375
1739613060139 83.0360022178949 376
1739613060148 82.88594891500306 377
1739613060157 82.73621298603814 378
1739613060166 82.58679372044217 379
1739613060176 82.43769040930141 380
1739613060184 82.2889023453428 381
1739613060194 82.14042882292992 382
1739613060203 81.99226913805917 383
1739613060212 81.844422588356 384
1739613060222 81.69688847307096 385
1739613060231 81.54966609307593 386
1739613060240 81.40275475086034 387
1739613060249 81.25615375052723 388
1739613060258 81.1098623977896 389
1739613060268 80.96387999996652 390
1739613060278 80.81820586597932 391
1739613060288 80.672839306348 392
1739613060297 80.52777963318722 393
1739613060306 80.38302616020266 394
1739613060315 80.23857820268736 395
1739613060325 80.0944350775178 396
1739613060334 79.9505961031503 397
1739613060343 79.80706059961723 398
1739613060353 79.66382788852339 399
1739613060362 79.52089729304215 400
1739613060371 79.37826813791196 401
1739613060381 79.23593974943245 402
1739613060389 79.09391145546093 403
1739613060398 78.95218258540861 404
1739613060408 78.81075247023699 405
1739613060417 78.66962044245419 406
1739613060427 78.52878583611134 407
1739613060438 78.3882479867989 408
1739613060447 78.24800623164306 409
1739613060457 78.1080599093021 410
1739613060466 77.96840835996285 411
1739613060476 77.82905092533704 412
1739613060485 77.68998694865766 413
1739613060494 77.55121577467551 414
1739613060504 77.41273674965548 415
1739613060513 77.27454922137304 416
1739613060522 77.13665253911083 417
1739613060532 76.9990460536548 418
1739613060542 76.86172911729099 419
1739613060552 76.72470108380179 420
1739613060561 76.5879613084625 421
1739613060570 76.45150914803779 422
1739613060580 76.31534396077821 423
1739613060591 76.17946510641673 424
1739613060600 76.04387194616515 425
1739613060609 75.9085638427107 426
1739613060619 75.77354016021256 427
1739613060631 75.63880026429831 428
1739613060640 75.50434352206068 429
1739613060649 75.37016930205382 430
1739613060659 75.23627697429006 431
1739613060668 75.10266591023648 432
1739613060678 74.96933548281135 433
1739613060687 74.83628506638081 434
1739613060696 74.70351403675548 435
1739613060707 74.57102177118703 436
1739613060716 74.43880764836474 437
1739613060726 74.30687104841219 438
1739613060736 74.17521135288388 439
1739613060745 74.0438279447618 440
1739613060755 73.91272020845213 441
1739613060764 73.78188752978188 442
1739613060774 73.65132929599557 443
1739613060783 73.52104489575176 444
1739613060792 73.39103371911995 445
1739613060802 73.26129515757702 446
1739613060811 73.13182860400416 447
1739613060821 73.00263345268336 448
1739613060831 72.87370909929415 449
1739613060842 72.74505494091053 450
1739613060851 72.61667037599733 451
1739613060860 72.48855480440724 452
1739613060871 72.36070762737737 453
1739613060880 72.23312824752611 454
1739613060889 72.10581606884979 455
1739613060898 71.97877049671948 456
1739613060909 71.85199093787776 457
1739613060918 71.72547680043547 458
1739613060928 71.59922749386853 459
1739613060937 71.47324242901469 460
1739613060947 71.34752101807034 461
1739613060957 71.22206267458733 462
1739613060967 71.09686681346977 463
1739613060976 70.97193285097084 464
1739613060988 70.84726020468966 465
1739613061005 70.72284829356806 466
1739613061015 70.59869653788743 467
1739613061025 70.47480435926566 468
1739613061035 70.35117118065389 469
1739613061045 70.22779642633343 470
1739613061055 70.10467952191262 471
1739613061064 69.98181989432373 472
1739613061074 69.85921697181976 473
1739613061083 69.73687018397149 474
1739613061093 69.61477896166423 475
1739613061103 69.49294273709482 476
1739613061112 69.37136094376854 477
1739613061121 69.25003301649593 478
1739613061130 69.12895839138992 479
1739613061140 69.00813650586258 480
1739613061149 68.88756679862216 481
1739613061158 68.76724870967 482
1739613061168 68.64718168029755 483
1739613061177 68.5273651530833 484
1739613061186 68.40779857188971 485
1739613061196 68.28848138186027 486
1739613061206 68.16941302941648 487
1739613061215 68.05059296225477 488
1739613061225 67.9320206293436 489
1739613061234 67.81369548092042 490
1739613061244 67.69561696848866 491
1739613061253 67.57778454481482 492
1739613061262 67.4601976639255 493
1739613061271 67.34285578110433 494
1739613061281 67.22575835288917 495
1739613061290 67.10890483706906 496
1739613061300 66.99229469268131 497
1739613061309 66.87592738000858 498
1739613061319 66.75980236057589 499
