1739615190081 0.22904110608960562 0
1739615190122 0.484812787059859 1
1739615190162 0.0913009384815353 2
1739615190202 0.7113858464129532 3
1739615190241 16.779111772471175 4
1739615190283 3.8771991183317107 5
1739615190323 1.5036098107272873 6
1739615190363 1.374514550343031 7
1739615190429 8.45293836613503 8
1739615190474 1.5165437514160514 9
1739615190518 0.12621638934563753 10
1739615190558 0.13568236213503473 11
1739615190598 0.9589207184277357 12
1739615190637 0.004726010306015407 13
1739615190677 0.3050247143769272 14
1739615190716 0.10484155041956923 15
1739615190755 0.16695295141354372 16
1739615190795 0.8528702486309319 17
1739615190834 0.4454104988392447 18
1739615190875 0.030390685413976177 19
1739615190915 5.028545852218047 20
1739615190955 0.010840317772253938 21
1739615190995 2.5012911358627488 22
1739615191034 0.7096043399229651 23
1739615191074 0.554884896960156 24
1739615191115 2.427257836398087 25
1739615191154 0.027753961037079087 26
1739615191194 0.7101702147979727 27
1739615191233 1.5387175489867406 28
1739615191273 0.8660206643585464 29
1739615191317 2.3274661339058893 30
1739615191357 2.5124550906027454 31
1739615191398 0.30149869071740354 32
1739615191437 0.010603176228096626 33
1739615191477 1.7725528933020787 34
1739615191516 1.975149832169293 35
1739615191555 0.968342512700802 36
1739615191596 0.8671132867172793 37
1739615191636 0.1821138250833651 38
1739615191675 0.21411418137792707 39
1739615191715 1.5081006373559445 40
1739615191754 0.4061817187379308 41
1739615191795 0.36260148260066327 42
1739615191834 0.2450140114073229 43
1739615191873 1.3989493623140694 44
1739615191913 0.08492221745738608 45
1739615191952 1.3102926624054325 46
1739615191992 0.7985837271646 47
1739615192032 0.9726972502795248 48
1739615192071 1.4874873064153542 49
1739615192111 0.19453399473804134 50
1739615192150 1.6062553784708617 51
1739615192189 0.46019525262269684 52
1739615192229 0.45416237810727406 53
1739615192268 0.1521502804063166 54
1739615192307 0.03493622481543488 55
1739615192346 0.012409473149414079 56
1739615192385 0.13884900710460346 57
1739615192424 2.1345797495774206 58
1739615192464 0.3487174903194143 59
1739615192503 6.475586681829321 60
1739615192542 1.0588251926173586 61
1739615192582 0.5830383273130698 62
1739615192623 1.088173135378668 63
1739615192662 0.4961311318163618 64
1739615192702 0.20579015527749936 65
1739615192741 0.0005639290530259702 66
1739615192781 1.338933970812848 67
1739615192821 2.209369006802371 68
1739615192861 0.03559102719056975 69
1739615192900 0.016076731689379925 70
1739615192939 0.1244061991721235 71
1739615192978 2.835829094247094 72
1739615193018 0.1671839739131653 73
1739615193058 0.08184492965933007 74
1739615193097 0.010267836307383307 75
1739615193137 2.229726668070197 76
1739615193176 4.812498759142631 77
1739615193217 0.9294791437220322 78
1739615193256 0.3478604096606242 79
1739615193296 0.20640153895287927 80
1739615193336 2.2861680351030174 81
1739615193376 1.8830012388344248 82
1739615193416 0.020585098515574413 83
1739615193457 0.5672270732059703 84
1739615193496 1.9568001072595247 85
1739615193535 0.0044110681358227885 86
1739615193575 1.0379105443324939 87
1739615193614 0.004918081654230172 88
1739615193654 1.1121563626578765 89
1739615193693 0.6212939281269314 90
1739615193733 13.256448793488063 91
1739615193772 0.2377982768678468 92
1739615193811 1.2725341389662201 93
1739615193851 0.23021256491057204 94
1739615193890 3.4931765570159756 95
1739615193930 0.4450378451701661 96
1739615193969 0.08527231905913155 97
1739615194008 0.4410842120045464 98
1739615194049 7.884379538175799 99
1739615194089 0.12535096839347024 100
1739615194129 0.3196487715303332 101
1739615194169 0.004094549181954937 102
1739615194208 0.32371910097413825 103
1739615194247 0.0015765759660007392 104
1739615194287 0.10317246834470192 105
1739615194326 0.1046116208613495 106
1739615194365 1.329342013450087 107
1739615194405 0.5167847180811697 108
1739615194445 4.077154299066828 109
1739615194484 0.009882872304916718 110
1739615194523 4.615153414347948 111
1739615194562 2.455021778373639 112
1739615194602 0.9193830981614884 113
1739615194641 2.45719476654407 114
1739615194680 1.6012657853582135 115
1739615194720 0.04042846220356428 116
1739615194760 0.692871097344374 117
1739615194799 1.3082268949812559 118
1739615194839 0.8614617569434199 119
1739615194879 0.6570206374781147 120
1739615194918 2.291969364517763 121
1739615194957 0.0036497369667125128 122
1739615194997 0.6859358244944116 123
1739615195036 1.694978429508518 124
1739615195076 1.4829555344070193 125
1739615195115 0.08878580834885308 126
1739615195155 0.01896397267362688 127
1739615195195 5.261726294691426 128
1739615195235 0.269959723431123 129
1739615195274 0.17844967106761866 130
1739615195314 2.600185876050053 131
1739615195353 1.0749919137952264 132
1739615195392 0.6071888361428122 133
1739615195432 0.9447160095722599 134
1739615195472 0.047063083503435535 135
1739615195512 7.146628584403467 136
1739615195552 1.5403685720147045 137
1739615195591 1.6649090408560319 138
1739615195631 0.22719554265567066 139
1739615195670 0.008336287568462431 140
1739615195710 0.22060084640426264 141
1739615195749 0.03642941980453595 142
1739615195789 0.22613991811297687 143
1739615195828 5.199165189261263 144
1739615195868 0.028483584491372085 145
1739615195907 0.007838288207284253 146
1739615195948 2.190140598676453 147
1739615195987 0.057239101700179665 148
1739615196027 0.00014630644795261754 149
1739615196066 0.14731741629783748 150
1739615196137 0.8157242140769186 151
1739615196189 0.022520873400321228 152
1739615196232 0.14083247818986983 153
1739615196274 0.5031197050986017 154
1739615196316 0.7149901372661648 155
1739615196358 6.711799395421987 156
1739615196400 1.382491531419155 157
1739615196441 0.7743266826495309 158
1739615196483 0.01920306113214652 159
1739615196524 0.05184375027981672 160
1739615196566 1.9007486337991886 161
1739615196608 1.2652092052929103 162
1739615196648 3.916797437423749 163
1739615196690 1.0240383051541337 164
1739615196731 0.03512850411088885 165
1739615196773 0.09985324196145953 166
1739615196815 0.7077928167382597 167
1739615196857 0.011240447573046552 168
1739615196899 6.829429346051116e-05 169
1739615196940 1.1439357339594702 170
1739615196982 1.6698475937575936 171
1739615197023 1.611955200133312 172
1739615197065 0.5132070567474348 173
1739615197107 0.5195905744480674 174
1739615197148 0.4886278379060939 175
1739615197189 0.9852423933590689 176
1739615197230 1.541461763170721 177
1739615197271 0.9488154514013396 178
1739615197313 6.039041716107337 179
1739615197355 2.8686551451256888 180
1739615197396 0.09877157954012883 181
1739615197438 0.0035239262784432426 182
1739615197480 0.7758995090506053 183
1739615197520 5.133256717078523 184
1739615197564 8.943608648701245 185
1739615197605 0.5415743545465515 186
1739615197647 1.6485537776712755 187
1739615197688 0.022878082402223804 188
1739615197730 0.6010158564787844 189
1739615197772 0.2810515455453048 190
1739615197813 1.2557548707730108 191
1739615197855 3.0492746646901194 192
1739615197897 0.5245076562554026 193
1739615197940 1.1758391355042603 194
1739615197982 88.7263256561773 195
1739615198024 0.047408412177114 196
1739615198065 1.4271564039632683 197
1739615198107 1.1115877925809918 198
1739615198148 1.7355058686586275 199
1739615198189 2.064699585621299 200
1739615198231 1.2697349450897464 201
1739615198274 0.15476198919690132 202
1739615198318 0.023624961617321433 203
1739615198361 0.11943846042357625 204
1739615198402 0.06305751707317753 205
1739615198444 1.6272759193459672 206
1739615198488 0.050444601166468594 207
1739615198531 0.06471222527586933 208
1739615198574 0.08601532793599748 209
1739615198616 0.22193403876886963 210
1739615198659 0.2701776067263936 211
1739615198700 11.984900801012886 212
1739615198741 0.6594664874979999 213
1739615198783 0.5308455905080168 214
1739615198825 0.43572887019465034 215
1739615198867 3.1357979356939114 216
1739615198909 0.05347479409243011 217
1739615198951 0.00019225450165615316 218
1739615198993 0.23990646638013097 219
1739615199034 1.2997401221794722 220
1739615199075 0.36806228400218916 221
1739615199117 1.47527317306757 222
1739615199157 0.018368319027972074 223
1739615199200 0.719839583595248 224
1739615199243 0.3133897908254426 225
1739615199285 0.5416003015087426 226
1739615199327 0.08681082601677349 227
1739615199370 0.21320750306665506 228
1739615199411 0.9003580150381363 229
1739615199452 0.036812615520914804 230
1739615199494 1.4584076611615697 231
1739615199535 0.29198359150508874 232
1739615199576 0.26527956879519016 233
1739615199617 0.2270919657217846 234
1739615199660 0.008341564644348577 235
1739615199701 2.929256558937279 236
1739615199743 0.005153336369372104 237
1739615199784 1.0587829481636375 238
1739615199827 0.6884249523583741 239
1739615199869 0.05798175398364523 240
1739615199911 0.27727108225179414 241
1739615199952 0.0675318840601408 242
1739615199994 0.00011191957181886997 243
1739615200036 0.11640851673619955 244
1739615200078 0.14358789119021703 245
1739615200119 0.3989577110129253 246
1739615200160 0.8083581915739035 247
1739615200203 0.49460044275736226 248
1739615200246 1.3259466252035998 249
1739615200288 0.5727982284002562 250
1739615200330 0.16453455745326107 251
1739615200372 1.1114218103918467 252
1739615200413 3.3842015524123683 253
1739615200456 0.0062792601225623 254
1739615200498 0.051797028964611476 255
1739615200540 1.1791644268969572 256
1739615200582 0.0658136081394802 257
1739615200625 3.7627279427893554 258
1739615200667 0.41971154933462784 259
1739615200711 2.470708035389991 260
1739615200753 0.10453265164057982 261
1739615200797 4.724724981248091 262
1739615200838 0.30473552780954744 263
1739615200880 0.08637108905987792 264
1739615200922 10.37269622857077 265
1739615200964 0.26718713702258584 266
1739615201007 1.2705506635723047 267
1739615201049 5.414235384068794 268
1739615201090 0.0010784798926409735 269
1739615201131 3.3833480070504054 270
1739615201174 0.039319870532793275 271
1739615201216 0.12632796121995954 272
1739615201259 3.197486515795514 273
1739615201303 0.6395168480443313 274
1739615201345 0.1978493452487276 275
1739615201386 0.019661936038399948 276
1739615201430 0.18141323346605598 277
1739615201472 0.03490659189340848 278
1739615201513 0.002056774266567022 279
1739615201555 2.136535342868723 280
1739615201597 0.915105878219895 281
1739615201639 0.0031095472228878586 282
1739615201681 3.483989132654098e-05 283
1739615201723 4.32406158443604 284
1739615201766 1.662841318681034 285
1739615201811 0.09311061208479379 286
1739615201853 0.8330252901099271 287
1739615201896 0.0014988605525492824 288
1739615201937 0.24151389818507196 289
1739615201978 0.10671150771786089 290
1739615202021 0.06695613020144994 291
1739615202062 1.8112245364003086 292
1739615202104 1.4225542815674441 293
1739615202146 0.4790272593000638 294
1739615202187 0.4361472539832624 295
1739615202229 0.6683680563677535 296
1739615202270 1.983841193136261 297
1739615202310 0.15392677310049938 298
1739615202350 1.5757686912639586 299
1739615202390 0.4604354478869146 300
1739615202430 5.3433316603432495 301
1739615202469 0.24347264864545728 302
1739615202509 0.49051626923930924 303
1739615202549 4.042948438080049 304
1739615202588 1.3727868002314159 305
1739615202628 5.27000222928083 306
1739615202668 4.712565065201844 307
1739615202707 4.586781591303249 308
1739615202748 0.03285319375004287 309
1739615202787 11.7023779878356 310
1739615202827 1.1740758144175045 311
1739615202867 2.7247321247913514 312
1739615202906 0.0014193713173764023 313
1739615202946 0.016793517117870943 314
1739615202985 0.06837655731832269 315
1739615203024 0.010689189053909759 316
1739615203064 2.8516920561577455 317
1739615203104 1.5018592416704195 318
1739615203145 0.18090505443792793 319
1739615203184 4.1628325987931705 320
1739615203224 0.08013350941944562 321
1739615203264 0.9986090589650987 322
1739615203303 1.4573056522585934 323
1739615203344 0.008699018095107322 324
1739615203383 2.213440737676463 325
1739615203422 8.603790990309239 326
1739615203462 11.796470338106115 327
1739615203501 0.14866380460512021 328
1739615203542 0.06420751446228522 329
1739615203581 0.0457385969064824 330
1739615203622 0.45769515184635395 331
1739615203662 0.01349915630181717 332
1739615203701 5.245496717161591 333
1739615203741 0.11962564673670502 334
1739615203780 2.3698683608572986 335
1739615203819 0.6639382162299234 336
1739615203862 0.05706853178772363 337
1739615203902 0.7443227748183784 338
1739615203942 0.033147290592550324 339
1739615203982 0.04631637620215792 340
1739615204021 3.5881272500817514 341
1739615204062 0.6171402931290164 342
1739615204101 0.4179130573607011 343
1739615204140 0.028002257758380878 344
1739615204180 0.6926268099537827 345
1739615204219 0.09507513228973752 346
1739615204259 5.3144379122160235 347
1739615204299 0.12126409150626469 348
1739615204338 0.47020488148239015 349
1739615204378 0.006182045468277616 350
1739615204417 0.023688630030032163 351
1739615204457 0.8074878280795654 352
1739615204496 0.4597084690683373 353
1739615204536 0.09157091965717401 354
1739615204576 0.002972530093723272 355
1739615204615 0.14927160032409592 356
1739615204654 1.146287527257334 357
1739615204696 0.14409482140208113 358
1739615204736 0.0732325868779372 359
1739615204775 0.026869851366662277 360
1739615204815 0.02403810627005176 361
1739615204855 2.6777406121640546 362
1739615204894 1.265070495219678 363
1739615204934 0.6629459265471551 364
1739615204974 0.7722142467861838 365
1739615205014 0.059922060871555105 366
1739615205054 0.11303414917541581 367
1739615205094 0.04330637265366606 368
1739615205134 1.0567665852606778 369
1739615205174 1.1206533632112647 370
1739615205213 0.049271845256276973 371
1739615205252 0.07669391681322836 372
1739615205292 6.9476760444040035 373
1739615205331 0.7257775662674387 374
1739615205370 0.08271492733234215 375
1739615205410 0.8177208782348542 376
1739615205449 0.05008620036002552 377
1739615205489 0.6452362635682356 378
1739615205529 2.0559508991154303 379
1739615205570 0.7569012002395891 380
1739615205610 2.020272584970467 381
1739615205649 0.0058064042068121215 382
1739615205688 3.505643267328935 383
1739615205727 3.0469489332866324 384
1739615205767 0.007621752494149362 385
1739615205806 0.6464402049745773 386
1739615205846 0.10794202838688363 387
1739615205886 0.6458831598595242 388
1739615205925 0.41518458739512104 389
1739615205965 0.23936468407689174 390
1739615206006 0.3225574898035267 391
1739615206046 0.19325166581661218 392
1739615206086 2.145881507153675 393
1739615206126 0.05928516311119609 394
1739615206167 0.26769845367113265 395
1739615206206 0.4890780976558525 396
1739615206247 0.0008155672512088132 397
1739615206287 0.3102128045287369 398
1739615206327 4.602316790418973 399
1739615206366 0.8049303003845001 400
1739615206406 0.5171893373217439 401
1739615206446 0.7141540746662227 402
1739615206485 6.46539435469848 403
1739615206525 1.88353033521476 404
1739615206564 3.810592121029056 405
1739615206604 0.05300415082791026 406
1739615206644 0.24451330307579178 407
1739615206684 0.5356064670883613 408
1739615206724 0.7799578910141548 409
1739615206763 1.0808793115479682 410
1739615206804 0.1930657499863961 411
1739615206844 0.07511203554525178 412
1739615206884 0.40984689698548993 413
1739615206923 0.1290612898817191 414
1739615206965 2.098095334333539 415
1739615207006 0.011066501268535874 416
1739615207045 0.014577080228399061 417
1739615207084 1.0399799983197726 418
1739615207124 0.10989472920193126 419
1739615207163 0.9041310750648202 420
1739615207203 2.6791111343690184 421
1739615207243 0.14261222786389233 422
1739615207283 3.4676055310304292 423
1739615207322 1.0231701131609372 424
1739615207362 1.6988178410962056 425
1739615207402 0.12515989094087282 426
1739615207441 1.3897013367803435 427
1739615207481 1.5213753656663078 428
1739615207520 1.2780616125232476 429
1739615207560 7.341727948027628 430
1739615207599 0.12378397962510888 431
1739615207638 0.06800305496152337 432
1739615207678 21.58394424224402 433
1739615207718 1.5998936660152059 434
1739615207758 1.0729894015591428 435
1739615207799 0.2117971997428546 436
1739615207839 2.3026269970271156 437
1739615207878 0.389421515991829 438
1739615207918 0.1540456663640948 439
1739615207958 0.4588376890226886 440
1739615207997 0.39075491483394914 441
1739615208037 0.2964793049542078 442
1739615208076 0.10685838873528905 443
1739615208116 3.3120252015916183 444
1739615208156 1.1408638631841344 445
1739615208196 3.8368875411879735 446
1739615208236 1.2613990227846272 447
1739615208276 0.6311270560958389 448
1739615208316 1.5903241622499653 449
1739615208356 0.8860887289040361 450
1739615208395 0.24958796118464266 451
1739615208435 3.8473965371893706 452
1739615208475 0.8459022876262338 453
1739615208515 4.699873437508076 454
1739615208554 0.6189792883083427 455
1739615208593 0.747940493662552 456
1739615208633 0.8628411149360508 457
1739615208672 0.4805464008943357 458
1739615208712 0.3283985548129067 459
1739615208752 0.020249552824332245 460
1739615208791 2.0763444449141644 461
1739615208830 0.09097650764535303 462
1739615208869 2.0558169353102227 463
1739615208909 0.9030961734437732 464
1739615208949 1.4615480810220862 465
1739615208989 0.03035773156638633 466
1739615209030 0.5410570732161267 467
1739615209070 0.862499252959262 468
1739615209109 6.834050949319634 469
1739615209149 4.368457490314622 470
1739615209189 2.291089451187072 471
1739615209230 1.0406014760396405 472
1739615209270 1.3303831735483922 473
1739615209309 1.6143352866838656 474
1739615209349 0.04632913499041577 475
1739615209388 0.6919937259486217 476
1739615209428 0.1945474592047498 477
1739615209468 0.9554664669460182 478
1739615209507 5.405028749882723 479
1739615209547 2.011012097884349 480
1739615209586 0.054335708462717715 481
1739615209626 0.12758757956447053 482
1739615209665 0.1617747673361023 483
1739615209705 0.7307799625701071 484
1739615209745 0.04710733520715393 485
1739615209784 0.3847198582959697 486
1739615209823 0.15118654664207815 487
1739615209863 0.1139977677541062 488
1739615209903 0.040024903498735144 489
1739615209942 1.2327181349865068 490
1739615209981 2.5557697361142178 491
1739615210021 0.3947953758046267 492
1739615210061 0.2021568266261347 493
1739615210100 1.4246592389255122 494
1739615210141 0.7042792173661812 495
1739615210180 1.0266057169876819 496
1739615210220 1.1198546933304971 497
1739615210261 0.019970247631211982 498
1739615210300 5.30553498614503 499
