1739616001688 169.27259390991358 0
1739616001701 169.26567284258192 1
1739616001714 169.2589856000837 2
1739616001727 169.25229865351318 3
1739616001740 169.24561200838767 4
1739616001752 169.238925664693 5
1739616001766 169.2322396224154 6
1739616001779 169.22555388154075 7
1739616001791 169.21886844205528 8
1739616001803 169.21218330394495 9
1739616001816 169.2054984671959 10
1739616001828 169.1988139317942 11
1739616001839 169.1921296977259 12
1739616001852 169.1854457649771 13
1739616001865 169.17892201362952 14
1739616001887 169.1723186108275 15
1739616001901 169.16571550590555 16
1739616001914 169.15911269694976 17
1739616001926 169.1525101839464 18
1739616001939 169.14590796688185 19
1739616001951 169.13930604574256 20
1739616001963 169.1327044205148 21
1739616001976 169.12610309118506 22
1739616001988 169.11950205773954 23
1739616002001 169.11290132016472 24
1739616002014 169.10630087844697 25
1739616002025 169.09970073257264 26
1739616002038 169.0931008825281 27
1739616002050 169.08650132829968 28
1739616002063 169.07990206987378 29
1739616002085 169.07330310723682 30
1739616002098 169.06670444037508 31
1739616002110 169.060106069275 32
1739616002123 169.053507993923 33
1739616002135 169.04691021430534 34
1739616002147 169.04031273040843 35
1739616002159 169.03371554221866 36
1739616002172 169.02711864972244 37
1739616002184 169.02052205290613 38
1739616002197 169.01392575175606 39
1739616002209 169.00732974625865 40
1739616002222 169.00073403640025 41
1739616002235 168.99413862216727 42
1739616002247 168.9875435035461 43
1739616002259 168.9809486805231 44
1739616002271 168.97435415308468 45
1739616002283 168.96775992121712 46
1739616002295 168.96116598490693 47
1739616002307 168.9545723441404 48
1739616002320 168.947978998904 49
1739616002332 168.94138594918405 50
1739616002344 168.93479319496697 51
1739616002357 168.92820073623912 52
1739616002369 168.92160857298683 53
1739616002382 168.91501670519662 54
1739616002394 168.90842513285483 55
1739616002406 168.90183385594779 56
1739616002418 168.89524287446196 57
1739616002431 168.88865218838367 58
1739616002443 168.88206179769935 59
1739616002455 168.8754717023954 60
1739616002467 168.86888190245816 61
1739616002479 168.86229239787406 62
1739616002492 168.85570318862952 63
1739616002504 168.84911427471084 64
1739616002516 168.8425256561045 65
1739616002529 168.8359373327969 66
1739616002542 168.82934930477433 67
1739616002555 168.8227615720233 68
1739616002567 168.81617413453023 69
1739616002579 168.80958699228134 70
1739616002592 168.80300014526324 71
1739616002604 168.79641359346218 72
1739616002616 168.78982733686462 73
1739616002629 168.78324137545692 74
1739616002642 168.77665570922557 75
1739616002654 168.77007033815687 76
1739616002666 168.76348526223725 77
1739616002681 168.75690048145316 78
1739616002693 168.75031599579094 79
1739616002706 168.74373180523708 80
1739616002718 168.7371479097779 81
1739616002731 168.73056430939977 82
1739616002744 168.7239810040892 83
1739616002756 168.71739799383255 84
1739616002768 168.71081527861625 85
1739616002780 168.70423285842668 86
1739616002793 168.6976507332502 87
1739616002805 168.69106890307336 88
1739616002817 168.68448736788244 89
1739616002830 168.6779061276639 90
1739616002841 168.67132518240413 91
1739616002853 168.66474453208957 92
1739616002866 168.65816417670663 93
1739616002879 168.65158411624168 94
1739616002891 168.64500435068115 95
1739616002905 168.63842488001154 96
1739616002918 168.6318457042191 97
1739616002932 168.62526682329042 98
1739616002946 168.61868823721179 99
1739616002959 168.61210994596965 100
1739616002973 168.60553194955048 101
1739616002984 168.59895424794064 102
1739616002996 168.59237684112654 103
1739616003010 168.58579972909465 104
1739616003021 168.57922291183135 105
1739616003044 168.57264638932307 106
1739616003057 168.56607016155624 107
1739616003070 168.55949422851725 108
1739616003083 168.55291859019255 109
1739616003095 168.54634324656854 110
1739616003107 168.5397681976317 111
1739616003168 168.5331934433684 112
1739616003190 168.52661898376508 113
1739616003213 168.52004481880815 114
1739616003233 168.51347094848407 115
1739616003254 168.50689737277926 116
1739616003280 168.50032409168008 117
1739616003302 168.49375110517303 118
1739616003320 168.48717841324455 119
1739616003338 168.48060601588102 120
1739616003355 168.4740339130689 121
1739616003371 168.46746210479455 122
1739616003388 168.46089059104455 123
1739616003404 168.45431937180518 124
1739616003420 168.44774844706296 125
1739616003436 168.4411778168043 126
1739616003451 168.43460748101563 127
1739616003466 168.42803743968338 128
1739616003480 168.421467692794 129
1739616003495 168.41489824033388 130
1739616003511 168.4083290822895 131
1739616003525 168.40176021864733 132
1739616003539 168.39519164939375 133
1739616003553 168.38862337451516 134
1739616003568 168.38205539399812 135
1739616003581 168.37548770782897 136
1739616003594 168.36892031599422 137
1739616003607 168.3623532184802 138
1739616003620 168.35578641527343 139
1739616003634 168.3492199063604 140
1739616003647 168.34265369172746 141
1739616003661 168.3360877713611 142
1739616003677 168.32952214524775 143
1739616003691 168.32295681337385 144
1739616003703 168.31639177572586 145
1739616003717 168.3098270322902 146
1739616003731 168.30326258305337 147
1739616003743 168.2966984280017 148
1739616003757 168.2901345671218 149
1739616003770 168.2835710004 150
1739616003783 168.27700772782285 151
1739616003796 168.27044474937665 152
1739616003808 168.26388206504797 153
1739616003821 168.25731967482324 154
1739616003834 168.25075757868885 155
1739616003846 168.24419577663136 156
1739616003859 168.2376342686371 157
1739616003871 168.23107305469262 158
1739616003884 168.22451213478433 159
1739616003897 168.2179515088987 160
1739616003909 168.21139117702214 161
1739616003921 168.20483113914116 162
1739616003934 168.1982713952422 163
1739616003955 168.1917119453117 164
1739616003968 168.18515278933617 165
1739616003983 168.17859392730202 166
1739616003995 168.17203535919575 167
1739616004008 168.16547708500372 168
1739616004020 168.1589191047125 169
1739616004033 168.15236141830852 170
1739616004045 168.1458040257782 171
1739616004057 168.13924692710805 172
1739616004069 168.13269012228452 173
1739616004081 168.12613361129408 174
1739616004094 168.11957739412316 175
1739616004105 168.1130214707583 176
1739616004117 168.10646584118584 177
1739616004130 168.09991050539236 178
1739616004142 168.0933554633643 179
1739616004155 168.08680071508812 180
1739616004167 168.0802462605502 181
1739616004180 168.07369209973714 182
1739616004192 168.0671382326354 183
1739616004205 168.06058465923138 184
1739616004217 168.05403137951157 185
1739616004229 168.0474783934624 186
1739616004241 168.0409257010705 187
1739616004254 168.03437330232214 188
1739616004266 168.0278211972039 189
1739616004278 168.02126938570225 190
1739616004290 168.01471786780368 191
1739616004302 168.0081666434946 192
1739616004315 168.00161571276155 193
1739616004327 167.99506507559096 194
1739616004339 167.9885147319693 195
1739616004351 167.98196468188314 196
1739616004364 167.97541492531883 197
1739616004376 167.96886546226293 198
1739616004388 167.96231629270193 199
1739616004400 167.95576741662222 200
1739616004413 167.94921883401037 201
1739616004425 167.94267054485283 202
1739616004437 167.93612254913606 203
1739616004449 167.92957484684658 204
1739616004463 167.92302743797086 205
1739616004475 167.91648032249537 206
1739616004487 167.9099335004066 207
1739616004500 167.90338697169105 208
1739616004513 167.89684073633518 209
1739616004524 167.8902947943255 210
1739616004535 167.8837491456485 211
1739616004548 167.8772037902906 212
1739616004560 167.87065872823834 213
1739616004572 167.86411395947826 214
1739616004585 167.85756948399683 215
1739616004597 167.85102530178042 216
1739616004610 167.84448141281564 217
1739616004623 167.83793781708894 218
1739616004635 167.8313945145869 219
1739616004648 167.8248515052959 220
1739616004661 167.81830878920243 221
1739616004673 167.811766366293 222
1739616004688 167.80522423655418 223
1739616004700 167.7986823999724 224
1739616004712 167.79214085653416 225
1739616004724 167.78559960622596 226
1739616004737 167.77905864903428 227
1739616004749 167.77251798494564 228
1739616004761 167.76597761394657 229
1739616004774 167.7594375360235 230
1739616004786 167.752897751163 231
1739616004799 167.7463582593515 232
1739616004812 167.73981906057557 233
1739616004824 167.73328015482159 234
1739616004836 167.7267415420762 235
1739616004849 167.72020322232584 236
1739616004863 167.71366519555707 237
1739616004884 167.7071274617563 238
1739616004898 167.70059002091006 239
1739616004911 167.69405287300492 240
1739616004923 167.68751601802728 241
1739616004936 167.68097945596378 242
1739616004949 167.67444318680083 243
1739616004962 167.66790721052493 244
1739616004974 167.6613715271226 245
1739616004987 167.65484950417036 246
1739616004999 167.64832108933908 247
1739616005012 167.64179296709517 248
1739616005023 167.6352651372846 249
1739616005036 167.62873759989392 250
1739616005049 167.62221035490975 251
1739616005060 167.61568340231858 252
1739616005072 167.6091567421069 253
1739616005085 167.6026303742613 254
1739616005098 167.59610429876824 255
1739616005110 167.58957851561433 256
1739616005123 167.5830530247861 257
1739616005135 167.5765278262701 258
1739616005147 167.5700029200528 259
1739616005159 167.56347830612077 260
1739616005171 167.5569539844605 261
1739616005183 167.55042995505872 262
1739616005196 167.5439062179017 263
1739616005208 167.5373827729762 264
1739616005220 167.53085962026867 265
1739616005233 167.52433675976565 266
1739616005245 167.51781419145365 267
1739616005258 167.5112919153193 268
1739616005270 167.50476993134907 269
1739616005283 167.49824823952957 270
1739616005296 167.4917268398473 271
1739616005308 167.48520573228876 272
1739616005320 167.4786849168406 273
1739616005332 167.47216439348932 274
1739616005345 167.46564416222145 275
1739616005356 167.45912422302357 276
1739616005369 167.45260457588222 277
1739616005382 167.44608522078394 278
1739616005394 167.43956615771523 279
1739616005407 167.43304738666274 280
1739616005419 167.42652890761295 281
1739616005431 167.4200107205525 282
1739616005443 167.4134928254678 283
1739616005455 167.40697522234558 284
1739616005467 167.40045791117223 285
1739616005480 167.39394089193436 286
1739616005492 167.3874241646186 287
1739616005503 167.3809077292114 288
1739616005516 167.37439158569933 289
1739616005528 167.36787573406906 290
1739616005541 167.36136017430698 291
1739616005553 167.35484490639982 292
1739616005565 167.348329930334 293
1739616005577 167.34181524609613 294
1739616005588 167.33530085367278 295
1739616005604 167.3287867530505 296
1739616005616 167.32227294421588 297
1739616005630 167.31575942715543 298
1739616005643 167.30924620185573 299
1739616005655 167.30273326830337 300
1739616005668 167.2962206264849 301
1739616005680 167.28970827638693 302
1739616005694 167.2831962179959 303
1739616005706 167.27668445129848 304
1739616005718 167.27017297628123 305
1739616005731 167.26366179293066 306
1739616005745 167.25715090123344 307
1739616005757 167.25064030117602 308
1739616005769 167.24412999274503 309
1739616005782 167.2376199759271 310
1739616005795 167.23111025070864 311
1739616005806 167.22460081707638 312
1739616005819 167.21809167501678 313
1739616005841 167.21158282451646 314
1739616005854 167.20507426556202 315
1739616005866 167.19856599814 316
1739616005879 167.192058022237 317
1739616005892 167.18555033783952 318
1739616005904 167.17904294493422 319
1739616005916 167.17253584350763 320
1739616005928 167.16602903354638 321
1739616005941 167.15952251503697 322
1739616005953 167.15301628796598 323
1739616005966 167.1465103523201 324
1739616005978 167.14000470808583 325
1739616005989 167.13349935524974 326
1739616006002 167.12699429379842 327
1739616006015 167.12048952371845 328
1739616006027 167.1139850449964 329
1739616006040 167.10748085761887 330
1739616006052 167.10097696157248 331
1739616006064 167.09447335684374 332
1739616006076 167.08797004341932 333
1739616006088 167.0814670212857 334
1739616006100 167.07496429042956 335
1739616006113 167.06846185083742 336
1739616006125 167.06195970249593 337
1739616006137 167.05545784539157 338
1739616006150 167.04895627951112 339
1739616006163 167.04245500484092 340
1739616006176 167.0359540213678 341
1739616006187 167.02945332907814 342
1739616006200 167.02295292795867 343
1739616006213 167.0164528179959 344
1739616006225 167.0099529991765 345
1739616006237 167.003453471487 346
1739616006249 166.99695423491406 347
1739616006263 166.99045528944416 348
1739616006275 166.98395663506403 349
1739616006287 166.97745827176013 350
1739616006300 166.97096019951917 351
1739616006312 166.96446241832768 352
1739616006324 166.95796492817226 353
1739616006336 166.9514677290396 354
1739616006349 166.94497082091613 355
1739616006361 166.93847420378856 356
1739616006374 166.9319778776435 357
1739616006386 166.92548184246752 358
1739616006399 166.9189860982472 359
1739616006411 166.91249064496915 360
1739616006423 166.90599548262 361
1739616006435 166.8995006111863 362
1739616006447 166.89300603065473 363
1739616006459 166.88651174101182 364
1739616006471 166.88001774224423 365
1739616006484 166.87352403433852 366
1739616006496 166.86703061728133 367
1739616006508 166.86053749105923 368
1739616006520 166.85404465565887 369
1739616006533 166.84755211106688 370
1739616006546 166.8410598572697 371
1739616006558 166.83456789425415 372
1739616006572 166.82807622200676 373
1739616006584 166.82158484051408 374
1739616006597 166.8150937497628 375
1739616006610 166.80860294973948 376
1739616006621 166.80211244043076 377
1739616006633 166.79562222182327 378
1739616006646 166.78913229390358 379
1739616006658 166.78264265665837 380
1739616006670 166.77615331007414 381
1739616006683 166.7696642541376 382
1739616006697 166.76317548883537 383
1739616006710 166.756687014154 384
1739616006721 166.75019883008014 385
1739616006733 166.74371093660042 386
1739616006745 166.73722333370142 387
1739616006764 166.73073602136984 388
1739616006780 166.7242489995922 389
1739616006792 166.7177622683552 390
1739616006804 166.71127582764538 391
1739616006817 166.70478967744938 392
1739616006829 166.6983038177539 393
1739616006841 166.6918182485455 394
1739616006854 166.68533296981087 395
1739616006867 166.67884798153648 396
1739616006879 166.67236328370907 397
1739616006891 166.66587887631528 398
1739616006904 166.65939475934167 399
1739616006917 166.65291093277492 400
1739616006930 166.64642739660164 401
1739616006943 166.63994415080845 402
1739616006955 166.63346119538195 403
1739616006967 166.6269785303088 404
1739616006981 166.62049615557564 405
1739616006994 166.6140140711691 406
1739616007007 166.60753227707576 407
1739616007020 166.60105077328234 408
1739616007032 166.5945695597754 409
1739616007045 166.58808863654158 410
1739616007057 166.5816080035675 411
1739616007068 166.57512766083988 412
1739616007081 166.56864760834526 413
1739616007093 166.56216784607028 414
1739616007105 166.55568837400165 415
1739616007118 166.54920919212594 416
1739616007131 166.5427303004298 417
1739616007144 166.53625169889992 418
1739616007157 166.52977338752282 419
1739616007169 166.52329536628525 420
1739616007183 166.51681763517382 421
1739616007196 166.51034019417517 422
1739616007208 166.50386304327589 423
1739616007221 166.49738618246266 424
1739616007233 166.49090961172217 425
1739616007245 166.48443333104095 426
1739616007257 166.47795734040577 427
1739616007269 166.47148163980316 428
1739616007281 166.46500622921988 429
1739616007294 166.45853110864246 430
1739616007306 166.4520562780576 431
1739616007318 166.44558173745196 432
1739616007332 166.43910748681216 433
1739616007344 166.43263352612485 434
1739616007357 166.4261598553767 435
1739616007369 166.4196864745543 436
1739616007382 166.41321338364443 437
1739616007395 166.40674058263357 438
1739616007407 166.40026807150846 439
1739616007420 166.39379585025577 440
1739616007432 166.38732391886214 441
1739616007444 166.3808522773142 442
1739616007457 166.37438092559862 443
1739616007469 166.367909863702 444
1739616007482 166.3614390916111 445
1739616007496 166.35496860931246 446
1739616007507 166.3484984167928 447
1739616007520 166.3420285140388 448
1739616007533 166.33555890103705 449
1739616007545 166.32908957777423 450
1739616007558 166.32262054423703 451
1739616007569 166.3161518004121 452
1739616007582 166.30968334628602 453
1739616007595 166.30321518184556 454
1739616007607 166.2967473070773 455
1739616007619 166.290279721968 456
1739616007632 166.28381242650426 457
1739616007644 166.27734542067267 458
1739616007657 166.27087870446002 459
1739616007669 166.26441227785287 460
1739616007682 166.257946140838 461
1739616007704 166.25148029340195 462
1739616007717 166.24501473553147 463
1739616007730 166.23854946721315 464
1739616007743 166.2320844884337 465
1739616007756 166.22561979917987 466
1739616007769 166.2191553994382 467
1739616007782 166.21269128919542 468
1739616007794 166.2062274684382 469
1739616007806 166.19976393715316 470
1739616007818 166.19330069532705 471
1739616007831 166.18683774294644 472
1739616007842 166.1803750799981 473
1739616007854 166.17391270646866 474
1739616007867 166.1674506223448 475
1739616007879 166.16098882761315 476
1739616007892 166.15452732226046 477
1739616007904 166.14806610627338 478
1739616007917 166.14160517963853 479
1739616007930 166.13514454234266 480
1739616007943 166.12868419437243 481
1739616007955 166.1222241357145 482
1739616007967 166.1157643663555 483
1739616007979 166.10930488628222 484
1739616007991 166.10284569548122 485
1739616008004 166.0963867939393 486
1739616008016 166.08992818164305 487
1739616008028 166.08346985857915 488
1739616008040 166.0770118247344 489
1739616008052 166.0705540800953 490
1739616008064 166.06409662464867 491
1739616008077 166.05763945838115 492
1739616008089 166.05118258127942 493
1739616008100 166.04472599333016 494
1739616008113 166.03826969452007 495
1739616008126 166.03181368483578 496
1739616008138 166.02535796426412 497
1739616008151 166.01890253279163 498
1739616008164 166.01244739040507 499
