1739615222102 0.08321391378367933 0
1739615222142 1.0845861822238954 1
1739615222181 0.018256928486915364 2
1739615222221 0.1961229821081674 3
1739615222261 0.011971748720337093 4
1739615222302 0.6987710728779594 5
1739615222342 0.13472133978733697 6
1739615222382 0.11455566593365024 7
1739615222422 0.04114917103092846 8
1739615222461 0.02410854494114484 9
1739615222501 0.7526117950124258 10
1739615222540 0.2944954361290457 11
1739615222580 1.1076984989794592 12
1739615222619 0.10606714806242622 13
1739615222658 1.1873148984874577 14
1739615222699 0.010475413719225819 15
1739615222738 0.5156420368080313 16
1739615222777 1.6032358230590489 17
1739615222817 3.074807771713682 18
1739615222856 0.14055254602947312 19
1739615222896 2.4867340639320927 20
1739615222936 0.0027232038939673754 21
1739615222975 0.7340573088626725 22
1739615223015 0.9424011056887838 23
1739615223054 1.7787295211118441 24
1739615223093 0.36338595621706904 25
1739615223133 0.6120590353972052 26
1739615223172 0.3371198233470974 27
1739615223212 1.0348804984538689 28
1739615223251 4.53922047826324 29
1739615223291 0.4613127209281299 30
1739615223333 5.398056237490605 31
1739615223373 5.463697655383296 32
1739615223413 0.7804430084588925 33
1739615223452 0.0905559581531434 34
1739615223520 1.9843716640729563 35
1739615223560 2.4574386536993806 36
1739615223600 0.05624244328315051 37
1739615223639 0.20653427996012708 38
1739615223678 0.05130171553896639 39
1739615223717 0.06952227039542591 40
1739615223758 0.3975431325441012 41
1739615223798 1.47236279346812 42
1739615223837 0.01632077554556379 43
1739615223877 0.011729764269205412 44
1739615223917 1.4344359996243672 45
1739615223956 5.057296277605944 46
1739615223996 4.357424782701469 47
1739615224035 0.25565531177859013 48
1739615224074 0.003994875399766477 49
1739615224114 1.2617727230728621 50
1739615224153 0.6466425534327418 51
1739615224192 0.0017561714544766128 52
1739615224232 0.1241598396777652 53
1739615224271 0.04164302136017835 54
1739615224311 4.1239964997746394 55
1739615224351 0.24081909498017046 56
1739615224390 0.8496929943210383 57
1739615224430 0.2283032084842855 58
1739615224469 0.012841417870673973 59
1739615224508 0.4013092096069366 60
1739615224547 1.0471979644272231 61
1739615224587 0.9510194847669539 62
1739615224627 0.0889547870060819 63
1739615224666 0.4730898969137274 64
1739615224705 0.06636663544113104 65
1739615224745 0.43746483372348344 66
1739615224784 0.8722567858280416 67
1739615224825 1.22635611517415 68
1739615224864 5.531240390827085 69
1739615224904 0.2660656877319208 70
1739615224943 0.04684652554665068 71
1739615224982 1.4272166785901432 72
1739615225021 0.1090545821574739 73
1739615225061 0.014211506129336669 74
1739615225101 4.003377486155404 75
1739615225140 0.050639585276605587 76
1739615225179 0.5470620359621059 77
1739615225219 0.19361946020100626 78
1739615225258 0.1535692414669726 79
1739615225298 1.5833186285672936 80
1739615225338 1.2622485857152506 81
1739615225377 6.352312063279028 82
1739615225416 0.5477893729096224 83
1739615225456 12.183219895271732 84
1739615225495 0.6428135075659887 85
1739615225534 3.330181568766564 86
1739615225574 0.07141695771665217 87
1739615225614 0.42234841341274676 88
1739615225655 0.713719222695706 89
1739615225695 0.3918189829308508 90
1739615225734 0.5316560033280816 91
1739615225773 0.011996254881344759 92
1739615225813 0.003379627290798607 93
1739615225852 1.6249739150752769 94
1739615225892 0.4657996931127839 95
1739615225931 0.04908661278635345 96
1739615225971 0.01959695229802823 97
1739615226011 3.083590735217089 98
1739615226050 0.0008752997714429522 99
1739615226089 1.0452802391864926 100
1739615226129 0.6205221555391288 101
1739615226169 0.07175967811748653 102
1739615226208 0.019864125550308157 103
1739615226247 0.028134256406576047 104
1739615226286 4.310920545811292 105
1739615226326 0.009149331148844116 106
1739615226365 0.12037971725389435 107
1739615226404 1.4956537236463971 108
1739615226443 11.074870668723026 109
1739615226483 0.10602912389831205 110
1739615226522 3.260337871424348 111
1739615226561 1.3687842402995891 112
1739615226601 0.058472377788240514 113
1739615226640 0.5135235010590878 114
1739615226679 0.724648738371383 115
1739615226718 0.36272970580495584 116
1739615226758 0.19668183584675916 117
1739615226797 0.19008795654504532 118
1739615226836 5.835683787096784 119
1739615226876 0.06986961989628704 120
1739615226915 2.043623083813297 121
1739615226954 0.057881817485919605 122
1739615226994 0.7891384845757865 123
1739615227032 6.116485305722629 124
1739615227071 0.00927534489477289 125
1739615227110 1.0195981128449252 126
1739615227149 0.021184157540734685 127
1739615227189 0.16239866940664474 128
1739615227229 0.23352908060057864 129
1739615227268 0.45133954926255965 130
1739615227307 0.049574975307475615 131
1739615227346 1.7811681616507764 132
1739615227386 0.7131057587173233 133
1739615227425 1.5166350307217815 134
1739615227465 0.9975744896140524 135
1739615227505 0.5998670225412891 136
1739615227545 0.05991196202013016 137
1739615227585 0.16471048999776067 138
1739615227624 3.156281998526573 139
1739615227663 0.024917234727058264 140
1739615227703 0.6142221791887477 141
1739615227745 0.8435966339433996 142
1739615227785 0.1674444396967053 143
1739615227826 0.0008612616113518904 144
1739615227867 0.7245912436607538 145
1739615227907 2.6343118263985166 146
1739615227948 0.6427865092968726 147
1739615227989 1.1983097637765847 148
1739615228035 0.0008037153428563578 149
1739615228076 0.016977500204092975 150
1739615228116 0.08264620206134099 151
1739615228155 0.7428192128188517 152
1739615228195 0.0757543073835077 153
1739615228234 0.014927637285216748 154
1739615228275 1.5011221796086045 155
1739615228314 0.009678114838888523 156
1739615228353 9.906956217917722 157
1739615228395 0.3086110904920365 158
1739615228437 0.11610558361032748 159
1739615228478 1.4791665917171015 160
1739615228518 0.63778456204306 161
1739615228558 2.327110567934221 162
1739615228597 0.12666139196484727 163
1739615228637 0.05459393677046377 164
1739615228676 0.9441104106433332 165
1739615228715 0.3604970138340691 166
1739615228754 0.2604321764417499 167
1739615228795 2.2749784129170276 168
1739615228833 3.536303971186897 169
1739615228873 0.06330598190580884 170
1739615228913 0.07398328147626429 171
1739615228952 0.29628326817322925 172
1739615228992 0.21964997058849672 173
1739615229032 0.13347311943983384 174
1739615229071 1.5658281226329287 175
1739615229111 0.1248008366671492 176
1739615229150 0.0008867968722492862 177
1739615229189 0.32398590892986623 178
1739615229229 8.324214868981075 179
1739615229268 0.3069939020081185 180
1739615229308 1.6448945913547108 181
1739615229348 2.026563523829421 182
1739615229387 0.743516471397744 183
1739615229427 0.030633196016031254 184
1739615229466 0.4090309427277819 185
1739615229505 0.8418520779474793 186
1739615229545 0.08326697915376598 187
1739615229584 0.021637613294616685 188
1739615229623 10.278668481540702 189
1739615229662 0.3851255716481865 190
1739615229702 0.06395097471003587 191
1739615229741 0.5157839980895922 192
1739615229780 0.013225312012232975 193
1739615229820 1.8945237342563033 194
1739615229860 0.07375040671529169 195
1739615229899 0.07279268838819222 196
1739615229938 1.9553130877381488 197
1739615229977 0.9073109107892201 198
1739615230017 0.004420877704936015 199
1739615230056 0.1514581461050408 200
1739615230097 0.7570001561429561 201
1739615230136 3.232962454028219 202
1739615230176 0.3576508339197533 203
1739615230215 3.1842334945507678 204
1739615230256 0.4883288946075602 205
1739615230297 2.2993769056705444 206
1739615230336 0.44662844681056285 207
1739615230376 0.08886943248339248 208
1739615230416 0.09558934468863968 209
1739615230455 0.10413552866977999 210
1739615230536 0.056668738285924315 211
1739615230578 3.3008777743191104 212
1739615230619 0.36258904003871606 213
1739615230659 1.4044069354974624 214
1739615230698 1.4852512652572492 215
1739615230737 0.33469860157482084 216
1739615230776 0.8000782925496527 217
1739615230816 1.8045005876583575 218
1739615230856 2.6625544163299737 219
1739615230895 1.7859822520509803 220
1739615230933 2.2708459755998636 221
1739615230972 0.09549051161527314 222
1739615231012 0.02186706469438981 223
1739615231051 0.6023746959149787 224
1739615231118 0.21242198584954936 225
1739615231163 0.12372164850265997 226
1739615231204 4.030796120350235 227
1739615231243 0.5952302989768178 228
1739615231282 2.546415013790606 229
1739615231320 1.5767105379472819 230
1739615231358 0.20412009639494116 231
1739615231396 0.012802725781060008 232
1739615231437 0.013731362783948379 233
1739615231475 1.4704808088450587 234
1739615231513 0.7287665923709269 235
1739615231552 2.29411608506065 236
1739615231591 0.2316204318518164 237
1739615231629 1.2926341087241504 238
1739615231669 1.1379984803094443 239
1739615231713 6.679977346034806 240
1739615231754 5.592396024247763 241
1739615231793 1.6206532465639039 242
1739615231831 0.42398440036328694 243
1739615231870 0.7312083851681912 244
1739615231908 3.1577950060696924 245
1739615231947 1.8755805974883215 246
1739615231985 0.0026964347353987347 247
1739615232023 0.047071534080975565 248
1739615232061 1.700847644264184 249
1739615232100 0.036670231674838155 250
1739615232139 0.9217730266265621 251
1739615232178 0.9047476599514722 252
1739615232224 0.03888014378481869 253
1739615232280 0.03894578540169452 254
1739615232320 2.2565189980535134 255
1739615232358 1.7862532643298046 256
1739615232397 0.5372545263564104 257
1739615232435 0.21284373819083424 258
1739615232475 0.36552769639518323 259
1739615232516 1.2422784837745553 260
1739615232603 3.1520608659944562 261
1739615232647 0.017221508907520312 262
1739615232687 1.8283652110712474 263
1739615232726 0.015291802989289838 264
1739615232764 1.8274133263450008 265
1739615232803 0.6225591258095053 266
1739615232842 1.2399703705388183 267
1739615232882 3.4831707532208167 268
1739615232920 0.21819535010258598 269
1739615232958 0.8656803638905222 270
1739615232997 0.14634197579689867 271
1739615233035 0.6190006819977681 272
1739615233090 2.446143514559974 273
1739615233132 0.11905464300352744 274
1739615233174 1.3609755985309717 275
1739615233222 0.34209180073067014 276
1739615233280 1.7897195051921142 277
1739615233322 0.23274438453547452 278
1739615233363 0.109527832325687 279
1739615233402 11.196476444752939 280
1739615233441 0.016372654907888463 281
1739615233482 0.15572078101851858 282
1739615233523 2.064583042476975 283
1739615233564 0.5179802115248643 284
1739615233603 0.6347042364018441 285
1739615233642 0.6772076230044946 286
1739615233682 0.41029139077169885 287
1739615233720 6.876986025971508 288
1739615233786 0.3720131054691594 289
1739615233828 0.3232856542483458 290
1739615233870 1.380937194613599 291
1739615233931 0.5110892729064499 292
1739615233972 3.3160479740682574 293
1739615234014 0.09913891691210211 294
1739615234054 6.995549087231651e-06 295
1739615234094 0.48019518622093055 296
1739615234133 2.5907084361506088 297
1739615234174 1.4368119612593384 298
1739615234213 0.0639951402467153 299
1739615234251 0.000707596514552341 300
1739615234290 0.4302389245802228 301
1739615234334 4.681851960807015 302
1739615234379 0.0051292926696729834 303
1739615234422 0.25256211961098335 304
1739615234475 0.06650041637756232 305
1739615234516 1.815372242674559 306
1739615234557 0.40560410006563496 307
1739615234600 3.425235199565632 308
1739615234641 0.14339644080968808 309
1739615234681 3.706436051579447 310
1739615234719 1.7833710791693016 311
1739615234757 0.16510632824736 312
1739615234795 0.09726657409810995 313
1739615234834 0.39757756002240124 314
1739615234873 3.8209563095033485 315
1739615234915 1.734335758746602 316
1739615234954 0.2686239711633182 317
1739615234995 0.4717666589976025 318
1739615235037 2.3449239529312065 319
1739615235079 0.4396143813264117 320
1739615235121 4.601968430262999 321
1739615235161 0.8477847638558434 322
1739615235202 0.06812250628503856 323
1739615235242 5.4506727411549685 324
1739615235281 0.2794562727868699 325
1739615235319 2.5582726408837955 326
1739615235359 0.1687818070774762 327
1739615235400 0.21870835561541352 328
1739615235441 0.14161449485799152 329
1739615235482 3.2537070582572727 330
1739615235524 0.8817810787932717 331
1739615235567 0.7761903149271651 332
1739615235608 4.393597676759617 333
1739615235650 0.3482539506108585 334
1739615235690 0.006262327298602592 335
1739615235732 1.8096892235155784 336
1739615235773 1.1310825412116587 337
1739615235812 1.9227699657046255 338
1739615235851 3.67048742231753 339
1739615235891 0.009379857191973675 340
1739615235929 2.666613512789899 341
1739615235973 0.17677306012905183 342
1739615236022 0.0798626801474813 343
1739615236069 0.413049122666272 344
1739615236111 1.8741688655926516 345
1739615236153 0.4763926583053406 346
1739615236195 0.35723378477000906 347
1739615236235 0.09290999310054006 348
1739615236281 0.11201788617234762 349
1739615236322 2.8597013375642124 350
1739615236364 3.2624578503402377 351
1739615236405 0.012927872453473602 352
1739615236446 2.263218989437856 353
1739615236487 1.026650399743522 354
1739615236529 0.5643570897401639 355
1739615236569 2.322247239427429 356
1739615236612 0.7577924963073386 357
1739615236653 0.7927078286928193 358
1739615236707 0.06384264075617882 359
1739615236752 0.2677600502611718 360
1739615236795 1.6361066681683176 361
1739615236837 0.04923148954440245 362
1739615236881 0.7052782507666561 363
1739615236923 0.7601397330711552 364
1739615236966 0.0410177912112922 365
1739615237007 0.46939578674707877 366
1739615237049 0.49666267013194526 367
1739615237090 0.4215222855842063 368
1739615237132 0.003802937118230595 369
1739615237173 0.06859917697598013 370
1739615237215 1.836841813253363 371
1739615237256 0.7924606601391074 372
1739615237298 0.07386112300373164 373
1739615237340 0.09766617690756849 374
1739615237391 0.45967007012693745 375
1739615237433 3.9756134654097375 376
1739615237473 0.29595470033092003 377
1739615237515 0.30161188460914845 378
1739615237567 3.194522456378943 379
1739615237608 0.07801223733467287 380
1739615237650 0.5445701320150861 381
1739615237691 0.07471197196914972 382
1739615237732 0.003790951937534738 383
1739615237781 0.07818706230242463 384
1739615237821 11.449746628379042 385
1739615237863 0.060861119978116066 386
1739615237905 2.2409152712503566 387
1739615237946 0.003399748360548024 388
1739615237987 0.10475887799162907 389
1739615238030 0.33862379674471327 390
1739615238071 0.08230566565813696 391
1739615238113 0.42033235667501634 392
1739615238154 2.0771639461373 393
1739615238196 1.9190344817176306 394
1739615238236 5.584155832234455 395
1739615238279 0.1408697508614765 396
1739615238319 2.9637819070123106 397
1739615238362 5.204791372473898 398
1739615238402 0.24304612178142468 399
1739615238443 1.065384025003647 400
1739615238485 0.7749755683860378 401
1739615238527 0.4590166845522839 402
1739615238577 0.5732833601359254 403
1739615238618 0.5307953358167612 404
1739615238660 0.07528707400482854 405
1739615238701 2.5405426501629913 406
1739615238742 0.03154321459994618 407
1739615238784 0.12986324190297016 408
1739615238826 2.0541493784658833 409
1739615238868 0.9368488752548799 410
1739615238909 0.8606782393044947 411
1739615238952 0.37099840500147824 412
1739615238994 0.0011699978744843002 413
1739615239035 6.616592426883492 414
1739615239078 1.3852960371300553 415
1739615239119 1.5050306510539002 416
1739615239162 1.3686173385523503 417
1739615239203 1.5764198658004802 418
1739615239245 0.3010664896834134 419
1739615239285 0.4390039768645236 420
1739615239328 0.02925325957650741 421
1739615239369 0.1788812796240482 422
1739615239411 0.1575200816784879 423
1739615239452 0.38086623309936635 424
1739615239494 0.788324127972053 425
1739615239536 0.11444767605654076 426
1739615239579 0.27153267914183105 427
1739615239629 0.6909394224103913 428
1739615239670 0.38646947312964747 429
1739615239713 0.11266662819316582 430
1739615239753 4.311377173414301 431
1739615239795 2.8561370871321725 432
1739615239835 5.6807395620121826 433
1739615239876 0.623514265775423 434
1739615239917 1.054782979770304 435
1739615239958 2.8100815295366006 436
1739615239998 0.007979166974672219 437
1739615240038 0.14533486772573606 438
1739615240079 0.4530654627859528 439
1739615240119 0.0004320008585362834 440
1739615240161 0.027813954458551057 441
1739615240202 11.446440723063658 442
1739615240242 0.013674109560529587 443
1739615240283 0.01630657383995439 444
1739615240323 4.128860181056324 445
1739615240363 2.069858578969423 446
1739615240403 0.45015600357671953 447
1739615240445 5.158797663384566 448
1739615240486 0.006170092987880417 449
1739615240526 0.4582658068946582 450
1739615240566 0.09189157585165321 451
1739615240608 12.199848677565296 452
1739615240649 0.08074679891239239 453
1739615240698 1.4899237292276102 454
1739615240739 0.003132451108953324 455
1739615240780 0.10361108749925134 456
1739615240820 6.621291025844003 457
1739615240862 0.10814436644571582 458
1739615240902 0.18231197964632434 459
1739615240944 0.5662423454318645 460
1739615240985 1.6503422713703428 461
1739615241025 0.6432116015482262 462
1739615241066 4.762612285104994 463
1739615241107 0.024430093231338913 464
1739615241148 0.6369492482452385 465
1739615241189 0.0014350808704103534 466
1739615241230 0.44121182333293635 467
1739615241271 0.3866666773497263 468
1739615241312 0.10296697501915679 469
1739615241353 0.28410403088606445 470
1739615241393 3.3763344779289723 471
1739615241434 1.4522434379133429 472
1739615241475 0.16276781800083798 473
1739615241516 0.5026933612509553 474
1739615241558 0.8170708062440054 475
1739615241599 4.475111531981196 476
1739615241640 0.11484116028814381 477
1739615241681 1.9970717553963764 478
1739615241722 3.9319965987107777 479
1739615241772 0.016902937535902527 480
1739615241814 0.42447629782339447 481
1739615241854 0.11481633932247869 482
1739615241897 1.0447779219002804 483
1739615241937 6.127633238307705e-05 484
1739615241979 3.7876130326471324 485
1739615242022 0.5813884885300875 486
1739615242064 0.04156263207212738 487
1739615242105 0.10604561681942677 488
1739615242146 0.1738312331884982 489
1739615242188 0.33488917357816145 490
1739615242230 0.10990181880352985 491
1739615242270 4.034089113899668 492
1739615242310 0.07125169572940009 493
1739615242350 5.364464474788707 494
1739615242391 1.4040182499373373 495
1739615242432 0.41726586561642276 496
1739615242473 0.7891895064263564 497
1739615242515 3.237088956250838 498
1739615242556 0.46419179810153727 499
