1739556331285 163.7439798214075 0
1739556331297 168.60111069393054 1
1739556331310 172.41596780651392 2
1739556331321 172.9947563742491 3
1739556331332 165.9651090775465 4
1739556331343 162.6041333639044 5
1739556331354 167.3227745123269 6
1739556331365 167.30670366848696 7
1739556331375 165.6358528889802 8
1739556331386 167.64746198979236 9
1739556331397 164.54893429151866 10
1739556331407 160.22027827774855 11
1739556331418 159.41623452075532 12
1739556331429 162.79399230948846 13
1739556331440 160.5593724825007 14
1739556331452 156.19307738160086 15
1739556331474 153.34585766935734 16
1739556331488 156.79429004124702 17
1739556331499 156.73840582362854 18
1739556331511 162.27031673463938 19
1739556331521 159.02620465957727 20
1739556331532 159.83056082497788 21
1739556331543 163.5981510499755 22
1739556331553 156.83617830463433 23
1739556331565 158.4300505807535 24
1739556331577 156.9785598644007 25
1739556331588 154.18880370231463 26
1739556331599 153.1260024762137 27
1739556331610 155.48243579151037 28
1739556331622 155.86814806491284 29
1739556331633 156.00805231294174 30
1739556331643 156.17627605867918 31
1739556331654 155.2232637127885 32
1739556331665 154.6304922509364 33
1739556331676 157.55106632337194 34
1739556331689 155.13575701712597 35
1739556331702 148.6111082389485 36
1739556331714 150.4503615317962 37
1739556331725 158.09573537470766 38
1739556331736 149.71316902312074 39
1739556331747 147.61837346193724 40
1739556331758 148.48665087439363 41
1739556331768 151.60300255576763 42
1739556331779 147.93289359598137 43
1739556331790 148.87417297507932 44
1739556331801 146.58452965447594 45
1739556331813 147.08649923354724 46
1739556331826 146.726371767175 47
1739556331838 148.73829646397462 48
1739556331851 149.30205552806945 49
1739556331862 149.1551271967605 50
1739556331874 143.78194311430164 51
1739556331886 144.78081740219815 52
1739556331898 142.66022356922215 53
1739556331910 140.68087745962492 54
1739556331923 146.0688554755609 55
1739556331935 143.70331385866552 56
1739556331947 144.50406620531484 57
1739556331959 143.98307551798447 58
1739556331971 140.5657390195539 59
1739556331983 139.9935551892341 60
1739556331996 140.14523470777428 61
1739556332008 138.4806486315427 62
1739556332020 136.84245320736264 63
1739556332033 136.83879655581862 64
1739556332045 139.55484225358632 65
1739556332058 135.26244014590836 66
1739556332071 143.5081088606882 67
1739556332085 137.17509321237117 68
1739556332098 140.92666136671286 69
1739556332110 138.08062687591436 70
1739556332121 137.971645426413 71
1739556332134 134.54953692042 72
1739556332147 137.72480126550042 73
1739556332159 136.33542597437096 74
1739556332171 136.52211389806587 75
1739556332183 135.37914548923283 76
1739556332195 139.7966995035565 77
1739556332207 134.28848700777863 78
1739556332219 131.8354057402401 79
1739556332231 132.5436044760889 80
1739556332243 134.80293578363717 81
1739556332255 134.25179637722113 82
1739556332267 135.1876776683118 83
1739556332279 133.05656733134947 84
1739556332292 133.1900277189707 85
1739556332303 131.0138503798382 86
1739556332314 133.0628787506849 87
1739556332327 128.79204346540163 88
1739556332338 130.19147069886213 89
1739556332349 129.68048070878947 90
1739556332360 131.80887916541707 91
1739556332370 128.67521441481193 92
1739556332381 130.8233017796368 93
1739556332392 124.40926479310629 94
1739556332403 127.28963232743037 95
1739556332414 127.79082067330042 96
1739556332425 128.01384036357393 97
1739556332435 128.38041318774708 98
1739556332446 130.87452331234223 99
1739556332456 127.22960448387221 100
1739556332468 130.62407641886324 101
1739556332483 124.430167205812 102
1739556332496 125.80087206855896 103
1739556332508 124.29165321895886 104
1739556332555 124.72707262575241 105
1739556332568 125.05687287362835 106
1739556332581 125.30895387178488 107
1739556332593 124.85701864095114 108
1739556332605 124.49634382038901 109
1739556332618 122.41562553221591 110
1739556332630 124.70363778871126 111
1739556332643 124.70632201885748 112
1739556332654 120.26919911351298 113
1739556332666 124.08449567090656 114
1739556332678 121.69273782428866 115
1739556332690 120.6890020843026 116
1739556332702 118.08794363365921 117
1739556332714 119.75729370275974 118
1739556332726 115.98670857580429 119
1739556332738 121.478779487384 120
1739556332751 117.18288322098782 121
1739556332763 118.16133014795194 122
1739556332775 120.8622042690573 123
1739556332786 119.36213009551071 124
1739556332799 114.95243763965037 125
1739556332811 118.01262810494877 126
1739556332824 116.70710282093842 127
1739556332837 117.38199623414775 128
1739556332849 118.68850894736943 129
1739556332861 115.23705499915722 130
1739556332872 115.5010584161897 131
1739556332884 118.96564234254302 132
1739556332895 114.94208820121477 133
1739556332906 114.0633579281787 134
1739556332916 113.63583983974242 135
1739556332927 110.27108624351533 136
1739556332938 114.14245866382376 137
1739556332950 114.15227019155238 138
1739556332960 113.97418247707564 139
1739556332971 112.64437245994786 140
1739556332981 112.6277469046636 141
1739556332992 113.70480664747757 142
1739556333003 111.26929333114332 143
1739556333013 110.90993532457944 144
1739556333025 111.80080895424797 145
1739556333036 112.86662362027494 146
1739556333048 111.82812652645438 147
1739556333058 113.1109985446254 148
1739556333069 115.48538110174002 149
1739556333079 108.61728794367139 150
1739556333090 113.04427326674057 151
1739556333101 109.94536878956781 152
1739556333111 109.471523159662 153
1739556333122 109.14164703958986 154
1739556333133 110.94572877958167 155
1739556333145 110.26066019761124 156
1739556333156 106.29609319977844 157
1739556333167 109.5062169920406 158
1739556333178 104.1997728641399 159
1739556333187 109.48816742042067 160
1739556333197 111.21161865630667 161
1739556333207 104.53042063020276 162
1739556333217 108.98998134073962 163
1739556333227 108.57643975008038 164
1739556333237 106.43642998497793 165
1739556333248 102.0631911250496 166
1739556333257 105.01186858227472 167
1739556333267 104.60415403823153 168
1739556333277 103.62177497789293 169
1739556333287 102.17092152732566 170
1739556333297 103.13229181128354 171
1739556333306 104.4628259746242 172
1739556333316 103.38417645719524 173
1739556333326 102.36791319508265 174
1739556333337 102.04524887163447 175
1739556333348 102.73813415339225 176
1739556333358 103.22448254641448 177
1739556333368 100.61130255345496 178
1739556333378 102.19783859020647 179
1739556333387 99.28058650255598 180
1739556333397 101.88033048742072 181
1739556333407 103.90971230172599 182
1739556333417 103.0773710054417 183
1739556333427 102.99810038504589 184
1739556333437 102.0763114142946 185
1739556333447 99.96012537717675 186
1739556333457 99.40677495315761 187
1739556333467 100.11866537342242 188
1739556333477 97.36284507095617 189
1739556333487 98.52748954276043 190
1739556333497 100.96933656118921 191
1739556333506 97.76719113252618 192
1739556333516 104.89924776647663 193
1739556333526 99.0439708261425 194
1739556333536 98.27192568880167 195
1739556333547 99.82119347623353 196
1739556333556 102.09338790154924 197
1739556333566 93.82300862101474 198
1739556333576 98.24465042579666 199
1739556333586 100.24925691582084 200
1739556333596 93.89465380649503 201
1739556333605 99.57963791452579 202
1739556333615 94.33870256606208 203
1739556333625 97.961413739404 204
1739556333635 99.49894750768601 205
1739556333646 94.8634518276555 206
1739556333655 93.18144169145566 207
1739556333666 94.89301855688437 208
1739556333676 90.68045237443262 209
1739556333685 95.65088549291355 210
1739556333695 93.26599653024793 211
1739556333705 94.15876992491454 212
1739556333715 92.26337398324837 213
1739556333725 88.94939898814458 214
1739556333735 92.79443371766203 215
1739556333745 94.051480388763 216
1739556333755 90.47809678579834 217
1739556333766 91.16916036181004 218
1739556333776 89.24875970079903 219
1739556333785 90.97953998034818 220
1739556333795 94.71700315603677 221
1739556333807 89.58722072336333 222
1739556333819 87.72708080697024 223
1739556333830 92.26657615966856 224
1739556333840 91.22266064465516 225
1739556333850 90.2205507610429 226
1739556333860 85.46082813331442 227
1739556333870 92.4696472844185 228
1739556333880 89.42358739312269 229
1739556333889 91.03864612387655 230
1739556333899 90.62663873084955 231
1739556333909 88.34141084836797 232
1739556333919 88.6069201793366 233
1739556333930 89.26630065254038 234
1739556333940 91.66697287463647 235
1739556333949 90.06240708445195 236
1739556333960 90.42277905994924 237
1739556333970 87.43884909570767 238
1739556333980 89.73449611140303 239
1739556333990 85.75799581268994 240
1739556334000 93.59116179746076 241
1739556334009 89.28462698786866 242
1739556334019 88.81505141223151 243
1739556334029 88.52972714007876 244
1739556334039 87.68939785138679 245
1739556334049 84.86654761053661 246
1739556334060 90.52596726445896 247
1739556334070 84.96981021213445 248
1739556334080 85.11670415712635 249
1739556334090 89.90218359771562 250
1739556334099 84.3867794661063 251
1739556334109 84.64920077350538 252
1739556334119 86.39752192487246 253
1739556334128 84.79730477449189 254
1739556334138 84.04557463111395 255
1739556334149 85.21102502465531 256
1739556334159 84.09869776932405 257
1739556334169 84.91665285086175 258
1739556334179 85.65191324435169 259
1739556334189 81.58323356308617 260
1739556334199 82.06591194396623 261
1739556334209 81.9496049138321 262
1739556334219 82.38108390093485 263
1739556334229 83.9866018139917 264
1739556334239 80.1334480159443 265
1739556334249 83.23575143858382 266
1739556334259 77.51279092487547 267
1739556334269 84.82527220638688 268
1739556334279 83.88234027396585 269
1739556334289 80.71349968022726 270
1739556334299 80.2889120162465 271
1739556334309 78.9404382941707 272
1739556334319 81.15960854630153 273
1739556334329 77.75550373997812 274
1739556334342 81.06750882303405 275
1739556334352 83.12229586648871 276
1739556334363 81.26786885582482 277
1739556334372 83.69895649884945 278
1739556334382 82.3579288826324 279
1739556334392 82.67876996563598 280
1739556334401 74.83236172387569 281
1739556334411 76.63144052204365 282
1739556334421 80.56195658359165 283
1739556334431 82.2928481538294 284
1739556334441 79.85741618952314 285
1739556334451 80.7813568403958 286
1739556334462 75.2435586367292 287
1739556334472 76.87372635282601 288
1739556334482 75.63901417145223 289
1739556334492 81.43323442926034 290
1739556334502 75.20522463540205 291
1739556334512 76.39816162914136 292
1739556334522 79.91752983020669 293
1739556334532 74.583084865395 294
1739556334541 72.43276172546997 295
1739556334551 78.4135368234692 296
1739556334561 77.78617473409788 297
1739556334571 77.62383235480793 298
1739556334581 76.91775963952682 299
1739556334590 77.26130755999434 300
1739556334601 77.96391928455496 301
1739556334610 78.06607316975457 302
1739556334620 74.60228206782753 303
1739556334630 76.02353001250272 304
1739556334640 73.21889040947003 305
1739556334650 70.80882802226203 306
1739556334660 72.69195998442386 307
1739556334669 75.53856113308585 308
1739556334679 79.32334362643326 309
1739556334689 71.52280052893829 310
1739556334699 73.95749063614296 311
1739556334708 66.75923754310537 312
1739556334719 74.11977480318097 313
1739556334728 74.6522744805056 314
1739556334738 73.04530655253323 315
1739556334748 69.91090848514376 316
1739556334758 66.80763079870664 317
1739556334768 68.88491766272165 318
1739556334778 76.98032568500524 319
1739556334788 73.93291110251924 320
1739556334798 68.33253894382753 321
1739556334807 70.05302338466936 322
1739556334817 70.17214632900019 323
1739556334827 68.2563379379418 324
1739556334837 72.17469150725812 325
1739556334847 73.20681056667034 326
1739556334857 73.43973432419749 327
1739556334867 68.86736822112626 328
1739556334876 70.8065063509175 329
1739556334886 69.28119350275378 330
1739556334896 70.3227274432169 331
1739556334905 67.72782659984873 332
1739556334915 68.78945987666062 333
1739556334925 67.24930470181984 334
1739556334934 72.18727656697591 335
1739556334945 69.38385678957208 336
1739556334954 70.10949287303927 337
1739556334965 67.193659320066 338
1739556334974 65.09245195205801 339
1739556334985 70.27777174921782 340
1739556334995 72.09374780525397 341
1739556335005 64.6606614863387 342
1739556335016 68.50000704570547 343
1739556335026 68.38409555423205 344
1739556335037 63.25630659160084 345
1739556335047 60.36573488838591 346
1739556335057 68.02411007394814 347
1739556335068 70.71075458229248 348
1739556335078 69.49626926258222 349
1739556335087 65.66824420083695 350
1739556335097 62.44759921677352 351
1739556335107 63.44008634142228 352
1739556335117 70.09100740626903 353
1739556335127 67.85468345581494 354
1739556335136 68.99519756377748 355
1739556335146 65.36639076621579 356
1739556335155 61.8703643195242 357
1739556335165 64.75776351447988 358
1739556335175 67.48162216414775 359
1739556335185 66.41561658674418 360
1739556335194 66.5542771117539 361
1739556335204 64.84400017573928 362
1739556335214 66.48443735037645 363
1739556335224 58.75613091547961 364
1739556335234 61.22012518163081 365
1739556335244 60.56619067925433 366
1739556335254 62.70212281623614 367
1739556335263 66.43394872825156 368
1739556335273 60.3518087976604 369
1739556335283 64.6975514985605 370
1739556335293 62.83538419860356 371
1739556335302 61.5848844081654 372
1739556335313 62.00950179838125 373
1739556335322 59.14119392019024 374
1739556335331 60.65873801171546 375
1739556335344 66.35057684979765 376
1739556335353 58.91961281605578 377
1739556335363 61.85854945562097 378
1739556335372 61.61363464986642 379
1739556335382 62.731220408435476 380
1739556335392 62.72661140105358 381
1739556335402 62.92979776157413 382
1739556335412 64.03140800926928 383
1739556335421 61.56423253686906 384
1739556335430 57.74592301783415 385
1739556335440 64.20731598109401 386
1739556335450 64.01229459014596 387
1739556335459 58.741268777528205 388
1739556335468 65.09170882192535 389
1739556335478 60.75693935440336 390
1739556335488 57.63172680844837 391
1739556335498 52.20185998843418 392
1739556335507 58.066177833516974 393
1739556335517 58.20099696460421 394
1739556335527 62.371660341294294 395
1739556335536 62.694156260701085 396
1739556335546 60.94518259030976 397
1739556335556 58.76636029580454 398
1739556335565 66.88382552743339 399
1739556335574 63.382158342706944 400
1739556335584 59.78148337538609 401
1739556335594 60.11372399083188 402
1739556335604 57.269375238567726 403
1739556335613 62.006634674978514 404
1739556335624 57.48269104640486 405
1739556335633 54.15736751760303 406
1739556335643 59.668448301005405 407
1739556335652 57.76988310321481 408
1739556335662 58.27539777292294 409
1739556335672 59.3987688310555 410
1739556335682 57.68277508212024 411
1739556335691 61.437623095920245 412
1739556335701 60.345256670325746 413
1739556335711 57.12032500907248 414
1739556335720 55.0255147991974 415
1739556335730 54.097740786421106 416
1739556335740 57.93948629749951 417
1739556335749 59.068332880537206 418
1739556335759 56.47611057327481 419
1739556335769 58.48661309032693 420
1739556335779 49.820940986094676 421
1739556335788 55.05403217441765 422
1739556335799 58.10670101758408 423
1739556335809 55.49203002436348 424
1739556335819 55.31059892243591 425
1739556335829 57.98353671324602 426
1739556335838 53.71544336994384 427
1739556335848 55.131647225566766 428
1739556335858 53.276918869315374 429
1739556335868 54.54491508090188 430
1739556335878 58.244183715188406 431
1739556335887 55.19006780551593 432
1739556335896 52.75446904643807 433
1739556335906 59.2257799898316 434
1739556335916 51.148466745645116 435
1739556335926 51.354956606744615 436
1739556335939 54.62547382825564 437
1739556335950 53.217702161018984 438
1739556335960 54.886113370737505 439
1739556335970 55.972876373919455 440
1739556335980 53.960108749646984 441
1739556335989 52.16059147004246 442
1739556336000 51.90927320311605 443
1739556336010 46.385476402430214 444
1739556336020 55.07342169270664 445
1739556336030 59.44346375671932 446
1739556336041 52.54686651178048 447
1739556336052 53.19036399109372 448
1739556336062 53.085786737628816 449
1739556336071 51.03119032629225 450
1739556336082 52.288010197072886 451
1739556336091 51.77647817468891 452
1739556336101 56.82386170772239 453
1739556336111 54.65489195367003 454
1739556336121 48.99922912288662 455
1739556336132 54.21163240523829 456
1739556336142 50.25115379193128 457
1739556336152 48.42510032919302 458
1739556336162 49.744603839547175 459
1739556336172 59.9335415723117 460
1739556336182 51.46213943797797 461
1739556336191 51.16010470653068 462
1739556336202 49.626471629766954 463
1739556336212 50.127166085544694 464
1739556336222 54.794094908529864 465
1739556336232 49.20730325283534 466
1739556336241 51.806074772945934 467
1739556336251 48.66624178506501 468
1739556336261 49.17666514582904 469
1739556336270 52.91071736876905 470
1739556336280 51.709813394785535 471
1739556336290 48.657776919345395 472
1739556336301 54.60286802961315 473
1739556336310 46.81781979937337 474
1739556336320 45.72939748544756 475
1739556336329 50.20815676780206 476
1739556336339 53.65509645222781 477
1739556336351 51.34639659027332 478
1739556336360 51.503231162393 479
1739556336371 52.49585737916239 480
1739556336380 54.07588599578533 481
1739556336389 48.951484181564645 482
1739556336399 50.23631055399121 483
1739556336409 47.71377646680733 484
1739556336419 53.7182046432489 485
1739556336429 45.71071105786528 486
1739556336439 50.44782519869897 487
1739556336448 46.32678345742511 488
1739556336458 55.33361521283691 489
1739556336468 55.56300624532403 490
1739556336477 41.9077212344063 491
1739556336487 46.90347732829229 492
1739556336497 48.80452714999682 493
1739556336507 49.671227644641604 494
1739556336517 49.79596491200376 495
1739556336526 47.939199581341704 496
1739556336535 51.278281675545315 497
1739556336545 49.455421528986406 498
1739556336554 47.301142852617915 499
