1739555311034 64.20185773723834 0
1739555311076 34.60034613873832 1
1739555311117 0.3773626940329261 2
1739555311157 0.02615194131367681 3
1739555311198 35.077368484284335 4
1739555311240 64.62271746378235 5
1739555311280 4.523613063568326 6
1739555311321 22.36254843398575 7
1739555311362 1.8148280564994463 8
1739555311403 16.73950982881529 9
1739555311442 20.868624391530926 10
1739555311483 66.01552221970016 11
1739555311522 26.28984899144586 12
1739555311563 10.000457455745014 13
1739555311605 0.13142069294778425 14
1739555311646 2.35942153244316 15
1739555311687 1.6275939279665255 16
1739555311728 5.763248018078675 17
1739555311768 0.7745600205140242 18
1739555311808 7.6838691994353425 19
1739555311848 91.85569901311025 20
1739555311889 0.06046533408364799 21
1739555311930 0.008532269736310109 22
1739555311971 25.212102758029044 23
1739555312010 8.920408725131807 24
1739555312051 9.638925075910011 25
1739555312090 0.47409784010970935 26
1739555312131 1.1924125571983395 27
1739555312171 0.08061870039057006 28
1739555312210 13.075741397505732 29
1739555312252 9.577987945755131 30
1739555312293 2.161946298667971 31
1739555312334 0.006439919213920117 32
1739555312377 1.4538955129681774 33
1739555312434 17.3251297762968 34
1739555312499 47.097542945020756 35
1739555312582 33.357712327735584 36
1739555312643 4.5557346207111715 37
1739555312695 5.874011460484807 38
1739555312747 9.01799501581658 39
1739555312796 40.6206776128048 40
1739555312843 3.5603758173697226 41
1739555312890 0.11850373656294601 42
1739555312933 3.6108613125805404 43
1739555312977 8.855701300533902 44
1739555313020 42.32207393246906 45
1739555313063 3.897857884801916 46
1739555313105 29.493484458567465 47
1739555313145 1.2320097708397093 48
1739555313185 5.156919482434623 49
1739555313225 0.4541864017581806 50
1739555313266 2.7658793825758705 51
1739555313306 5.93263351436703 52
1739555313347 13.64422563910979 53
1739555313387 6.266655414172649 54
1739555313428 58.00262376755541 55
1739555313469 71.74846112230311 56
1739555313509 59.09281000314821 57
1739555313549 23.895586187452206 58
1739555313589 18.63619231826157 59
1739555313629 5.813277187742109 60
1739555313670 32.81576921932515 61
1739555313710 21.161246528918003 62
1739555313751 8.611646140772756 63
1739555313791 21.344043078151405 64
1739555313831 4.688070557440642 65
1739555313870 0.05148182828798665 66
1739555313909 17.06186291804205 67
1739555313949 37.04812907969255 68
1739555313989 12.185760619563712 69
1739555314029 27.84752360093457 70
1739555314070 1.7002155798465013 71
1739555314109 7.130824686141422 72
1739555314148 29.884237994433125 73
1739555314188 0.37271077178889 74
1739555314227 3.4855256989090844 75
1739555314267 4.897353648247496 76
1739555314306 2.1990274724360614 77
1739555314347 23.792538053376703 78
1739555314386 1.3974044957270935 79
1739555314426 0.1373840668927858 80
1739555314465 3.1100573006941725 81
1739555314506 66.12675170328787 82
1739555314546 34.545220742027865 83
1739555314586 25.090379102164203 84
1739555314625 21.532507349067387 85
1739555314665 1.7146105026329836 86
1739555314705 9.833120944678067e-05 87
1739555314747 25.14913031608862 88
1739555314788 0.9775086504973781 89
1739555314829 8.883079530077067 90
1739555314870 0.0006152521387391767 91
1739555314910 44.081537353396996 92
1739555314951 0.006510111609969033 93
1739555314992 1.6051420991611465 94
1739555315032 21.653994316181052 95
1739555315073 16.22031143166351 96
1739555315113 0.34394155175188723 97
1739555315153 1.7864495995462528 98
1739555315195 8.077669471953305 99
1739555315235 0.5896586390412211 100
1739555315275 92.59677864529658 101
1739555315315 0.3135786194168945 102
1739555315356 16.421520975653255 103
1739555315396 3.4568413545368175 104
1739555315436 26.106123282195927 105
1739555315477 0.1492689251441477 106
1739555315517 14.113489370180783 107
1739555315557 43.601853778653165 108
1739555315598 0.017701773054065166 109
1739555315638 7.246496634980249 110
1739555315678 1.9638439277484139 111
1739555315719 21.466810399459824 112
1739555315759 0.03852622852157059 113
1739555315799 17.388014262183827 114
1739555315839 29.142275870567094 115
1739555315879 34.970033464887464 116
1739555315918 0.11713178402079018 117
1739555315958 11.057654997549212 118
1739555315998 8.775695707977997 119
1739555316037 0.2697187505498145 120
1739555316077 7.543733960487505 121
1739555316117 20.16634924221871 122
1739555316156 2.248951504669067 123
1739555316195 3.468135260914888 124
1739555316235 33.56305061524689 125
1739555316274 1.2781324541609518 126
1739555316314 1.4926659481440254 127
1739555316354 5.573468381122807 128
1739555316394 2.2412001405376225 129
1739555316435 29.31992999097306 130
1739555316474 55.61845879535888 131
1739555316514 48.35187273873202 132
1739555316554 0.00333073961538596 133
1739555316593 0.051214463723414476 134
1739555316632 4.637038123554971 135
1739555316673 4.627168859806618 136
1739555316712 1.6544107452731578 137
1739555316752 0.0043610406205577806 138
1739555316792 20.567452638372387 139
1739555316831 1.7802662694181122 140
1739555316874 0.8194382846346515 141
1739555316915 10.003190727324453 142
1739555316956 4.97714320185267 143
1739555316997 9.120410250939821 144
1739555317037 19.72661819576049 145
1739555317078 3.230580970101342 146
1739555317119 0.05230760537539684 147
1739555317159 6.96529161464467 148
1739555317199 0.14785582962911206 149
1739555317239 1.050168590436908 150
1739555317280 5.890655128257033 151
1739555317320 4.391348394259947 152
1739555317361 0.6729675525024844 153
1739555317401 22.851625288344078 154
1739555317442 38.184741866707 155
1739555317483 24.927083173640195 156
1739555317524 0.0008090848365954131 157
1739555317565 0.2583098403991531 158
1739555317606 2.7896842895100553 159
1739555317646 19.63960712982981 160
1739555317686 0.005490157527145686 161
1739555317727 4.837005963147962 162
1739555317766 0.007350968674037432 163
1739555317807 0.02116869543191265 164
1739555317846 42.977763189719774 165
1739555317885 51.38746887093141 166
1739555317926 1.8501797663242683 167
1739555317965 0.0021084065460645544 168
1739555318005 49.29840507715485 169
1739555318045 2.819441314341651 170
1739555318084 0.07327037197754206 171
1739555318125 20.927951775337668 172
1739555318164 45.29725378087981 173
1739555318203 0.16265192381447607 174
1739555318244 38.24249452857356 175
1739555318283 11.409411449926877 176
1739555318324 47.035131629223635 177
1739555318363 58.872430888730065 178
1739555318403 3.5525084464759886 179
1739555318442 12.764127929170293 180
1739555318483 17.103655426974882 181
1739555318522 0.2091070635998272 182
1739555318563 18.86462403015509 183
1739555318602 20.045288445762996 184
1739555318642 11.884901645240028 185
1739555318681 0.5051004591682569 186
1739555318720 1.8221668873080603 187
1739555318761 37.827425565452835 188
1739555318801 0.08645107285376387 189
1739555318841 0.08884653388340033 190
1739555318881 31.275505688880624 191
1739555318920 77.63275818352925 192
1739555318960 12.977218214968586 193
1739555319002 6.876530893754639 194
1739555319042 8.832586855554899 195
1739555319083 1.9279982064929093 196
1739555319123 1.3521474862561063 197
1739555319164 32.87100611180508 198
1739555319204 0.004743770568116496 199
1739555319244 0.6379078831277586 200
1739555319285 3.2576445019628784 201
1739555319325 1.1713591586884586 202
1739555319366 44.323300181647426 203
1739555319406 1.2535439320435537 204
1739555319446 6.18914419023844 205
1739555319487 1.788412080446444 206
1739555319527 8.890915817035248 207
1739555319568 0.0003638523419121606 208
1739555319607 1.8559727982001863 209
1739555319646 1.8696471160001227 210
1739555319686 1.2375333483807993 211
1739555319726 13.018540907673032 212
1739555319766 0.1528181204441063 213
1739555319806 0.4747557692830155 214
1739555319845 11.595572327576537 215
1739555319886 3.8612557447395424 216
1739555319925 3.2462795263246313 217
1739555319965 6.350404590558332 218
1739555320005 16.480554850941132 219
1739555320045 3.993368637722164 220
1739555320085 24.0646998194589 221
1739555320124 3.360071201341542 222
1739555320164 25.274240093238237 223
1739555320204 0.0021224431745163284 224
1739555320244 26.951025969830933 225
1739555320284 3.2157170313741257 226
1739555320323 2.2721377581496296 227
1739555320364 2.1639876945501135 228
1739555320404 7.437131597134106 229
1739555320443 0.005887370487405615 230
1739555320484 82.85889977663102 231
1739555320523 1.6360330057019603 232
1739555320563 61.10798147904935 233
1739555320603 22.83113838479029 234
1739555320642 0.09526257611696681 235
1739555320683 0.003639757168307388 236
1739555320723 23.167274544498458 237
1739555320762 11.65387359635916 238
1739555320803 0.0023930689559798217 239
1739555320843 2.2376519527897756 240
1739555320883 1.5114569937623774 241
1739555320922 1.5718199508172277 242
1739555320962 12.975158488606256 243
1739555321002 1.5973537711988854 244
1739555321041 45.23661054072496 245
1739555321082 4.628815116758495 246
1739555321123 1.1788663460700943 247
1739555321163 16.84089548771968 248
1739555321204 2.7231554415161505 249
1739555321245 4.209852695817042 250
1739555321286 1.7441733837760638 251
1739555321326 26.06757160783225 252
1739555321366 0.09036634629085531 253
1739555321407 5.514938773641268 254
1739555321447 82.31183207910391 255
1739555321489 87.20204595953471 256
1739555321529 23.332806251928545 257
1739555321569 23.316519823322505 258
1739555321610 2.6752013242887887 259
1739555321651 23.97712555176004 260
1739555321691 0.893255656489077 261
1739555321732 0.038761054259408324 262
1739555321771 67.79181400940668 263
1739555321811 2.006540248417154 264
1739555321851 4.244974718137423 265
1739555321891 0.0015585524742660305 266
1739555321930 56.82345655688159 267
1739555321970 3.960127868653807 268
1739555322010 35.79188653123536 269
1739555322050 9.193521242459225 270
1739555322090 25.134248628234555 271
1739555322131 1.052455250128863 272
1739555322171 42.517043953884965 273
1739555322211 49.83104988374195 274
1739555322250 5.160722251492803 275
1739555322291 14.249189631533548 276
1739555322330 1.5055742114732684 277
1739555322369 8.244800336418724 278
1739555322410 0.0009269934476528001 279
1739555322449 0.0018850460033460051 280
1739555322489 2.4124253936663176 281
1739555322529 15.139166262940227 282
1739555322570 0.03555048996276981 283
1739555322609 0.9470462568610623 284
1739555322650 0.0379527722683123 285
1739555322690 12.329526587406713 286
1739555322730 0.002266325966260203 287
1739555322770 24.126113168456044 288
1739555322809 12.777529098539516 289
1739555322849 47.717007614698986 290
1739555322889 16.75254389653908 291
1739555322929 1.3347559538481772 292
1739555322968 4.618347088882401 293
1739555323008 0.3638459250399124 294
1739555323048 2.718969553332633 295
1739555323087 7.805476725623774 296
1739555323127 6.406141396826822 297
1739555323167 1.2399054180088203 298
1739555323207 69.22513780798472 299
1739555323248 14.815181550889003 300
1739555323289 13.902674034500826 301
1739555323330 0.06628052707827468 302
1739555323370 11.699913143591028 303
1739555323410 48.249651577998556 304
1739555323452 16.415319524023467 305
1739555323492 21.204595392863467 306
1739555323533 32.858365008100904 307
1739555323573 0.06786615727174936 308
1739555323613 13.217576790683006 309
1739555323654 6.168582503325713 310
1739555323695 1.7693447818965162 311
1739555323736 55.83654146396884 312
1739555323776 86.36953186513185 313
1739555323816 13.754218321829079 314
1739555323857 15.778370458593372 315
1739555323897 1.187418982786311 316
1739555323938 31.449757575678447 317
1739555323978 7.50576153167614 318
1739555324017 83.41827082620198 319
1739555324057 73.46176149470146 320
1739555324097 13.381158613087775 321
1739555324137 0.7632634991006079 322
1739555324177 35.685955717139606 323
1739555324217 0.6707384643129204 324
1739555324259 24.622733661195234 325
1739555324300 28.72707105960198 326
1739555324341 61.70669688719728 327
1739555324381 52.805056543689226 328
1739555324422 2.059477565478425 329
1739555324463 23.209232247967925 330
1739555324504 11.611209126678919 331
1739555324544 42.84497047652514 332
1739555324585 4.909669457039671 333
1739555324625 11.400967391494026 334
1739555324665 0.47169120208958204 335
1739555324707 3.2554681272988626 336
1739555324748 5.04583498298127 337
1739555324788 37.07453684021865 338
1739555324828 8.542168304393881 339
1739555324868 0.036591323372124084 340
1739555324908 17.09579570599961 341
1739555324947 2.2396565910071335 342
1739555324988 0.15780954217634421 343
1739555325028 8.338755037979041 344
1739555325068 34.028958647895834 345
1739555325108 22.902034599471722 346
