1739553041019 116.86959899804168 0
1739553041051 122.40574093053401 1
1739553041083 76.74350566649842 2
1739553041114 79.70314671466141 3
1739553041145 70.26479402974877 4
1739553041177 42.986927761666905 5
1739553041211 66.97727306233028 6
1739553041242 31.53423619938994 7
1739553041274 17.107642190812907 8
1739553041305 63.130371734941264 9
1739553041340 30.56789410014503 10
1739553041372 25.07821392262704 11
1739553041404 5.7111374328017535 12
1739553041435 47.32087797099894 13
1739553041468 36.248134506339525 14
1739553041500 17.670299104570457 15
1739553041532 0.02486535973506335 16
1739553041563 18.56347358868046 17
1739553041595 11.900302997180336 18
1739553041628 71.29626035514077 19
1739553041659 53.34062385575921 20
1739553041691 16.214594198300276 21
1739553041723 21.48896263567946 22
1739553041755 62.228064930746925 23
1739553041787 14.289061537244601 24
1739553041818 49.354354166040714 25
1739553041851 5.8127595931270415 26
1739553041883 23.505602468146584 27
1739553041914 31.529198869576962 28
1739553041947 85.81957707180501 29
1739553041978 30.43735451221902 30
1739553042011 9.540915107326335 31
1739553042042 53.61492106510645 32
1739553042075 65.39552040363719 33
1739553042106 5.9672321683192635 34
1739553042139 37.29456042432851 35
1739553042173 4.639595524558719 36
1739553042207 33.50901084537283 37
1739553042240 2.4517482351835826 38
1739553042274 27.961974907645864 39
1739553042307 0.37295243234118486 40
1739553042339 70.10280306408221 41
1739553042372 18.87554771640184 42
