1739617548567 156.30691410458377 0
1739617548584 145.74872245958514 1
1739617548599 132.9959077618803 2
1739617548614 128.18614550541727 3
1739617548627 117.97167507110149 4
1739617548642 109.10203576248185 5
1739617548656 100.59314612438598 6
1739617548669 96.03577585740263 7
1739617548683 87.96786995926858 8
1739617548696 82.46539316176936 9
1739617548709 75.1179112736459 10
1739617548721 69.04026720520406 11
1739617548734 64.29650567782251 12
1739617548747 59.273126010669515 13
1739617548761 55.54793034582195 14
1739617548774 49.83152492358249 15
1739617548788 47.33093330434265 16
1739617548800 44.988167183623226 17
1739617548813 41.664680265336784 18
1739617548826 38.714291748577295 19
1739617548839 37.31248847820897 20
1739617548852 31.65943598077452 21
1739617548864 30.297343427648922 22
1739617548876 29.71021031141902 23
1739617548889 26.86824873089768 24
1739617548901 25.84079170823986 25
1739617548913 22.993748641342965 26
1739617548926 22.228443368948728 27
1739617548939 19.97372897368578 28
1739617548952 17.746996348708358 29
1739617548964 16.95021932279052 30
1739617548977 15.542080856010386 31
1739617548991 13.914002971776723 32
1739617549007 13.764985893739619 33
1739617549023 13.352811278966671 34
1739617549038 12.64668236890581 35
1739617549053 10.824344166402659 36
1739617549068 12.89762676094367 37
1739617549083 9.935785832180859 38
1739617549097 10.653084395211213 39
1739617549111 8.275383900202758 40
1739617549124 8.653415182347864 41
1739617549136 6.811918885731018 42
1739617549149 7.674671646747686 43
1739617549162 5.7498432051029145 44
1739617549174 5.862117464556955 45
1739617549187 5.80145575144501 46
1739617549199 6.92943166737928 47
1739617549211 4.599291068311712 48
1739617549223 4.850633799500857 49
1739617549236 4.096163094822882 50
1739617549248 5.001168052187787 51
1739617549260 4.990516582074064 52
1739617549273 3.5421199457723502 53
1739617549286 4.25774906490055 54
1739617549304 3.4141172525756316 55
1739617549319 3.459481366400782 56
1739617549333 3.1095580296615832 57
1739617549346 3.3583668246953913 58
1739617549359 2.492028310726506 59
1739617549373 2.847469299047247 60
1739617549386 3.433822155124896 61
1739617549399 2.015325444758918 62
1739617549412 2.4891929760958282 63
1739617549426 1.5958040400374771 64
1739617549438 2.3979372877539307 65
1739617549450 1.6653914655856616 66
1739617549463 1.4454539926310788 67
1739617549475 1.1757927775939847 68
1739617549489 1.963178196625474 69
1739617549503 2.3472178172605394 70
1739617549516 2.287029859785227 71
1739617549531 1.0993991794216662 72
1739617549546 1.4361006482253205 73
1739617549562 1.6823824019665248 74
1739617549576 1.5792990015615462 75
1739617549589 1.1700645663930813 76
1739617549603 1.244895493934583 77
1739617549615 1.8341652276029654 78
1739617549632 1.6783561221024965 79
1739617549647 1.4155516606061602 80
1739617549662 1.3675267491574963 81
1739617549678 1.20957196418253 82
1739617549693 1.0430312347862252 83
1739617549707 1.127647559787876 84
1739617549722 1.46773293777885 85
1739617549737 1.4905155066666191 86
1739617549751 1.2232056078372548 87
1739617549765 1.107078488191648 88
1739617549779 1.0545059556681575 89
1739617549792 0.7990963115542224 90
1739617549806 0.7698582916385002 91
1739617549819 1.0817689925159495 92
1739617549832 1.2521511022631007 93
1739617549844 0.8059682668241481 94
1739617549857 1.096652368437462 95
1739617549869 0.6705031244082158 96
1739617549882 0.5637150194518695 97
1739617549894 0.821974334554716 98
1739617549906 1.1824183622549784 99
1739617549919 0.6984592397555629 100
1739617549931 0.9613304489861279 101
1739617549943 1.095323464626268 102
1739617549955 0.4673221159134568 103
1739617549968 1.1904952862770182 104
1739617549980 0.8013077894652557 105
1739617549992 0.5899427132691669 106
1739617550005 0.9701397941044871 107
1739617550018 0.9784662900036996 108
1739617550031 1.0708959312134159 109
1739617550043 1.1973332947344786 110
1739617550056 1.5713481919380536 111
1739617550069 0.7011871380068561 112
1739617550082 1.1861396594451765 113
1739617550094 0.958257718756938 114
1739617550107 0.9524982189207236 115
1739617550120 0.7957019884510265 116
1739617550133 1.2274044946915397 117
1739617550146 0.6496761621540318 118
1739617550160 0.7239090321919074 119
1739617550176 0.6609683290398177 120
1739617550193 1.2777066363802654 121
1739617550207 1.5524763239717443 122
1739617550221 1.392682300561693 123
1739617550235 0.9560571732056755 124
1739617550252 0.9456837288103711 125
1739617550276 0.6614937482154121 126
1739617550298 1.1850615998126635 127
1739617550322 0.9554733017796255 128
1739617550347 0.9727442577083466 129
1739617550368 0.9052065526444152 130
1739617550393 1.260389267489842 131
1739617550414 1.0560425607078314 132
1739617550432 1.4032607250774267 133
1739617550449 0.6821084663768564 134
1739617550465 1.1401847719642233 135
1739617550481 0.7710045287841946 136
1739617550496 1.1514584902265321 137
1739617550514 0.9633610979141795 138
1739617550530 1.5101285012089722 139
1739617550546 0.6833398039739847 140
1739617550562 0.7256254632510732 141
1739617550577 1.2418257900304182 142
1739617550591 0.6646350167618388 143
1739617550605 0.7154275667460486 144
1739617550620 1.4728764318051812 145
1739617550634 0.7522721607201371 146
1739617550652 0.9474629530059427 147
1739617550667 1.3928992523112647 148
1739617550681 1.1471264386241076 149
1739617550696 0.7382825088691591 150
1739617550710 1.0227786220051969 151
1739617550725 0.8431144814681757 152
1739617550739 0.8613056324609525 153
1739617550753 1.1417160395100907 154
1739617550766 0.956135866256809 155
1739617550779 1.0103121034518634 156
1739617550792 1.6851868989854006 157
1739617550805 0.7975722943010972 158
1739617550818 0.8739343088271739 159
1739617550831 0.9888164942232918 160
1739617550844 0.8217221921824257 161
1739617550857 0.6210095222162376 162
1739617550870 0.8220804833096871 163
1739617550885 0.8923920074484957 164
1739617550899 1.031566542853963 165
1739617550912 0.8464170626631666 166
1739617550925 0.6546142754157936 167
1739617550939 1.2447718828096739 168
1739617550952 1.560869244158163 169
1739617550965 1.2191252705724243 170
1739617550978 0.4265425859244117 171
1739617550991 0.7674859838840458 172
1739617551004 0.5143694068679373 173
1739617551017 0.89098299436508 174
1739617551029 0.8035209437226385 175
1739617551042 0.5884854846919341 176
1739617551054 1.3202987062625924 177
1739617551066 1.2225931576383113 178
1739617551078 1.6182354330292947 179
1739617551091 3.0629452913931563 180
1739617551103 0.6558564516930789 181
1739617551115 0.7567512456882028 182
1739617551127 1.1949835018981967 183
1739617551139 0.9862597683506266 184
1739617551152 0.7050399679571914 185
1739617551164 0.6632012838251796 186
1739617551180 0.8948148628143078 187
1739617551192 0.4314706362024149 188
1739617551204 1.1619859965444865 189
1739617551217 0.9806661654798589 190
1739617551229 1.0189175232566823 191
1739617551241 1.0249725095931712 192
1739617551254 0.92152371432853 193
1739617551266 0.7938059378648374 194
1739617551278 0.6442242015786779 195
1739617551291 0.9239963349176274 196
1739617551304 0.8736449975682767 197
1739617551316 1.046252186134445 198
1739617551329 1.1229389007553532 199
1739617551342 0.7573224643538998 200
1739617551354 1.1226456072924305 201
1739617551366 1.4331074525847223 202
1739617551378 0.6802381172031707 203
1739617551390 0.6526885916651811 204
1739617551403 1.0399042169635608 205
1739617551416 1.2320116411161022 206
1739617551428 1.162740800531656 207
1739617551440 0.8881240167857546 208
1739617551453 0.672001432897639 209
1739617551465 0.5486973423394503 210
1739617551477 0.8404608357258414 211
1739617551489 0.5832092136829797 212
1739617551502 1.7089327659508335 213
1739617551514 1.329812129122268 214
1739617551526 0.6915009552727048 215
1739617551539 0.8995678133736397 216
1739617551551 0.8803888046998192 217
1739617551563 0.9039450770309164 218
1739617551575 0.9841074447536688 219
1739617551587 0.7906269640203748 220
1739617551600 0.8264240950671449 221
1739617551612 1.0540851754378469 222
1739617551624 0.7759263824004962 223
1739617551636 0.9150261505007139 224
1739617551649 1.3742436696152016 225
1739617551661 0.6909946933233673 226
1739617551674 1.4397462737083502 227
1739617551688 1.0211514383593376 228
1739617551703 0.9783617005055688 229
1739617551716 0.5408639061969737 230
1739617551728 0.9375704374362337 231
1739617551742 0.7741090509609335 232
1739617551756 1.1584909133898271 233
1739617551769 1.1691816167074707 234
1739617551783 0.7958985933253201 235
1739617551796 0.9301933953374203 236
1739617551809 0.8447967586940837 237
1739617551821 1.291376104186333 238
1739617551833 1.1882332373125466 239
1739617551846 0.7838818089553926 240
1739617551858 0.9578651981474868 241
1739617551870 0.6337701995028291 242
1739617551882 1.035035378038984 243
1739617551894 0.8940532728527074 244
1739617551907 0.9889406057212318 245
1739617551920 0.6968887997203157 246
1739617551932 1.0253589243624648 247
1739617551944 0.7977930700446949 248
1739617551957 0.8596973710583865 249
1739617551969 0.9513936924356878 250
1739617551981 0.7372884032298223 251
1739617551993 0.8605698634703406 252
1739617552006 0.9813448566875084 253
1739617552018 1.5690371875716331 254
1739617552030 0.7748369773282507 255
1739617552042 1.1160616208524754 256
1739617552055 0.7251655344441303 257
1739617552067 0.8257054338870712 258
1739617552080 0.542617445786604 259
1739617552092 0.6388224960267411 260
1739617552104 0.8126868811445414 261
1739617552116 0.8267251292710722 262
1739617552129 0.7970159748660606 263
1739617552141 0.5534125645622354 264
1739617552153 1.9712075205702215 265
1739617552165 1.5646594497748278 266
1739617552181 0.5027671082566513 267
1739617552193 0.9108787643088607 268
1739617552206 1.3021306737443572 269
1739617552218 0.9040323481648729 270
1739617552230 1.3406867094973645 271
1739617552242 1.0468820447676763 272
1739617552255 0.6328454527145214 273
1739617552267 0.4636491270504827 274
1739617552279 0.5642610698776093 275
1739617552291 0.7200684321976499 276
1739617552303 1.002365185859926 277
1739617552315 0.8387770768521262 278
1739617552328 0.9672828002929228 279
1739617552340 1.2424835988326155 280
1739617552352 0.6154959094718692 281
1739617552364 0.6543104911396859 282
1739617552376 1.1853993292391005 283
1739617552389 1.1504286688147671 284
1739617552401 0.8280887928087526 285
1739617552413 0.7934712979017923 286
1739617552425 1.0463660233145198 287
1739617552438 1.5130873626853851 288
1739617552450 1.0601581172255097 289
1739617552462 0.8717020377764366 290
1739617552474 0.8979864173465636 291
1739617552487 0.8223708341268027 292
1739617552499 0.5990239798899408 293
1739617552511 1.2827107324375855 294
1739617552523 1.1125947577118633 295
1739617552536 1.189459502203664 296
1739617552548 1.0195912513840262 297
1739617552560 0.7393753415829383 298
1739617552572 0.8076722180766025 299
1739617552584 0.5897646944365329 300
1739617552596 0.8066580614892583 301
1739617552609 0.6693268568365666 302
1739617552621 0.6748589728167693 303
1739617552633 0.676328379964172 304
1739617552645 0.8165001497951048 305
1739617552657 1.0476352750219773 306
1739617552669 1.1893716985680665 307
1739617552681 0.7276311987756333 308
1739617552694 1.488664624466977 309
1739617552706 0.46378511581205073 310
1739617552718 0.9683543652567886 311
1739617552730 0.9658990691816909 312
1739617552744 0.526858485819733 313
1739617552759 0.7119500127047614 314
1739617552773 0.6536821286075978 315
1739617552787 0.8166258044915403 316
1739617552800 0.8751684640537072 317
1739617552813 2.798927474164587 318
1739617552826 0.535853103175256 319
1739617552839 1.2361914568143602 320
1739617552852 1.0516085278837324 321
1739617552865 0.6316884892088082 322
1739617552877 1.008902375983929 323
1739617552889 0.6097808042435772 324
1739617552902 0.7490359408017315 325
1739617552914 1.5443841805123848 326
1739617552926 0.8926239204861384 327
1739617552939 0.858291054324095 328
1739617552951 1.1540893229950075 329
1739617552963 0.6895133374580149 330
1739617552975 1.07506110196919 331
1739617552988 1.2737776985885554 332
1739617553002 0.6165343051891149 333
1739617553015 1.6585693369541767 334
1739617553029 0.8553233601748278 335
1739617553041 1.0698353456666907 336
1739617553054 0.6537385004269134 337
1739617553066 0.7804966259120105 338
1739617553078 0.8366736438177469 339
1739617553091 0.8007689990204403 340
1739617553103 0.959254570105388 341
1739617553115 1.0714256406713865 342
1739617553128 1.2935765332012956 343
1739617553140 0.8012042799971261 344
1739617553152 1.0553346743967214 345
1739617553165 0.859135165198268 346
1739617553180 0.6608214607112116 347
1739617553193 1.1011230767635258 348
1739617553205 0.6655893318271633 349
1739617553217 1.0262225067925428 350
1739617553230 0.7039530783145342 351
1739617553242 0.6335392645078028 352
1739617553254 0.9944855968585705 353
1739617553266 0.7775160056455178 354
1739617553278 0.875736507300177 355
1739617553291 0.8684795913171118 356
1739617553303 0.7392644965748777 357
1739617553315 0.9343692813165628 358
1739617553327 0.5641930530062628 359
1739617553339 0.5736633941150202 360
1739617553351 1.0189826834143805 361
1739617553364 0.8475332880237889 362
1739617553376 0.6284875322168422 363
1739617553388 0.8855687417352678 364
1739617553401 0.6882505502132965 365
1739617553419 1.1719253327915788 366
1739617553436 1.3022351420417377 367
1739617553451 0.6320801134105325 368
1739617553465 1.797269988563484 369
1739617553478 0.8882342201971302 370
1739617553491 0.6753940742502578 371
1739617553503 1.3360029256918582 372
1739617553515 0.7442904456219988 373
1739617553528 1.3990659399318335 374
1739617553540 0.9083196591350466 375
1739617553552 1.0677579798202201 376
1739617553565 0.6439566513368029 377
1739617553577 1.051388123943849 378
1739617553589 0.9843839173999508 379
1739617553601 1.1459151795664853 380
1739617553614 1.030133627481918 381
1739617553626 0.7175184981835485 382
1739617553640 1.033031312214997 383
1739617553652 0.8331927873646873 384
1739617553664 0.9858555337845456 385
1739617553676 0.7479410616400067 386
1739617553689 0.7718336921555418 387
1739617553701 0.7845276701924476 388
1739617553713 1.2009974362365607 389
1739617553726 0.7259989069987587 390
1739617553738 0.9290060162727497 391
1739617553751 0.9634747071405019 392
1739617553763 1.0186795339559815 393
1739617553775 0.9556243938608572 394
1739617553787 0.8633924424048669 395
1739617553800 0.8736974035381766 396
1739617553812 1.1689133714538409 397
1739617553824 1.0663840818797428 398
1739617553836 0.8466348677869171 399
1739617553848 0.904447620939015 400
1739617553862 0.4118765605573477 401
1739617553876 0.6297274015230514 402
1739617553888 0.6819108399667841 403
1739617553901 1.167969895962142 404
1739617553913 1.0824495510774144 405
1739617553925 0.6463697068096655 406
1739617553938 0.554062336210021 407
1739617553950 1.2201882345195663 408
1739617553962 0.8194013171025385 409
1739617553975 0.7537182975515352 410
1739617553987 1.1159294280839398 411
1739617554000 0.9279138371116151 412
1739617554012 1.1758879736160799 413
1739617554025 0.8513387124821591 414
1739617554037 1.0700018639314697 415
1739617554050 0.6450660270108058 416
1739617554062 0.41762607746763225 417
1739617554075 0.6025283094809556 418
1739617554087 0.5854270241048398 419
1739617554100 1.3448874874196544 420
1739617554113 0.5444351875144524 421
1739617554127 1.018060615308841 422
1739617554139 0.7333975464270819 423
1739617554152 3.0096559162863907 424
1739617554168 0.788316601557912 425
1739617554184 0.9392222531929875 426
1739617554197 0.5088374911400083 427
1739617554209 1.2307392002465958 428
1739617554222 0.5937753679099336 429
1739617554235 1.5369499592166445 430
1739617554248 0.80619161945695 431
1739617554261 0.7722645481347586 432
1739617554273 1.3393167808722204 433
1739617554286 0.7934597741209536 434
1739617554298 0.5332564386735662 435
1739617554310 1.6757297059758298 436
1739617554323 0.7244356294864247 437
1739617554335 1.5064093566170305 438
1739617554347 1.592154840127274 439
1739617554359 0.913716556970945 440
1739617554372 1.064744460643482 441
1739617554384 1.5712787278029194 442
1739617554397 0.5756724773970205 443
1739617554410 0.5699895119111107 444
1739617554423 2.3927600364455897 445
1739617554436 0.8871419375853439 446
1739617554449 0.6454841963580304 447
1739617554462 1.1739896814417903 448
1739617554475 1.0519260815245308 449
1739617554489 1.1636282618964682 450
1739617554503 1.182195253686025 451
1739617554515 0.6930443438930076 452
1739617554530 1.123621383115048 453
1739617554543 1.420077651050551 454
1739617554557 0.7156350121261472 455
1739617554570 1.1570567285361812 456
1739617554583 1.0489886135730782 457
1739617554595 1.985624249799593 458
1739617554608 1.2844371054450543 459
1739617554621 0.8805889301620404 460
1739617554634 0.8271679162586917 461
1739617554646 2.7921251080503864 462
1739617554659 0.5631733478992124 463
1739617554671 1.019134245797931 464
1739617554683 0.9548015073609377 465
1739617554696 1.3739576364480417 466
1739617554708 0.9990579717907752 467
1739617554721 1.1790254025124647 468
1739617554734 0.9339898595431575 469
1739617554746 0.8140084675161966 470
1739617554758 0.7669118407523483 471
1739617554771 0.6017698137321081 472
1739617554784 0.9382968992823338 473
1739617554796 0.7909910732491868 474
1739617554809 0.7529155639044751 475
1739617554823 0.669945292112054 476
1739617554839 0.9320297742600805 477
1739617554855 0.9213056668522246 478
1739617554871 0.7416056207442899 479
1739617554887 1.318140691362747 480
1739617554907 0.8401221727416164 481
1739617554923 0.8020441023719347 482
1739617554939 2.0506795752626434 483
1739617554954 1.4253453060651393 484
1739617554969 1.1664202928596474 485
1739617554984 0.7801941593156757 486
1739617554998 0.7605925642551717 487
1739617555012 0.7491452742260435 488
1739617555026 1.0169437045454917 489
1739617555039 1.1261499678339053 490
1739617555052 1.0544158186912294 491
1739617555065 1.0665927926215633 492
1739617555079 1.0724950260096755 493
1739617555092 1.3392705904614928 494
1739617555105 0.657822155406626 495
1739617555119 0.9510684714199755 496
1739617555133 0.8115783999543811 497
1739617555148 0.8779520787558868 498
1739617555161 0.686678784153283 499
