1739555138953 169.21235122945856 0
1739555138961 169.00476214540942 1
1739555138970 168.8409053100329 2
1739555138979 168.67509471002154 3
1739555138987 168.5094499929781 4
1739555138996 168.34396993507062 5
1739555139004 168.17865437264035 6
1739555139012 168.01350314166203 7
1739555139020 167.84851607827434 8
1739555139028 167.6836930187798 9
1739555139036 167.51903379964418 10
1739555139043 167.35453825749687 11
1739555139051 167.19020622913015 12
1739555139059 167.02603755149937 13
1739555139067 166.86203206172283 14
1739555139075 166.69818959708135 15
1739555139083 166.53450999501834 16
1739555139090 166.37099309313956 17
1739555139099 166.20763872921282 18
1739555139107 166.04444674116823 19
1739555139115 165.88141696709744 20
1739555139123 165.718549245254 21
1739555139131 165.5558434140529 22
1739555139140 165.39329931207055 23
1739555139149 165.2309167780446 24
1739555139159 165.06869565087368 25
1739555139169 164.90663576961734 26
1739555139177 164.7447369734959 27
1739555139186 164.58299910189012 28
1739555139194 164.42142199434136 29
1739555139203 164.26000549055107 30
1739555139211 164.09874943038088 31
1739555139219 163.93765365385227 32
1739555139227 163.77671800114652 33
1739555139234 163.61594231260463 34
1739555139243 163.45532642872678 35
1739555139251 163.29487019017276 36
1739555139259 163.1345734377613 37
1739555139267 162.97443601247008 38
1739555139275 162.81445775543565 39
1739555139284 162.65463850795328 40
1739555139292 162.49497811147663 41
1739555139300 162.3354764076177 42
1739555139308 162.17613323814678 43
1739555139316 162.016948444992 44
1739555139324 161.85792187023955 45
1739555139333 161.69905335613322 46
1739555139342 161.54034274507433 47
1739555139349 161.38178987962155 48
1739555139357 161.2233946024909 49
1739555139368 161.06515675655547 50
1739555139376 160.90707618484515 51
1739555139384 160.7491527305467 52
1739555139392 160.59138623700343 53
1739555139399 160.43377654771513 54
1739555139407 160.2763235063378 55
1739555139415 160.1190269566837 56
1739555139423 159.961886742721 57
1739555139432 159.80490270857368 58
1739555139440 159.64807469852144 59
1739555139448 159.49140255699942 60
1739555139457 159.33488612859819 61
1739555139465 159.17852525806347 62
1739555139472 159.02231979029605 63
1739555139480 158.86626957035162 64
1739555139488 158.71037444344057 65
1739555139496 158.5546342549279 66
1739555139504 158.39904885033303 67
1739555139512 158.24361807532964 68
1739555139520 158.08834177574556 69
1739555139528 157.9332197975626 70
1739555139536 157.7782519869163 71
1739555139544 157.62343819009592 72
1739555139552 157.4687782535442 73
1739555139560 157.3142720238572 74
1739555139567 157.15991934778432 75
1739555139575 157.0057200722278 76
1739555139584 156.85167404424294 77
1739555139592 156.69778111103764 78
1739555139599 156.54404111997252 79
1739555139607 156.3904539185605 80
1739555139615 156.2370193544669 81
1739555139623 156.08373727550904 82
1739555139631 155.9306075296564 83
1739555139639 155.77762996503012 84
1739555139647 155.62480442990298 85
1739555139655 155.47213077269953 86
1739555139664 155.31960884199538 87
1739555139673 155.1672384865176 88
1739555139680 155.01501955514416 89
1739555139688 154.86295189690412 90
1739555139696 154.7110353609771 91
1739555139705 154.55926979669348 92
1739555139712 154.4076550535341 93
1739555139720 154.25619098112998 94
1739555139728 154.10487742926247 95
1739555139736 153.95371424786282 96
1739555139745 153.80270128701227 97
1739555139753 153.6518383969416 98
1739555139762 153.5011254280313 99
1739555139770 153.35056223081114 100
1739555139777 153.20014865596025 101
1739555139785 153.049884554307 102
1739555139793 152.89976977682838 103
1739555139801 152.74980417465054 104
1739555139809 152.59998759904812 105
1739555139817 152.45031990144432 106
1739555139825 152.3008009334107 107
1739555139832 152.1514305466671 108
1739555139840 152.00220859308138 109
1739555139849 151.85313492466932 110
1739555139857 151.7042093935945 111
1739555139865 151.5554318521682 112
1739555139873 151.40680215284908 113
1739555139881 151.25832014824317 114
1739555139889 151.10998569110367 115
1739555139897 150.96179863433088 116
1739555139905 150.813758830972 117
1739555139913 150.66586613422092 118
1739555139921 150.51812039741816 119
1739555139930 150.37052147405066 120
1739555139937 150.22306921775174 121
1739555139945 150.07576348230086 122
1739555139953 149.92860412162344 123
1739555139962 149.78159098979086 124
1739555139971 149.63472394102016 125
1739555139979 149.48800282967397 126
1739555139986 149.3414275102604 127
1739555139995 149.1949978374328 128
1739555140003 149.04871366598968 129
1739555140011 148.90257485087454 130
1739555140019 148.75658124717575 131
1739555140027 148.61073271012634 132
1739555140034 148.46502909510403 133
1739555140043 148.31947025763083 134
1739555140052 148.17405605337305 135
1739555140061 148.0287863381412 136
1739555140069 147.88366096788965 137
1739555140076 147.73867979871682 138
1739555140084 147.5938426868646 139
1739555140092 147.44914948871858 140
1739555140100 147.3046000608077 141
1739555140108 147.16019425980426 142
1739555140116 147.0159319425235 143
1739555140124 146.87181296592388 144
1739555140132 146.72783718710653 145
1739555140139 146.5840044633153 146
1739555140148 146.44031465193666 147
1739555140157 146.29676761049947 148
1739555140172 146.1533631966748 149
1739555140182 146.01010126827597 150
1739555140192 145.8669816832581 151
1739555140200 145.7240042997184 152
1739555140209 145.5811689758955 153
1739555140218 145.43847557016983 154
1739555140226 145.29592394106314 155
1739555140235 145.1535139472384 156
1739555140244 145.0112454474999 157
1739555140253 144.86911830079268 158
1739555140261 144.72713236620282 159
1739555140269 144.58528750295707 160
1739555140277 144.4435835704227 161
1739555140285 144.30202042810745 162
1739555140293 144.16059793565935 163
1739555140301 144.01931595286663 164
1739555140309 143.87817433965748 165
1739555140317 143.7371729560999 166
1739555140325 143.59631166240175 167
1739555140333 143.4555903189104 168
1739555140341 143.3150087861127 169
1739555140349 143.17456692463483 170
1739555140357 143.0342645952421 171
1739555140370 142.89410165883888 172
1739555140378 142.7540779764684 173
1739555140385 142.6141934093128 174
1739555140393 142.47444781869257 175
1739555140401 142.33484106606699 176
1739555140409 142.19537301303342 177
1739555140416 142.05604352132752 178
1739555140424 141.9168524528231 179
1739555140432 141.77779966953176 180
1739555140440 141.638885033603 181
1739555140448 141.50010840732384 182
1739555140456 141.36146965311903 183
1739555140464 141.22296863355044 184
1739555140472 141.0846052113174 185
1739555140481 140.9463792492562 186
1739555140488 140.80829061034012 187
1739555140497 140.67033915767936 188
1739555140504 140.53252475452072 189
1739555140513 140.39484726424755 190
1739555140521 140.25730655037964 191
1739555140530 140.11990247657315 192
1739555140537 139.9826349066202 193
1739555140545 139.84550370444913 194
1739555140553 139.708508734124 195
1739555140561 139.57164985984465 196
1739555140569 139.43492694594656 197
1739555140578 139.29833985690064 198
1739555140586 139.16188845731315 199
1739555140595 139.02557261192555 200
1739555140607 138.88939218561433 201
1739555140616 138.75334704339096 202
1739555140624 138.61743705040163 203
1739555140633 138.48166207192722 204
1739555140643 138.3460219733832 205
1739555140651 138.2105166203193 206
1739555140660 138.07514587841965 207
1739555140669 137.93990961350235 208
1739555140678 137.80480769151958 209
1739555140686 137.66983997855735 210
1739555140695 137.5350063408354 211
1739555140704 137.40030664470703 212
1739555140712 137.26574075665897 213
1739555140720 137.13130854331135 214
1739555140729 136.9970098714174 215
1739555140736 136.86284460786345 216
1739555140767 136.7288126196687 217
1739555140781 136.59491377398524 218
1739555140791 136.46114793809764 219
1739555140800 136.32751497942317 220
1739555140808 136.19401476551138 221
1739555140817 136.0606471640441 222
1739555140825 135.92741204283527 223
1739555140833 135.79430926983085 224
1739555140842 135.66133871310865 225
1739555140850 135.5285002408782 226
1739555140859 135.39579372148063 227
1739555140868 135.26321902338853 228
1739555140877 135.1307760152058 229
1739555140885 134.99846456566763 230
1739555140894 134.86628454364015 231
1739555140902 134.7342358181205 232
1739555140910 134.6023182582367 233
1739555140918 134.47053173324727 234
1739555140927 134.33887611254144 235
1739555140936 134.20735126563875 236
1739555140944 134.07595706218916 237
1739555140953 133.94469337197262 238
1739555140962 133.8135600648992 239
1739555140971 133.68255701100887 240
1739555140979 133.55168408047132 241
1739555140988 133.42094114358594 242
1739555140996 133.29032807078153 243
1739555141005 133.15984473261642 244
1739555141014 133.029490999778 245
1739555141022 132.89926674308293 246
1739555141031 132.7691718334768 247
1739555141039 132.63920614203408 248
1739555141048 132.50936953995796 249
1739555141056 132.37966189858014 250
1739555141066 132.25008308936103 251
1739555141074 132.12063298388918 252
1739555141083 131.9913114538814 253
1739555141091 131.86211837118262 254
1739555141100 131.73305360776578 255
1739555141108 131.60411703573155 256
1739555141117 131.47530852730839 257
1739555141126 131.34662795485227 258
1739555141134 131.2180751908467 259
1739555141143 131.0896501079024 260
1739555141152 130.96135257875738 261
1739555141161 130.83318247627673 262
1739555141170 130.7051396734524 263
1739555141180 130.5772240434032 264
1739555141188 130.44943545937463 265
1739555141197 130.32177379473876 266
1739555141205 130.1942389229941 267
1739555141214 130.06683071776544 268
1739555141221 129.93954905280376 269
1739555141229 129.8123938019861 270
1739555141237 129.68536483931553 271
1739555141245 129.5584620389207 272
1739555141253 129.4316852750562 273
1739555141262 129.30503442210198 274
1739555141269 129.1785093545635 275
1739555141278 129.0521099470715 276
1739555141288 128.92583607438195 277
1739555141296 128.79968761137582 278
1739555141304 128.673664433059 279
1739555141312 128.5477664145622 280
1739555141319 128.4219934311409 281
1739555141328 128.29634535817496 282
1739555141335 128.17082207116877 283
1739555141343 128.04542344575106 284
1739555141350 127.9201493576746 285
1739555141359 127.79499968281642 286
1739555141368 127.66997429717733 287
1739555141380 127.54507307688196 288
1739555141388 127.42029589817874 289
1739555141395 127.29564263743951 290
1739555141403 127.17111317115965 291
1739555141411 127.04670737595781 292
1739555141418 126.92242512857585 293
1739555141426 126.7982663058787 294
1739555141434 126.6742307848542 295
1739555141442 126.55031844261312 296
1739555141450 126.42652915638875 297
1739555141458 126.30286280353715 298
1739555141466 126.17931926153669 299
1739555141474 126.05589840798812 300
1739555141482 125.93260012061448 301
1739555141491 125.80942427726075 302
1739555141500 125.68637075589398 303
1739555141508 125.56343943460301 304
1739555141516 125.44063019159847 305
1739555141524 125.31794290521252 306
1739555141532 125.19537745389886 307
1739555141540 125.07293371623247 308
1739555141548 124.95061157090964 309
1739555141556 124.82841089674774 310
1739555141564 124.70633157268514 311
1739555141572 124.58437347778109 312
1739555141582 124.46253649121562 313
1739555141590 124.3408204922893 314
1739555141598 124.21922536042331 315
1739555141606 124.09775097515917 316
1739555141615 123.97639721615869 317
1739555141622 123.85516396320381 318
1739555141630 123.73405109619654 319
1739555141638 123.61305849515875 320
1739555141645 123.49218604023214 321
1739555141653 123.37143361167806 322
1739555141662 123.2508010898774 323
1739555141670 123.13028835533055 324
1739555141678 123.0098952886571 325
1739555141686 122.88962177059595 326
1739555141694 122.76946768200496 327
1739555141702 122.64943290386107 328
1739555141710 122.52951731725994 329
1739555141718 122.40972080341602 330
1739555141726 122.29004324366234 331
1739555141734 122.17048451945038 332
1739555141742 122.05104451235003 333
1739555141750 121.93172310404942 334
1739555141758 121.81252017635475 335
1739555141766 121.6934356111903 336
1739555141774 121.57446929059819 337
1739555141782 121.4556210967383 338
1739555141791 121.33689091188823 339
1739555141800 121.21827861844308 340
1739555141809 121.09978409891535 341
1739555141817 120.98140723593484 342
1739555141825 120.86314791224858 343
1739555141833 120.74500601072063 344
1739555141840 120.62698141433201 345
1739555141848 120.50907400618057 346
1739555141857 120.39128366948088 347
1739555141866 120.27361028756414 348
1739555141874 120.15605374387795 349
1739555141883 120.03861392198634 350
1739555141891 119.92129070556962 351
1739555141899 119.80408397842417 352
1739555141907 119.68699362446242 353
1739555141915 119.57001952771267 354
1739555141922 119.45316157231909 355
1739555141930 119.33641964254141 356
1739555141938 119.21979362275502 357
1739555141946 119.10328339745068 358
1739555141955 118.98688885123445 359
1739555141963 118.87060986882771 360
1739555141970 118.75444633506685 361
1739555141979 118.6383981349032 362
1739555141986 118.52246515340309 363
1739555141995 118.4066472757475 364
1739555142003 118.29094438723207 365
1739555142011 118.17535637326692 366
1739555142020 118.05988311937666 367
1739555142028 117.94452451120013 368
1739555142035 117.82928043449033 369
1739555142043 117.71415077511439 370
1739555142052 117.59913541905335 371
1739555142060 117.4842342524021 372
1739555142068 117.36944716136921 373
1739555142076 117.25477403227691 374
1739555142084 117.14021475156089 375
1739555142092 117.02576920577027 376
1739555142101 116.91143728156736 377
1739555142109 116.79721886572767 378
1739555142117 116.68311384513979 379
1739555142125 116.56912210680515 380
1739555142133 116.45524353783807 381
1739555142141 116.34147802546553 382
1739555142149 116.22782545702714 383
1739555142156 116.11428571997492 384
1739555142164 116.00085870187334 385
1739555142172 115.88754429039906 386
1739555142182 115.77434237334093 387
1739555142190 115.66125283859975 388
1739555142199 115.54827557418834 389
1739555142207 115.43541046823124 390
1739555142214 115.32265740896474 391
1739555142222 115.21001628473667 392
1739555142230 115.09748698400637 393
1739555142238 114.9850693953445 394
1739555142250 114.87276340743298 395
1739555142259 114.76056890906487 396
1739555142267 114.64848578914429 397
1739555142275 114.5365139366862 398
1739555142284 114.42465324081643 399
1739555142292 114.31290359077144 400
1739555142299 114.20126487589836 401
1739555142307 114.08973698565471 402
1739555142317 113.97831980960842 403
1739555142325 113.86701323743762 404
1739555142332 113.75581715893065 405
1739555142340 113.64473146398583 406
1739555142348 113.5337560426114 407
1739555142357 113.42289078492544 408
1739555142365 113.31213558115574 409
1739555142373 113.20149032163961 410
1739555142382 113.09095489682392 411
1739555142390 112.98052919726487 412
1739555142399 112.87021311362794 413
1739555142407 112.76000653668778 414
1739555142415 112.64990935732806 415
1739555142423 112.53992146654137 416
1739555142431 112.43004275542916 417
1739555142439 112.32027311520159 418
1739555142447 112.21061243717743 419
1739555142455 112.10106061278395 420
1739555142463 111.9916175335568 421
1739555142470 111.88228309113995 422
1739555142479 111.77305717728548 423
1739555142487 111.6639396838536 424
1739555142496 111.55493050281247 425
1739555142505 111.4460295262381 426
1739555142514 111.33723664631422 427
1739555142521 111.22855175533222 428
1739555142529 111.11997474569102 429
1739555142537 111.01150550989693 430
1739555142546 110.90314394056362 431
1739555142553 110.79488993041197 432
1739555142561 110.6867433722699 433
1739555142569 110.57870415907239 434
1739555142577 110.47077218386123 435
1739555142587 110.36294733978511 436
1739555142595 110.25522952009923 437
1739555142603 110.14761861816552 438
1739555142611 110.04011452745227 439
1739555142619 109.93271714153413 440
1739555142628 109.82542635409206 441
1739555142636 109.71824205891306 442
1739555142643 109.61116414989026 443
1739555142651 109.50419252102266 444
1739555142659 109.3973270664151 445
1739555142667 109.29056768027816 446
1739555142675 109.18391425692799 447
1739555142683 109.0773666907863 448
1739555142690 108.97092487638012 449
1739555142699 108.86458870834186 450
1739555142708 108.75835808140907 451
1739555142717 108.65223289042439 452
1739555142728 108.54621303033545 453
1739555142738 108.44029839619476 454
1739555142747 108.33448888315958 455
1739555142755 108.22878438649185 456
1739555142764 108.12318480155811 457
1739555142772 108.01769002382925 458
1739555142781 107.91229994888062 459
1739555142789 107.80701447239174 460
1739555142799 107.70183349014633 461
1739555142808 107.59675689803215 462
1739555142817 107.49178459204084 463
1739555142825 107.38691646826791 464
1739555142835 107.28215242291262 465
1739555142843 107.17749235227781 466
1739555142851 107.07293615276981 467
1739555142859 106.96848372089849 468
1739555142867 106.86413495327695 469
1739555142875 106.75988974662145 470
1739555142882 106.65574799775146 471
1739555142891 106.55170960358942 472
1739555142900 106.44777446116065 473
1739555142908 106.34394246759328 474
1739555142917 106.24021352011815 475
1739555142925 106.13658751606867 476
1739555142933 106.03306435288074 477
1739555142941 105.92964392809269 478
1739555142949 105.8263261393451 479
1739555142958 105.7231108843807 480
1739555142966 105.6199980610444 481
1739555142973 105.51698756728301 482
1739555142982 105.41407930114524 483
1739555142989 105.31127316078157 484
1739555142999 105.20856904444416 485
1739555143007 105.10596685048675 486
1739555143015 105.00346647736454 487
1739555143023 104.90106782363412 488
1739555143031 104.79877078795333 489
1739555143039 104.69657526908115 490
1739555143047 104.59448116587771 491
1739555143055 104.49248837730401 492
1739555143063 104.39059680242197 493
1739555143071 104.28880634039426 494
1739555143079 104.18711689048419 495
1739555143087 104.08552835205572 496
1739555143096 103.98404062457315 497
1739555143104 103.88265360760121 498
1739555143112 103.78136720080491 499
