1739557164734 127.22405852019438 0
1739557164774 88.49206743261271 1
1739557164812 102.49817808889736 2
1739557164850 56.313507200427324 3
1739557164889 32.21034587684164 4
1739557164928 36.438968207724756 5
1739557164967 28.31453247316663 6
1739557165006 2.1902661508658903 7
1739557165044 5.3047832554118255 8
1739557165083 39.984461466169954 9
1739557165121 27.119865448038944 10
1739557165160 2.8075422125461778 11
1739557165199 15.08782775264058 12
1739557165239 0.38589706445911515 13
1739557165278 30.12771078930646 14
1739557165316 3.279427118202111 15
1739557165354 0.0584901179740739 16
1739557165393 0.026290365850766627 17
1739557165431 0.9945710762046375 18
1739557165470 13.439973058491132 19
1739557165509 0.18763151782952497 20
1739557165548 5.833754871492671 21
1739557165588 21.210783479470305 22
1739557165626 5.013176566467192 23
1739557165665 0.3653470756289721 24
1739557165704 12.466935540823682 25
1739557165742 3.805734079711298 26
1739557165780 4.247006642117907 27
1739557165820 10.235275366104712 28
1739557165858 9.064143651210868 29
1739557165897 0.573484015911926 30
1739557165964 6.514348314402598 31
1739557166016 0.05589838152599915 32
1739557166060 19.591429181168596 33
1739557166102 8.163241358995231 34
1739557166144 27.850965556478993 35
1739557166186 0.006197359308572396 36
1739557166229 0.34391771539875277 37
1739557166271 6.767584389309934 38
1739557166313 5.686802370738639 39
1739557166356 0.0030473522103189057 40
1739557166396 12.2386208581391 41
1739557166435 50.13904972930275 42
1739557166474 22.466190246145878 43
1739557166512 7.737615603735715 44
1739557166551 13.392709852675583 45
1739557166591 0.008192104653262972 46
1739557166631 26.338134714655233 47
1739557166672 21.033152518682062 48
1739557166711 61.832914606672375 49
1739557166750 0.013129351953697965 50
1739557166788 0.2922826566700839 51
1739557166827 0.03727498565334751 52
1739557166865 7.168805062796271 53
1739557166904 23.236827326167806 54
1739557166942 0.09749957116424071 55
1739557166980 0.013288580022476734 56
1739557167020 2.886470127421665 57
1739557167058 1.0996956795603918 58
1739557167096 1.7662641945702864 59
1739557167135 11.251396588421128 60
1739557167174 2.3987084832045134 61
1739557167212 31.168077301416663 62
1739557167250 17.17077056494789 63
1739557167289 25.157347632246857 64
1739557167328 20.572205498803402 65
1739557167366 5.46770416021913 66
1739557167404 17.59083510167526 67
1739557167444 3.526157488674831 68
1739557167482 20.904696888843397 69
1739557167521 19.174934307447568 70
1739557167560 0.0003446485199513415 71
1739557167598 0.05268851980467899 72
1739557167637 0.05238114649623743 73
1739557167675 8.453884334233809 74
1739557167714 0.0625868880323985 75
1739557167751 0.08171244760924945 76
1739557167788 9.073160784709696 77
1739557167825 2.869221365963996 78
1739557167864 23.014606135390324 79
1739557167901 6.022805052251165 80
1739557167939 4.336755277335755 81
1739557167977 0.7237421636234785 82
1739557168015 38.99856816530672 83
1739557168052 0.03332580406576566 84
1739557168089 2.1567385600925344 85
1739557168126 11.203641291432419 86
1739557168166 0.5474913690305723 87
1739557168203 23.136643907185775 88
1739557168241 8.548405801160952 89
1739557168278 13.178419603488717 90
1739557168316 2.449049879611336 91
1739557168354 1.4228642283280273 92
1739557168392 17.153156808803782 93
1739557168429 14.804567295591992 94
1739557168467 6.318509007209756 95
1739557168505 6.952593245899989 96
1739557168543 63.28241523634306 97
1739557168581 25.976186670093565 98
1739557168618 18.98533520296784 99
1739557168660 12.055306059275807 100
1739557168703 12.477882246030642 101
1739557168748 6.62000746165839 102
1739557168792 17.77223731760512 103
1739557168834 0.15757599765458716 104
1739557168874 3.882097965872917 105
1739557168913 47.59131739578347 106
1739557168952 17.541271228016857 107
1739557168990 28.741258579479272 108
1739557169029 0.331572799437493 109
1739557169068 1.0913620280713578 110
1739557169106 57.89255834325036 111
1739557169146 0.009179207538118801 112
1739557169185 46.60714698990116 113
1739557169223 18.158920906645733 114
1739557169262 2.886878966505696 115
1739557169300 5.287311721027772 116
1739557169339 0.18369538381444125 117
1739557169377 22.471875992567618 118
1739557169416 20.29853754489501 119
1739557169454 43.12796629290646 120
1739557169493 8.324869489692297 121
1739557169531 24.24963132803504 122
1739557169570 0.6760699656137537 123
1739557169608 14.658514241183209 124
1739557169647 49.498468621167966 125
1739557169686 1.3867987726700324 126
1739557169724 7.389649538332417 127
1739557169763 1.7092686086374025 128
1739557169801 0.012697505614993927 129
1739557169840 1.2325254671398 130
1739557169878 4.177349515371325 131
1739557169917 0.038458217452239825 132
1739557169956 1.004501120321818 133
1739557169995 16.82231125824515 134
1739557170033 0.02180189057119214 135
1739557170072 63.7281849459565 136
1739557170110 52.16486892055131 137
1739557170149 3.733887191477614 138
1739557170187 9.789955615818428 139
1739557170225 10.181762890929015 140
1739557170263 4.540915560736404 141
1739557170300 0.4557977153183022 142
1739557170337 4.455776768290404 143
1739557170375 2.355651567297826 144
1739557170413 0.5534751922322724 145
1739557170450 7.848709995926777 146
1739557170488 0.31564214365347143 147
1739557170525 1.3994396348764222 148
1739557170563 8.018986986388592 149
1739557170601 2.687352865025976 150
1739557170639 0.8471970692110156 151
1739557170676 1.0955248944071487 152
1739557170715 9.396194846633879 153
1739557170752 0.7615647232108346 154
1739557170791 4.491367535150671 155
1739557170830 1.0932541611631816 156
1739557170869 6.360553054259472 157
1739557170909 5.374307717220489 158
1739557170948 2.150257149954738 159
1739557170987 1.4223603129595785 160
1739557171026 0.03858154716418169 161
1739557171064 3.087177950740121e-05 162
1739557171103 4.824784788580014 163
1739557171141 3.217038263200968 164
1739557171179 0.009297808377285955 165
1739557171218 14.344505208954738 166
1739557171257 3.354771701651256 167
1739557171296 1.9528484998259383 168
1739557171334 2.557960260926391 169
1739557171371 13.068434943979655 170
1739557171409 11.181908917185844 171
1739557171446 39.42651159728235 172
1739557171484 17.190029947120248 173
1739557171522 12.680540211394865 174
1739557171559 0.9136111894076264 175
1739557171596 20.019494353006582 176
1739557171634 1.7219236687321025 177
1739557171672 2.558975318610886 178
1739557171711 0.019927449624083177 179
1739557171749 14.87268014193866 180
1739557171787 48.23557523393377 181
1739557171826 2.056993294328034 182
1739557171864 3.3523188186911352 183
1739557171903 3.7134569938120454 184
1739557171941 0.9826554427100768 185
1739557171980 11.048836899944966 186
1739557172018 6.336961236017324 187
1739557172057 3.2374260276798545 188
1739557172096 17.561347404330945 189
1739557172136 0.011274624148833512 190
1739557172174 3.2036144754822495 191
1739557172214 0.5698394003239194 192
1739557172254 10.284656676156821 193
1739557172292 6.861360923021849 194
1739557172331 1.7709251963632833 195
1739557172369 1.037266354362053 196
1739557172408 0.7130791809374999 197
1739557172446 16.937985895020383 198
1739557172485 0.9310756494059022 199
1739557172523 0.5680504402242361 200
1739557172560 14.653741205211157 201
1739557172598 26.90236121396694 202
1739557172636 3.15434783862597 203
1739557172673 9.448623000935388 204
1739557172711 1.7458045562968945 205
1739557172750 8.596920135474427 206
1739557172789 25.511813759241363 207
1739557172828 9.612115872217792 208
1739557172865 6.572175738919353 209
1739557172903 5.291058078917387 210
1739557172941 12.136572225441974 211
1739557172980 43.95823665702559 212
1739557173019 17.857508318572556 213
1739557173058 0.012533253727117924 214
1739557173096 0.052642244524822274 215
1739557173135 7.130507633062639 216
1739557173174 0.8508952276643483 217
1739557173212 34.83415985005342 218
1739557173252 3.83986622405828 219
1739557173290 0.00044446409593758567 220
1739557173329 9.354027090256032 221
1739557173367 2.51672894568973 222
1739557173405 8.015649198542572 223
1739557173444 15.658046808012669 224
1739557173481 1.1510912941223503 225
1739557173519 23.581258932528698 226
1739557173557 6.118086354449906 227
1739557173595 1.1277737238346945 228
1739557173632 34.49433470484817 229
1739557173670 35.9487722994022 230
1739557173707 9.969220269812755 231
1739557173746 0.17955642584088907 232
1739557173783 7.919109976620487 233
1739557173822 21.456249717454895 234
1739557173859 34.20987556987275 235
1739557173897 2.022071683963542 236
1739557173934 1.1684902485078237 237
1739557173973 7.5901547061068495 238
1739557174010 4.500671952743638 239
1739557174049 22.93358915479617 240
1739557174087 4.199898019379095 241
1739557174125 0.00015619653321462953 242
1739557174164 0.5795788124051373 243
1739557174201 7.083003684217835 244
1739557174239 43.62119285020987 245
1739557174277 9.634583244745398 246
1739557174314 49.237351821872004 247
1739557174353 0.15781997691531846 248
1739557174391 0.5478181789524044 249
1739557174429 1.0656781977967833 250
1739557174467 0.0007455442213629544 251
1739557174504 6.14594832146886 252
1739557174542 1.2410771745543727 253
1739557174580 8.906015752710589 254
1739557174617 3.2322833650403053 255
1739557174655 0.09705304794298826 256
1739557174694 4.863204519977605 257
1739557174731 2.2715310187623543 258
1739557174770 0.15125112548342137 259
1739557174807 20.398773151936982 260
1739557174845 12.212107415924645 261
1739557174884 7.947960852465645 262
1739557174921 24.474742453481586 263
1739557174960 85.05186056288753 264
1739557174997 2.0256763304001053 265
1739557175034 77.39373350035805 266
1739557175073 52.70830388957659 267
1739557175113 5.149609759836291 268
1739557175151 4.1088859877641815 269
1739557175190 0.027406003863735474 270
1739557175229 0.22266639465944466 271
1739557175268 10.445115329262395 272
1739557175307 8.800444018455364 273
1739557175345 22.435663021267406 274
1739557175384 14.765508637750187 275
1739557175422 10.884575187301593 276
1739557175460 67.20391032551844 277
1739557175499 6.797216631008424 278
1739557175536 25.95735044171242 279
1739557175575 0.46879506414294414 280
1739557175613 2.3927939141939647 281
1739557175650 0.4417855517375442 282
1739557175689 16.368070724600948 283
1739557175726 14.699719971415124 284
1739557175764 1.793811565457206 285
1739557175802 1.0117334634261899 286
1739557175839 14.909141270290561 287
1739557175878 44.68238729172141 288
1739557175915 0.04728984331040887 289
1739557175953 1.539069409751506 290
1739557175991 3.1288032490699416 291
1739557176029 3.5539389037884934 292
1739557176067 2.4284912714105813 293
1739557176105 0.023586598777045553 294
1739557176142 13.969843965337963 295
1739557176180 17.635418807398718 296
1739557176218 8.484367289831594 297
1739557176256 12.662532205086286 298
1739557176294 13.521788607488464 299
1739557176331 19.040398473945356 300
1739557176369 9.581985986011126 301
1739557176407 12.252943045998858 302
1739557176445 0.14519098001112704 303
1739557176484 35.393510508853645 304
1739557176521 5.075282235558049 305
1739557176558 12.521184175222626 306
1739557176596 11.443167989588106 307
1739557176634 1.6383762951721852 308
1739557176672 0.08282552022185444 309
1739557176710 3.8007425212220127 310
1739557176748 7.758500807618778 311
1739557176786 14.849103993520234 312
1739557176824 11.537168694140966 313
1739557176862 7.0258191279472815 314
1739557176900 1.875954247115523 315
1739557176938 0.012152629105595517 316
1739557176975 31.38828123631674 317
1739557177014 16.300286059296425 318
1739557177051 35.51442231697471 319
1739557177088 4.443110634560116 320
1739557177127 10.067143232685103 321
1739557177164 22.61118539913739 322
1739557177202 5.7666846640014295 323
1739557177241 60.67494182659857 324
1739557177281 0.6058411412308881 325
1739557177320 56.14698706503988 326
1739557177358 1.8669627440741605 327
1739557177397 0.8426659351180652 328
1739557177435 11.44164298580766 329
1739557177474 0.09332344603800351 330
1739557177512 16.63900575914409 331
1739557177550 2.049754771048493 332
1739557177589 0.17164224503887926 333
1739557177628 2.307841581346586 334
1739557177667 5.509037306811735 335
1739557177706 14.55065636990339 336
1739557177745 3.5088110391162552 337
1739557177783 1.8603481568948053 338
1739557177822 5.269420232005837 339
1739557177860 0.008075221080769756 340
1739557177899 25.92390873470207 341
1739557177936 0.01633811114848427 342
1739557177974 0.004872310635282281 343
1739557178012 4.455892679653383 344
1739557178050 0.39023537752784904 345
1739557178087 1.5494425964969996 346
1739557178126 60.533044185300255 347
1739557178167 4.980686427689517 348
1739557178207 11.430568786151095 349
1739557178246 7.8087779294852755 350
1739557178284 16.561183397334606 351
1739557178323 14.431145954624926 352
1739557178361 38.0312686946142 353
1739557178400 8.490737585578556 354
1739557178439 1.3950109477822077 355
1739557178477 14.650739835551803 356
1739557178515 58.28451908026307 357
1739557178554 11.766887799885463 358
1739557178592 2.6441968594521112 359
1739557178631 12.147261849096251 360
1739557178669 16.683634494558806 361
1739557178708 18.18466012504498 362
1739557178746 3.7015278858734124 363
1739557178785 6.0349123081360645 364
1739557178823 5.079994157471436 365
1739557178862 16.350959292859322 366
1739557178901 0.6694029348870709 367
1739557178939 2.119024599163672 368
1739557178978 5.2470839704644705 369
1739557179016 0.005847853857602578 370
1739557179054 7.894170537566694 371
1739557179091 10.390978507545036 372
1739557179130 7.471030892150565 373
1739557179168 8.528126538621114 374
1739557179205 13.99958089652822 375
1739557179243 0.8188143942745001 376
1739557179281 1.149356242873453 377
1739557179319 5.56785332718163 378
1739557179358 1.2692483234728071 379
1739557179397 0.06838260448515243 380
1739557179436 16.393192001591373 381
1739557179475 3.0823977542295453 382
1739557179514 5.104096126270573 383
1739557179552 1.6630106976079724 384
1739557179591 103.18805778487807 385
1739557179629 0.006851751696724444 386
1739557179668 6.249862274050681 387
1739557179706 1.415630708999622 388
1739557179744 15.851617507493035 389
1739557179783 7.737877437959551 390
1739557179821 6.926746288711884 391
1739557179860 5.3572307297639705 392
1739557179898 4.060571279549129 393
1739557179935 34.75231577063669 394
1739557179974 20.83415700389046 395
1739557180011 10.045414380177421 396
1739557180049 28.959100183753474 397
1739557180088 0.6985647611593736 398
1739557180125 1.5011755007005299 399
1739557180164 47.98576583698075 400
1739557180202 67.37090764531085 401
1739557180240 0.047478189417708844 402
1739557180279 24.89024413592185 403
1739557180316 4.514425695556421 404
1739557180354 2.7811060833348145 405
1739557180392 0.7163043065412806 406
1739557180429 25.71137586467492 407
1739557180467 12.212830215204711 408
1739557180506 0.33488321663548953 409
1739557180544 0.9010927439306586 410
1739557180582 7.388896265399588 411
1739557180620 16.169320649993097 412
1739557180658 0.00031324216673439846 413
1739557180696 10.550305063052232 414
1739557180734 2.9133750952034814 415
1739557180773 0.45528555712427715 416
1739557180810 0.03540442209315036 417
1739557180849 6.730781324291695 418
1739557180887 7.108462374537348 419
1739557180925 7.039744323650205 420
1739557180963 11.049285626344398 421
1739557181003 6.447600946865016 422
1739557181042 22.324937519638656 423
1739557181081 35.9013266011382 424
1739557181120 7.5162795407788465 425
1739557181158 8.456677596415624 426
1739557181197 0.009559841926692613 427
1739557181236 13.569751190592543 428
1739557181275 3.8996692500570718 429
1739557181313 0.9840314765654985 430
1739557181351 0.7812678060792839 431
1739557181391 3.212166209566954 432
1739557181429 11.638484560625072 433
1739557181468 12.577950114353717 434
1739557181508 1.2175835251937888 435
1739557181547 4.465012537703637 436
1739557181587 5.97326502967373 437
1739557181626 5.960044547233248 438
1739557181664 5.299859666711253 439
1739557181703 2.091103937408953 440
1739557181741 4.091470567308651 441
1739557181780 0.9022336599551887 442
1739557181819 15.32100264240556 443
1739557181857 15.73059632572254 444
1739557181896 16.214964759249728 445
1739557181934 0.00029709532827888697 446
1739557181971 1.0295825463643993 447
1739557182009 4.971820752315234 448
1739557182047 34.332194719730516 449
1739557182085 0.06462536456648849 450
1739557182122 5.354816991966547 451
1739557182159 40.494613347934695 452
1739557182198 14.485277591584932 453
1739557182235 4.132696495962447 454
1739557182274 7.095381736340581 455
1739557182312 15.596267039982393 456
1739557182351 0.031671490390814266 457
1739557182388 0.22521604733796582 458
1739557182426 38.20391073655287 459
1739557182464 8.40673184684156 460
1739557182502 5.068911039221866 461
1739557182540 6.5571477558270725 462
1739557182577 0.04742662132690177 463
1739557182615 51.36056441888377 464
1739557182652 83.29286472696721 465
1739557182690 1.6536777755003667 466
1739557182728 2.7625667901287025 467
1739557182765 28.76488024533402 468
1739557182804 15.549483943329914 469
1739557182842 0.05904622932810958 470
1739557182879 9.814303162355602 471
1739557182917 6.751967753792762 472
1739557182955 0.04936074269003251 473
1739557182993 2.2876024697668274 474
1739557183031 27.08691715335495 475
1739557183069 11.356423429810452 476
1739557183107 5.274967359632515 477
1739557183145 10.421168314308115 478
1739557183182 38.3929799561266 479
1739557183221 2.381399426092116 480
1739557183259 52.13724999870132 481
1739557183297 0.015173509431626092 482
1739557183337 1.4598537602828199 483
1739557183375 0.10072366604164458 484
1739557183414 0.6547455613231359 485
1739557183451 0.13279351402998182 486
1739557183489 8.060526764856824 487
1739557183527 0.2076954912813897 488
1739557183566 13.53532791175208 489
1739557183606 0.36229804160609114 490
1739557183645 32.70211702451114 491
1739557183685 0.7255046204636542 492
1739557183725 27.760321150599317 493
1739557183764 5.210667668979633 494
1739557183803 14.946531837993525 495
1739557183842 47.29272725908962 496
1739557183881 13.980857139005357 497
1739557183922 1.2374377563158043 498
1739557183962 0.21429644110157678 499
