1739557667462 161.78202250774908 0
1739557667471 151.10706948500842 1
1739557667480 140.54773555892646 2
1739557667489 135.77887447335954 3
1739557667499 129.7500061399579 4
1739557667508 119.0176792701608 5
1739557667517 114.6686322266487 6
1739557667525 107.93116751409066 7
1739557667534 101.98924254387956 8
1739557667542 95.79628780814014 9
1739557667551 88.47589799269737 10
1739557667559 88.38056596810932 11
1739557667568 79.53469210411842 12
1739557667577 76.30792053124019 13
1739557667585 73.39784263358457 14
1739557667593 76.08987034436011 15
1739557667602 59.491124739277794 16
1739557667610 62.71340127419672 17
1739557667619 60.00175922263422 18
1739557667627 57.20667622187231 19
1739557667635 51.198526525877796 20
1739557667644 51.1858942841543 21
1739557667654 48.7185672789741 22
1739557667662 38.433875527743226 23
1739557667671 48.000728643103756 24
1739557667680 44.84474929092693 25
1739557667689 38.294487250663295 26
1739557667697 40.83596667062806 27
1739557667706 37.27725923741462 28
1739557667714 42.09723404181329 29
1739557667722 36.07048750126331 30
1739557667731 42.89154246389154 31
1739557667739 28.219619831005833 32
1739557667747 27.744239536137865 33
1739557667756 25.63722675786247 34
1739557667764 23.585259898521464 35
1739557667772 29.501741353444647 36
1739557667781 28.491417013001772 37
1739557667789 26.460155912652112 38
1739557667798 29.24172827359448 39
1739557667807 26.192925326810833 40
1739557667816 27.99759538341546 41
1739557667824 22.54834152225539 42
1739557667832 17.820821787117506 43
1739557667841 19.318938888740995 44
1739557667849 14.525368891231812 45
1739557667857 21.27208656936714 46
1739557667867 24.21907003337661 47
1739557667876 21.961711090368418 48
1739557667885 26.106773748990012 49
1739557667893 15.112222737393711 50
1739557667902 12.379899675707886 51
1739557667910 19.11898015839997 52
1739557667919 17.6568693411112 53
1739557667927 19.452847112119294 54
1739557667935 18.873853489027386 55
1739557667944 11.488464282461203 56
1739557667953 18.318343661635062 57
1739557667961 14.904232723633687 58
1739557667969 18.94620957502337 59
1739557667978 15.137517882739772 60
1739557667986 14.265768004939975 61
1739557667995 20.704206468820463 62
1739557668004 22.189561049691566 63
1739557668012 14.413355005187158 64
1739557668021 16.500587190371423 65
1739557668030 13.462321589869537 66
1739557668039 16.266379998882186 67
1739557668047 15.48034692545859 68
1739557668056 13.423476294395574 69
1739557668064 14.452827717599565 70
1739557668073 13.098569818591233 71
1739557668081 15.468682287695824 72
1739557668090 15.951855352759733 73
1739557668098 13.319995360974147 74
1739557668107 14.950063204190373 75
1739557668115 10.350377942676625 76
1739557668124 12.91398826030945 77
1739557668133 12.826316030956217 78
1739557668141 8.936835941166803 79
1739557668149 14.539445881604415 80
1739557668158 10.99648464014207 81
1739557668166 14.967997064202564 82
1739557668175 13.449428682079821 83
1739557668183 12.53692816651009 84
1739557668192 13.783694074409642 85
1739557668201 11.567560870250391 86
1739557668210 13.244328690207459 87
1739557668218 13.17659182355834 88
1739557668227 15.133129841441013 89
1739557668235 15.811135599936627 90
1739557668244 12.041316113511224 91
1739557668252 11.229615246578328 92
1739557668260 15.109370628322589 93
1739557668269 16.97830615286102 94
1739557668277 11.214156016226763 95
1739557668285 10.607943513427255 96
1739557668294 17.089194389632258 97
1739557668302 15.354055795893292 98
1739557668311 18.192003402291814 99
1739557668319 11.649217570977342 100
1739557668328 10.305818743658312 101
1739557668337 12.739237727534823 102
1739557668345 13.46517973445837 103
1739557668354 12.747907622562986 104
1739557668364 11.115333321295562 105
1739557668373 11.892229278290516 106
1739557668381 14.955852407651259 107
1739557668390 12.870212844335947 108
1739557668399 13.1275930282983 109
1739557668407 11.244325219197727 110
1739557668416 12.138361780507083 111
1739557668424 12.779219963471595 112
1739557668433 12.013352983487938 113
1739557668441 11.38839366930702 114
1739557668450 14.226120188058784 115
1739557668458 14.508811087721648 116
1739557668466 14.642713703024514 117
1739557668475 12.98956749657041 118
1739557668483 7.982668208037122 119
1739557668491 14.770355020371124 120
1739557668500 14.295915009366013 121
1739557668508 11.916026306271034 122
1739557668517 11.914265000677288 123
1739557668525 9.811690576794602 124
1739557668533 11.952211808510993 125
1739557668542 12.702949799382694 126
1739557668551 14.289262571783084 127
1739557668559 13.531975924672501 128
1739557668567 13.03092319677457 129
1739557668576 10.306775734941183 130
1739557668585 10.849627332033425 131
1739557668593 9.006413078572162 132
1739557668601 15.272601875585275 133
1739557668610 12.964062533185142 134
1739557668618 16.427370700795468 135
1739557668627 14.096678574171198 136
1739557668636 10.246631611865443 137
1739557668644 15.549884242759175 138
1739557668653 15.267241997337788 139
1739557668662 13.997421512632506 140
1739557668672 10.302467908798814 141
1739557668709 14.217062748434268 142
1739557668727 11.788835359139895 143
1739557668737 10.04912640699468 144
1739557668746 9.06404628500494 145
1739557668755 14.13005286132827 146
1739557668764 13.32436565939573 147
1739557668773 15.712943753199879 148
1739557668783 10.329322734497147 149
1739557668792 16.751212881938073 150
1739557668802 13.938125946343131 151
1739557668812 11.452227097404785 152
1739557668821 12.752418925691142 153
1739557668830 8.963279378003852 154
1739557668839 13.507993797489101 155
1739557668849 8.55609954333303 156
1739557668858 9.825374706393845 157
1739557668867 10.70887473622859 158
1739557668876 12.37047009500029 159
1739557668888 14.243416037541357 160
1739557668898 16.27495415645327 161
1739557668908 8.947204402537572 162
1739557668917 13.546327925814039 163
1739557668926 12.652656531335195 164
1739557668935 15.399929432082002 165
1739557668944 11.10566357215222 166
1739557668953 10.59582610820579 167
1739557668962 18.1876616530615 168
1739557668971 12.82488721320225 169
1739557668980 7.878196045109398 170
1739557668989 13.501874720400654 171
1739557668998 12.010892993473401 172
1739557669006 12.359632821060506 173
1739557669015 13.038760190971384 174
1739557669024 11.726776927220392 175
1739557669032 12.565458022585357 176
1739557669041 8.918666446065371 177
1739557669050 14.04638756314037 178
1739557669058 10.52429043386366 179
1739557669067 16.879813347339567 180
1739557669076 14.442489929849266 181
1739557669085 10.026512374535706 182
1739557669094 13.941305071112373 183
1739557669102 10.901216811592302 184
1739557669111 13.125369400718139 185
1739557669120 12.607308194731173 186
1739557669129 9.06642151975945 187
1739557669137 10.763391322907973 188
1739557669146 14.131311251477554 189
1739557669155 15.51993229058645 190
1739557669163 10.699834322416512 191
1739557669172 12.731150891219274 192
1739557669181 12.424807108653997 193
1739557669189 12.441694181039965 194
1739557669198 8.23231735474208 195
1739557669207 6.537046513939382 196
1739557669216 10.465879458859678 197
1739557669224 16.720747929027993 198
1739557669233 15.032821231965794 199
1739557669242 13.335791936532809 200
1739557669251 7.08260795280507 201
1739557669260 13.821343151779907 202
1739557669269 8.603007462783978 203
1739557669277 12.574971544489397 204
1739557669286 16.866803128379843 205
1739557669294 8.00787596539056 206
1739557669303 15.179331609723533 207
1739557669311 13.416044274519361 208
1739557669320 10.038126295227169 209
1739557669329 10.407223959851711 210
1739557669337 13.391418704423536 211
1739557669345 13.372801645161058 212
1739557669353 11.805938678458158 213
1739557669362 12.758323953242629 214
1739557669370 10.850761553245999 215
1739557669379 14.945297953219415 216
1739557669387 13.07118264633178 217
1739557669395 12.141083135109492 218
1739557669404 12.865265116210058 219
1739557669412 11.75645202416264 220
1739557669421 9.723621926458918 221
1739557669429 12.388993251663539 222
1739557669438 16.701226159881266 223
1739557669446 9.972070704809713 224
1739557669454 13.75719337416443 225
1739557669462 10.482552586002097 226
1739557669471 12.187623138754773 227
1739557669479 12.652599803666664 228
1739557669487 8.246161997516882 229
1739557669496 10.334977536008328 230
1739557669504 13.428455651251452 231
1739557669513 8.637959212338705 232
1739557669521 11.748588836125263 233
1739557669530 13.41138605314648 234
1739557669538 15.597422188828089 235
1739557669547 17.945058903107967 236
1739557669556 14.348261575215346 237
1739557669564 11.695540537661842 238
1739557669573 10.916875029632513 239
1739557669581 10.506701508669078 240
1739557669590 13.347871099668776 241
1739557669598 12.937351828252398 242
1739557669606 9.757677878786705 243
1739557669616 13.380293271319243 244
1739557669624 13.78536083613407 245
1739557669633 7.538965694400028 246
1739557669641 14.784176787471601 247
1739557669650 9.446744118020996 248
1739557669658 11.821391781583383 249
1739557669666 10.410031034553674 250
1739557669675 7.823467637538115 251
1739557669683 12.002590800340485 252
1739557669691 9.820959518574428 253
1739557669700 12.957059282010755 254
1739557669709 9.507602357376399 255
1739557669717 12.868094407669078 256
1739557669726 13.899773834842044 257
1739557669734 9.2005363334948 258
1739557669742 9.388138046853594 259
1739557669751 9.054944640787634 260
1739557669759 11.81608340627845 261
1739557669768 13.155239135614432 262
1739557669777 13.890609907408612 263
1739557669786 11.109853049768512 264
1739557669794 10.313398672055095 265
1739557669806 10.246320247046503 266
1739557669814 10.022539414784621 267
1739557669822 8.80630046766422 268
1739557669830 12.840407871183194 269
1739557669839 12.89926085142907 270
1739557669847 14.080721193847252 271
1739557669855 11.29045848163899 272
1739557669864 11.461516577644577 273
1739557669873 7.018114691116447 274
1739557669882 14.71269576431952 275
1739557669891 10.016217115206663 276
1739557669900 15.799400547622373 277
1739557669909 9.836986497458987 278
1739557669918 13.280476809481916 279
1739557669926 11.227925441797474 280
1739557669934 13.091848438924671 281
1739557669943 14.587122610669818 282
1739557669952 11.451867731888802 283
1739557669961 9.465254770454077 284
1739557669970 15.345906431619907 285
1739557669978 10.047824170902688 286
1739557669986 13.979307172445512 287
1739557669994 10.59554130527601 288
1739557670003 9.7361975174965 289
1739557670011 8.610148908135752 290
1739557670019 9.097036329999279 291
1739557670028 10.005238028200333 292
1739557670037 11.174621586700976 293
1739557670045 13.393167452645809 294
1739557670053 9.937757427023023 295
1739557670062 10.382129741413722 296
1739557670070 14.352530760369245 297
1739557670079 13.03025537155225 298
1739557670087 15.429601196635607 299
1739557670096 14.179273858658242 300
1739557670105 14.182051033466484 301
1739557670113 11.519539287785816 302
1739557670121 10.701458933417946 303
1739557670130 13.385424919382993 304
1739557670139 12.136180602957285 305
1739557670147 13.061578811388872 306
1739557670156 12.985793062798596 307
1739557670164 16.15971088241275 308
1739557670173 15.887338455808246 309
1739557670181 8.33451551355694 310
1739557670190 16.487048129295463 311
1739557670198 12.225219227633204 312
1739557670207 13.392374139272864 313
1739557670215 10.514374317309818 314
1739557670223 10.642400975953572 315
1739557670232 11.309505256505025 316
1739557670240 12.830252356060063 317
1739557670248 11.264550080603351 318
1739557670257 12.941781632404695 319
1739557670265 19.125838801967248 320
1739557670274 13.228593251657431 321
1739557670282 13.622170928759948 322
1739557670291 14.718675465850321 323
1739557670299 12.425170405162174 324
1739557670307 9.728343491805006 325
1739557670316 7.7357917386088335 326
1739557670324 16.50997388375375 327
1739557670332 12.84943546588855 328
1739557670341 16.022739252728755 329
1739557670349 11.015823728091048 330
1739557670358 12.633096811159831 331
1739557670366 13.392817004828341 332
1739557670374 12.764733880560383 333
1739557670383 14.46633930534933 334
1739557670392 12.64398495102505 335
1739557670400 13.503654489559139 336
1739557670409 11.820076389225639 337
1739557670417 14.018308743402535 338
1739557670426 15.55645552698248 339
1739557670435 12.312383924686824 340
1739557670443 10.3475241628102 341
1739557670452 10.887502178214477 342
1739557670460 11.380239217648347 343
1739557670469 16.553657791848718 344
1739557670477 16.16749733052079 345
1739557670486 14.903168987224099 346
1739557670494 11.611311603330922 347
1739557670503 10.071813746176517 348
1739557670511 9.39225610605314 349
1739557670520 10.751239671037267 350
1739557670529 13.718232443714987 351
1739557670537 11.008452836469932 352
1739557670545 13.207446983786122 353
1739557670554 12.726784684772321 354
1739557670562 8.483177977972046 355
1739557670571 8.866983587028745 356
1739557670579 11.35145659819982 357
1739557670587 11.580005104830049 358
1739557670596 16.9264833754067 359
1739557670604 16.895299454474475 360
1739557670613 13.643376673410943 361
1739557670622 15.128506616968613 362
1739557670631 11.506772077476386 363
1739557670639 11.453753798753963 364
1739557670647 12.96234651462587 365
1739557670656 12.589509578947979 366
1739557670664 11.17585921822994 367
1739557670673 13.117211018899342 368
1739557670681 8.883809052757728 369
1739557670690 10.506971433749783 370
1739557670699 11.02946976881603 371
1739557670707 14.131053726989913 372
1739557670715 14.611787569980644 373
1739557670724 15.879569647380986 374
1739557670732 9.359222547654234 375
1739557670740 12.748406108616747 376
1739557670749 10.941130313354934 377
1739557670757 16.032106632056973 378
1739557670766 15.656067458736887 379
1739557670775 9.703662878835804 380
1739557670783 12.893267583293447 381
1739557670791 14.17851927925438 382
1739557670800 14.438596126566766 383
1739557670810 10.243147375635404 384
1739557670819 15.67739422360939 385
1739557670827 13.997672973594566 386
1739557670836 11.964522838906426 387
1739557670845 12.568272858489575 388
1739557670853 12.729425185331875 389
1739557670862 13.4034007114676 390
1739557670870 13.568770533165232 391
1739557670878 12.506264224781876 392
1739557670888 13.327962227315886 393
1739557670896 12.054114639766398 394
1739557670905 9.325903850480639 395
1739557670913 13.777109612276606 396
1739557670922 10.817898722922532 397
1739557670930 15.29507821773263 398
1739557670939 15.24852166107102 399
1739557670947 8.364857928838424 400
1739557670955 7.185625371402983 401
1739557670964 15.802734416226224 402
1739557670973 10.196426065804943 403
1739557670981 16.449273394134927 404
1739557670989 12.108365819742321 405
1739557670998 10.780846769979188 406
1739557671009 16.711371881938838 407
1739557671018 14.125628481820451 408
1739557671027 12.99063058192925 409
1739557671036 11.138658464139048 410
1739557671045 13.014425593801858 411
1739557671054 9.552636792949803 412
1739557671062 13.348946821692223 413
1739557671071 15.572203295201064 414
1739557671080 13.175048963598977 415
1739557671089 7.783883736591486 416
1739557671098 14.328385965503045 417
1739557671107 13.036623191188028 418
1739557671116 8.857215877872127 419
1739557671125 12.349761060238878 420
1739557671134 12.931547811000941 421
1739557671143 9.18409969674173 422
1739557671152 12.190518949331414 423
1739557671161 15.012926958784869 424
1739557671169 12.213379194676893 425
1739557671178 12.606112362237532 426
1739557671186 12.469292705747309 427
1739557671195 12.34650023548055 428
1739557671203 11.496525854294445 429
1739557671211 8.389964460642343 430
1739557671220 11.276356651812813 431
1739557671229 10.71244879843956 432
1739557671237 14.645283654100847 433
1739557671245 15.30687239172737 434
1739557671254 10.865345316129158 435
1739557671263 15.599370902107069 436
1739557671271 13.142297329145102 437
1739557671280 11.42482310505201 438
1739557671288 16.254767735697918 439
1739557671297 14.597943712229272 440
1739557671306 8.26849998081636 441
1739557671315 13.320812155369694 442
1739557671323 16.129006851773312 443
1739557671331 12.94994424023848 444
1739557671339 16.503687259085076 445
1739557671348 8.053726977490898 446
1739557671356 12.616458411248015 447
1739557671365 12.234220095316335 448
1739557671373 14.530863227001817 449
1739557671382 14.346919437843328 450
1739557671391 13.200438006877471 451
1739557671400 10.388936111864682 452
1739557671409 9.201341690479259 453
1739557671417 12.466671797160107 454
1739557671426 13.948372905526305 455
1739557671434 11.075296450394553 456
1739557671442 14.627448428718198 457
1739557671451 14.539282649650318 458
1739557671459 9.139069496657013 459
1739557671467 11.799747672432698 460
1739557671475 10.488239977732169 461
1739557671484 14.738282270321713 462
1739557671492 14.824706564616127 463
1739557671500 11.147871871272539 464
1739557671509 10.428353116731836 465
1739557671517 10.729170460147667 466
1739557671525 10.213404161489692 467
1739557671534 10.02162229000253 468
1739557671542 10.505673427130182 469
1739557671550 11.180102776050138 470
1739557671559 12.256707441598916 471
1739557671568 11.22431671069012 472
1739557671576 15.797628253269396 473
1739557671585 14.381753309024008 474
1739557671593 15.664246845080497 475
1739557671601 12.283692528628151 476
1739557671609 12.556863522483685 477
1739557671618 12.09422193101124 478
1739557671626 11.353387394806337 479
1739557671635 13.61185117509299 480
1739557671643 10.260714197837364 481
1739557671651 13.037765611831256 482
1739557671660 9.966305743556935 483
1739557671669 11.563800385331898 484
1739557671677 12.125116498365317 485
1739557671685 15.998230096747054 486
1739557671693 13.976809899919633 487
1739557671702 14.751372422747577 488
1739557671711 6.892989789349344 489
1739557671719 12.110838758985809 490
1739557671727 10.725218567597874 491
1739557671736 6.696450420297969 492
1739557671744 8.881654761155787 493
1739557671752 9.270808065502973 494
1739557671761 11.247042311908837 495
1739557671769 11.614489690569776 496
1739557671777 13.491154654709794 497
1739557671786 10.284442303603399 498
1739557671794 12.244054100578731 499
