1739555646201 1.6611500791093958 0
1739555646242 0.7152213277015296 1
1739555646283 0.24763057029893454 2
1739555646323 0.00019675478120496218 3
1739555646364 0.20405895499763732 4
1739555646407 1.5976344854888766e-05 5
1739555646450 4.67449537606729 6
1739555646493 0.35287103918696716 7
1739555646534 15.439572945621101 8
1739555646608 2.23672607807907 9
1739555646655 2.0782746874991154 10
1739555646699 0.1019758782837394 11
1739555646743 0.09751376914617774 12
1739555646787 0.345716044635534 13
1739555646829 0.0006443120385903276 14
1739555646872 0.32391435207576896 15
1739555646915 0.012420525160420333 16
1739555646958 0.32458100225895575 17
1739555647002 0.3316431150145945 18
1739555647045 1.2113616777065712 19
1739555647089 0.5760579361299798 20
1739555647132 0.00014729892505027797 21
1739555647175 0.008099488246534326 22
1739555647219 0.03810450199872993 23
1739555647262 0.5846815392902005 24
1739555647305 0.6069124889606966 25
1739555647349 0.42063361373843106 26
1739555647393 0.1277999076226678 27
1739555647443 0.1296155542135168 28
1739555647491 4.123650655992709 29
1739555647539 0.32605278020716555 30
1739555647586 0.24661211844734265 31
1739555647630 0.04460614931998323 32
1739555647672 2.489898134889997 33
1739555647715 15.558247564105661 34
1739555647758 0.8698495637154476 35
1739555647801 0.13342274048262626 36
1739555647845 0.0010142388125051337 37
1739555647888 0.10548641121476153 38
1739555647933 1.7014904234550383 39
1739555647978 0.00017158169744649506 40
1739555648024 4.927534085037246 41
1739555648068 0.6735259402060652 42
1739555648140 0.012208386390905082 43
1739555648187 0.026977497804217144 44
1739555648235 0.4199326266859641 45
1739555648281 1.868273549344169 46
1739555648328 1.1079195990935073 47
1739555648374 21.58560973318618 48
1739555648421 0.26260496799429184 49
1739555648464 1.8873252244784426 50
1739555648507 1.9597506872099337 51
1739555648550 0.01544478073979871 52
1739555648593 2.012971440042321 53
1739555648636 2.775783947135034 54
1739555648680 5.798678463401347 55
1739555648723 1.2310320920542421 56
1739555648766 0.013559561909632305 57
1739555648809 0.004976443477473709 58
1739555648852 2.1967469763294223 59
1739555648895 3.2472588449659288 60
1739555648938 4.390250721188096 61
1739555648980 0.5332548744350599 62
1739555649023 0.5468208691570082 63
1739555649066 0.13036232398517092 64
1739555649109 1.7849259973650433 65
1739555649152 1.1331367602182978 66
1739555649195 2.6061569862401437 67
1739555649238 1.8989377603955688 68
1739555649282 0.011760473265813793 69
1739555649324 2.331188107615824 70
1739555649370 0.10102572007029953 71
1739555649417 0.15700005441570566 72
1739555649464 0.7839213128167518 73
1739555649510 0.5534982635452909 74
1739555649557 1.2098602453706346 75
1739555649604 0.22762172329169247 76
1739555649649 0.013136141840255022 77
1739555649692 0.10325227797987478 78
1739555649735 1.0940945878689932 79
1739555649778 0.04410153495953369 80
1739555649822 1.511514173095927 81
1739555649866 0.6935317532836343 82
1739555649909 0.00514930836472357 83
1739555649952 0.09143755173177487 84
1739555649995 2.7848986174171695 85
1739555650038 9.938630393498257e-05 86
1739555650082 1.205771619378807 87
1739555650126 0.6240634108777833 88
1739555650169 0.11418208942065258 89
1739555650212 0.5012531196311679 90
1739555650255 10.1414156819598 91
1739555650299 0.2836893385927851 92
1739555650341 0.3620367782981214 93
1739555650385 0.14003185250974526 94
1739555650427 4.80322273575723 95
1739555650471 0.600259051566917 96
1739555650514 0.15739970807349388 97
1739555650557 2.392160890040652 98
1739555650599 0.6508723025839769 99
1739555650640 1.8022092983424172 100
1739555650681 0.4419763165426739 101
1739555650723 5.169489156784876 102
1739555650765 0.4270581407653859 103
1739555650806 0.4736341443729817 104
1739555650849 1.033850438349581 105
1739555650890 4.161776554833749 106
1739555650931 0.31110738602218335 107
1739555650974 1.3993937706163744 108
1739555651015 3.2178014467787133 109
1739555651057 0.9246540992849925 110
1739555651099 3.857665121396458 111
1739555651140 3.439022656875117 112
1739555651183 0.177391901083328 113
1739555651224 0.741278106402718 114
1739555651265 0.3586132672837294 115
1739555651307 4.681490251833954 116
1739555651348 0.051514054448191335 117
1739555651390 0.13063548533908254 118
1739555651432 1.1370328597339823 119
1739555651475 0.3428725866107979 120
1739555651515 0.02029178163946647 121
1739555651557 3.083634881589726 122
1739555651647 3.124869341255377 123
1739555651687 0.25438058934225216 124
1739555651727 1.5918236585560006 125
1739555651768 1.571574433256731 126
1739555651810 3.941152796144907 127
1739555651851 0.39158129443087597 128
1739555651894 4.032107412871964 129
1739555651935 1.8544798386841443 130
1739555651977 0.26969411756008266 131
1739555652019 0.4552603595209235 132
1739555652061 0.4963138843063777 133
1739555652105 0.16292690718705355 134
1739555652147 0.487021256816445 135
1739555652191 0.7525671459698544 136
1739555652235 0.5738819271113899 137
1739555652279 3.6880114542512326 138
1739555652324 4.579103714728509 139
1739555652367 0.07345547813431491 140
1739555652410 0.005061756666475659 141
1739555652452 0.0015000865148369848 142
1739555652494 0.12435553388266465 143
1739555652535 3.4459229602321075 144
1739555652577 2.90313116325124 145
1739555652619 0.26808351640521205 146
1739555652660 1.297369131470404 147
1739555652702 8.110934521875977 148
1739555652744 0.3174607728352183 149
1739555652786 0.23834319534556977 150
1739555652829 0.9601530191915664 151
1739555652872 3.9030042549988386 152
1739555652914 0.05084025345569602 153
1739555652957 1.3738359438827277 154
1739555653001 0.5648704739015328 155
1739555653044 3.311740371866693 156
1739555653088 1.4057807855152045 157
1739555653132 0.10199842183397785 158
1739555653175 0.02553277792070512 159
1739555653219 0.5903034563919229 160
1739555653262 6.065236190999257 161
1739555653307 1.7422575330645098 162
1739555653351 0.45894519697439673 163
1739555653394 0.024578102755229685 164
1739555653438 0.4382995701894278 165
1739555653482 0.36144042026744067 166
1739555653533 0.003325304269916774 167
1739555653588 0.4453400495433965 168
1739555653642 0.11476405705840399 169
1739555653689 2.648126762755108 170
1739555653736 0.23379735980605246 171
1739555653783 0.050186898528018824 172
1739555653834 1.3180891646951511 173
1739555653881 0.0114177604627441 174
1739555653927 0.3373457992585945 175
1739555653974 0.34732891312994957 176
1739555654020 3.1281880683155423 177
1739555654067 0.9945859492540602 178
1739555654114 1.3220091255958022 179
1739555654162 3.31134109444471 180
1739555654211 1.102165296514758 181
1739555654261 5.270623407565464 182
1739555654311 0.593812141014563 183
1739555654363 0.013723813862081028 184
1739555654414 0.8307629022963979 185
1739555654463 4.455618171090232 186
1739555654510 0.005956331352664494 187
1739555654557 1.8116646919178796 188
1739555654603 0.0758645980749607 189
1739555654649 3.472862578184875 190
1739555654696 0.0004122684849489275 191
1739555654742 0.5207890826155654 192
1739555654788 0.22583708924085438 193
1739555654835 0.0026191904263455686 194
1739555654882 4.421213632046458 195
1739555654928 0.9690220704086259 196
1739555654975 1.4946435496948802 197
1739555655021 11.91046426352763 198
1739555655068 2.627404367580952 199
1739555655114 0.2373985425795391 200
1739555655159 0.4997840043405637 201
1739555655202 0.0012088424083376212 202
1739555655246 1.9188630013480097 203
1739555655291 0.0014206289471876338 204
1739555655337 0.5688373969668727 205
1739555655380 1.2123310540918864 206
1739555655425 0.8079028704814265 207
1739555655470 1.4443879468683467 208
1739555655514 3.6076697334637027 209
1739555655560 0.34073207306312314 210
1739555655604 0.08285220108488926 211
1739555655649 2.6073513621285738 212
1739555655695 14.584932908064335 213
1739555655739 1.9620011444255565 214
1739555655785 3.12729481495649 215
1739555655829 0.02988864313673657 216
1739555655874 0.18027302282644758 217
1739555655919 0.012015888709725942 218
1739555655964 0.36299181894957033 219
1739555656008 0.13183768252029296 220
1739555656053 0.009088018192356403 221
1739555656098 0.13393608185821046 222
1739555656142 0.6576389756918294 223
1739555656186 5.950324316550466 224
1739555656229 0.07427900474801637 225
1739555656274 0.0813891391698648 226
1739555656318 1.6661860075922965 227
1739555656364 1.052132257228153 228
1739555656408 0.36420890528806676 229
1739555656456 14.513622435000014 230
1739555656503 7.258792818712125e-06 231
1739555656550 0.010236767801043952 232
1739555656597 1.1805995262003082 233
1739555656643 0.1766580493599464 234
1739555656690 0.3165569899536627 235
1739555656734 0.12146205445199956 236
1739555656779 1.3055652002852538 237
1739555656824 0.8377317735770796 238
1739555656869 1.0230758785296628 239
1739555656913 0.16170961325078972 240
1739555656958 0.09765573364578149 241
1739555657004 0.04131548491688691 242
1739555657047 1.1252697332815083 243
1739555657093 0.006295557342267458 244
1739555657138 1.689391586218557 245
1739555657183 4.2849279210859805 246
1739555657227 1.2587644229640924 247
1739555657272 1.3098017505736115 248
1739555657315 0.026679312044606524 249
1739555657361 0.5838073845968893 250
1739555657405 0.7676903455740895 251
1739555657450 1.1906828959611497 252
1739555657496 1.7564035321091822 253
1739555657540 3.8043101428986708 254
1739555657585 1.9965964727907846 255
1739555657630 5.361346976519064 256
1739555657675 0.9264379096612593 257
1739555657720 1.009562888584097 258
1739555657764 1.1136928084662165 259
1739555657809 0.08106393088341637 260
1739555657854 0.6734864936435255 261
1739555657899 2.010124570818529 262
1739555657944 0.7589870945450741 263
1739555657989 0.02789036421493713 264
1739555658033 0.32672423368249887 265
1739555658077 0.34837174484621025 266
1739555658121 1.272656196250578 267
1739555658166 3.310569596645665 268
1739555658211 0.0008321894011360941 269
1739555658255 0.08610456916350663 270
1739555658300 0.024340391589136885 271
1739555658345 0.22286271965229373 272
1739555658391 0.7966049756261699 273
1739555658435 0.0011914260189682209 274
1739555658479 0.17372684535166624 275
1739555658523 0.3746685886776001 276
1739555658570 0.09161010645688726 277
1739555658617 1.7228360394951552 278
1739555658664 0.5227026045494827 279
1739555658710 0.037270390221728185 280
1739555658754 0.7127135922387972 281
1739555658798 0.5010437852421025 282
1739555658842 0.021312607788986863 283
1739555658885 0.12040317433699721 284
1739555658930 0.0029542105042663002 285
1739555658973 0.17950126880775916 286
1739555659018 1.9530285685539757 287
1739555659062 1.8429053987909871 288
1739555659105 0.06893808429787053 289
1739555659149 0.0011663064256078818 290
1739555659192 0.0753973406657577 291
1739555659236 0.010361985824818652 292
1739555659279 0.1966170464267997 293
1739555659323 0.01043145954168693 294
1739555659366 0.19857043682383443 295
1739555659409 0.405219711253743 296
1739555659452 7.087758226337753 297
1739555659495 0.5410544288436837 298
1739555659538 0.43588821448373816 299
1739555659581 0.2129986002320123 300
1739555659625 0.05587792626908362 301
1739555659668 2.3569808913066024 302
1739555659711 0.0259421810464112 303
1739555659755 0.44962165949806204 304
1739555659798 0.07076666847820756 305
1739555659840 0.08232572572904974 306
1739555659881 4.140234678760334 307
1739555659922 0.18029318860904384 308
1739555659964 7.286972199127407 309
1739555660006 4.885246343215974 310
1739555660048 0.42450441894656554 311
1739555660089 3.7780361839317074 312
1739555660131 0.003968288321294349 313
1739555660172 0.21943243459153133 314
1739555660214 0.06656714010213045 315
1739555660256 2.815021783897816 316
1739555660298 0.06802778143346763 317
1739555660340 0.6325224216339772 318
1739555660381 1.577394774190088 319
1739555660422 1.728139617112895 320
1739555660464 1.0919779814839967 321
1739555660506 2.83925297353632 322
1739555660548 0.48749818522473537 323
1739555660589 0.09205123665858543 324
1739555660631 0.6633045300555866 325
1739555660675 0.4068516759446918 326
1739555660719 0.8583897690088201 327
1739555660763 0.15891400369460543 328
1739555660806 0.01254917566582705 329
1739555660849 0.03982649761708138 330
1739555660892 8.056226838271138 331
1739555660934 1.2738926144427223 332
1739555660976 6.292904511998826 333
1739555661017 0.7557958834647234 334
1739555661059 0.11960350330476527 335
1739555661101 2.9745194872219667 336
1739555661143 4.149574721926472 337
1739555661185 0.3925336401849141 338
1739555661226 4.0855144173783025 339
1739555661269 2.0563307261924466 340
1739555661310 0.5133997083453953 341
1739555661351 0.7922551581196328 342
1739555661393 3.372460885952208 343
1739555661434 0.937259609917267 344
1739555661476 0.006560211424701866 345
1739555661517 2.005762917102347 346
1739555661560 3.085329962063982 347
1739555661602 14.146981822055979 348
1739555661643 0.15335186566791256 349
1739555661685 0.0003146822401595317 350
1739555661727 0.015820981021378907 351
1739555661768 0.10342146987022215 352
1739555661810 0.2462441311225977 353
1739555661851 0.04366341385249011 354
1739555661894 1.4400045426923491 355
1739555661935 0.2990650798636852 356
1739555661977 1.6378148682368472 357
1739555662019 28.47815395116927 358
1739555662061 0.01948368573662354 359
1739555662103 1.1767618680871763 360
1739555662143 3.183096304752098 361
1739555662187 1.5359283666346653 362
1739555662228 0.7959393543602539 363
1739555662270 5.326684513268214 364
1739555662311 4.420421309597883 365
1739555662353 1.4184206705345728 366
1739555662395 0.12468698800284396 367
1739555662436 2.794086817315937 368
1739555662478 0.7976279206855483 369
1739555662520 0.001120140038586565 370
1739555662562 0.1724654161402634 371
1739555662604 0.08291787883958303 372
1739555662646 0.6944693689343293 373
1739555662687 0.34731513640280787 374
1739555662729 2.0947307420254533 375
1739555662771 0.17632664633209735 376
1739555662815 3.315553295352249 377
1739555662858 1.04898595997584 378
1739555662902 25.890471500980052 379
1739555662946 0.793719587346384 380
1739555662989 0.4710425570449484 381
1739555663033 0.8148220288108677 382
1739555663074 0.9131531360840409 383
1739555663116 0.20908336885518908 384
1739555663157 0.09449487800093372 385
1739555663199 1.263970647215271 386
1739555663241 0.3772972572117011 387
1739555663283 0.10175790856203001 388
1739555663325 0.48864481564735995 389
1739555663366 0.11386258965245488 390
1739555663408 4.5014807429812995 391
1739555663449 1.0919776177186726 392
1739555663491 0.29338894125686066 393
1739555663532 7.561764454930799 394
1739555663575 2.0680409159824236 395
1739555663616 0.0012741361037743014 396
1739555663658 2.2567974688873575 397
1739555663700 0.13562631893526506 398
1739555663741 0.0001329374893657608 399
1739555663783 0.7383263263639952 400
1739555663825 0.0009847971696963125 401
1739555663867 0.2887974993927149 402
1739555663909 0.011494018101745692 403
1739555663950 0.1096731222847841 404
1739555663992 1.4110906567372328 405
1739555664036 1.4132850730653952 406
1739555664079 0.16421387626657097 407
1739555664122 0.01800462887589311 408
1739555664166 0.0013348196151148968 409
1739555664209 0.09003502428648733 410
1739555664252 0.7632258386479556 411
1739555664297 0.41548459322528103 412
1739555664340 9.75387989539695 413
1739555664383 0.009876545336697073 414
1739555664426 1.6733645647420252 415
1739555664469 0.5028756887821937 416
1739555664512 0.18837000021140848 417
1739555664555 0.03699482590327349 418
1739555664598 0.15403001557820145 419
1739555664642 0.9741642610497686 420
1739555664684 0.7480401762459714 421
1739555664728 0.5446495415826764 422
1739555664771 0.1817261227963388 423
1739555664815 0.13257758464977729 424
1739555664856 0.6732057868074662 425
1739555664897 4.008100115184481 426
1739555664942 0.003310025195693142 427
1739555664986 0.0193660617765775 428
1739555665030 4.945535010422748 429
1739555665074 0.14456301787144119 430
1739555665117 1.2352179945248295e-06 431
1739555665159 0.0017727779158209385 432
1739555665200 0.4839818183278936 433
1739555665242 0.16298931491340912 434
1739555665284 0.28246172345878234 435
1739555665326 0.3096493691339516 436
1739555665368 1.9929296915788923 437
1739555665410 0.1340950075480281 438
1739555665451 1.4557568139343804 439
1739555665493 2.284009308057924 440
1739555665535 2.6554098539649806 441
1739555665576 0.2015115580569356 442
1739555665617 1.5304476180899587 443
1739555665659 4.440192301172634 444
1739555665701 2.851252338974518 445
1739555665742 0.36317326279153167 446
1739555665784 0.1052510614522397 447
1739555665825 2.1136226944452634 448
1739555665867 3.6191020762726325 449
1739555665908 0.27986882212712827 450
1739555665951 0.7446160980233787 451
1739555665992 0.062085184274082786 452
1739555666034 0.019932571886005182 453
1739555666076 0.646745292261152 454
1739555666117 0.9977454264488373 455
1739555666159 0.022430488398684847 456
1739555666200 0.05600739588420668 457
1739555666241 1.7124938059150967 458
1739555666283 0.0004547146947322985 459
1739555666324 0.990335578358259 460
1739555666368 5.358731203089131 461
1739555666410 0.14888168626018125 462
1739555666453 3.8581685703819555 463
1739555666497 0.8688433221656782 464
1739555666540 1.174440379192883 465
1739555666584 3.356647745205124 466
1739555666628 3.5760697103778964 467
1739555666671 0.026178291145030078 468
1739555666715 2.331330051205469 469
1739555666762 0.036227028735720916 470
1739555666808 5.8034326956284605 471
1739555666856 1.1266435477269976 472
1739555666900 0.04178443519301759 473
1739555666944 1.8139427870063662 474
1739555666988 0.173344989782262 475
1739555667033 0.0038975711149536654 476
1739555667081 0.6997043914433747 477
1739555667129 0.06712825666436718 478
1739555667175 0.002591422982206388 479
1739555667218 0.9801715382959826 480
1739555667262 0.0033673501271502147 481
1739555667306 1.3814206923554844 482
1739555667350 0.5395302425187379 483
1739555667393 0.6015517429120165 484
1739555667436 0.04573981020387939 485
1739555667479 2.7266575010370415 486
1739555667522 0.071953123763101 487
1739555667565 0.004681512895840818 488
1739555667608 0.09024061929274951 489
1739555667651 4.403898949425736 490
1739555667694 0.3506028234922446 491
1739555667736 0.04798541577275667 492
1739555667778 1.518155125009397 493
1739555667819 0.19630073693122038 494
1739555667861 0.7901801017713576 495
1739555667902 0.7541312970564638 496
1739555667943 1.4021721510470098 497
1739555667986 0.22031583949941613 498
1739555668027 7.029286939815074 499
