1739617714123 169.6210407770955 0
1739617714140 169.60770574306412 1
1739617714158 169.60103900365874 2
1739617714175 169.5943724055956 3
1739617714191 169.58770609026195 4
1739617714207 169.58104005764278 5
1739617714221 169.57437430772617 6
1739617714235 169.56770884050002 7
1739617714249 169.56104365595243 8
1739617714265 169.55437875407137 9
1739617714280 169.54771413484485 10
1739617714294 169.54104979826093 11
1739617714308 169.53438574430757 12
1739617714321 169.52772197297278 13
1739617714335 169.52105848424458 14
1739617714349 169.51439527811104 15
1739617714363 169.50773235456006 16
1739617714377 169.50106971357977 17
1739617714392 169.4944073551581 18
1739617714405 169.48774527928308 19
1739617714418 169.48108348594283 20
1739617714431 169.47442197512524 21
1739617714444 169.46776074681836 22
1739617714456 169.46109980101022 23
1739617714469 169.45443913768884 24
1739617714482 169.44777875684227 25
1739617714494 169.44111865845844 26
1739617714507 169.43445884252543 27
1739617714519 169.42779930903123 28
1739617714532 169.42114005796392 29
1739617714544 169.4144810893115 30
1739617714557 169.40782240306194 31
1739617714570 169.40116399920336 32
1739617714582 169.39450587772367 33
1739617714595 169.3878480386109 34
1739617714609 169.3811904818532 35
1739617714622 169.3745332074385 36
1739617714634 169.36787621535476 37
1739617714647 169.36121950559016 38
1739617714660 169.35456307813263 39
1739617714673 169.3479069329702 40
1739617714685 169.34125107009092 41
1739617714698 169.33459548948278 42
1739617714712 169.32794019113388 43
1739617714725 169.32128517503216 44
1739617714737 169.31463044116572 45
1739617714750 169.30797598952253 46
1739617714762 169.30132182009066 47
1739617714775 169.29466793285815 48
1739617714787 169.28801432781296 49
1739617714799 169.28136100494325 50
1739617714811 169.2747079642369 51
1739617714824 169.26805520568206 52
1739617714836 169.26140272926668 53
1739617714848 169.25475053497885 54
1739617714860 169.2480986228066 55
1739617714873 169.24144699273793 56
1739617714886 169.2347956447609 57
1739617714898 169.22814457886355 58
1739617714910 169.2214937950339 59
1739617714922 169.21484329326 60
1739617714934 169.20819307352986 61
1739617714947 169.20154313583154 62
1739617714959 169.19489348015307 63
1739617714971 169.18824410648253 64
1739617714983 169.1815950148079 65
1739617714995 169.17494620511718 66
1739617715007 169.16829767739853 67
1739617715018 169.16164943163992 68
1739617715031 169.15500146782944 69
1739617715043 169.148353785955 70
1739617715055 169.14170638600478 71
1739617715067 169.13505926796682 72
1739617715079 169.12841243182908 73
1739617715091 169.12176587757963 74
1739617715103 169.11511960520656 75
1739617715116 169.10847361469786 76
1739617715128 169.1018279060416 77
1739617715141 169.09518247922583 78
1739617715153 169.08853733423857 79
1739617715165 169.08189247106787 80
1739617715177 169.0752478897018 81
1739617715189 169.06860359012845 82
1739617715201 169.06195957233572 83
1739617715215 169.05531583631185 84
1739617715228 169.04867238204474 85
1739617715241 169.0420292095225 86
1739617715255 169.03538631873315 87
1739617715270 169.02874370966478 88
1739617715283 169.02210138230546 89
1739617715295 169.01545933664318 90
1739617715308 169.008817572666 91
1739617715322 169.00217609036204 92
1739617715335 168.99553488971927 93
1739617715349 168.98889397072574 94
1739617715362 168.9822533333696 95
1739617715375 168.9756129776388 96
1739617715388 168.96897290352152 97
1739617715400 168.96233311100562 98
1739617715412 168.95569360007931 99
1739617715424 168.94905437073066 100
1739617715436 168.94241542294762 101
1739617715448 168.93577675671835 102
1739617715461 168.92913837203082 103
1739617715472 168.92250026887316 104
1739617715484 168.91586244723337 105
1739617715496 168.90922490709957 106
1739617715508 168.90258764845976 107
1739617715520 168.89595067130205 108
1739617715532 168.88931397561447 109
1739617715545 168.88267756138507 110
1739617715557 168.876041428602 111
1739617715569 168.8694055772532 112
1739617715581 168.8627700073268 113
1739617715593 168.85613471881084 114
1739617715605 168.84949971169343 115
1739617715617 168.84286498596256 116
1739617715630 168.83623054160634 117
1739617715642 168.8295963786129 118
1739617715654 168.82296249697018 119
1739617715666 168.8163288966663 120
1739617715678 168.80969557768935 121
1739617715690 168.80306254002738 122
1739617715702 168.7964297836685 123
1739617715763 168.78979730860067 124
1739617715775 168.78316511481205 125
1739617715787 168.7765332022907 126
1739617715799 168.7699015710247 127
1739617715811 168.76327022100205 128
1739617715823 168.75663915221085 129
1739617715835 168.75000836463926 130
1739617715846 168.74337785827524 131
1739617715859 168.73674763310692 132
1739617715870 168.73011768912232 133
1739617715882 168.72348802630958 134
1739617715894 168.71685864465675 135
1739617715907 168.7102295441519 136
1739617715919 168.70360072478314 137
1739617715932 168.69697218653846 138
1739617715947 168.690343929406 139
1739617715961 168.68371595337385 140
1739617715973 168.67708825843005 141
1739617715986 168.67046084456268 142
1739617715998 168.6638337117598 143
1739617716010 168.65720686000958 144
1739617716022 168.6505802893 145
1739617716034 168.64395399961919 146
1739617716047 168.63732799095524 147
1739617716059 168.63070226329617 148
1739617716071 168.62407681663012 149
1739617716083 168.61745165094513 150
1739617716095 168.61082676622928 151
1739617716108 168.60420216247076 152
1739617716120 168.5975778396575 153
1739617716132 168.5909537977777 154
1739617716144 168.58433003681938 155
1739617716157 168.57770655677064 156
1739617716169 168.57108335761956 157
1739617716181 168.56446043935424 158
1739617716193 168.55783780196276 159
1739617716205 168.55121544543323 160
1739617716218 168.54459336975364 161
1739617716230 168.53797157491223 162
1739617716332 168.53135006089698 163
1739617716356 168.52472882769604 164
1739617716377 168.51810787529746 165
1739617716397 168.5114872036893 166
1739617716413 168.50486681285975 167
1739617716432 168.4982467027968 168
1739617716448 168.4916268734886 169
1739617716462 168.4850073249232 170
1739617716476 168.47838805708872 171
1739617716490 168.47176906997328 172
1739617716505 168.46515036356493 173
1739617716520 168.45853193785175 174
1739617716534 168.4519137928219 175
1739617716548 168.44529592846345 176
1739617716562 168.43867834476447 177
1739617716575 168.432061041713 178
1739617716589 168.4254440192973 179
1739617716603 168.41882727750536 180
1739617716617 168.41221081632523 181
1739617716630 168.4055946357451 182
1739617716644 168.39897873575305 183
1739617716658 168.39236311633712 184
1739617716671 168.38574777748548 185
1739617716683 168.3791327191862 186
1739617716696 168.37251794142742 187
1739617716709 168.36590344419716 188
1739617716722 168.3592892274836 189
1739617716734 168.3526752912748 190
1739617716747 168.34606163555887 191
1739617716760 168.3394482603239 192
1739617716772 168.332835165558 193
1739617716785 168.32622235124933 194
1739617716797 168.31960981738595 195
1739617716810 168.31299756395592 196
1739617716823 168.3063855909474 197
1739617716836 168.2997738983485 198
1739617716848 168.2931624861473 199
1739617716861 168.28655135433192 200
1739617716874 168.27994050289047 201
1739617716887 168.27332993181102 202
1739617716899 168.26671964108178 203
1739617716912 168.26010963069075 204
1739617716924 168.25349990062608 205
1739617716937 168.2468904508759 206
1739617716950 168.24028128142828 207
1739617716963 168.23367239227133 208
1739617716976 168.22706378339322 209
1739617716989 168.22045545478204 210
1739617717001 168.21384740642586 211
1739617717014 168.20723963831284 212
1739617717026 168.20063215043103 213
1739617717039 168.19402494276866 214
1739617717051 168.18741801531377 215
1739617717063 168.1808113680544 216
1739617717075 168.17420500097884 217
1739617717087 168.16759891407506 218
1739617717099 168.16099310733122 219
1739617717111 168.1543875807355 220
1739617717123 168.14778233427592 221
1739617717135 168.14117736794066 222
1739617717147 168.1345726817178 223
1739617717159 168.12796827559555 224
1739617717172 168.12136414956188 225
1739617717185 168.114760303605 226
1739617717198 168.10815673771305 227
1739617717210 168.1015534518741 228
1739617717222 168.0949504460763 229
1739617717233 168.08834772030778 230
1739617717246 168.08174527455662 231
1739617717258 168.07514310881098 232
1739617717271 168.068541223059 233
1739617717283 168.06193961728874 234
1739617717295 168.05533829148837 235
1739617717307 168.04873724564607 236
1739617717319 168.04213647974984 237
1739617717333 168.03553599378787 238
1739617717346 168.0289357877483 239
1739617717359 168.0223358616193 240
1739617717371 168.0157362153889 241
1739617717384 168.0091368490453 242
1739617717398 168.00253776257654 243
1739617717411 167.99593895597084 244
1739617717424 167.9893404292163 245
1739617717436 167.98274218230102 246
1739617717449 167.9761442152132 247
1739617717461 167.96954652794096 248
1739617717474 167.96294912047233 249
1739617717485 167.95635199279556 250
1739617717498 167.94975514489877 251
1739617717510 167.94315857676997 252
1739617717522 167.93656228839748 253
1739617717534 167.9299662797693 254
1739617717547 167.92337055087359 255
1739617717559 167.91677510169853 256
1739617717571 167.91017993223218 257
1739617717583 167.90358504246277 258
1739617717595 167.89699043237837 259
1739617717607 167.89039610196716 260
1739617717620 167.88380205121723 261
1739617717632 167.87720828011672 262
1739617717644 167.8706147886538 263
1739617717657 167.86402157681664 264
1739617717668 167.8574286445933 265
1739617717681 167.85083599197202 266
1739617717693 167.84424361894082 267
1739617717705 167.83765152548793 268
1739617717718 167.83105971160148 269
1739617717730 167.82446817726958 270
1739617717743 167.81787692248037 271
1739617717755 167.81128594722205 272
1739617717768 167.80469525148268 273
1739617717780 167.7981048352505 274
1739617717792 167.7915146985136 275
1739617717804 167.78492484126014 276
1739617717817 167.77833526347825 277
1739617717829 167.77174596515607 278
1739617717842 167.76515694628173 279
1739617717854 167.75856820684348 280
1739617717867 167.7519797468294 281
1739617717880 167.74539156622754 282
1739617717892 167.7388036650262 283
1739617717904 167.7322160432135 284
1739617717919 167.72562870077755 285
1739617717932 167.71904163770648 286
1739617717946 167.7124548539885 287
1739617717959 167.70586834961173 288
1739617717972 167.69928212456435 289
1739617717984 167.69269617883447 290
1739617717997 167.68611051241027 291
1739617718009 167.67952512527987 292
1739617718021 167.6729400174315 293
1739617718033 167.66635518885323 294
1739617718047 167.6597706395332 295
1739617718059 167.65318636945972 296
1739617718072 167.64660237862083 297
1739617718084 167.64001866700463 298
1739617718096 167.63343523459938 299
1739617718109 167.6268520813932 300
1739617718121 167.62026920737426 301
1739617718133 167.6136866125307 302
1739617718146 167.60710429685068 303
1739617718158 167.60052226032235 304
1739617718170 167.59394050293395 305
1739617718182 167.5873590246735 306
1739617718194 167.58077782552928 307
1739617718207 167.57419690548943 308
1739617718219 167.56761626454204 309
1739617718231 167.56103590267537 310
1739617718243 167.55445581987752 311
1739617718255 167.54787601613666 312
1739617718268 167.541296491441 313
1739617718280 167.5347172457786 314
1739617718292 167.52813827913778 315
1739617718304 167.52155959150656 316
1739617718316 167.51498118287319 317
1739617718329 167.50840305322578 318
1739617718341 167.50182520255257 319
1739617718353 167.4952476308417 320
1739617718365 167.48867033808128 321
1739617718378 167.48209332425952 322
1739617718390 167.4755165893646 323
1739617718402 167.4689401333847 324
1739617718414 167.46236395630797 325
1739617718427 167.45578805812258 326
1739617718439 167.44921243881672 327
1739617718452 167.4426370983785 328
1739617718465 167.43606203679616 329
1739617718478 167.42948725405785 330
1739617718490 167.42291275015174 331
1739617718505 167.41633852506598 332
1739617718518 167.40976457878884 333
1739617718531 167.40319091130837 334
1739617718544 167.39661752261281 335
1739617718556 167.39004441269032 336
1739617718569 167.38347158152908 337
1739617718582 167.37689902911725 338
1739617718594 167.37032675544305 339
1739617718607 167.36375476049463 340
1739617718620 167.35718304426015 341
1739617718632 167.35061160672785 342
1739617718644 167.34404044788582 343
1739617718657 167.33746956772234 344
1739617718669 167.33089896622548 345
1739617718682 167.32432864338352 346
1739617718694 167.31775859918454 347
1739617718706 167.31118883361682 348
1739617718719 167.30461934666852 349
1739617718731 167.2980501383278 350
1739617718743 167.2914812085828 351
1739617718755 167.28491255742176 352
1739617718767 167.27834418483292 353
1739617718780 167.27177609080437 354
1739617718792 167.26520827532426 355
1739617718805 167.25864073838093 356
1739617718817 167.2520734799624 357
1739617718829 167.245506500057 358
1739617718842 167.2389397986528 359
1739617718854 167.23237337573804 360
1739617718866 167.22580723130096 361
1739617718879 167.21924136532965 362
1739617718891 167.21267577781234 363
1739617718903 167.20611046873725 364
1739617718916 167.19954543809249 365
1739617718928 167.19298068586633 366
1739617718940 167.18641621204694 367
1739617718952 167.1798520166225 368
1739617718964 167.17328809958124 369
1739617718976 167.1667244609113 370
1739617718989 167.1601611006009 371
1739617719001 167.15359801863818 372
1739617719013 167.1470352150114 373
1739617719025 167.14047268970876 374
1739617719038 167.13391044271842 375
1739617719049 167.1273484740286 376
1739617719062 167.12078678362744 377
1739617719074 167.1142253715032 378
1739617719086 167.1076642376441 379
1739617719098 167.10110338203822 380
1739617719110 167.09454280467386 381
1739617719122 167.08798250553923 382
1739617719134 167.08142248462244 383
1739617719146 167.07486274191177 384
1739617719159 167.06830327739536 385
1739617719171 167.06174409106146 386
1739617719183 167.05518518289819 387
1739617719195 167.04862655289386 388
1739617719208 167.04206820103664 389
1739617719219 167.03551012731467 390
1739617719231 167.02895233171628 391
1739617719244 167.02239481422953 392
1739617719256 167.0158375748427 393
1739617719268 167.009280613544 394
1739617719281 167.00272393032154 395
1739617719294 166.9961675251637 396
1739617719306 166.98961139805854 397
1739617719318 166.98305554899432 398
1739617719330 166.97649997795926 399
1739617719342 166.9699446849415 400
1739617719355 166.96338966992937 401
1739617719366 166.95683493291094 402
1739617719379 166.95028047387453 403
1739617719392 166.9437262928083 404
1739617719404 166.93717238970044 405
1739617719417 166.9306187645392 406
1739617719429 166.92406541731276 407
1739617719442 166.91751234800935 408
1739617719455 166.9109595566172 409
1739617719469 166.90440704312448 410
1739617719481 166.89785480751948 411
1739617719494 166.8913028497903 412
1739617719507 166.88475116992524 413
1739617719520 166.87819976791246 414
1739617719532 166.8716486437402 415
1739617719546 166.8650977973967 416
1739617719559 166.85854722887018 417
1739617719572 166.8519969381488 418
1739617719584 166.8454469252208 419
1739617719597 166.83889719007445 420
1739617719610 166.83234773269788 421
1739617719623 166.82579855307935 422
1739617719635 166.81924965120712 423
1739617719648 166.81270102706935 424
1739617719661 166.80615268065426 425
1739617719673 166.79960461195014 426
1739617719685 166.79305682094508 427
1739617719699 166.78650930762748 428
1739617719712 166.77996207198538 429
1739617719726 166.77341511400715 430
1739617719738 166.76686843368094 431
1739617719750 166.76032203099498 432
1739617719762 166.75377590593752 433
1739617719775 166.7472300584967 434
1739617719787 166.7406844886609 435
1739617719799 166.73413919641817 436
1739617719811 166.72759418175687 437
1739617719823 166.72104944466517 438
1739617719835 166.71450498513127 439
1739617719848 166.70796080314346 440
1739617719860 166.70141689868998 441
1739617719872 166.69487327175895 442
1739617719884 166.6883299223387 443
1739617719896 166.68178685041744 444
1739617719909 166.67524405598337 445
1739617719921 166.66870153902474 446
1739617719934 166.66215929952978 447
1739617719945 166.6556173374867 448
1739617719957 166.64907565288377 449
1739617719971 166.6425342457092 450
1739617719983 166.63599311595124 451
1739617719995 166.6294522635981 452
1739617720008 166.62291168863806 453
1739617720020 166.61637139105926 454
1739617720032 166.60983137085 455
1739617720044 166.60329162799857 456
1739617720056 166.59675216249312 457
1739617720069 166.5902129743219 458
1739617720081 166.58367406347315 459
1739617720092 166.57713542993514 460
1739617720105 166.5705970736961 461
1739617720117 166.56405899474422 462
1739617720129 166.55752119306777 463
1739617720141 166.55098366865502 464
1739617720153 166.54444642149414 465
1739617720166 166.53790945157346 466
1739617720178 166.53137275888116 467
1739617720190 166.5248363434055 468
1739617720203 166.51830020513475 469
1739617720215 166.51176434405707 470
1739617720227 166.50522876016078 471
1739617720240 166.49869345343407 472
1739617720252 166.4921584238652 473
1739617720265 166.48562367144245 474
1739617720277 166.47908919615406 475
1739617720290 166.47255499798825 476
1739617720303 166.4660210769333 477
1739617720315 166.45948743297737 478
1739617720327 166.45295406610876 479
1739617720340 166.44642097631575 480
1739617720353 166.43988816358657 481
1739617720366 166.43335562790944 482
1739617720379 166.42682336927265 483
1739617720392 166.4202913876644 484
1739617720405 166.41375968307298 485
1739617720417 166.40722825548667 486
1739617720430 166.40069710489362 487
1739617720443 166.39416623128218 488
1739617720455 166.38763563464056 489
1739617720466 166.38110531495698 490
1739617720479 166.37457527221977 491
1739617720491 166.36804550641713 492
1739617720503 166.36151601753733 493
1739617720515 166.35498680556861 494
1739617720527 166.34845787049926 495
1739617720539 166.34192921231747 496
1739617720551 166.33540083101155 497
1739617720563 166.32887272656976 498
1739617720575 166.32234489898033 499
