1739612214373 1.4180486992231194 0
1739612214407 5.121793096640383 1
1739612214440 11.907268115334869 2
1739612214474 3.6667343841987727 3
1739612214506 3.1215080442035252 4
1739612214539 4.376132672155778 5
1739612214572 1.0510029242458623 6
1739612214605 7.278195887297912 7
1739612214638 1.6602820910248008 8
1739612214671 4.60183802077486 9
1739612214703 13.219897957226012 10
1739612214736 1.471317767131108 11
1739612214769 9.555612509421351 12
1739612214802 6.98314817118868 13
1739612214834 4.444686358768518 14
1739612214867 5.164783791602313 15
1739612214900 1.434229356729943 16
1739612214933 3.0547089050860734 17
1739612214965 10.947439680372952 18
1739612214998 3.64298338749233 19
1739612215031 8.502431138268646 20
1739612215063 7.1554669172242455 21
1739612215095 13.59011591571908 22
1739612215128 7.1592839855794175 23
1739612215160 0.8354411532291649 24
1739612215193 4.954007846357892 25
1739612215226 4.154679225305906 26
1739612215258 1.762114248242657 27
1739612215291 2.55619496784325 28
1739612215326 7.772902021824302 29
1739612215359 3.9136711488345175 30
1739612215392 6.358458662134561 31
1739612215424 2.8594914451566407 32
1739612215457 7.136276424012106 33
1739612215489 6.696712857481877 34
1739612215522 8.508816820087509 35
1739612215554 3.556555702021454 36
1739612215587 13.280977630131645 37
1739612215623 8.386446700854703 38
1739612215657 7.657939938534127 39
1739612215690 13.75559016845383 40
1739612215722 3.995092318291146 41
1739612215755 5.434340440223737 42
1739612215788 3.8295368857308336 43
1739612215820 9.65300018487043 44
1739612215853 7.290133814215884 45
1739612215885 3.4224580636619173 46
1739612215918 8.701270956188008 47
1739612215950 2.835304121906016 48
1739612215986 10.622197912842717 49
1739612216019 1.3292764943535307 50
1739612216052 4.123735139189227 51
1739612216085 7.0516024823800185 52
1739612216118 2.988337694824485 53
1739612216151 1.084446136720025 54
1739612216184 6.426315328943578 55
1739612216216 9.628560845980955 56
1739612216249 5.885135629927149 57
1739612216282 10.149781141412163 58
1739612216315 5.655822370499326 59
1739612216348 15.526014472187573 60
1739612216381 1.8673537047257718 61
1739612216414 10.205608090199506 62
1739612216450 10.421766691904605 63
1739612216483 4.758107650584797 64
1739612216516 6.1205656565962645 65
1739612216549 7.6933388099149145 66
1739612216582 7.953219247388357 67
1739612216614 28.12598231213441 68
1739612216647 3.9231999990894795 69
1739612216679 0.76546500498261 70
1739612216712 5.52768411557785 71
1739612216744 3.898322206228424 72
1739612216777 0.9834952378666458 73
1739612216809 9.42815588146106 74
1739612216842 1.0224944499575201 75
1739612216874 5.205051839423935 76
1739612216907 3.3187024207722464 77
1739612216940 3.3464864707928696 78
1739612216972 2.0590944906806974 79
1739612217005 5.893029417462093 80
1739612217038 7.0534956317956565 81
1739612217070 5.133911887558732 82
1739612217102 3.2955507205063497 83
1739612217135 8.171649402017325 84
1739612217168 3.136523444489126 85
1739612217201 11.519203558197342 86
1739612217234 3.5953835626855257 87
1739612217266 4.799182515565926 88
1739612217299 4.76408008153982 89
1739612217331 5.112966411905325 90
1739612217364 9.833433249539313 91
1739612217396 2.611304521875276 92
1739612217429 4.44585076734846 93
1739612217461 8.893871894505475 94
1739612217494 1.9571418429189387 95
1739612217526 7.3868854134382245 96
1739612217559 4.4847245157035776 97
1739612217592 24.36820209187525 98
1739612217625 2.943453246831782 99
1739612217657 5.195706366139429 100
1739612217690 2.7674504087511638 101
1739612217722 1.3478122523311296 102
1739612217755 3.208955961441549 103
1739612217788 5.729961009940346 104
1739612217820 5.119247855875716 105
1739612217853 3.0981468209152725 106
1739612217885 5.143609594807179 107
1739612217917 11.5206453152015 108
1739612217950 5.30402928158413 109
1739612217982 11.283617327511246 110
1739612218015 4.934482268303736 111
1739612218048 4.66020388263902 112
1739612218080 7.425238117764643 113
1739612218113 3.3328711465804854 114
1739612218145 6.9772945234719534 115
1739612218178 6.221003248591413 116
1739612218211 3.1237828104744048 117
1739612218243 7.6273915971995585 118
1739612218276 33.93050808077926 119
1739612218308 2.8507692011914507 120
1739612218341 1.838394628548039 121
1739612218374 5.8097426859571835 122
1739612218407 6.378072501060775 123
1739612218439 13.343542572016414 124
1739612218472 1.8478319855196008 125
1739612218505 5.473895020399543 126
1739612218538 2.8576606392226203 127
1739612218572 9.269415180496676 128
1739612218604 2.6227850108489177 129
1739612218637 3.3882938947521364 130
1739612218670 4.1639618986263836 131
1739612218702 9.018740404808595 132
1739612218734 3.2923082361964493 133
1739612218767 2.816792513134928 134
1739612218799 8.084612754167251 135
1739612218832 6.806901018896677 136
1739612218865 7.458711053626113 137
1739612218897 7.00411642340752 138
1739612218930 7.797590390283541 139
1739612218963 0.4073087159466218 140
1739612218995 1.9321494080514647 141
1739612219028 2.672938304867865 142
1739612219061 3.928886023918123 143
1739612219093 1.2602797965822026 144
1739612219126 3.6660071311878295 145
1739612219159 2.597528793907329 146
1739612219193 6.8047230180696365 147
1739612219226 3.726725560655356 148
1739612219259 6.111945676703518 149
1739612219291 8.059472882674486 150
1739612219324 2.029721096879585 151
1739612219357 2.8981323474315315 152
1739612219389 2.0724456449076456 153
1739612219422 1.869085814824537 154
1739612219455 9.055420423982616 155
1739612219488 10.89051775798446 156
1739612219520 18.854276425370184 157
1739612219553 4.323223706826838 158
1739612219585 9.937081568071054 159
1739612219618 10.006978799357354 160
1739612219650 1.8989653491076375 161
1739612219683 5.718858865403972 162
1739612219716 5.666623379409394 163
1739612219748 6.401583493507475 164
1739612219781 10.832037194142437 165
1739612219813 8.795035391535688 166
1739612219846 7.734106554222377 167
1739612219879 12.111682359845036 168
1739612219911 4.091475156421119 169
1739612219944 3.3175493911034346 170
1739612219976 9.4639791337159 171
1739612220009 3.9659256386626396 172
1739612220041 5.0547555039808385 173
1739612220074 5.481322225440042 174
1739612220107 1.1256446925284622 175
1739612220140 3.3518308046543153 176
1739612220172 3.2406722236130703 177
1739612220204 9.019770089085673 178
1739612220237 7.403220187338285 179
1739612220270 1.3533998511454683 180
1739612220302 1.9380025604877973 181
1739612220335 2.1227657035647596 182
1739612220367 2.4309993293189063 183
1739612220400 4.726237654551469 184
1739612220433 10.026289664418105 185
1739612220466 8.305406585256028 186
1739612220498 5.929260690904821 187
1739612220531 1.4363606876572745 188
1739612220563 0.6957860989400424 189
1739612220595 6.510243314886735 190
1739612220628 4.141346983026524 191
1739612220662 10.322655880994065 192
1739612220698 3.4362452647032624 193
1739612220731 6.474791690137777 194
1739612220764 1.5086985321055304 195
1739612220796 2.902967375192743 196
1739612220829 1.0624911060642455 197
1739612220862 3.0529371953162636 198
1739612220894 3.7590655417269914 199
1739612220927 7.126010636953719 200
1739612220960 5.836562464411199 201
1739612220992 3.9895341044883716 202
1739612221025 5.361957632094249 203
1739612221057 2.402236327310113 204
1739612221090 7.421345123948956 205
1739612221122 4.286309076138573 206
1739612221154 3.8544932088425568 207
1739612221187 12.517082981293047 208
1739612221220 5.771766365605471 209
1739612221252 3.7407792205147308 210
1739612221285 18.609791735007057 211
1739612221317 10.57499561459597 212
1739612221350 2.517107008102115 213
1739612221382 10.207290651321758 214
1739612221414 7.105004602032475 215
1739612221447 6.049540269410488 216
1739612221479 2.5522321203692595 217
1739612221512 3.614067599734863 218
1739612221545 3.9812093468519953 219
1739612221577 4.316912622706701 220
1739612221610 0.8117688064274018 221
1739612221643 2.229401649308174 222
1739612221675 2.3292503010402514 223
1739612221708 8.327746738155021 224
1739612221741 9.618367154981906 225
1739612221774 3.8611280515038517 226
1739612221807 1.4171129667452866 227
1739612221839 3.4245889904716043 228
1739612221872 2.7183381964059543 229
1739612221904 11.09785569025479 230
1739612221937 25.47454594630506 231
1739612221969 1.621443718176645 232
1739612222002 7.146330360671138 233
1739612222035 3.1191926002391783 234
1739612222067 5.24745928062331 235
1739612222100 4.009442192235721 236
1739612222133 5.354231927518746 237
1739612222165 5.053260036194632 238
1739612222197 0.5001585179428085 239
1739612222231 2.1395549081656644 240
1739612222263 4.160539135027137 241
1739612222296 2.3237979284767447 242
1739612222329 4.40501011508272 243
1739612222362 0.3057034083948504 244
1739612222394 7.272306842460185 245
1739612222427 19.991441361282565 246
1739612222459 2.4609742719154344 247
1739612222492 1.5534777025074524 248
1739612222524 6.5612492302937 249
1739612222557 4.0257418498789725 250
1739612222594 13.658478751666891 251
1739612222627 6.272595964330429 252
1739612222659 2.8934905193825133 253
1739612222692 5.843472809234294 254
1739612222725 20.728677801480845 255
1739612222757 10.722270276848208 256
1739612222791 2.0190635066403857 257
1739612222824 8.252825271623708 258
1739612222858 9.559214273910548 259
1739612222891 0.9486230924304511 260
1739612222924 1.0004779247243465 261
1739612222960 4.365767176331071 262
1739612222998 4.024472163057463 263
1739612223032 4.962357667483443 264
1739612223065 6.184804288366243 265
1739612223097 7.1612594530892775 266
1739612223129 3.6748828198821384 267
1739612223161 0.7621157146730253 268
1739612223195 4.767191545768748 269
1739612223230 0.5482440894874638 270
1739612223263 2.5820182090321877 271
1739612223296 3.1566621942027964 272
1739612223329 4.070269551840285 273
1739612223362 2.5780435847293304 274
1739612223395 2.1122054767097898 275
1739612223429 1.0789283652479156 276
1739612223461 4.638857088827075 277
1739612223494 3.5934415087210665 278
1739612223527 9.238743851893169 279
1739612223560 9.95127954131677 280
1739612223592 5.593738099534028 281
1739612223625 5.947532969924889 282
1739612223658 11.579355482652385 283
1739612223691 11.877019200429949 284
1739612223724 7.466359722042409 285
1739612223757 2.9764029147053055 286
1739612223791 6.454365750270397 287
1739612223823 5.122952286670104 288
1739612223856 4.469674293565482 289
1739612223889 3.5363082761073774 290
1739612223921 0.9857548973088832 291
1739612223954 3.171537045169394 292
1739612223987 2.8472261346525882 293
1739612224020 3.7329738376681 294
1739612224053 1.489655590224762 295
1739612224085 4.024401312203773 296
1739612224118 7.288904570315399 297
1739612224151 9.929284511219258 298
1739612224184 5.545800785725621 299
1739612224217 14.566348727830784 300
1739612224251 1.8145305974753483 301
1739612224283 7.007564289989918 302
1739612224316 3.086368434723468 303
1739612224349 4.274689037972424 304
1739612224382 7.089178958470971 305
1739612224416 5.405173929980797 306
1739612224450 2.672701011363083 307
1739612224483 7.207088196198127 308
1739612224515 2.5621250309696046 309
1739612224548 3.439918642780997 310
1739612224581 8.096129801429116 311
1739612224613 9.9415295273713 312
1739612224645 1.1390131821334415 313
1739612224678 9.611212017982735 314
1739612224710 6.533551436396265 315
1739612224743 6.278120645035915 316
1739612224776 4.184780803011424 317
1739612224809 5.281753886030647 318
1739612224841 3.4246440850967996 319
1739612224874 3.7305665845800666 320
1739612224907 4.508393691938856 321
1739612224940 10.543771731047647 322
1739612224973 11.769033981995761 323
1739612225006 1.638867592778745 324
1739612225039 8.628661961968964 325
1739612225072 3.919205416788529 326
1739612225104 4.143814450503268 327
1739612225137 23.365637677804173 328
1739612225169 1.3680631559944965 329
1739612225202 10.200455396685237 330
1739612225234 5.579643161817634 331
1739612225267 12.979179070777107 332
1739612225299 2.786504671369293 333
1739612225332 4.806419869695318 334
1739612225364 4.742217318105165 335
1739612225397 8.432461060037273 336
1739612225430 12.135773042793637 337
1739612225462 9.911263995392755 338
1739612225495 3.504343727820084 339
1739612225527 12.060956804434149 340
1739612225560 0.5012643267789488 341
1739612225592 13.12439233039402 342
1739612225625 6.471860657303164 343
1739612225657 3.9852215959407724 344
1739612225690 8.063637575294692 345
1739612225722 2.0472519405060985 346
1739612225755 5.28229279397981 347
1739612225787 6.544214162547547 348
1739612225820 6.300678614787558 349
1739612225853 10.790033828209745 350
1739612225888 8.60548373955567 351
1739612225935 7.606496896860356 352
1739612225971 4.667010337082331 353
1739612226005 1.431738635786322 354
1739612226047 1.6372146595233579 355
1739612226085 2.756137056280952 356
1739612226119 12.000810560234056 357
1739612226153 1.9239313347025069 358
1739612226187 7.539902718484956 359
1739612226221 2.8906053760672163 360
1739612226255 5.137189536858897 361
1739612226288 8.723800122152872 362
1739612226321 8.585682019118426 363
1739612226354 12.588500387453765 364
1739612226387 5.598385874932998 365
1739612226420 0.7488606420894979 366
1739612226452 3.936680293691195 367
1739612226485 5.932147294676718 368
1739612226518 4.292692465506293 369
1739612226552 2.396040614847278 370
1739612226585 4.427985059554966 371
1739612226620 4.275884069801078 372
1739612226654 3.5102551744056854 373
1739612226688 8.97850354754683 374
1739612226722 7.047786174275451 375
1739612226754 13.111106346822938 376
1739612226787 14.015624841706124 377
1739612226820 3.8753290702537475 378
1739612226853 6.613878984944552 379
1739612226886 11.917482296035988 380
1739612226918 3.053248084875447 381
1739612226951 0.8999752904368933 382
1739612226995 4.828567283076055 383
1739612227035 4.023705933037646 384
1739612227071 4.305073788042485 385
1739612227106 5.630303535335825 386
1739612227140 4.038601701425836 387
1739612227174 10.049756534210747 388
1739612227208 3.725121672660986 389
1739612227242 2.2665768746712622 390
1739612227275 6.042151736976438 391
1739612227308 2.576982697427827 392
1739612227340 4.511343276757353 393
1739612227373 11.703168071782306 394
1739612227406 4.756143764414275 395
1739612227440 2.70989097992981 396
1739612227484 7.567184476914645 397
1739612227518 2.8269455156670196 398
1739612227553 6.604408456342961 399
1739612227587 10.137566853732041 400
1739612227631 3.920975903345074 401
1739612227666 5.921702827218989 402
1739612227700 12.635768096172567 403
1739612227734 11.667247456585015 404
1739612227768 5.160032600657196 405
1739612227800 2.317670315548792 406
1739612227833 0.5115564389028008 407
1739612227866 3.691172523045339 408
1739612227898 8.814780554382182 409
1739612227931 9.41210967260651 410
1739612227963 0.8569378445474924 411
1739612227996 6.659932697686901 412
1739612228029 12.453659053331833 413
1739612228061 10.30357018499992 414
1739612228094 2.0762260680767137 415
1739612228127 0.38197973944600494 416
1739612228160 5.461618504263721 417
1739612228193 5.881961753245489 418
1739612228226 2.7794434072727747 419
1739612228259 9.358236048700569 420
1739612228292 7.115175794420013 421
1739612228324 3.468380272034572 422
1739612228358 4.443813008458392 423
1739612228394 3.922822754353346 424
1739612228428 10.56835926576234 425
1739612228462 2.850543081424804 426
1739612228496 2.0942184041820884 427
1739612228529 1.7650950410390531 428
1739612228563 19.014449597615794 429
1739612228596 4.427811015585512 430
1739612228628 6.46144488745962 431
1739612228661 7.231487655736195 432
1739612228693 11.348037325727544 433
1739612228727 6.9789887816618945 434
1739612228761 21.235603310768496 435
1739612228794 1.2536443046541812 436
1739612228826 4.067542452273591 437
1739612228859 22.618215397681283 438
1739612228892 10.664837074338003 439
1739612228924 2.871201603800235 440
1739612228958 13.793620672139177 441
1739612228990 5.99155893478086 442
1739612229023 9.766132668605138 443
1739612229056 5.42787169258439 444
1739612229089 4.920877760129105 445
1739612229122 6.486769445726756 446
1739612229157 3.107014625075515 447
1739612229191 7.415739680185149 448
1739612229225 6.005074301393638 449
1739612229258 11.17131219863756 450
1739612229291 5.0819162579788415 451
1739612229324 5.188589983757714 452
1739612229357 5.459090999192549 453
1739612229389 11.659839035214855 454
1739612229422 6.908197597829995 455
1739612229455 6.499049918942244 456
1739612229487 3.8961885784387884 457
1739612229520 3.863818082123955 458
1739612229553 2.776511409507157 459
1739612229585 3.507225027746196 460
1739612229618 1.7130437950300241 461
1739612229650 11.783373003780033 462
1739612229682 3.330601696957505 463
1739612229715 5.838911831107675 464
1739612229749 5.877171958423565 465
1739612229788 1.4274145969374703 466
1739612229822 2.2489035277329013 467
1739612229857 12.19742454557023 468
1739612229891 5.695108564211191 469
1739612229925 10.002449774876219 470
1739612229959 0.8583420659131137 471
1739612229993 6.396236327501905 472
1739612230026 3.454152958168982 473
1739612230058 6.360277561443226 474
1739612230091 6.822091955891432 475
1739612230123 5.188584119290146 476
1739612230156 10.171729278180601 477
1739612230188 3.457067382872754 478
1739612230221 0.6331862261138648 479
1739612230254 10.024396192529132 480
1739612230287 8.139633697532375 481
1739612230320 7.299293271434526 482
1739612230353 4.957075231580195 483
1739612230386 1.8971898103266291 484
1739612230421 8.212536591709204 485
1739612230457 9.55354652366448 486
1739612230530 1.4092021404718784 487
1739612230567 4.887339031351967 488
1739612230606 2.907011250132316 489
1739612230644 5.646195039039414 490
1739612230683 0.23694410461740817 491
1739612230731 7.315416890834637 492
1739612230767 10.78236890721652 493
1739612230804 2.8447214366593996 494
1739612230843 9.219278151887544 495
1739612230884 14.390683279920399 496
1739612230924 3.9541518363701025 497
1739612230959 11.487546719227714 498
1739612230994 6.349585831005971 499
