1739555438121 33.20449392110529 0
1739555438166 15.042753242126976 1
1739555438209 22.041221190822583 2
1739555438251 0.7654197251224928 3
1739555438294 1.1239921977458396 4
1739555438337 3.352161360717769 5
1739555438381 0.3809375208216387 6
1739555438422 0.09831923406639546 7
1739555438463 52.17486236854126 8
1739555438505 3.1833606092557845 9
1739555438546 13.34381493091636 10
1739555438588 43.126408413040906 11
1739555438630 23.814578156737014 12
1739555438672 1.3654679523564501 13
1739555438713 0.1438085942663992 14
1739555438755 0.000575050150218548 15
1739555438797 0.8753904500951861 16
1739555438839 2.4005997348391914 17
1739555438882 5.5146792555769 18
1739555438925 2.164890518731219 19
1739555438966 0.10157780085586265 20
1739555439007 0.1833460748567422 21
1739555439048 0.7018175886358343 22
1739555439090 0.06683503682598853 23
1739555439131 45.78355193540632 24
1739555439173 12.97636563762835 25
1739555439213 0.22802245675730623 26
1739555439255 0.10596908873487625 27
1739555439297 1.9526783375140002 28
1739555439340 5.549318199200533 29
1739555439383 41.01711662374949 30
1739555439426 2.575657800836501 31
1739555439469 0.04904714069898335 32
1739555439512 1.5189478834564707 33
1739555439552 2.2055806888632454 34
1739555439594 4.880623143023073 35
1739555439637 0.8980905492583078 36
1739555439704 1.4573718950593217 37
1739555439751 18.39600376406027 38
1739555439797 9.296927763497413 39
1739555439840 6.572218568749288 40
1739555439883 11.551161601159622 41
1739555439926 4.55229661873095 42
1739555439971 8.929115059237137 43
1739555440018 50.80319058794254 44
1739555440061 7.372032880863725 45
1739555440104 44.00271617807013 46
1739555440146 6.267811858901164 47
1739555440189 4.020539823456371 48
1739555440232 1.4153166656808394 49
1739555440276 0.09586339820355559 50
1739555440318 17.002094335753092 51
1739555440361 9.43589582111338 52
1739555440403 43.58071539728729 53
1739555440446 0.30424892081490884 54
1739555440489 2.8012462200173878 55
1739555440532 58.55922580373261 56
1739555440574 2.64792493114558 57
