1739618072180 168.97585627469377 0
1739618072194 168.94222561052774 1
1739618072207 168.90860167898626 2
1739618072220 168.87498447872142 3
1739618072232 168.84137400838566 4
1739618072244 168.80777026663165 5
1739618072257 168.77417325211243 6
1739618072268 168.74058296348122 7
1739618072279 168.7069993993915 8
1739618072291 168.67342255849698 9
1739618072302 168.63985243945183 10
1739618072314 168.60628904091033 11
1739618072325 168.57273236152707 12
1739618072337 168.53918239995684 13
1739618072348 168.50563915485483 14
1739618072371 168.47210262487644 15
1739618072385 168.43857280867732 16
1739618072398 168.40504970491332 17
1739618072410 168.37153331224076 18
1739618072422 168.33802362931604 19
1739618072434 168.3045206547959 20
1739618072447 168.2710243873374 21
1739618072461 168.2375348255978 22
1739618072474 168.20405196823458 23
1739618072487 168.17057581390563 24
1739618072499 168.13710636126902 25
1739618072513 168.10364360898305 26
1739618072525 168.0701875557064 27
1739618072537 168.03673820009791 28
1739618072549 168.00329554081677 29
1739618072561 167.9698595765224 30
1739618072574 167.9364303058745 31
1739618072586 167.903007727533 32
1739618072597 167.86959184015817 33
1739618072609 167.83618264241048 34
1739618072620 167.8027801329507 35
1739618072632 167.76938431043988 36
1739618072643 167.73599517353935 37
1739618072655 167.7026127209106 38
1739618072666 167.66923695121557 39
1739618072679 167.63586786311626 40
1739618072691 167.6025054552751 41
1739618072702 167.56914972635477 42
1739618072714 167.5358006750181 43
1739618072725 167.5024582999283 44
1739618072737 167.46912259974883 45
1739618072748 167.43579357314346 46
1739618072760 167.40247121877604 47
1739618072772 167.36915553531088 48
1739618072783 167.3358465214125 49
1739618072794 167.30254417574568 50
1739618072805 167.2692484969755 51
1739618072817 167.23595948376723 52
1739618072828 167.20267713478648 53
1739618072840 167.16940144869912 54
1739618072851 167.13613242417122 55
1739618072862 167.1028700598692 56
1739618072874 167.0696143544597 57
1739618072886 167.03636530660964 58
1739618072897 167.0031229149862 59
1739618072908 166.96988717825687 60
1739618072920 166.93665809508934 61
1739618072932 166.90343566415157 62
1739618072944 166.87021988411186 63
1739618072956 166.83701075363868 64
1739618072968 166.80380827140087 65
1739618072982 166.7706124360675 66
1739618072993 166.73742324630777 67
1739618073004 166.70424070079144 68
1739618073016 166.67106479818824 69
1739618073027 166.63789553716833 70
1739618073039 166.60473291640204 71
1739618073050 166.57157693456008 72
1739618073062 166.53842759031338 73
1739618073074 166.5052848823331 74
1739618073085 166.47214880929067 75
1739618073096 166.43901936985782 76
1739618073108 166.40589656270652 77
1739618073119 166.37278038650905 78
1739618073130 166.3396708399379 79
1739618073142 166.30656792166582 80
1739618073153 166.27347163036592 81
1739618073165 166.24038196471147 82
1739618073176 166.20729892337604 83
1739618073188 166.1742225050335 84
1739618073199 166.1411527083579 85
1739618073210 166.10808953202368 86
1739618073222 166.07503297470546 87
1739618073233 166.04198303507812 88
1739618073245 166.00893971181682 89
1739618073256 165.975903003597 90
1739618073268 165.9428729090944 91
1739618073279 165.90984942698498 92
1739618073291 165.87683255594493 93
1739618073302 165.84382229465075 94
1739618073313 165.81081864177918 95
1739618073324 165.7778215960073 96
1739618073336 165.7448311560123 97
1739618073347 165.71184732047186 98
1739618073358 165.6788700880638 99
1739618073370 165.64589945746607 100
1739618073382 165.6129354273571 101
1739618073395 165.57997799641547 102
1739618073407 165.54702716332008 103
1739618073419 165.51408292675004 104
1739618073432 165.48114528538483 105
1739618073444 165.44821423790407 106
1739618073455 165.41528978298766 107
1739618073466 165.38237191931586 108
1739618073483 165.3494606455691 109
1739618073494 165.31655596042813 110
1739618073506 165.28365786257393 111
1739618073517 165.25076635068777 112
1739618073529 165.2178814234511 113
1739618073540 165.18500307954577 114
1739618073551 165.15213131765378 115
1739618073563 165.1192661364575 116
1739618073575 165.08640753463945 117
1739618073586 165.05355551088255 118
1739618073598 165.02071006386976 119
1739618073610 164.98787119228456 120
1739618073622 164.95503889481057 121
1739618073634 164.92221317013164 122
1739618073646 164.88939401693196 123
1739618073658 164.8565814338959 124
1739618073670 164.8237754197082 125
1739618073682 164.79097597305383 126
1739618073694 164.75818309261788 127
1739618073707 164.7253967770859 128
1739618073718 164.69261702514362 129
1739618073730 164.65984383547712 130
1739618073742 164.62707720677255 131
1739618073754 164.59431713771642 132
1739618073765 164.56156362699556 133
1739618073777 164.52881667329706 134
1739618073789 164.49607627530818 135
1739618073801 164.46334243171657 136
1739618073813 164.43061514121 137
1739618073824 164.39789440247654 138
1739618073836 164.36518021420463 139
1739618073848 164.33247257508285 140
1739618073859 164.2997714838001 141
1739618073872 164.2670769390456 142
1739618073883 164.23438893950868 143
1739618073895 164.201707483879 144
1739618073907 164.16903257084658 145
1739618073919 164.1363641991016 146
1739618073931 164.10370236733448 147
1739618073942 164.07104707423596 148
1739618073955 164.03839831849706 149
1739618073966 164.005756098809 150
1739618073979 163.9731204138633 151
1739618073990 163.94049126235177 152
1739618074003 163.90786864296638 153
1739618074014 163.87525255439945 154
1739618074026 163.8426429953436 155
1739618074038 163.81003996449155 156
1739618074050 163.77744346053643 157
1739618074062 163.74485348217164 158
1739618074074 163.71227002809067 159
1739618074086 163.6796930969875 160
1739618074098 163.6471226875562 161
1739618074110 163.61455879849117 162
1739618074122 163.58200142848708 163
1739618074134 163.54945057623877 164
1739618074146 163.51690624044153 165
1739618074158 163.4843684197907 166
1739618074170 163.45183711298205 167
1739618074182 163.41931231871152 168
1739618074194 163.38679403567525 169
1739618074205 163.3542822625698 170
1739618074217 163.32177699809196 171
1739618074229 163.28927824093861 172
1739618074241 163.25678598980707 173
1739618074253 163.22430024339485 174
1739618074268 163.19182100039976 175
1739618074283 163.15934825951987 176
1739618074296 163.12688201945338 177
1739618074309 163.09442227889897 178
1739618074321 163.06196903655538 179
1739618074333 163.0295222911218 180
1739618074345 162.9970820412975 181
1739618074358 162.9646482857821 182
1739618074370 162.93222102327542 183
1739618074382 162.8998002524777 184
1739618074394 162.86738597208924 185
1739618074406 162.83497818081074 186
1739618074418 162.80257687734309 187
1739618074431 162.77018206038747 188
1739618074443 162.73779372864527 189
1739618074454 162.70541188081822 190
1739618074466 162.67303651560826 191
1739618074477 162.6406676317176 192
1739618074489 162.60830522784872 193
1739618074501 162.57594930270432 194
1739618074512 162.5435998549874 195
1739618074523 162.5112568834012 196
1739618074535 162.47892038664924 197
1739618074547 162.4465903634353 198
1739618074558 162.4142668124634 199
1739618074569 162.38194973243787 200
1739618074582 162.34963912206308 201
1739618074596 162.31733498004405 202
1739618074608 162.28503730508572 203
1739618074620 162.2527460958935 204
1739618074633 162.2204613511729 205
1739618074646 162.1881830696298 206
1739618074657 162.1559112499702 207
1739618074669 162.1236458909006 208
1739618074680 162.09138699112756 209
1739618074692 162.05913454935796 210
1739618074705 162.02688856429899 211
1739618074717 161.99464903465793 212
1739618074729 161.9624159591425 213
1739618074740 161.93018933646061 214
1739618074752 161.8979691653205 215
1739618074764 161.86575544443045 216
1739618074776 161.83354817249923 217
1739618074788 161.80134734823582 218
1739618074800 161.7691529703494 219
1739618074812 161.73696503754942 220
1739618074824 161.70478354854563 221
1739618074835 161.67260850204798 222
1739618074848 161.64043989676674 223
1739618074859 161.6082777314124 224
1739618074871 161.57612200469566 225
1739618074883 161.5439727153276 226
1739618074894 161.51182986201948 227
1739618074907 161.47969344348283 228
1739618074918 161.44756345842939 229
1739618074930 161.41543990557128 230
1739618074942 161.38332278362074 231
1739618074953 161.35121209129036 232
1739618074965 161.319107827293 233
1739618074977 161.2870099903417 234
1739618074990 161.25491857914975 235
1739618075002 161.2228335924308 236
1739618075013 161.19075502889865 237
1739618075026 161.15868288726745 238
1739618075037 161.12661716625155 239
1739618075049 161.0945578645656 240
1739618075061 161.06250498092444 241
1739618075073 161.0304585140432 242
1739618075085 160.99841846263732 243
1739618075096 160.9663848254224 244
1739618075109 160.93435760111439 245
1739618075120 160.90233678842947 246
1739618075132 160.87032238608393 247
1739618075144 160.83831439279462 248
1739618075156 160.8063128072784 249
1739618075167 160.77431762825245 250
1739618075178 160.74232885443425 251
1739618075191 160.71034648454145 252
1739618075203 160.67837051729208 253
1739618075214 160.6464009514044 254
1739618075225 160.61443778559672 255
1739618075237 160.5824810185879 256
1739618075249 160.5505306490969 257
1739618075260 160.518586675843 258
1739618075272 160.4866490975457 259
1739618075284 160.45471791292465 260
1739618075295 160.42279312069994 261
1739618075306 160.3908747195919 262
1739618075318 160.35896270832095 263
1739618075329 160.32705708560798 264
1739618075340 160.29515785017395 265
1739618075352 160.26326500074015 266
1739618075363 160.2313785360282 267
1739618075374 160.19949845475986 268
1739618075385 160.16762475565722 269
1739618075397 160.13575743744255 270
1739618075409 160.10389649883845 271
1739618075420 160.0720419385678 272
1739618075431 160.04019375535364 273
1739618075443 160.00835194791927 274
1739618075455 159.97651651498833 275
1739618075466 159.94468745528476 276
1739618075478 159.9128647675325 277
1739618075489 159.88104845045603 278
1739618075501 159.84923850277994 279
1739618075512 159.81743492322911 280
1739618075523 159.78563771052865 281
1739618075535 159.753846863404 282
1739618075547 159.72206238058067 283
1739618075558 159.6902842607847 284
1739618075569 159.65851250274216 285
1739618075581 159.6267471051795 286
1739618075592 159.59498806682336 287
1739618075604 159.5632353864007 288
1739618075615 159.53148906263857 289
1739618075626 159.4997490942645 290
1739618075638 159.46801548000616 291
1739618075649 159.43628821859141 292
1739618075661 159.40456730874857 293
1739618075672 159.37285274920595 294
1739618075684 159.34114453869233 295
1739618075695 159.30944267593665 296
1739618075706 159.27774715966814 297
1739618075718 159.2460579886162 298
1739618075729 159.21437516151056 299
1739618075740 159.1826986770812 300
1739618075752 159.15102853405836 301
1739618075763 159.11936473117257 302
1739618075775 159.08770726715446 303
1739618075786 159.05605614073502 304
1739618075797 159.0244113506456 305
1739618075809 158.9927728956176 306
1739618075820 158.96114077438278 307
1739618075831 158.92951498567317 308
1739618075843 158.89789552822103 309
1739618075854 158.86628240075885 310
1739618075866 158.83467560201942 311
1739618075878 158.80307513073572 312
1739618075891 158.77148098564103 313
1739618075902 158.7398931654689 314
1739618075914 158.70831166895312 315
1739618075926 158.67673649482768 316
1739618075939 158.6451676418269 317
1739618075952 158.61360510868528 318
1739618075965 158.58204889413764 319
1739618075977 158.55049899691906 320
1739618075991 158.51895541576476 321
1739618076003 158.48741814941036 322
1739618076014 158.45588719659162 323
1739618076026 158.4243625560446 324
1739618076037 158.3928442265057 325
1739618076049 158.36133220671138 326
1739618076060 158.3298264953985 327
1739618076072 158.2983270913041 328
1739618076083 158.26683399316553 329
1739618076094 158.2353471997204 330
1739618076106 158.20386670970646 331
1739618076118 158.17239252186184 332
1739618076129 158.14092463492486 333
1739618076141 158.10946304763414 334
1739618076152 158.07800775872846 335
1739618076164 158.046558766947 336
1739618076176 158.01511607102898 337
1739618076187 157.98367966971406 338
1739618076199 157.95224956174215 339
1739618076210 157.92082574585328 340
1739618076222 157.88940822078786 341
1739618076233 157.85799698528638 342
1739618076244 157.8265920380898 343
1739618076395 157.79519337793917 344
1739618076417 157.76380100357594 345
1739618076435 157.73241491374165 346
1739618076452 157.70103510717817 347
1739618076468 157.66966158262764 348
1739618076485 157.6382943388324 349
1739618076502 157.6069333745351 350
1739618076519 157.5755786884786 351
1739618076536 157.54423027940604 352
1739618076552 157.5128881460608 353
1739618076568 157.48155228718645 354
1739618076583 157.4502227015269 355
1739618076599 157.41889938782634 356
1739618076614 157.3875823448291 357
1739618076629 157.3562715712798 358
1739618076643 157.3249670659233 359
1739618076657 157.2936688275048 360
1739618076672 157.26237685476968 361
1739618076687 157.23109114646357 362
1739618076704 157.19981170133235 363
1739618076720 157.16853851812218 364
1739618076735 157.13727159557936 365
1739618076750 157.1060109324507 366
1739618076765 157.07475652748295 367
1739618076779 157.04350837942332 368
1739618076794 157.0122664870192 369
1739618076808 156.98103084901823 370
1739618076823 156.94980146416825 371
1739618076838 156.91857833121747 372
1739618076852 156.88736144891433 373
1739618076866 156.85615081600739 374
1739618076881 156.82494643124556 375
1739618076895 156.79374829337806 376
1739618076910 156.76255640115426 377
1739618076924 156.73137075332374 378
1739618076939 156.70019134863648 379
1739618076954 156.66901818584262 380
1739618076969 156.63785126369254 381
1739618076985 156.60669058093694 382
1739618077001 156.5755361363266 383
1739618077016 156.54438792861276 384
1739618077030 156.5132459565469 385
1739618077045 156.48211021888056 386
1739618077059 156.4509807143656 387
1739618077074 156.4198574417543 388
1739618077088 156.38874039979893 389
1739618077103 156.35762958725226 390
1739618077117 156.32652500286713 391
1739618077132 156.29542664539667 392
1739618077147 156.26433451359435 393
1739618077161 156.23324860621375 394
1739618077176 156.20216892200884 395
1739618077191 156.17109545973372 396
1739618077206 156.14002821814273 397
1739618077221 156.10896719599063 398
1739618077235 156.07791239203226 399
1739618077250 156.04686380502275 400
1739618077264 156.01582143371758 401
1739618077279 155.98478527687223 402
1739618077295 155.95375533324278 403
1739618077309 155.92273160158527 404
1739618077324 155.89171408065607 405
1739618077339 155.86070276921188 406
1739618077355 155.8296976660096 407
1739618077369 155.7986987698063 408
1739618077385 155.76770607935939 409
1739618077399 155.73671959342656 410
1739618077414 155.70573931076564 411
1739618077429 155.67476523013474 412
1739618077445 155.64379735029232 413
1739618077460 155.6128356699969 414
1739618077475 155.5818801880075 415
1739618077490 155.5509309030831 416
1739618077505 155.5199878139832 417
1739618077523 155.48905091946736 418
1739618077537 155.45812021829548 419
1739618077552 155.42719570922762 420
1739618077567 155.3962773910242 421
1739618077582 155.36536526244586 422
1739618077597 155.33445932225342 423
1739618077612 155.30355956920798 424
1739618077627 155.272666002071 425
1739618077642 155.24177861960396 426
1739618077657 155.21089742056873 427
1739618077672 155.18002240372755 428
1739618077687 155.14915356784263 429
1739618077703 155.11829091167664 430
1739618077717 155.0874344339924 431
1739618077732 155.056584133553 432
1739618077747 155.02574000912185 433
1739618077762 154.99490205946245 434
1739618077777 154.96407028333869 435
1739618077791 154.93324467951462 436
1739618077806 154.90242524675463 437
1739618077820 154.87161198382327 438
1739618077834 154.84080488948536 439
1739618077848 154.81000396250596 440
1739618077863 154.77920920165045 441
1739618077877 154.74842060568434 442
1739618077891 154.71763817337347 443
1739618077905 154.68686190348393 444
1739618077920 154.65609179478201 445
1739618077934 154.62532784603425 446
1739618077949 154.59457005600743 447
1739618077964 154.5638184234687 448
1739618077978 154.53307294718525 449
1739618077992 154.5023336259247 450
1739618078012 154.47160045845487 451
1739618078028 154.4408734435437 452
1739618078041 154.4101525799595 453
1739618078056 154.37943786647082 454
1739618078071 154.34872930184648 455
1739618078086 154.31802688485544 456
1739618078100 154.28733061426703 457
1739618078115 154.2566404888507 458
1739618078130 154.22595650737628 459
1739618078145 154.19527866861375 460
1739618078160 154.16460697133334 461
1739618078174 154.13394141430564 462
1739618078188 154.1032819963013 463
1739618078203 154.07262871609134 464
1739618078217 154.041981572447 465
1739618078232 154.01134056413986 466
1739618078247 153.98070568994154 467
1739618078261 153.95007694862406 468
1739618078276 153.9194543389596 469
1739618078291 153.88883785972072 470
1739618078304 153.85822750968006 471
1739618078319 153.82762328761066 472
1739618078333 153.79702519228562 473
1739618078348 153.7664332224785 474
1739618078364 153.7358473769629 475
1739618078379 153.70526765451282 476
1739618078394 153.6746940539025 477
1739618078409 153.64412657390633 478
1739618078424 153.6135652132989 479
1739618078439 153.5830099708553 480
1739618078454 153.55246084535057 481
1739618078468 153.52191783556015 482
1739618078482 153.49138094025975 483
1739618078497 153.4608501582253 484
1739618078512 153.43032548823285 485
1739618078527 153.39980692905883 486
1739618078543 153.36929447947995 487
1739618078559 153.33878813827303 488
1739618078574 153.30828790421523 489
1739618078588 153.2777937760839 490
1739618078602 153.24730575265667 491
1739618078617 153.21682383271144 492
1739618078631 153.1863480150263 493
1739618078646 153.1558782983796 494
1739618078660 153.12541468154993 495
1739618078675 153.09495716331614 496
1739618078689 153.0645057424573 497
1739618078704 153.03406041775278 498
1739618078718 153.00362118798216 499
