1739554900356 168.72090282371335 0
1739554900364 167.42122097694488 1
1739554900372 166.15227425788476 2
1739554900379 164.89379671282038 3
1739554900387 163.64574443514064 4
1739554900395 162.40798803114694 5
1739554900402 161.18048485196658 6
1739554900410 159.963107116742 7
1739554900417 158.75581341197383 8
1739554900425 157.55847754442203 9
1739554900432 156.37105931397898 10
1739554900440 155.19343409020456 11
1739554900447 154.02556286477815 12
1739554900456 152.8673225456411 13
1739554900464 151.71867529502595 14
1739554900471 150.57949953522942 15
1739554900479 149.44975857816794 16
1739554900487 148.32933233685372 17
1739554900495 147.21818525237592 18
1739554900503 146.11619870520232 19
1739554900510 145.02333824543595 20
1739554900518 143.93950743062382 21
1739554900526 142.8646106593825 22
1739554900533 141.79861511056825 23
1739554900542 140.74140573168265 24
1739554900549 139.69295076170127 25
1739554900560 138.65313653707398 26
1739554900568 137.62193233792382 27
1739554900577 136.59922586802327 28
1739554900585 135.584987429997 29
1739554900592 134.57910607366117 30
1739554900600 133.58155310581716 31
1739554900607 132.59221890138727 32
1739554900615 131.61107575334003 33
1739554900622 130.63801534110206 34
1739554900630 129.6730109261095 35
1739554900638 128.7159554720219 36
1739554900645 127.76682319134832 37
1739554900654 126.82550831203456 38
1739554900661 125.89198598056745 39
1739554900669 124.96617162421457 40
1739554900676 124.0479814027316 41
1739554900684 123.13739183443583 42
1739554900692 122.23430022052806 43
1739554900699 121.33868397184364 44
1739554900708 120.45044158653978 45
1739554900718 119.56955135188434 46
1739554900726 118.69591294444233 47
1739554900734 117.82950551210583 48
1739554900742 116.97022989159585 49
1739554900750 116.11806607589347 50
1739554900757 115.2729160439158 51
1739554900765 114.4347606184658 52
1739554900772 113.60350290298412 53
1739554900780 112.77912453509228 54
1739554900787 111.96152972536431 55
1739554900795 111.15070091149617 56
1739554900803 110.34654339408328 57
1739554900810 109.54904039640665 58
1739554900818 108.75809829224453 59
1739554900826 107.97370107622416 60
1739554900834 107.19577534257662 61
1739554900842 106.42424831513291 62
1739554900850 105.6591051216537 63
1739554900861 104.90025474468075 64
1739554900870 104.14768304879225 65
1739554900877 103.40130003286762 66
1739554900885 102.66109228490772 67
1739554900893 101.92697080446759 68
1739554900900 101.1989228898076 69
1739554900907 100.47686052574636 70
1739554900915 99.76077170786893 71
1739554900923 99.05056939109092 72
1739554900930 98.3462422556114 73
1739554900938 97.6477042115185 74
1739554900945 96.95494461113493 75
1739554900953 96.26787830503463 76
1739554900960 95.58649530539027 77
1739554900968 94.9107113888089 78
1739554900976 94.24051721525248 79
1739554900983 93.57582947313873 80
1739554900991 92.91663945836753 81
1739554900998 92.2628831967577 82
1739554901006 91.6144972561251 83
1739554901013 90.97147386677922 84
1739554901021 90.3337319336391 85
1739554901028 89.70126429421673 86
1739554901036 89.0739907172227 87
1739554901044 88.45190463622545 88
1739554901051 87.83492667049516 89
1739554901059 87.22305083870442 90
1739554901066 86.61619859766158 91
1739554901074 86.01436454038158 92
1739554901081 85.41747094839639 93
1739554901089 84.82551297848902 94
1739554901097 84.23841372430405 95
1739554901105 83.65616889600246 96
1739554901112 83.07870238693069 97
1739554901120 82.50601045041844 98
1739554901127 81.93801776730064 99
1739554901135 81.37472112404434 100
1739554901143 80.81604597695322 101
1739554901150 80.26198963577544 102
1739554901158 79.71249609675912 103
1739554901165 79.16750982347813 104
1739554901174 78.62702889477171 105
1739554901181 78.09098065199419 106
1739554901189 77.55936367337105 107
1739554901197 77.0321060351382 108
1739554901205 76.50920680564006 109
1739554901212 75.99059478480869 110
1739554901220 75.47626952200223 111
1739554901228 74.96616052984058 112
1739554901236 74.4602678297494 113
1739554901243 73.95852163620265 114
1739554901251 73.46092243390393 115
1739554901259 72.9674011285187 116
1739554901266 72.47795865939264 117
1739554901274 71.9925266128891 118
1739554901281 71.51110637451123 119
1739554901289 71.03363020099252 120
1739554901296 70.56009991565756 121
1739554901304 70.09044843544565 122
1739554901311 69.6246780133128 123
1739554901319 69.16272221640045 124
1739554901326 68.70458371924968 125
1739554901334 68.25021384300432 126
1739554901341 67.79956430684848 127
1739554901349 67.3526384051971 128
1739554901357 66.90937128568292 129
1739554901364 66.46976664480228 130
1739554901372 66.03376024660527 131
1739554901379 65.6013561821069 132
1739554901387 65.17249082246235 133
1739554901395 64.74716864577537 134
1739554901402 64.32532662114095 135
1739554901410 63.90696960645221 136
1739554901417 63.49203515972318 137
1739554901425 63.08052851146557 138
1739554901432 62.67238779973371 139
1739554901440 62.26761862061325 140
1739554901447 61.86615968346008 141
1739554901455 61.468016943013176 142
1739554901463 61.073129671328914 143
1739554901471 60.681504175000924 144
1739554901478 60.29308028032033 145
1739554901486 59.90786463905661 146
1739554901494 59.525797623403186 147
1739554901502 59.14688622374439 148
1739554901509 58.7710713499744 149
1739554901517 58.39836032464734 150
1739554901524 58.02871104938233 151
1739554901532 57.662081760894104 152
1739554901539 57.29848027043025 153
1739554901547 56.937848794818194 154
1739554901554 56.58019546185601 155
1739554901564 56.225462998368876 156
1739554901575 55.87365984265005 157
1739554901583 55.524729223885224 158
1739554901591 55.178679884914736 159
1739554901599 54.835455549767325 160
1739554901606 54.49506525998762 161
1739554901614 54.15745322704788 162
1739554901621 53.82262878545775 163
1739554901628 53.49053662684955 164
1739554901636 53.16118637306036 165
1739554901644 52.83452318871323 166
1739554901651 52.510556977435165 167
1739554901658 52.18923336978293 168
1739554901666 51.870562545734174 169
1739554901673 51.55449059483287 170
1739554901680 51.24102796806473 171
1739554901689 50.930121207123086 172
1739554901696 50.62178102875401 173
1739554901704 50.31595442006949 174
1739554901712 50.0126523584215 175
1739554901720 49.71183814502765 176
1739554901727 49.41347536390005 177
1739554901735 49.11757537611068 178
1739554901742 48.824086251279084 179
1739554901750 48.533019598595054 180
1739554901757 48.244323910356954 181
1739554901765 47.95801103903221 182
1739554901772 47.6740298933277 183
1739554901780 47.39239256423459 184
1739554901788 47.11304837069593 185
1739554901795 46.836009637557595 186
1739554901803 46.56122608792261 187
1739554901810 46.28871027590594 188
1739554901818 46.018412322789274 189
1739554901825 45.75034500745295 190
1739554901833 45.48445884346906 191
1739554901840 45.22076683006025 192
1739554901848 44.95921986729261 193
1739554901857 44.699831170387 194
1739554901864 44.44255202019737 195
1739554901872 44.18739584367667 196
1739554901879 43.93431429684924 197
1739554901887 43.68332101421037 198
1739554901895 43.4343680214248 199
1739554901903 43.187469156415624 200
1739554901911 42.94259215590694 201
1739554901919 42.69970499587379 202
1739554901926 42.45882181410288 203
1739554901934 42.219895534448526 204
1739554901942 41.98294048815907 205
1739554901949 41.74790995004223 206
1739554901957 41.51481844094641 207
1739554901964 41.28361958147883 208
1739554901972 41.054328078295896 209
1739554901979 40.82689789273044 210
1739554901988 40.60134391352296 211
1739554901995 40.37762043773672 212
1739554902003 40.15574253253957 213
1739554902011 39.93566482580739 214
1739554902018 39.71740255954467 215
1739554902026 39.500910687598186 216
1739554902034 39.28620462328314 217
1739554902041 39.073239641650545 218
1739554902048 38.86203132386403 219
1739554902056 38.652535261485895 220
1739554902064 38.44476720012861 221
1739554902072 38.23868304324531 222
1739554902079 38.034298697559215 223
1739554902087 37.83157037386536 224
1739554902095 37.630514136720016 225
1739554902102 37.43108649978143 226
1739554902109 37.233303682220665 227
1739554902117 37.03713733105219 228
1739554902125 36.84255929357934 229
1739554902132 36.649586017264205 230
1739554902139 36.458174751501716 231
1739554902147 36.268342090576404 232
1739554902155 36.080045571608295 233
1739554902162 35.893301932686015 234
1739554902170 35.708068994478644 235
1739554902178 35.52436363591553 236
1739554902187 35.34214395710298 237
1739554902194 35.16142697490167 238
1739554902202 34.982171064806664 239
1739554902210 34.804393378753595 240
1739554902217 34.628052563640004 241
1739554902225 34.45316590367227 242
1739554902232 34.2796923132255 243
1739554902240 34.10764920602376 244
1739554902247 33.93699576005513 245
1739554902254 33.767749515858604 246
1739554902262 33.599869911229995 247
1739554902270 33.433374610869954 248
1739554902277 33.26822330863518 249
1739554902285 33.1044337907833 250
1739554902293 32.94196600354252 251
1739554902301 32.780837852170514 252
1739554902308 32.62100953163418 253
1739554902316 32.46249906368121 254
1739554902323 32.30528126613138 255
1739554902330 32.14933112497296 256
1739554902338 31.99466683435882 257
1739554902345 31.841249193294153 258
1739554902353 31.689096506346736 259
1739554902360 31.538169808978264 260
1739554902368 31.388487513819257 261
1739554902375 31.240010889398718 262
1739554902382 31.092758454101098 263
1739554902390 30.946691706185305 264
1739554902398 30.801829267523527 265
1739554902406 30.65813286281815 266
1739554902413 30.515621215204742 267
1739554902421 30.374256272592884 268
1739554902428 30.2340568571983 269
1739554902436 30.094985136950893 270
1739554902444 29.957060031003703 271
1739554902452 29.82024392416861 272
1739554902459 29.684555830432867 273
1739554902467 29.549958348399834 274
1739554902474 29.416470584826858 275
1739554902482 29.28405534906533 276
1739554902489 29.15273183861688 277
1739554902497 29.02246307058379 278
1739554902505 28.893268331223865 279
1739554902513 28.765110842438713 280
1739554902521 28.63800997729117 281
1739554902528 28.511943128957974 282
1739554902536 28.386887832233185 283
1739554902543 28.262863589084105 284
1739554902551 28.139834118512212 285
1739554902558 28.017819004569624 286
1739554902566 27.896782161075294 287
1739554902573 27.776743252339525 288
1739554902580 27.657666384243473 289
1739554902588 27.53957129956315 290
1739554902595 27.42242229352841 291
1739554902604 27.306239185622037 292
1739554902611 27.1909864577502 293
1739554902619 27.076684004376496 294
1739554902626 26.96329649145147 295
1739554902634 26.850843886725986 296
1739554902641 26.739291037602786 297
1739554902649 26.6286579834583 298
1739554902657 26.518909750594496 299
1739554902664 26.41006644838295 300
1739554902671 26.302093279510387 301
1739554902679 26.195010421743838 302
1739554902686 26.088783251678326 303
1739554902694 25.983432013906803 304
1739554902702 25.87892225649344 305
1739554902709 25.775274289317256 306
1739554902717 25.672453829509195 307
1739554902724 25.570481250723628 308
1739554902732 25.469322436792066 309
1739554902740 25.368997823662113 310
1739554902747 25.2694870388012 311
1739554902755 25.170769827811334 312
1739554902762 25.07286671963841 313
1739554902769 24.97574400246779 314
1739554902777 24.879422263955217 315
1739554902784 24.7838679509818 316
1739554902792 24.68910170852728 317
1739554902799 24.59509013995815 318
1739554902808 24.501853946218727 319
1739554902815 24.409359884983786 320
1739554902823 24.31762871182868 321
1739554902830 24.226627336591985 322
1739554902841 24.136376568172093 323
1739554902850 24.046843466458995 324
1739554902858 23.958048892391158 325
1739554902867 23.869960053829224 326
1739554902875 23.78259786249339 327
1739554902882 23.695929672165324 328
1739554902890 23.609976444112707 329
1739554902897 23.52470567601927 330
1739554902906 23.440138377489696 331
1739554902913 23.35624218812096 332
1739554902921 23.273038164667575 333
1739554902929 23.190494086680605 334
1739554902936 23.108631056900126 335
1739554902944 23.027416992901365 336
1739554902952 22.946873042268198 337
1739554902959 22.866967258698846 338
1739554902967 22.787720833501286 339
1739554902975 22.70910195462389 340
1739554902982 22.631131856000746 341
1739554902991 22.553792069384443 342
1739554902998 22.477064224206167 343
1739554903008 22.400969618603085 344
1739554903015 22.3254767658594 345
1739554903023 22.250607004085822 346
1739554903030 22.176328974478405 347
1739554903038 22.10266405409637 348
1739554903045 22.02958101029679 349
1739554903053 21.957101258082368 350
1739554903061 21.885193689246353 351
1739554903068 21.813879755749532 352
1739554903076 21.74312847212207 353
1739554903083 21.672961326316752 354
1739554903090 21.603347453926485 355
1739554903098 21.53430837794898 356
1739554903106 21.465813353390537 357
1739554903114 21.397883937365272 358
1739554903121 21.330489502667884 359
1739554903128 21.263651639618708 360
1739554903136 21.197339837199863 361
1739554903143 21.131575718045674 362
1739554903151 21.066328885748298 363
1739554903159 21.00162099438143 364
1739554903166 20.937421760593214 365
1739554903173 20.873752869039425 366
1739554903181 20.810584147892968 367
1739554903188 20.747937311551457 368
1739554903196 20.685782298203915 369
1739554903204 20.624140851166203 370
1739554903212 20.562995925177713 371
1739554903220 20.50233055701194 372
1739554903227 20.44216653413002 373
1739554903235 20.382474061028088 374
1739554903243 20.323274952097766 375
1739554903250 20.26453951674358 376
1739554903258 20.206289595520182 377
1739554903265 20.14849560132903 378
1739554903273 20.091179400135836 379
1739554903280 20.034311506948185 380
1739554903288 19.977913812405898 381
1739554903295 19.92195693225231 382
1739554903303 19.8664627810793 383
1739554903310 19.81140207401557 384
1739554903318 19.75679674889756 385
1739554903326 19.702617618908747 386
1739554903333 19.64888664443694 387
1739554903341 19.59557473540919 388
1739554903348 19.54270387408558 389
1739554903356 19.490245065844668 390
1739554903364 19.438220314153472 391
1739554903371 19.38660071856887 392
1739554903378 19.335408303113045 393
1739554903386 19.284614260266505 394
1739554903394 19.234240633968135 395
1739554903401 19.184258708385666 396
1739554903409 19.13469054674928 397
1739554903416 19.0855075236955 398
1739554903424 19.036731721133236 399
1739554903431 18.988334602967086 400
1739554903439 18.940338269184664 401
1739554903447 18.892714271775347 402
1739554903455 18.84548472821787 403
1739554903462 18.798633882082623 404
1739554903470 18.752146044448896 405
1739554903478 18.706043360233068 406
1739554903485 18.660297594293965 407
1739554903493 18.614930907622643 408
1739554903501 18.569915149154596 409
1739554903509 18.5252724954094 410
1739554903517 18.48097487829114 411
1739554903525 18.437044489313188 412
1739554903533 18.393453342256063 413
1739554903541 18.35022364310341 414
1739554903548 18.3073274864358 415
1739554903556 18.264787092194563 416
1739554903564 18.222574634699512 417
1739554903571 18.180712347347818 418
1739554903579 18.139172483152972 419
1739554903586 18.097977288476738 420
1739554903594 18.057099093995745 421
1739554903601 18.01656015855548 422
1739554903609 17.976332889480044 423
1739554903617 17.936439557627946 424
1739554903625 17.89685264596959 425
1739554903633 17.857594436915836 426
1739554903640 17.81863748809667 427
1739554903648 17.780004093024388 428
1739554903655 17.741666883015956 429
1739554903663 17.70364816224387 430
1739554903670 17.66592063475338 431
1739554903678 17.628506614945398 432
1739554903685 17.59137887864849 433
1739554903693 17.554559750069462 434
1739554903701 17.518034431443862 435
1739554903708 17.481788181415908 436
1739554903716 17.445843340405286 437
1739554903724 17.410172857375365 438
1739554903732 17.374799081534892 439
1739554903740 17.33969503042825 440
1739554903747 17.304883061661858 441
1739554903755 17.270336260475354 442
1739554903762 17.236076992489988 443
1739554903770 17.202078409767466 444
1739554903777 17.16836288556941 445
1739554903785 17.134903637918814 446
1739554903793 17.10172304735144 447
1739554903800 17.06879439700303 448
1739554903808 17.036140074325264 449
1739554903816 17.003733426730168 450
1739554903824 16.97159684823507 451
1739554903831 16.93970374970361 452
1739554903839 16.908076531376267 453
1739554903847 16.87668866675533 454
1739554903855 16.845562561969526 455
1739554903863 16.814671752358333 456
1739554903873 16.784038649611315 457
1739554903881 16.753636850115015 458
1739554903889 16.72348877079973 459
1739554903897 16.69356806832008 460
1739554903904 16.663897164534248 461
1739554903912 16.634449775596906 462
1739554903920 16.605248327988303 463
1739554903928 16.576266596606008 464
1739554903935 16.54752701225344 465
1739554903943 16.519003407824535 466
1739554903951 16.490718218153805 467
1739554903958 16.462657456984168 468
1739554903965 16.434807184806928 469
1739554903973 16.40718984424664 470
1739554903980 16.37977940771319 471
1739554903988 16.352598321160944 472
1739554903995 16.32562061246493 473
1739554904003 16.298868730640056 474
1739554904011 16.27231675832599 475
1739554904019 16.24598714733514 476
1739554904027 16.219854034381072 477
1739554904035 16.193939873816802 478
1739554904042 16.16821885574872 479
1739554904050 16.142713436819534 480
1739554904058 16.1173978598569 481
1739554904066 16.092294583548238 482
1739554904073 16.067377902780237 483
1739554904080 16.042670278045804 484
1739554904089 16.018146055637708 485
1739554904096 15.993827697620766 486
1739554904104 15.969689601049948 487
1739554904111 15.94575422933402 488
1739554904119 15.921996029655183 489
1739554904127 15.8984374665436 490
1739554904134 15.875053036682619 491
1739554904142 15.851865205506606 492
1739554904150 15.828848518582602 493
1739554904157 15.806025442037257 494
1739554904164 15.783370569712432 495
1739554904172 15.760906368220272 496
1739554904179 15.738607479076979 497
1739554904187 15.716496369178465 498
1739554904194 15.69454772712314 499
