1739557113793 35.36389403675202 0
1739557113833 1.7670366841422924 1
1739557113873 1.2080100237054376 2
1739557113911 16.83390236377226 3
1739557113949 0.004273371377007694 4
1739557113990 6.648320830926208 5
1739557114032 8.593492305810488 6
1739557114071 10.090098235738573 7
1739557114109 18.747976870200013 8
1739557114147 17.14454154310967 9
1739557114186 1.8868849351682073 10
1739557114224 5.4434549450152065 11
1739557114262 12.065690461082852 12
1739557114300 18.53822999698096 13
1739557114338 34.615559461842466 14
1739557114376 28.603682298182004 15
1739557114414 0.5788390083723594 16
1739557114452 92.02269300943178 17
1739557114490 54.07208548049496 18
1739557114528 6.944572366353829 19
1739557114566 0.6791074424158978 20
1739557114604 3.8813589342187877 21
1739557114642 89.20572552580106 22
1739557114680 12.765225059852826 23
1739557114718 1.601324293906757 24
1739557114757 50.88448640669483 25
1739557114796 4.676970274500471 26
1739557114834 6.58337549869985 27
1739557114873 22.5607269599016 28
1739557114911 17.738190631267454 29
1739557114949 17.00350516548558 30
1739557114989 51.98803672202477 31
1739557115032 47.98202840580837 32
1739557115102 19.78395473317281 33
1739557115144 49.9208176313975 34
1739557115186 6.484465335618041 35
1739557115228 0.8831100735135943 36
1739557115269 0.01391181614788704 37
1739557115311 9.944375984894227 38
1739557115352 8.021376026972527 39
1739557115394 1.0708811146875805 40
1739557115435 22.179835599271684 41
1739557115476 22.404630768502894 42
1739557115516 17.375513778952893 43
1739557115554 0.863123986732684 44
1739557115593 8.111592933436715 45
1739557115634 2.350631397857736 46
1739557115677 3.1013471263973957 47
1739557115716 11.046139246138877 48
1739557115755 10.111903727477097 49
1739557115793 8.965350801624693 50
1739557115832 45.919629761130615 51
1739557115869 8.488250287746292 52
1739557115908 7.961711823718969 53
1739557115946 2.766495779576415 54
1739557115983 0.525920511384227 55
1739557116022 2.0370061413001848 56
1739557116060 13.735687737606169 57
1739557116098 0.35476503492069067 58
1739557116136 0.5524387631647367 59
1739557116174 11.137763750520156 60
1739557116212 14.231978003594088 61
1739557116250 2.6575883900006234 62
1739557116288 1.8333786679986688 63
1739557116327 0.6490850137660392 64
1739557116365 4.174222333365797 65
1739557116404 0.01298488860789671 66
1739557116441 21.59494792030447 67
1739557116479 1.7598563475021551 68
1739557116518 3.235565740030942 69
1739557116556 0.4416995569270653 70
1739557116593 9.13561167555046 71
1739557116632 1.4572252533466965 72
1739557116670 10.48573871703382 73
1739557116708 38.62901295297097 74
1739557116746 2.7540853512286834 75
1739557116784 8.954102975973404 76
1739557116823 3.823979683255546 77
1739557116861 12.758302700939913 78
1739557116899 0.12332411298862864 79
1739557116938 2.9979334718558226 80
1739557116977 0.2137477312852596 81
1739557117016 2.668083857005827 82
1739557117054 4.688929048408846 83
1739557117091 1.0059215711996496 84
1739557117130 0.10045907203762369 85
1739557117168 5.6382522863261135 86
1739557117207 7.331820305590925 87
1739557117245 5.1684053079732175 88
1739557117283 6.28098762361027 89
1739557117322 1.243149077986293 90
1739557117360 1.6588305383472388 91
1739557117399 0.6891417737422008 92
1739557117437 14.899457498759794 93
1739557117475 32.575706116427824 94
1739557117512 3.8329797672133186 95
1739557117551 7.413841193345093 96
1739557117590 4.030217938459342 97
1739557117629 0.9292678598502999 98
1739557117669 4.216514587419935 99
1739557117709 1.7734582403065118 100
1739557117750 4.965872044164776 101
1739557117793 3.9013511000627097 102
1739557117834 8.479277592834995 103
