1739616564018 47.54661319189973 0
1739616564051 0.2720257008985178 1
1739616564084 6.715834027431447 2
1739616564117 12.927990781126416 3
1739616564150 7.058735141531292 4
1739616564191 7.317596029755023 5
1739616564224 8.131768598982632 6
1739616564257 10.936523900542579 7
1739616564289 27.520660504603576 8
1739616564321 7.943719089335766 9
1739616564353 5.498071773380179 10
1739616564385 3.8190044250304607 11
1739616564417 0.06219642208525259 12
1739616564449 29.4423983591895 13
1739616564481 27.85643426306207 14
1739616564514 1.1011636786214423 15
1739616564547 22.715804261461866 16
1739616564579 6.389072196901831 17
1739616564613 1.1304197291243736 18
1739616564645 13.602141850085038 19
1739616564677 20.512120975803796 20
1739616564709 15.210423449914135 21
1739616564741 0.008302067668655887 22
1739616564773 0.8121256493019688 23
1739616564806 2.8267880118325905 24
1739616564838 1.3242115749632561 25
1739616564870 12.108997765616389 26
1739616564903 5.0342674205965565 27
1739616564935 3.784976977177772 28
1739616564967 0.41680729125789645 29
1739616564999 6.690798264580388 30
1739616565032 33.38782542626527 31
1739616565064 2.9447172369793306 32
1739616565096 33.53706665091974 33
1739616565128 1.1968373740246219 34
1739616565160 13.229433772842345 35
1739616565193 1.3080268987992059 36
1739616565227 0.06787017703621982 37
1739616565260 22.24938357987581 38
1739616565292 0.02301969844938276 39
1739616565324 35.11761554811428 40
1739616565356 1.1006742890151393 41
1739616565389 28.460677957925167 42
1739616565421 5.8366746524506254 43
1739616565454 9.594339856555171 44
1739616565486 1.1714747593220103 45
1739616565518 8.015504254733093 46
1739616565550 31.797413887413786 47
1739616565583 2.580875538538695 48
1739616565615 0.02358274413539085 49
1739616565647 28.81387520993722 50
1739616565680 8.838421674941916 51
1739616565712 0.17622949561347345 52
1739616565744 3.1827359587208774 53
1739616565776 0.6921615960100685 54
1739616565808 3.2660311273826785 55
1739616565840 6.550550760139283 56
1739616565872 2.703379870302798 57
1739616565904 33.84268290094592 58
1739616565936 0.00539884247961707 59
1739616565969 0.7342677681015014 60
1739616566001 16.041681801998777 61
1739616566033 0.5236661432583486 62
1739616566065 8.636931880600917 63
1739616566098 10.341233458286771 64
1739616566130 9.10254065487892 65
1739616566162 15.280447089429959 66
1739616566194 20.498840465406854 67
1739616566227 11.411521771753113 68
1739616566259 7.08530063950003 69
1739616566290 5.21017083694671 70
1739616566323 29.053699530567428 71
1739616566355 9.756602084746717 72
1739616566387 9.136787670724651 73
1739616566419 1.020069384651855 74
1739616566452 7.290723047707531 75
1739616566484 5.5464527695701475 76
1739616566516 11.132729671445388 77
1739616566548 0.9607159646149597 78
1739616566580 11.028634642502926 79
1739616566612 0.0002521107614090627 80
1739616566645 0.2496735324274044 81
1739616566677 6.9421556082436275 82
1739616566710 5.848668330119356 83
1739616566743 9.419808815666954 84
1739616566775 20.247576017375266 85
1739616566807 2.1989863277860087 86
1739616566839 0.8901604288804975 87
1739616566871 15.753393527456716 88
1739616566904 1.8384501140648284 89
1739616566936 1.9846537510672932 90
1739616566968 72.48262521215332 91
1739616567000 50.15136116917729 92
1739616567032 11.035605240450732 93
1739616567064 4.871394747391041 94
1739616567097 0.011525064169758945 95
1739616567129 1.6198156206918914 96
1739616567161 0.015861436235475666 97
1739616567193 0.06005208314803988 98
1739616567225 9.571579745715084 99
1739616567257 0.042819221049675386 100
1739616567290 1.5485693786748196 101
1739616567322 14.708682248830545 102
1739616567354 12.752851587602489 103
1739616567386 4.637684862738911 104
1739616567418 2.7088499895561076 105
1739616567450 10.968050966696389 106
1739616567483 2.5564652961317886 107
1739616567516 2.3660756409021886 108
1739616567548 57.61257314731422 109
1739616567580 0.2114782380679947 110
1739616567613 7.079583113790663 111
1739616567645 0.13480812931720348 112
1739616567677 7.238369597735712 113
1739616567709 19.88579847262542 114
1739616567740 5.8528983754681185 115
1739616567772 4.737974175082848 116
1739616567804 2.6782098013402833 117
1739616567836 13.764332298699863 118
1739616567869 2.9688923194486008 119
1739616567901 14.226195998038671 120
1739616567934 1.2105291165140761 121
1739616567965 52.133076149434174 122
1739616567998 4.841908408979522 123
1739616568030 0.38234838424392625 124
1739616568063 0.708201172075225 125
1739616568095 7.467867672619292 126
1739616568152 0.11528049875314358 127
1739616568190 6.135968736724167 128
1739616568223 16.528390054910886 129
1739616568255 20.98722550184353 130
1739616568288 11.842628484060029 131
1739616568320 5.452480000924909 132
1739616568352 0.026385557344711853 133
1739616568385 27.346827312290827 134
1739616568417 4.123287328898966 135
1739616568449 13.943868534370589 136
1739616568481 1.7119389363413957 137
1739616568513 0.04589611998014448 138
1739616568545 1.1163330777089637 139
1739616568578 4.630754214815308 140
1739616568610 4.494457559403099 141
1739616568642 1.5176092201201232 142
1739616568673 0.3301561040064006 143
1739616568706 19.271110436253835 144
1739616568738 7.253372419790684 145
1739616568770 1.6760858270161976 146
1739616568803 6.538203674190581 147
1739616568836 3.0227456015573186 148
1739616568868 8.26078270814328 149
1739616568901 3.7380660485748605 150
1739616568933 19.747342471073615 151
1739616568965 2.134907273775901 152
1739616568997 12.261952597565433 153
1739616569030 3.563234097844221 154
1739616569062 1.6161636209547183 155
1739616569094 0.34171805822649864 156
1739616569126 1.5450462415754438 157
1739616569158 1.624731318457459 158
1739616569190 1.1859675585884994 159
1739616569222 30.844256357767282 160
1739616569256 14.778414373704537 161
1739616569288 5.256546482434172 162
1739616569321 3.3745834726259294 163
1739616569353 10.59318881712435 164
1739616569385 57.05225738317584 165
1739616569417 2.240505158027336 166
1739616569449 0.8790585528810236 167
1739616569481 3.102799457797693 168
1739616569514 38.21981357447819 169
1739616569546 0.7785843911508077 170
1739616569578 0.31025621934968756 171
1739616569611 2.6065190441722543 172
1739616569644 11.045199706673005 173
1739616569676 0.6162946954180851 174
1739616569708 39.130475962285665 175
1739616569740 29.497940297678188 176
1739616569772 0.061759096969215097 177
1739616569805 0.16967233745493993 178
1739616569837 9.719111746112674 179
1739616569869 13.717855946875638 180
1739616569901 1.1666295400892968 181
1739616569933 5.403479265328607 182
1739616569965 28.149664064619135 183
1739616569998 0.2585258870312735 184
1739616570030 19.51058564263403 185
1739616570062 5.448321727277524 186
1739616570095 10.79057970153842 187
1739616570127 1.1534192664007394 188
1739616570159 9.631832708405076 189
1739616570191 25.32673744021252 190
1739616570223 1.0920527623732144 191
1739616570255 4.252180967164196 192
1739616570287 3.5271204372913916 193
1739616570319 0.7122156202144531 194
1739616570352 1.6269739749129375 195
1739616570384 2.0869760028111006 196
1739616570415 0.07354445369899722 197
1739616570448 0.849366387171014 198
1739616570480 1.7102503026640004 199
1739616570512 2.6227707420792776 200
1739616570544 4.334684252342367 201
1739616570576 27.639394025662675 202
1739616570608 46.80554552066398 203
1739616570640 22.941988614763993 204
1739616570672 31.819094850164422 205
1739616570705 3.235162879103628 206
1739616570737 37.67681303389864 207
1739616570769 10.81590744262018 208
1739616570801 4.735174748140275 209
1739616570833 33.082012250055016 210
1739616570866 0.0020455378058375534 211
1739616570902 4.341173812918821 212
1739616570955 19.783643040075116 213
1739616571050 1.2376516877427113 214
1739616571087 22.73912823576555 215
1739616571123 9.28583570929609 216
1739616571162 5.819897759889066 217
1739616571198 2.9995089647987214 218
1739616571235 7.042684592601523 219
1739616571272 28.442606139088532 220
1739616571307 41.35161037173991 221
1739616571340 172.4989027949772 222
1739616571372 0.03795860969132537 223
1739616571406 26.92075784602524 224
1739616571439 1.1308833590201495 225
1739616571474 1.5436316099758778 226
1739616571511 25.49631622930262 227
1739616571545 3.441751050362212 228
1739616571579 6.5087095483072055 229
1739616571614 0.4641204454262551 230
1739616571649 1.1610594136352281 231
1739616571684 2.2007935367031846 232
1739616571719 14.259954545257472 233
1739616571754 22.783550692057144 234
1739616571805 5.496857111061067 235
1739616571848 8.537703572336492 236
1739616571887 2.8930930792440197 237
1739616571951 0.4690282943231034 238
1739616572001 0.08292878415931934 239
1739616572045 13.673059564751362 240
1739616572095 0.012436529838603988 241
1739616572143 0.018935313287216385 242
1739616572185 14.81217711487005 243
1739616572233 13.112183818133062 244
1739616572276 1.94064844571708 245
1739616572330 1.9142778838893586 246
1739616572378 54.990244926830904 247
1739616572436 38.83970071195976 248
1739616572482 23.148885630734227 249
1739616572527 25.224241729910617 250
1739616572575 33.39865017081019 251
1739616572621 0.9116884068020052 252
1739616572668 47.83674366811455 253
