1739553406249 100.96138213765421 0
1739553406283 45.821155888308105 1
1739553406320 26.052891232653398 2
1739553406355 33.13568578867223 3
1739553406390 11.81894685547496 4
1739553406427 10.333207483840784 5
1739553406465 8.3909343426906 6
1739553406502 10.267271015142533 7
1739553406538 5.798165730878487 8
1739553406571 9.258646650254466 9
1739553406607 4.273162685343116 10
1739553406643 3.2945847620964814 11
1739553406676 3.6387090368888844 12
1739553406712 8.573168944852625 13
1739553406747 6.970996677067182 14
1739553406781 5.867216975003296 15
1739553406814 13.631778477138738 16
1739553406849 7.944714070834723 17
1739553406884 5.654311065001913 18
1739553406918 8.592618665555646 19
1739553406950 7.974828807967015 20
1739553406985 11.862821822799038 21
1739553407020 4.537922144420714 22
1739553407054 10.67704430817445 23
1739553407087 3.3997652683886503 24
1739553407123 5.175846562560669 25
1739553407157 0.7576968655736063 26
1739553407191 4.73367807241965 27
1739553407225 0.5155600001551003 28
1739553407261 2.1164683491755136 29
1739553407296 2.650118459431365 30
1739553407331 5.865188033427172 31
1739553407365 6.47537345754538 32
1739553407403 6.778168502714531 33
1739553407437 3.841816911223684 34
1739553407470 1.4471525055749108 35
1739553407540 7.764887077332217 36
1739553407579 5.7252038854219816 37
1739553407628 5.9279460782237425 38
1739553407691 0.7882846739200028 39
1739553407752 2.3798191349437725 40
1739553407799 4.230421383543293 41
1739553407844 11.522474775560285 42
1739553407886 3.2513806719699145 43
1739553407930 0.7836932298826729 44
1739553407970 12.390820436412548 45
1739553408009 3.0766726338348276 46
1739553408047 6.630567248956238 47
1739553408084 1.5876596101207359 48
1739553408120 5.468465743440605 49
1739553408155 1.6811661716973696 50
1739553408192 2.603520755595847 51
1739553408228 5.0686878046494686 52
1739553408266 2.9397295344010628 53
1739553408304 4.852296624406024 54
1739553408339 4.372223625879886 55
1739553408373 11.652173430668858 56
1739553408405 1.069485031942736 57
1739553408440 4.901592440269644 58
1739553408475 8.193070843397178 59
1739553408508 1.718547693533366 60
1739553408542 6.3201253241065185 61
1739553408577 9.074494080242449 62
1739553408613 11.40344746446483 63
1739553408654 1.5781216831716034 64
1739553408693 1.4786321342109463 65
1739553408734 3.752194649113287 66
1739553408771 3.1219409296587566 67
1739553408808 21.962684387628734 68
1739553408846 5.7309648198905405 69
1739553408882 1.6214760696050041 70
1739553408918 5.4945010943551225 71
1739553408953 9.192401903356151 72
1739553408988 1.344636254341737 73
1739553409023 9.001803331603192 74
1739553409057 2.198301448296368 75
