1739612504166 172.24700566977398 0
1739612504176 164.97789379953895 1
1739612504186 166.25758745533315 2
1739612504196 161.4629901873929 3
1739612504205 165.4207185191616 4
1739612504214 169.26419973018292 5
1739612504223 162.78939056359295 6
1739612504232 163.8492661664108 7
1739612504241 165.5692478765086 8
1739612504250 160.0594491762994 9
1739612504259 158.64445377535355 10
1739612504268 151.1824058364219 11
1739612504277 159.67550234501206 12
1739612504286 156.51706053693977 13
1739612504295 159.66046879954186 14
1739612504303 153.74239807327294 15
1739612504312 148.15638521493895 16
1739612504321 151.48286211439043 17
1739612504330 149.4736884886908 18
1739612504340 153.975548905655 19
1739612504350 146.45733432517963 20
1739612504359 151.17900073772734 21
1739612504368 147.22167239490219 22
1739612504377 149.089231166889 23
1739612504385 144.18716405812685 24
1739612504394 147.46199199792977 25
1739612504403 142.83046479828306 26
1739612504412 142.53334133556146 27
1739612504421 143.26174663943718 28
1739612504430 144.8055501076715 29
1739612504439 146.86962228815935 30
1739612504448 141.17490261396352 31
1739612504457 139.77452766182589 32
1739612504467 138.51960291439966 33
1739612504477 138.45155813286516 34
1739612504487 137.77190983843312 35
1739612504496 137.75521388134277 36
1739612504505 138.10163678741574 37
1739612504514 133.49506040357818 38
1739612504523 138.33495086363948 39
1739612504532 133.94261867976596 40
1739612504540 134.7084764222222 41
1739612504550 130.85320515513848 42
1739612504559 134.04292282207933 43
1739612504568 130.1738020234173 44
1739612504577 133.24044274370027 45
1739612504586 130.16780596879718 46
1739612504595 126.19112568832134 47
1739612504608 132.16152298928958 48
1739612504617 128.44877574765476 49
1739612504626 129.2092256896134 50
1739612504635 126.6050948152947 51
1739612504643 129.90157536146845 52
1739612504652 126.3662922061725 53
1739612504661 122.44761165926332 54
1739612504670 123.32770907278007 55
1739612504679 120.3063568268366 56
1739612504688 123.34950247488355 57
1739612504702 121.62062095364463 58
1739612504711 123.79017758974577 59
1739612504720 119.3783145487406 60
1739612504729 119.53166617195541 61
1739612504739 120.47962792724624 62
1739612504748 118.31028322202711 63
1739612504757 117.46501478961622 64
1739612504766 118.24679819543769 65
1739612504776 116.6064664288924 66
1739612504785 112.23990740869891 67
1739612504798 114.56621011794611 68
1739612504807 113.62402989559705 69
1739612504816 112.16785896448437 70
1739612504825 114.65846519356344 71
1739612504834 113.28327111603231 72
1739612504843 108.82391908937463 73
1739612504852 113.40249542554646 74
1739612504861 114.09767973072924 75
1739612504870 111.70597782259573 76
1739612504879 109.88183358657922 77
1739612504892 108.29223086355132 78
1739612504901 111.84106094464995 79
1739612504917 108.13430813012917 80
1739612504927 109.51442500677129 81
1739612504941 107.01462096245292 82
1739612504955 107.36968362165545 83
1739612504968 108.28421875339409 84
1739612504977 104.59014227063476 85
1739612504986 111.36963042016131 86
1739612504995 103.79748231212363 87
1739612505004 104.88220526300483 88
1739612505014 105.15180431991459 89
1739612505024 104.17898002415976 90
1739612505033 105.04288316069368 91
1739612505042 104.96849850179458 92
1739612505051 103.60559459468867 93
1739612505061 102.70751349401513 94
1739612505071 100.69705232206877 95
1739612505079 102.08094220970719 96
1739612505088 100.39828622193758 97
1739612505097 99.27682691747243 98
1739612505106 98.87824533307452 99
1739612505115 94.28205677347015 100
1739612505124 101.6132596662855 101
1739612505133 99.7414044304685 102
1739612505142 100.05610158478575 103
1739612505151 96.3532925853543 104
1739612505160 96.35056235207321 105
1739612505169 100.51943512063292 106
1739612505178 95.14084729137868 107
1739612505187 97.56070115876355 108
1739612505196 98.36541913583088 109
1739612505205 95.89682516539618 110
1739612505214 94.52150539152676 111
1739612505223 93.243177793581 112
1739612505232 94.22125794908199 113
1739612505241 93.14538680198434 114
1739612505250 95.46947817412672 115
1739612505259 90.69993753105679 116
1739612505268 95.75715508149455 117
1739612505277 92.47015494510025 118
1739612505285 94.93656568937709 119
1739612505294 91.41115804834686 120
1739612505303 93.1621142841348 121
1739612505312 94.3475198424251 122
1739612505321 90.18321495735245 123
1739612505330 88.72767976013894 124
1739612505339 88.57706593495938 125
1739612505348 87.84191137599737 126
1739612505357 87.9633645785746 127
1739612505366 87.96009525003446 128
1739612505376 89.85518933032891 129
1739612505385 87.98179712479319 130
1739612505394 88.46719718459909 131
1739612505404 85.73744674656858 132
1739612505413 84.87441028241167 133
1739612505421 83.19392803846526 134
1739612505430 82.19051924711218 135
1739612505439 85.71378132345599 136
1739612505448 84.7175483289113 137
1739612505457 86.16571295299583 138
1739612505466 83.94316927834944 139
1739612505475 82.3861768089765 140
1739612505484 79.77355467793299 141
1739612505555 84.40759324924149 142
1739612505599 82.48794760472983 143
1739612505609 78.87389234183688 144
1739612505620 84.34903352964635 145
1739612505632 84.63345350070936 146
1739612505641 84.71360219769257 147
1739612505650 81.28380251292894 148
1739612505659 82.45766545172106 149
1739612505669 80.67665153997945 150
1739612505680 73.28645468807701 151
1739612505694 82.99371222619557 152
1739612505707 77.9145478895345 153
1739612505720 79.09158491238985 154
1739612505734 81.43635963302425 155
1739612505744 80.23828260071922 156
1739612505755 77.19394802661695 157
1739612505765 76.43521503834799 158
1739612505776 80.16997461846988 159
1739612505786 81.01554487472058 160
1739612505799 74.50209935833668 161
1739612505809 74.63234270029828 162
1739612505822 78.58189979925153 163
1739612505831 71.5793677848743 164
1739612505840 71.98601583813792 165
1739612505849 74.20114450765311 166
1739612505859 71.31030830187989 167
1739612505869 71.96571114004553 168
1739612505879 67.5072532141884 169
1739612505888 74.52101949525358 170
1739612505897 74.2518950258497 171
1739612505906 71.71023011801364 172
1739612505915 70.58200724276719 173
1739612505925 71.70316431882289 174
1739612505934 70.0995354359097 175
1739612505944 73.49321404451764 176
1739612505956 73.7434332563728 177
1739612505967 73.48266945739888 178
1739612505981 73.58636443825732 179
1739612505990 69.1374872766464 180
1739612506000 69.13147362722688 181
1739612506008 70.89622897480503 182
1739612506018 71.12017781195392 183
1739612506027 70.894901753788 184
1739612506036 67.61861100021999 185
1739612506045 70.79845127148081 186
1739612506055 62.558044994022865 187
1739612506064 69.36727832294623 188
1739612506073 69.10443646217813 189
1739612506083 70.50146788017706 190
1739612506091 65.78544094006602 191
1739612506100 67.41320258265031 192
1739612506109 65.91271835597897 193
1739612506119 64.19141035850534 194
1739612506128 68.38496319972 195
1739612506137 68.17408917234285 196
1739612506147 67.71917610545886 197
1739612506156 72.37969467331808 198
1739612506165 73.88385429810525 199
1739612506174 65.72737639642382 200
1739612506183 65.55230176489667 201
1739612506192 63.73047311901501 202
1739612506200 62.137580192756964 203
1739612506209 64.13465559979403 204
1739612506218 65.5396437945521 205
1739612506227 62.94480630332106 206
1739612506235 69.20722995535638 207
1739612506244 69.18333746425033 208
1739612506253 63.379009348533074 209
1739612506262 64.66347925704358 210
1739612506270 60.337082109050364 211
1739612506279 63.44485250355564 212
1739612506288 63.987074646331074 213
1739612506297 61.83661644590615 214
1739612506305 63.33684015184495 215
1739612506315 67.40449339695093 216
1739612506324 58.977898975442606 217
1739612506333 63.92581478463729 218
1739612506342 65.43646558250903 219
1739612506351 61.38007965233312 220
1739612506360 60.018911251647694 221
1739612506385 58.93791896282348 222
1739612506398 61.11732262007895 223
1739612506409 60.184498893625616 224
1739612506419 60.10187026161351 225
1739612506431 64.8969794376662 226
1739612506442 65.57517113049455 227
1739612506454 60.55660408633521 228
1739612506465 55.69334383703016 229
1739612506476 60.83493988646821 230
1739612506486 59.478927966083745 231
1739612506496 62.76033116969366 232
1739612506505 60.46113179327485 233
1739612506514 53.90237096575752 234
1739612506523 56.1502515601711 235
1739612506532 59.48953147360881 236
1739612506541 58.94048070570468 237
1739612506550 62.282689021423764 238
1739612506558 62.16913589103152 239
1739612506567 56.95703065803105 240
1739612506576 56.7471771355859 241
1739612506586 56.132158708940494 242
1739612506595 56.63275376274932 243
1739612506604 56.24879802096547 244
1739612506613 61.11729969742475 245
1739612506621 51.812029704275496 246
1739612506630 56.3146519984918 247
1739612506639 58.18024780395457 248
1739612506648 55.01154142625302 249
1739612506658 57.58699998857373 250
1739612506667 55.78077862162592 251
1739612506676 57.40658261330302 252
1739612506686 56.70346735381979 253
1739612506696 52.721255327261176 254
1739612506716 56.43335320570034 255
1739612506730 60.65188730738629 256
1739612506742 56.19125004615663 257
1739612506751 57.95676181231424 258
1739612506760 58.765527271682636 259
1739612506770 57.00348951652613 260
1739612506779 50.944120558223325 261
1739612506788 57.83463352874353 262
1739612506797 54.56117172453116 263
1739612506806 51.28021583494406 264
1739612506815 53.73617074023645 265
1739612506824 51.53274487426175 266
1739612506833 46.15469948977478 267
1739612506842 54.47845117681874 268
1739612506851 58.005227367879804 269
1739612506860 54.918198623335414 270
1739612506868 53.12965286367441 271
1739612506877 50.312782449535696 272
1739612506886 49.178115275969596 273
1739612506895 48.48666942610389 274
1739612506904 53.81392535046134 275
1739612506913 48.456544600546344 276
1739612506922 53.26691848626623 277
1739612506931 51.47499736189856 278
1739612506941 56.29880635676651 279
1739612506951 47.79745178070461 280
1739612506961 52.49986224793454 281
1739612506970 52.78395695175199 282
1739612506980 49.511836289682954 283
1739612506988 44.973917453550605 284
1739612506998 48.832558693159555 285
1739612507007 57.21695102898108 286
1739612507018 49.541240165289366 287
1739612507027 52.30250736528096 288
1739612507037 50.2292314376062 289
1739612507046 51.1331398481118 290
1739612507055 46.52653072901611 291
1739612507063 50.78727735512575 292
1739612507072 51.77275005638782 293
1739612507082 50.37930818761542 294
1739612507091 48.78983152374089 295
1739612507100 49.087040986249654 296
1739612507109 53.361003039473744 297
1739612507118 46.015371356741774 298
1739612507127 48.819502643567176 299
1739612507136 49.740062255397916 300
1739612507145 49.32469069008041 301
1739612507154 54.28346409392652 302
1739612507163 48.611580201372085 303
1739612507172 47.35858825258261 304
1739612507181 46.71868119589918 305
1739612507190 44.83799605151722 306
1739612507199 54.3137833388412 307
1739612507208 46.86437899848307 308
1739612507217 50.09733166522717 309
1739612507227 42.70177791991532 310
1739612507237 42.845622897755035 311
1739612507248 47.43866515010204 312
1739612507258 46.2882420346132 313
1739612507269 49.44056886285002 314
1739612507280 42.50932139013861 315
1739612507292 51.61353438804617 316
1739612507303 51.08053230363966 317
1739612507315 49.82772230826825 318
1739612507325 46.686297357714366 319
1739612507334 49.208072030423686 320
1739612507344 44.907678470446896 321
1739612507355 48.692054940597984 322
1739612507366 40.29381742628817 323
1739612507378 44.7294080176522 324
1739612507389 47.780486782670806 325
1739612507399 49.75726075156657 326
1739612507410 47.703416983031396 327
1739612507420 46.30582611919615 328
1739612507430 48.3707072289079 329
1739612507440 46.98926918732904 330
1739612507449 45.75223680243119 331
1739612507459 48.25204818664893 332
1739612507469 46.851054255648705 333
1739612507479 47.864271598431515 334
1739612507489 44.336642152274884 335
1739612507498 37.46901837522471 336
1739612507508 48.411540755248886 337
1739612507517 44.245477531069184 338
1739612507527 46.52164896819098 339
1739612507536 50.14485460303458 340
1739612507546 45.18781532044749 341
1739612507556 48.08362171088386 342
1739612507565 47.13539729061967 343
1739612507575 42.795652544121054 344
1739612507584 40.8908828879767 345
1739612507593 44.22800798782866 346
1739612507603 44.328551945229556 347
1739612507613 48.843584875424945 348
1739612507622 49.61470407538193 349
1739612507631 41.6789796263826 350
1739612507641 46.600010735118914 351
1739612507650 44.8985167080659 352
1739612507659 47.31789861368411 353
1739612507668 44.07245668973804 354
1739612507677 42.620380378517204 355
1739612507687 47.40940772315409 356
1739612507696 46.6825196418505 357
1739612507706 40.522290168058085 358
1739612507715 38.671117133532796 359
1739612507724 47.228525559537864 360
1739612507733 42.72191557317628 361
1739612507743 38.74059877445551 362
1739612507752 42.675068098287866 363
1739612507761 38.944619612270124 364
1739612507770 37.569578471477364 365
1739612507780 44.41188595969867 366
1739612507789 41.98265763439092 367
1739612507798 41.759124707683576 368
1739612507808 45.34598588731314 369
1739612507818 41.33803520939753 370
1739612507829 42.70741618926792 371
1739612507838 44.39905114635213 372
1739612507847 40.040301426817535 373
1739612507857 35.53946172906312 374
1739612507865 39.471903745625625 375
1739612507875 40.44686597325073 376
1739612507884 37.81354667547178 377
1739612507895 39.0715904492201 378
1739612507904 42.05207175265959 379
1739612507913 40.92245587869017 380
1739612507923 44.462665808199105 381
1739612507932 43.32463531241786 382
1739612507942 44.446978322785064 383
1739612507953 42.39813036504876 384
1739612507963 38.4916782805914 385
1739612507972 45.98719196146653 386
1739612507981 39.83733167341875 387
1739612507991 43.41839760750015 388
1739612508000 43.79772293768824 389
1739612508009 42.4385120057807 390
1739612508021 46.35379604052082 391
1739612508031 42.404055181996554 392
1739612508041 39.79182240229507 393
1739612508050 39.6189303169616 394
1739612508060 34.484946763646015 395
1739612508069 38.60239125172135 396
1739612508078 43.61015823772632 397
1739612508088 42.57680464317672 398
1739612508098 42.495405711523865 399
1739612508108 42.87363649130674 400
1739612508119 38.12215388045878 401
1739612508129 36.17370007220531 402
1739612508139 40.93274210226697 403
1739612508148 39.87855769777211 404
1739612508158 35.707998833820156 405
1739612508167 42.696718051228366 406
1739612508177 39.177356994173756 407
1739612508186 37.840443966558965 408
1739612508196 38.44295776119242 409
1739612508206 41.703857285662075 410
1739612508215 42.28656014076665 411
1739612508225 39.476503835051 412
1739612508234 39.92854220756607 413
1739612508244 38.83560337552364 414
1739612508253 44.15407294102461 415
1739612508263 41.38119723751764 416
1739612508273 39.14710523703969 417
1739612508282 42.060159697844114 418
1739612508292 40.74022587039169 419
1739612508300 41.09130200965176 420
1739612508311 42.73768886037633 421
1739612508320 34.816087168750414 422
1739612508330 40.00302576772767 423
1739612508340 38.85342866289582 424
1739612508349 41.245947235896544 425
1739612508359 31.958419536353162 426
1739612508368 37.078115634509025 427
1739612508377 36.679822853903026 428
1739612508386 37.5913688196483 429
1739612508396 37.579154642885044 430
1739612508405 37.83282041435626 431
1739612508414 38.552039584904854 432
1739612508424 43.03428638410894 433
1739612508432 39.64036112742093 434
1739612508442 44.36680124319255 435
1739612508451 39.70429929418971 436
1739612508460 40.023659966563535 437
1739612508470 39.46133758641191 438
1739612508479 32.90781303021107 439
1739612508489 41.33348272032237 440
1739612508499 42.432104679493484 441
1739612508508 35.490659009234484 442
1739612508517 38.972020672270716 443
1739612508526 36.8086849930013 444
1739612508535 39.011530888422215 445
1739612508544 34.64098086757285 446
1739612508553 35.33400261922724 447
1739612508562 36.65577177819093 448
1739612508571 34.86088159383411 449
1739612508580 38.182307065014676 450
1739612508589 36.51277067106921 451
1739612508598 39.9758143454179 452
1739612508607 37.76711428618529 453
1739612508616 36.542643675332435 454
1739612508625 41.81986630004642 455
1739612508634 33.38038040283986 456
1739612508643 42.53619846579935 457
1739612508653 44.07726687949107 458
1739612508662 42.72012064412481 459
1739612508671 40.04455015603265 460
1739612508680 35.58117832081373 461
1739612508689 39.51466593738776 462
1739612508698 31.38063319268652 463
1739612508707 31.219355828170613 464
1739612508716 36.621984810429026 465
1739612508724 37.23078280345796 466
1739612508733 34.04017824848801 467
1739612508742 39.21246917478346 468
1739612508752 33.192816655692276 469
1739612508761 36.37288067320994 470
1739612508770 34.89324036585379 471
1739612508779 37.40565741477567 472
1739612508789 32.81320416197218 473
1739612508798 38.05932386790316 474
1739612508807 32.91118458085352 475
1739612508819 41.59212897906812 476
1739612508830 41.83502387254966 477
1739612508842 36.528205888815215 478
1739612508852 33.25382437683598 479
1739612508861 39.687378063247245 480
1739612508870 40.33372213236959 481
1739612508878 37.708958807193966 482
1739612508887 39.15447830197966 483
1739612508896 34.78352986298945 484
1739612508905 34.972262943310895 485
1739612508914 26.394785011317982 486
1739612508923 33.338150906446415 487
1739612508932 33.80674823094578 488
1739612508940 36.10126914156472 489
1739612508950 33.62561718537772 490
1739612508959 33.92885351650883 491
1739612508968 35.35929026281171 492
1739612508977 36.29225968434819 493
1739612508986 37.55792804410719 494
1739612508994 32.26102179601325 495
1739612509003 34.95113312880632 496
1739612509012 38.9949166952567 497
1739612509023 39.77078154691808 498
1739612509032 34.46394807741187 499
