1739613747293 111.0341663013012 0
1739613747333 81.12219386198136 1
1739613747370 52.45130522519152 2
1739613747411 48.41614645270944 3
1739613747450 33.42672665219424 4
1739613747494 34.49522604775167 5
1739613747532 18.765360682012577 6
1739613747570 6.524829856673198 7
1739613747608 8.66504251311948 8
1739613747645 2.350424233992703 9
1739613747683 6.4595645038919995 10
1739613747720 0.0623544888412408 11
1739613747757 0.8688028538765882 12
1739613747795 1.7798773884622585 13
1739613747832 15.183812796200284 14
1739613747868 1.0793309700276423 15
1739613747905 0.0020077303470883764 16
1739613747943 2.0255785877402426 17
1739613747982 1.423631699085512 18
1739613748019 1.034057945526392 19
1739613748055 0.0019718198136965837 20
1739613748094 0.09130304946167654 21
1739613748131 0.00721269598503881 22
1739613748168 1.2434458252607645 23
1739613748205 0.027585830681147727 24
1739613748252 0.012795534206275723 25
1739613748289 0.23739953590923488 26
1739613748328 0.17128641710494188 27
1739613748364 2.694929256067534 28
1739613748402 0.3266664471790176 29
1739613748439 0.31117673096016163 30
1739613748477 5.903425658066795e-05 31
1739613748515 1.2110164089073963 32
1739613748552 1.221327305193187 33
1739613748589 0.06427445120623067 34
1739613748627 1.0433350613308459 35
1739613748665 0.021934192373200025 36
1739613748701 0.00048146340879831156 37
1739613748737 0.947081048022111 38
1739613748773 2.215945217295857 39
1739613748810 0.426211008886559 40
1739613748847 2.364045758152295 41
1739613748883 0.11767573632357829 42
1739613748920 2.2482566661669297 43
1739613748956 0.0969172442772425 44
1739613748991 0.011991338392872683 45
1739613749062 2.6303911136574545 46
