1739554848011 145.7357590285809 0
1739554848021 124.94043956919181 1
1739554848030 110.9377245324088 2
1739554848040 94.0374950481403 3
1739554848050 80.58937722619062 4
1739554848060 71.80188223319954 5
1739554848069 61.10333569703545 6
1739554848078 54.353384657966124 7
1739554848087 46.458096173458614 8
1739554848096 39.43235281855109 9
1739554848107 33.506962780143915 10
1739554848121 30.6201980333251 11
1739554848131 25.88115497301996 12
1739554848140 23.487505008608085 13
1739554848149 20.697199947432114 14
1739554848158 17.147190660861714 15
1739554848167 15.282027280347727 16
1739554848176 13.288516793961648 17
1739554848185 11.918289652308752 18
1739554848194 10.824709797716702 19
1739554848203 9.43027071332565 20
1739554848244 8.008731615415327 21
1739554848255 7.258061124467689 22
1739554848265 6.632465240623125 23
1739554848275 5.774008817616808 24
1739554848285 4.674747919525868 25
1739554848295 3.8736109182548186 26
1739554848305 4.515220082538683 27
1739554848314 3.140409579180002 28
1739554848323 3.4802744301864297 29
1739554848332 2.891553701601601 30
1739554848341 4.038046575925413 31
1739554848350 3.0329356409325974 32
1739554848359 2.904311022820434 33
1739554848368 2.9783611323427586 34
1739554848377 2.6540374398575266 35
1739554848386 1.9309437274200725 36
1739554848395 1.7602083342990047 37
1739554848404 1.9098601199631116 38
1739554848413 2.4816080728162917 39
1739554848422 1.6689390823364598 40
1739554848431 1.3002807549297732 41
1739554848440 1.0870777942628942 42
1739554848449 1.4825590239739455 43
1739554848459 1.2895627742797884 44
1739554848468 1.2939761156020981 45
1739554848478 1.6601468967026358 46
1739554848487 1.3439130116445746 47
1739554848496 1.4585127262236863 48
1739554848505 0.917188663801325 49
1739554848515 0.9753788059223957 50
1739554848524 1.0406167552948637 51
1739554848533 0.7631346890177642 52
1739554848541 1.7261810139980724 53
1739554848550 1.2207280928723345 54
1739554848559 0.9332947199307222 55
1739554848568 1.5162013741016187 56
1739554848577 1.4768018033423402 57
1739554848587 1.0269306613804456 58
1739554848596 1.5453201020811318 59
1739554848605 0.5085826347532073 60
1739554848619 1.2471489968202094 61
1739554848628 1.8575993122517138 62
1739554848637 1.031198532368864 63
1739554848646 0.9033281978667077 64
1739554848655 1.1714611997628857 65
1739554848665 0.611769790931372 66
1739554848674 0.7264301537280247 67
1739554848683 1.0007320629412404 68
1739554848692 0.9780328285201676 69
1739554848702 0.9333990362289698 70
1739554848711 0.6903007755094324 71
1739554848721 0.8765039897213774 72
1739554848730 0.9041782433714546 73
1739554848739 1.2260080751545341 74
1739554848748 0.950822112418715 75
1739554848756 1.5557253248942535 76
1739554848765 0.643115378094484 77
1739554848774 0.9442932266409436 78
1739554848783 1.9319197775471881 79
1739554848791 1.1630839452064665 80
1739554848800 1.0359300859408642 81
1739554848809 0.8604197590712761 82
1739554848817 0.820419452280509 83
1739554848825 0.7359467074572533 84
1739554848833 1.0546542269537504 85
1739554848842 0.7808316575387109 86
1739554848850 0.7557983178928411 87
1739554848859 0.9548448356161494 88
1739554848867 0.9134045781541076 89
1739554848876 1.5317290660348686 90
1739554848885 1.3223847513401985 91
1739554848893 0.7988153853803311 92
1739554848902 1.0203684948552554 93
1739554848910 0.7886807033982213 94
1739554848918 1.0929848254764456 95
1739554848927 1.0554537091960388 96
1739554848936 1.3986265882319961 97
1739554848945 0.7574027383749286 98
1739554848954 0.6779676429008551 99
1739554848962 1.5485761560631126 100
1739554848972 1.5426070826358909 101
1739554848980 1.5337010391941033 102
1739554848988 0.6894713818765217 103
1739554848997 0.7975560011604168 104
1739554849006 1.1808867761008108 105
1739554849014 0.6040259409157442 106
1739554849023 0.8361403498831794 107
1739554849032 0.8136347999652177 108
1739554849041 1.078004752894083 109
