1739553989261 169.27578733086582 0
1739553989267 169.24209501505965 1
1739553989274 169.20841011809372 2
1739553989280 169.17473263826696 3
1739553989287 169.1410625738787 4
1739553989293 169.1073999232288 5
1739553989299 169.07374468461742 6
1739553989305 169.04009685634506 7
1739553989312 169.0064564367127 8
1739553989318 168.97282342402175 9
1739553989325 168.93919781657394 10
1739553989331 168.90557961267143 11
1739553989338 168.87196881061678 12
1739553989344 168.83836540871295 13
1739553989350 168.80476940526327 14
1739553989356 168.77118079857146 15
1739553989363 168.7375995869418 16
1739553989369 168.70402576867878 17
1739553989375 168.67045934208724 18
1739553989381 168.63690030547264 19
1739553989388 168.60334865714063 20
1739553989395 168.56980439539745 21
1739553989402 168.53626751854958 22
1739553989409 168.50273802490395 23
1739553989416 168.46921591276788 24
1739553989422 168.4357011804491 25
1739553989429 168.4021938262557 26
1739553989435 168.3686938484963 27
1739553989441 168.3352012454797 28
1739553989448 168.30171601551524 29
1739553989454 168.26823815691264 30
1739553989462 168.23476766798208 31
1739553989470 168.20130454703394 32
1739553989477 168.16784879237915 33
1739553989483 168.13440040232902 34
1739553989491 168.1009593751953 35
1739553989497 168.06752570928992 36
1739553989504 168.03409940292548 37
1739553989510 168.00068045441483 38
1739553989517 167.9672688620712 39
1739553989523 167.9338646242083 40
1739553989530 167.9004677391402 41
1739553989536 167.86707820518137 42
1739553989542 167.83369602064656 43
1739553989548 167.8003211838511 44
1739553989554 167.76695369311062 45
1739553989560 167.73359354674113 46
1739553989566 167.70024074305917 47
1739553989573 167.66689528038137 48
1739553989579 167.63355715702514 49
1739553989586 167.60022637130797 50
1739553989593 167.566902921548 51
1739553989599 167.5335868060635 52
1739553989605 167.50027802317334 53
1739553989612 167.46697657119662 54
1739553989618 167.4336824484531 55
1739553989624 167.4003956532626 56
1739553989630 167.3671161839456 57
1739553989637 167.3338440388228 58
1739553989643 167.3005792162154 59
1739553989649 167.2673217144449 60
1739553989655 167.23407153183337 61
1739553989661 167.20082866670302 62
1739553989667 167.16759311737664 63
1739553989674 167.13436488217738 64
1739553989680 167.10114395942873 65
1739553989687 167.0679303474546 66
1739553989693 167.03472404457935 67
1739553989700 167.00152504912765 68
1739553989706 166.96833335942455 69
1739553989716 166.9351489737956 70
1739553989722 166.9019718905667 71
1739553989728 166.86880210806402 72
1739553989734 166.83563962461432 73
1739553989740 166.80248443854452 74
1739553989746 166.76933654818228 75
1739553989752 166.73619595185528 76
1739553989758 166.70306264789178 77
1739553989764 166.66993663462048 78
1739553989771 166.6368179103703 79
1739553989778 166.6037064734707 80
1739553989783 166.57060232225143 81
1739553989790 166.53750545504275 82
1739553989796 166.50441587017522 83
1739553989803 166.4713335659798 84
1739553989809 166.4382585407878 85
1739553989815 166.40519079293114 86
1739553989822 166.37213032074177 87
1739553989828 166.3390771225524 88
1739553989835 166.30603119669584 89
1739553989841 166.27299254150543 90
1739553989847 166.23996115531494 91
1739553989854 166.20693703645838 92
1739553989861 166.17392018327035 93
1739553989867 166.14091059408568 94
1739553989873 166.10790826723957 95
1739553989879 166.0749132010678 96
1739553989886 166.0419253939064 97
1739553989892 166.00894484409176 98
1739553989898 165.97597154996078 99
1739553989905 165.94300550985056 100
1739553989912 165.91004672209888 101
1739553989918 165.8770951850436 102
1739553989925 165.84415089702324 103
1739553989931 165.8112138563764 104
1739553989937 165.77828406144246 105
1739553989944 165.74536151056085 106
1739553989950 165.7124462020716 107
1739553989956 165.67953813431492 108
1739553989962 165.64663730563169 109
1739553989969 165.61374371436293 110
1739553989975 165.5808573588502 111
1739553989981 165.54797823743533 112
1739553989988 165.51510634846062 113
1739553989994 165.4822416902688 114
1739553990000 165.44938426120288 115
1739553990007 165.4165340596063 116
1739553990014 165.38369108382298 117
1739553990020 165.350855332197 118
1739553990026 165.3180268030731 119
1739553990032 165.28520549479626 120
1739553990038 165.25239140571176 121
1739553990044 165.21958453416553 122
1739553990050 165.18678487850366 123
1739553990057 165.15399243707267 124
1739553990063 165.12120720821957 125
1739553990070 165.0884291902916 126
1739553990076 165.0556583816366 127
1739553990082 165.0228947806026 128
1739553990088 164.99013838553805 129
1739553990095 164.95738919479186 130
1739553990101 164.9246472067133 131
1739553990108 164.89191241965202 132
1739553990115 164.85918483195806 133
1739553990121 164.82646444198187 134
1739553990127 164.79375124807422 135
1739553990134 164.76104524858627 136
1739553990140 164.7283464418697 137
1739553990146 164.6956548262764 138
1739553990152 164.6629704001588 139
1739553990158 164.6302931618695 140
1739553990165 164.59762310976183 141
1739553990171 164.56496024218916 142
1739553990177 164.53230455750543 143
1739553990183 164.49965605406493 144
1739553990190 164.46701473022233 145
1739553990196 164.43438058433267 146
1739553990202 164.40175361475147 147
1739553990208 164.3691338198344 148
1739553990215 164.33652119793788 149
1739553990223 164.3039157474183 150
1739553990229 164.2713174666328 151
1739553990235 164.2387263539387 152
1739553990241 164.20614240769373 153
1739553990247 164.17356562625605 154
1739553990253 164.14099600798417 155
1739553990260 164.108433551237 156
1739553990266 164.0758782543739 157
1739553990272 164.04333011575443 158
1739553990278 164.01078913373877 159
1739553990284 163.97825530668726 160
1739553990291 163.94572863296082 161
1739553990297 163.9132091109206 162
1739553990304 163.8806967389283 163
1739553990310 163.84819151534572 164
1739553990316 163.8156934385354 165
1739553990322 163.78320250686 166
1739553990328 163.75071871868272 167
1739553990335 163.71824207236702 168
1739553990341 163.68577256627682 169
1739553990347 163.6533101987764 170
1739553990354 163.62085496823045 171
1739553990360 163.58840687300403 172
1739553990366 163.55596591146252 173
1739553990373 163.5235320819718 174
1739553990379 163.49110538289807 175
1739553990385 163.45868581260783 176
1739553990392 163.42627336946813 177
1739553990398 163.39386805184628 178
1739553990405 163.36146985811004 179
1739553990411 163.32907878662755 180
1739553990417 163.29669483576723 181
1739553990424 163.26431800389798 182
1739553990430 163.23194828938915 183
1739553990436 163.19958569061023 184
1739553990442 163.16723020593142 185
1739553990448 163.13488183372297 186
1739553990454 163.1025405723558 187
1739553990461 163.07020642020098 188
1739553990470 163.03787937563013 189
1739553990479 163.00555943701514 190
1739553990485 162.97324660272835 191
1739553990493 162.9409408711425 192
1739553990499 162.90864224063054 193
1739553990506 162.87635070956608 194
1739553990514 162.8440662763229 195
1739553990521 162.8117889392752 196
1739553990527 162.77951869679762 197
1739553990534 162.74725554726515 198
1739553990540 162.71499948905313 199
1739553990546 162.68275052053727 200
1739553990552 162.6505086400938 201
1739553990559 162.61827384609916 202
1739553990565 162.58604613693024 203
1739553990571 162.55382551096432 204
1739553990577 162.52161196657903 205
1739553990584 162.48940550215244 206
1739553990590 162.4572061160629 207
1739553990597 162.42501380668924 208
1739553990605 162.39282857241068 209
1739553990612 162.36065041160668 210
1739553990619 162.32847932265716 211
1739553990626 162.29631530394252 212
1739553990633 162.2641583538434 213
1739553990639 162.23200847074085 214
1739553990645 162.19986565301633 215
1739553990651 162.1677298990517 216
1739553990658 162.1356012072291 217
1739553990664 162.10347957593115 218
1739553990671 162.07136500354082 219
1739553990677 162.03925748844142 220
1739553990683 162.00715702901672 221
1739553990690 161.9750636236508 222
1739553990696 161.9429772707281 223
1739553990711 161.91089796863358 224
1739553990737 161.87882571575236 225
1739553990744 161.8467605104701 226
1739553990751 161.8147023511728 227
1739553990758 161.7826512362468 228
1739553990765 161.75060716407893 229
1739553990772 161.7185701330562 230
1739553990778 161.6865401415662 231
1739553990785 161.6545171879968 232
1739553990792 161.62250127073622 233
1739553990799 161.5904923881732 234
1739553990806 161.55849053869662 235
1739553990813 161.52649572069592 236
1739553990819 161.4945079325609 237
1739553990825 161.4625271726817 238
1739553990832 161.43055343944883 239
1739553990839 161.3985867312532 240
1739553990845 161.36662704648612 241
1739553990852 161.33467438353918 242
1739553990858 161.3027287408044 243
1739553990865 161.2707901166743 244
1739553990871 161.23885850954161 245
1739553990878 161.2069339177995 246
1739553990885 161.17501633984145 247
1739553990891 161.14310577406144 248
1739553990898 161.11120221885378 249
1739553990905 161.07930567261306 250
1739553990912 161.04741613373437 251
1739553990918 161.01553360061314 252
1739553990925 160.98365807164518 253
1739553990931 160.9517895452266 254
1739553990937 160.91992801975402 255
1739553990944 160.88807349362432 256
1739553990950 160.8562259652348 257
1739553990956 160.82438543298315 258
1739553990963 160.7925518952674 259
1739553990969 160.76072535048604 260
1739553990976 160.7289057970378 261
1739553990982 160.69709323332188 262
1739553990989 160.66528765773785 263
1739553990995 160.6334890686856 264
1739553991001 160.60169746456543 265
1739553991008 160.56991284377807 266
1739553991014 160.53813520472454 267
1739553991021 160.50636454580626 268
1739553991027 160.47460086542503 269
1739553991034 160.44284416198303 270
1739553991040 160.41109443388282 271
1739553991046 160.37935167952733 272
1739553991053 160.3476158973198 273
1739553991059 160.31588708566395 274
1739553991066 160.28416524296384 275
1739553991072 160.2524503676238 276
1739553991079 160.22074245804876 277
1739553991086 160.18904151264377 278
1739553991092 160.15734752981444 279
1739553991098 160.12566050796667 280
1739553991105 160.0939804455067 281
1739553991112 160.0623073408413 282
1739553991118 160.0306411923774 283
1739553991127 159.99898199852245 284
1739553991134 159.96732975768424 285
1739553991141 159.9356844682709 286
1739553991147 159.90404612869094 287
1739553991153 159.8724147373533 288
1739553991160 159.84079029266724 289
1739553991166 159.80917279304242 290
1739553991172 159.77756223688885 291
1739553991179 159.74595862261685 292
1739553991185 159.71436194863733 293
1739553991192 159.6827722133613 294
1739553991198 159.65118941520032 295
1739553991205 159.61961355256622 296
1739553991212 159.58804462387135 297
1739553991219 159.55648262752823 298
1739553991226 159.5249275619499 299
1739553991233 159.49337942554973 300
1739553991241 159.46183821674148 301
1739553991249 159.4303039339392 302
1739553991256 159.39877657555743 303
1739553991263 159.36725614001102 304
1739553991269 159.33574262571514 305
1739553991275 159.30423603108545 306
1739553991282 159.27273635453787 307
1739553991288 159.24124359448876 308
1739553991295 159.20975774935485 309
1739553991301 159.17827881755318 310
1739553991308 159.14680679750123 311
1739553991314 159.11534168761682 312
1739553991322 159.0838834863181 313
1739553991328 159.05243219202373 314
1739553991335 159.02098780315256 315
1739553991341 158.98955031812392 316
1739553991348 158.95811973535746 317
1739553991354 158.92669605327328 318
1739553991361 158.89527927029175 319
1739553991366 158.86386938483363 320
1739553991373 158.83246639532015 321
1739553991379 158.80107030017277 322
1739553991386 158.76968109781347 323
1739553991392 158.73829878666442 324
1739553991398 158.7069233651483 325
1739553991404 158.6755548316881 326
1739553991410 158.64419318470715 327
1739553991416 158.61283842262927 328
1739553991423 158.58149054387857 329
1739553991430 158.55014954687948 330
1739553991436 158.51881543005686 331
1739553991443 158.48748819183598 332
1739553991449 158.45616783064233 333
1739553991455 158.42485434490197 334
1739553991462 158.39354773304117 335
1739553991468 158.36224799348662 336
1739553991474 158.3309551246654 337
1739553991482 158.29966912500493 338
1739553991488 158.26838999293304 339
1739553991495 158.2371177268778 340
1739553991501 158.2058523252679 341
1739553991508 158.1745937865321 342
1739553991514 158.1433421090998 343
1739553991521 158.11209729140054 344
1739553991528 158.08085933186436 345
1739553991534 158.04962822892165 346
1739553991540 158.0184039810031 347
1739553991546 157.9871865865399 348
1739553991552 157.95597604396352 349
1739553991559 157.9247723517057 350
1739553991565 157.89357550819878 351
1739553991572 157.86238551187526 352
1739553991578 157.83120236116812 353
1739553991584 157.80002605451068 354
1739553991591 157.76885659033664 355
1739553991597 157.73769396708 356
1739553991604 157.70653818317518 357
1739553991610 157.67538923705698 358
1739553991616 157.64424712716055 359
1739553991623 157.6131118519214 360
1739553991630 157.58198340977543 361
1739553991636 157.55086179915884 362
1739553991642 157.5197470185083 363
1739553991648 157.48863906626076 364
1739553991654 157.45753794085357 365
1739553991661 157.42644364072441 366
1739553991667 157.39535616431144 367
1739553991673 157.36427551005306 368
1739553991679 157.33320167638803 369
1739553991686 157.30213466175564 370
1739553991693 157.2710744645953 371
1739553991700 157.24002108334705 372
1739553991707 157.20897451645104 373
1739553991713 157.177934762348 374
1739553991724 157.14690181947887 375
1739553991731 157.11587568628508 376
1739553991737 157.0848563612083 377
1739553991743 157.05384384269064 378
1739553991749 157.0228381291746 379
1739553991755 156.99183921910299 380
1739553991761 156.960847110919 381
1739553991767 156.92986180306616 382
1739553991773 156.89888329398846 383
1739553991779 156.8679115821301 384
1739553991786 156.83694666593578 385
1739553991792 156.80598854385056 386
1739553991799 156.77503721431972 387
1739553991805 156.74409267578906 388
1739553991811 156.71315492670473 389
1739553991818 156.68222396551312 390
1739553991825 156.65129979066108 391
1739553991831 156.62038240059584 392
1739553991838 156.58947179376494 393
1739553991845 156.55856796861633 394
1739553991851 156.5276709235983 395
1739553991857 156.4967806571595 396
1739553991864 156.46589716774884 397
1739553991871 156.4350204538159 398
1739553991878 156.4041505138103 399
1739553991885 156.3732873461821 400
1739553991892 156.34243094938194 401
1739553991899 156.31158132186047 402
1739553991905 156.28073846206897 403
1739553991911 156.24990236845898 404
1739553991917 156.21907303948248 405
1739553991924 156.18825047359164 406
1739553991930 156.1574346692392 407
1739553991936 156.12662562487813 408
1739553991942 156.0958233389618 409
1739553991949 156.06502780994398 410
1739553991955 156.03423903627868 411
1739553991961 156.00345701642047 412
1739553991968 155.97268174882407 413
1739553991975 155.94191323194468 414
1739553991981 155.91115146423792 415
1739553991987 155.8803964441596 416
1739553991993 155.84964817016603 417
1739553991999 155.8189066407138 418
1739553992005 155.78817185425996 419
1739553992012 155.7574438092618 420
1739553992019 155.72672250417705 421
1739553992025 155.69600793746378 422
1739553992032 155.6653001075805 423
1739553992038 155.63459901298592 424
1739553992044 155.60390465213916 425
1739553992050 155.57321702349984 426
1739553992057 155.54253612552776 427
1739553992063 155.5118619566832 428
1739553992069 155.48119451542672 429
1739553992076 155.45053380021932 430
1739553992082 155.4198798095223 431
1739553992088 155.38923254179733 432
1739553992095 155.3585919955065 433
1739553992102 155.32795816911212 434
1739553992109 155.29733106107707 435
1739553992115 155.26671066986432 436
1739553992122 155.2360969939375 437
1739553992128 155.20549003176035 438
1739553992134 155.1748897817971 439
1739553992141 155.14429624251233 440
1739553992147 155.11370941237095 441
1739553992153 155.0831292898382 442
1739553992160 155.05255587337976 443
1739553992166 155.02198916146162 444
1739553992173 154.99142915255015 445
1739553992179 154.96087584511204 446
1739553992185 154.93032923761433 447
1739553992191 154.89978932852455 448
1739553992197 154.8692561163104 449
1739553992204 154.8387295994401 450
1739553992210 154.8082097763821 451
1739553992216 154.77769664560532 452
1739553992223 154.74719020557896 453
1739553992229 154.71669045477262 454
1739553992235 154.68619739165624 455
1739553992241 154.65571101470007 456
1739553992247 154.62523132237484 457
1739553992254 154.59475831315157 458
1739553992260 154.56429198550163 459
1739553992266 154.53383233789674 460
1739553992272 154.503379368809 461
1739553992279 154.4729330767108 462
1739553992285 154.44249346007504 463
1739553992290 154.4120605173748 464
1739553992297 154.38163424708372 465
1739553992303 154.3512146476756 466
1739553992310 154.32080171762468 467
1739553992315 154.2903954554056 468
1739553992322 154.25999585949322 469
1739553992328 154.22960292836294 470
1739553992334 154.19921666049035 471
1739553992341 154.16883705435154 472
1739553992348 154.13846410842288 473
1739553992354 154.10809782118113 474
1739553992361 154.0777381911033 475
1739553992367 154.04738521666692 476
1739553992374 154.0170388963498 477
1739553992379 153.98669922863002 478
1739553992386 153.95636621198616 479
1739553992393 153.92603984489713 480
1739553992398 153.8957201258421 481
1739553992405 153.8654070533007 482
1739553992411 153.8351006257528 483
1739553992417 153.80480084167883 484
1739553992423 153.7745076995593 485
1739553992430 153.74422119787533 486
1739553992436 153.71394133510827 487
1739553992442 153.68366810973978 488
1739553992448 153.653401520252 489
1739553992455 153.62314156512738 490
1739553992461 153.59288824284872 491
1739553992468 153.56264155189902 492
1739553992474 153.53240149076194 493
1739553992480 153.50216805792124 494
1739553992486 153.4719412518612 495
1739553992492 153.44172107106638 496
1739553992499 153.41150751402168 497
1739553992505 153.38130057921234 498
1739553992511 153.351100265124 499
