1739555732252 2.5307109269574766 0
1739555732295 0.10292614029447131 1
1739555732337 0.017775100380029867 2
1739555732378 2.1742364120927777 3
1739555732419 1.2814241286858092 4
1739555732463 0.9234214295785442 5
1739555732507 0.46829381360263084 6
1739555732550 0.26354666890688283 7
1739555732591 0.0958753524170465 8
1739555732632 0.005337280779120633 9
1739555732673 0.11222721890114438 10
1739555732715 0.9993582559863375 11
1739555732756 0.37540007389620367 12
1739555732800 2.9044501708223445 13
1739555732841 0.5389084354355886 14
1739555732885 0.112374106191207 15
1739555732928 0.3180706420766128 16
1739555732972 0.06747461158182337 17
1739555733014 0.01112382731837112 18
1739555733058 1.159888697020764 19
1739555733099 4.2910421134183565 20
1739555733140 0.4751331106665486 21
1739555733182 0.4385236011764478 22
1739555733223 0.97798777900303 23
1739555733266 0.05742220172713989 24
1739555733307 1.4971152107723826 25
1739555733349 0.49940837703604274 26
1739555733390 0.3404993770700796 27
1739555733431 2.625175517390757 28
1739555733475 1.3338633206723103 29
1739555733520 2.266549845110017 30
1739555733595 0.025257578532683254 31
1739555733642 0.4868792371021733 32
1739555733686 0.0017700263970683871 33
1739555733729 0.0975831433367715 34
1739555733772 1.4226641736330776 35
1739555733816 4.623809417533464 36
1739555733859 0.49945587811988795 37
1739555733902 1.4000101789049697 38
1739555733945 0.25951535029489525 39
1739555733988 0.5559358234913763 40
1739555734032 0.5016435435114329 41
1739555734075 0.8717072554506533 42
1739555734118 1.1588735733104714 43
1739555734161 5.384503486796093 44
1739555734202 0.7707007535213743 45
1739555734244 3.6823760995256234 46
1739555734286 2.2488927648925228 47
1739555734327 1.6460562226001036 48
1739555734369 0.49478195484364546 49
1739555734410 0.02211025444939283 50
1739555734450 0.24149776720598473 51
1739555734493 8.09990850122905 52
1739555734534 0.10148750456591125 53
1739555734576 0.326827766395296 54
1739555734617 1.5455589868807937 55
1739555734658 0.6605796467482571 56
1739555734700 0.012242532912621205 57
1739555734741 2.6576416358125687 58
1739555734783 0.12807354344300118 59
1739555734824 1.2201924696054738 60
1739555734866 0.42750304209997214 61
1739555734908 1.9986808588940574 62
1739555734949 14.285476437772862 63
1739555734995 2.626718491042592 64
1739555735038 14.499971197892204 65
1739555735081 0.4191510191255887 66
1739555735125 1.2399082513213642 67
1739555735167 1.9996614363191658 68
1739555735209 1.2431125046634564 69
1739555735250 0.815440517792197 70
1739555735292 0.3581281108389473 71
1739555735334 0.2339503363506764 72
1739555735375 0.5657979906705581 73
1739555735418 5.343430526569205 74
1739555735459 0.46390846799088226 75
1739555735500 0.13340489643591508 76
1739555735541 3.9302151294966134 77
1739555735584 2.253352414448076 78
1739555735625 0.9199981972815242 79
1739555735666 2.074386491898472 80
1739555735709 0.13787743934150354 81
1739555735750 0.6925183903273066 82
1739555735792 5.203205628083704 83
1739555735834 2.0659282000166432 84
1739555735875 0.13651805283237048 85
1739555735918 20.338043801340735 86
1739555735958 2.0237628613106753 87
1739555736000 0.048857522508703156 88
1739555736042 0.8192293479379228 89
1739555736083 1.3669240040847375 90
1739555736125 2.3207774474384837 91
1739555736167 0.5075654667545373 92
1739555736209 0.3569375230325149 93
1739555736251 0.5795110493339329 94
1739555736292 2.313329495180428 95
1739555736335 3.789811811785403 96
1739555736376 2.9774881693032014 97
1739555736418 0.008753023323426591 98
1739555736460 1.0328140753831223 99
1739555736501 1.0699594359227853 100
1739555736543 0.11000349423138474 101
1739555736584 5.075853827776631 102
1739555736627 0.040828963556915315 103
1739555736668 2.368947737461462 104
1739555736710 1.5057421007070042 105
1739555736752 0.007425903025144922 106
1739555736794 2.315322604402589 107
1739555736837 0.3178478191648211 108
1739555736878 3.955825236367265 109
1739555736920 1.2667559457647926 110
1739555736962 4.749352405174152 111
1739555737003 0.00022199624375722132 112
1739555737045 0.033708362969174434 113
1739555737088 0.5171530133944543 114
1739555737133 1.5779220893699248 115
1739555737176 0.00026416882725202085 116
1739555737219 0.7413444841812203 117
1739555737263 3.0468753396192967 118
1739555737306 0.2895087381038757 119
1739555737349 3.4665252437885496 120
1739555737391 1.1393250027711936 121
1739555737434 2.6523167618113312 122
1739555737476 0.012353248141142014 123
1739555737518 0.018768473102752 124
1739555737560 0.6746005602345523 125
1739555737602 0.23669213894191818 126
1739555737644 0.6787301589325018 127
1739555737686 1.260459458304067 128
1739555737728 0.3048626348181762 129
1739555737770 2.680145234176534 130
1739555737811 2.0391097012779476 131
1739555737853 0.6237679888568134 132
1739555737894 0.01073552537520175 133
1739555737936 0.022621815758474224 134
1739555737977 1.7868798126402003 135
1739555738018 0.08987348024743416 136
1739555738060 0.09553072461706966 137
1739555738102 0.18516129752065388 138
1739555738145 0.3707476178517748 139
1739555738186 1.2889943077295547 140
1739555738227 2.6984829986771444 141
1739555738269 0.017562778532642768 142
1739555738310 0.0016865819213316645 143
1739555738352 1.8065975731443547 144
1739555738394 0.7532584350565696 145
1739555738436 1.214839948185707 146
1739555738479 0.017702734792964327 147
1739555738520 0.08475554764718647 148
1739555738562 0.055064017802916684 149
1739555738605 0.1327172622073217 150
1739555738647 0.04881006704217511 151
1739555738691 0.7882632600626688 152
1739555738732 10.35978372131293 153
1739555738775 4.089451123227335 154
1739555738816 0.3866875261973896 155
1739555738858 3.138218553661498 156
1739555738900 0.515105247578381 157
1739555738942 4.431849691977911 158
1739555738984 0.09345686284269233 159
1739555739025 0.3477003822425915 160
1739555739067 0.06528837782328786 161
1739555739110 3.1877830553460846 162
1739555739151 0.04157452448656436 163
1739555739194 0.1776590391382297 164
1739555739238 0.1893133216396255 165
1739555739283 0.6019860538536017 166
1739555739326 1.77502839230952 167
1739555739370 4.624984361611618e-05 168
1739555739413 0.06148414186933932 169
1739555739456 3.6579211568884165 170
1739555739498 3.9426049000670647 171
1739555739539 1.9092516488587103 172
1739555739582 1.4622562846929203 173
1739555739623 0.5180792927339405 174
1739555739666 0.9568116199126939 175
1739555739707 0.08579547453345818 176
1739555739749 1.043680474859546 177
1739555739791 1.1842427452244961 178
1739555739833 1.2662763110491246 179
1739555739875 0.351458171904733 180
1739555739916 0.22210158891916293 181
1739555739958 3.329485320722127 182
1739555740000 3.227029870150162 183
1739555740041 0.20929437355346056 184
1739555740083 4.501416520241313 185
1739555740125 0.18700798214466072 186
1739555740166 0.8696999960122229 187
1739555740209 0.48855359430850415 188
1739555740250 0.17981615484685332 189
1739555740292 0.2425583900107808 190
1739555740334 0.18455797780066818 191
1739555740376 0.019346658589250578 192
1739555740418 0.43382328048752716 193
1739555740459 0.03299842266608519 194
1739555740502 0.4789575421925622 195
1739555740543 0.1940361019925828 196
1739555740585 0.36238261377470893 197
1739555740627 0.3141783147174332 198
1739555740668 0.06485119536332704 199
1739555740711 0.7691856208348649 200
1739555740753 7.312989337744937 201
1739555740797 0.1537988575628897 202
1739555740840 0.27380695151897483 203
1739555740884 1.577659731946223 204
1739555740928 1.9585210567311755 205
1739555740972 0.028030608441356443 206
1739555741016 0.05848460874840468 207
1739555741060 0.11327573127854948 208
1739555741104 0.7054181430737332 209
1739555741147 3.4025085050481096 210
1739555741190 0.08396003597451299 211
1739555741234 0.8903774450645157 212
1739555741277 3.2216521082398986 213
1739555741321 1.0216622077579645 214
1739555741365 0.08419288711856808 215
1739555741410 2.014241906813967 216
1739555741455 8.339586391700385e-05 217
1739555741501 1.4597365866200798 218
1739555741546 0.6572698973015821 219
1739555741592 1.2902140720216368 220
1739555741639 2.1191527196538544 221
1739555741686 0.7568414862186698 222
1739555741733 0.8661571416015953 223
1739555741779 3.5592651141664704 224
1739555741825 5.508682065922287 225
1739555741869 0.2120830560810497 226
1739555741915 0.7557564522932226 227
1739555741959 0.6336777749978697 228
1739555742003 0.07930092088323712 229
1739555742051 1.23610888051654 230
1739555742098 0.22961232529106446 231
1739555742144 2.652656944957714 232
1739555742187 0.37503497267414104 233
1739555742236 0.18211003667783526 234
1739555742281 9.657091397353556 235
1739555742325 2.8414887980445154 236
1739555742369 0.004697216583743326 237
1739555742414 0.005588228034531513 238
1739555742458 2.058754632020666 239
1739555742502 3.5691232495612093 240
1739555742546 0.0004297075465449197 241
1739555742590 1.0277562436144625 242
1739555742635 2.277512701399276 243
1739555742682 0.22208598902246532 244
1739555742727 2.0228004580456322 245
1739555742772 0.13092909203788522 246
1739555742817 2.8543895466513334 247
1739555742861 0.17360722362271622 248
1739555742905 0.06718601226147408 249
1739555742949 0.037661606937282426 250
1739555742992 3.6881217790300957 251
1739555743035 0.014924898667673435 252
1739555743078 0.33245595058248406 253
1739555743121 0.0714986932858003 254
1739555743164 0.578924118532404 255
1739555743207 0.11370713802789792 256
1739555743251 0.0030842850482498203 257
1739555743295 5.8494098074853165 258
1739555743338 0.2351933018351525 259
1739555743381 0.006632975542157248 260
1739555743424 1.1491273233258883 261
1739555743469 0.17490629100728497 262
1739555743513 0.4753868520076695 263
1739555743556 0.5797057595650336 264
1739555743600 0.05123465277302137 265
1739555743643 0.03482969512945819 266
1739555743686 0.8960254930243555 267
1739555743730 0.16826572172939339 268
1739555743773 25.549485698792626 269
1739555743816 0.6239052422164195 270
1739555743859 11.607461021218054 271
1739555743901 2.4721866054411623 272
1739555743943 1.6515951681973682 273
1739555743986 0.5251060108522276 274
1739555744028 0.5533364271354978 275
1739555744070 0.12376532493659628 276
1739555744112 1.2852554381537395 277
1739555744154 2.27760599762328 278
1739555744196 5.401604034874918 279
1739555744238 0.0004270889207571609 280
1739555744281 0.24319332692065201 281
1739555744323 0.6343827770820258 282
1739555744366 0.828857920708928 283
1739555744408 0.26187081793986555 284
1739555744450 2.7334334190449505 285
1739555744492 15.777004400561399 286
1739555744534 2.9008017900576695 287
1739555744576 4.908517844276694 288
1739555744618 0.01063233152290042 289
1739555744660 11.428961270913582 290
1739555744703 0.5248091851977734 291
1739555744744 1.1799058029222287 292
1739555744790 0.0017194239996870594 293
1739555744832 2.749982971942602 294
1739555744875 0.3801561890109573 295
1739555744917 0.18219627094295632 296
1739555744959 5.238485878709562 297
1739555745002 2.245756591475293 298
1739555745044 0.23507291793 299
1739555745087 1.984341211921149 300
1739555745129 0.11994319499143746 301
1739555745171 0.03549720411935128 302
1739555745214 2.5484148100528685 303
1739555745256 0.22229907079780642 304
1739555745299 1.1337459600266369 305
1739555745341 0.004482297650807276 306
1739555745384 0.2196251211004076 307
1739555745426 0.05025801998242414 308
1739555745468 0.08682937590516426 309
1739555745511 2.8495344786383527 310
1739555745553 1.1613060427299757 311
1739555745598 0.028850690373682288 312
1739555745643 0.375539045411267 313
1739555745687 0.10614852994614385 314
1739555745730 15.220199852730904 315
1739555745773 0.5538391381217058 316
1739555745816 0.19431734227923697 317
1739555745859 1.0903440021136004 318
1739555745903 0.297943858632982 319
1739555745945 0.49429306878256557 320
1739555745988 1.4163808526273665 321
1739555746031 0.7336711667118246 322
1739555746073 0.44997439361319275 323
1739555746115 0.009723236846259167 324
1739555746157 1.43567592842363 325
1739555746200 17.252979899846867 326
1739555746242 1.7243139375407477 327
1739555746284 0.23229349208812028 328
1739555746327 0.05922933453992761 329
1739555746368 0.02820143432118633 330
1739555746411 0.5014322059567129 331
1739555746453 0.05159845010493487 332
1739555746496 16.690582716652244 333
1739555746538 0.10387401051944123 334
1739555746580 0.06394907540691802 335
1739555746623 0.006864818718159983 336
1739555746665 0.5074940893769503 337
1739555746707 0.6226959083422544 338
1739555746750 7.403977021641927 339
1739555746791 1.6087310437454587 340
1739555746835 0.5536501411318845 341
1739555746876 0.41194375184672755 342
1739555746920 1.1285922193788114 343
1739555746962 0.7804927782351762 344
1739555747004 0.0640550165282771 345
1739555747046 5.526236200543662 346
1739555747088 0.5056690400866829 347
1739555747131 0.38422828254889796 348
1739555747174 0.047821674321347964 349
1739555747217 5.227006158892209 350
1739555747259 0.6973482438498325 351
1739555747302 1.349471800219619 352
1739555747344 0.3896783070107157 353
1739555747386 0.7235164173188897 354
1739555747429 0.7241011010677975 355
1739555747471 1.1195687149889955 356
1739555747515 0.15090473327966394 357
1739555747557 5.411489109948258 358
1739555747599 0.5439327361633992 359
1739555747642 0.15144806517647358 360
1739555747684 1.0794509579406406 361
1739555747730 0.015517588497385786 362
1739555747773 0.19037730184051024 363
1739555747817 0.26481135721640015 364
1739555747860 3.429886419142098 365
1739555747903 0.39495903208598687 366
1739555747947 0.0638755978357497 367
1739555747989 0.04593062213276593 368
1739555748033 0.5115910287375904 369
1739555748076 0.019075262820800517 370
1739555748119 0.18543976455187716 371
1739555748162 0.0373213296905535 372
1739555748205 2.669848539538157 373
1739555748248 2.158018481832287 374
1739555748289 1.0521592414171135 375
1739555748332 0.36415033993552465 376
1739555748375 0.15786649535263508 377
1739555748418 3.105017648737197 378
1739555748460 10.28096070909038 379
1739555748501 0.0031671325289347485 380
1739555748544 0.13902935785074677 381
1739555748587 0.10095299543375781 382
1739555748630 0.040354226956662964 383
1739555748671 0.1456457049457176 384
1739555748714 1.9693186560861866 385
1739555748757 4.718129921465695 386
1739555748800 0.030413753876929274 387
1739555748842 0.15903683148417538 388
1739555748885 0.08576199437698395 389
1739555748927 0.5626417605453955 390
1739555748970 0.5491361506203704 391
1739555749013 1.9278781988663745 392
1739555749056 0.05058073255725493 393
1739555749099 0.9733285470465519 394
1739555749141 1.3684881780411768 395
1739555749184 2.2259576213398358 396
1739555749226 0.6775423885397606 397
1739555749269 0.11809475794707532 398
1739555749311 0.40791481949493597 399
1739555749355 0.03741850498089926 400
1739555749397 0.15383145287075864 401
1739555749440 0.9901945311382969 402
1739555749482 0.3815477229574096 403
1739555749524 2.3470046055567555 404
1739555749567 4.724295044043208 405
1739555749609 0.23848942015831848 406
1739555749653 0.3140515588575624 407
1739555749695 0.18696091528233955 408
1739555749738 0.3856290224645966 409
1739555749781 0.04905096926628273 410
1739555749823 4.392359331265307 411
1739555749867 1.9362581033336992 412
1739555749911 0.4223455825535306 413
1739555749954 0.017794316602413023 414
1739555749997 0.03527951094748255 415
1739555750040 1.5917394422385527 416
1739555750084 0.03697699097225362 417
1739555750127 0.5738195797128418 418
1739555750170 0.12909413099487813 419
1739555750213 0.548026986524645 420
1739555750256 0.268018782877146 421
1739555750300 1.5883993337221294 422
1739555750342 0.5215570502220045 423
1739555750386 1.848100803754657 424
1739555750428 0.28051227272004425 425
1739555750471 0.014645864717205661 426
1739555750513 5.7566099795122145 427
1739555750555 0.02472642625137764 428
1739555750598 0.05739940786522949 429
1739555750640 0.2590266274014084 430
1739555750684 1.9859294677511072 431
1739555750726 4.45512513179035 432
1739555750769 1.773817092681516 433
1739555750811 7.44646792895647 434
1739555750853 1.1571183896832562 435
1739555750896 1.8338582028756172 436
1739555750939 3.5243602886128733 437
1739555750981 1.8374664804428806 438
1739555751024 0.01766141883943017 439
1739555751066 6.817186210205228 440
1739555751109 0.17615996883395077 441
1739555751151 0.5735127717274073 442
1739555751195 1.713871720179693 443
1739555751237 1.9116396523639299 444
1739555751279 0.5219367302359084 445
1739555751321 0.020759169409695882 446
1739555751365 0.09967768856125897 447
1739555751407 1.5749887185474616 448
1739555751450 0.8442045714648853 449
1739555751492 0.02972585349811848 450
1739555751535 3.096782374088313 451
1739555751577 14.347282037595713 452
1739555751620 0.8100849832756594 453
1739555751662 0.23422011789477995 454
1739555751705 0.46605417796995724 455
1739555751746 1.6452833569652785 456
1739555751789 0.5863016095265007 457
1739555751832 2.009132893170307 458
1739555751873 0.37705305656439375 459
1739555751916 0.6206883259506283 460
1739555751959 1.5458538680362275 461
1739555752003 0.528262516348926 462
1739555752046 0.6853380072887062 463
1739555752090 1.0050784093062355 464
1739555752134 0.08367702790646284 465
1739555752177 0.1052006793802476 466
1739555752220 0.703450424095215 467
1739555752263 0.4604007889044235 468
1739555752307 1.3242140970256053 469
1739555752350 1.546417356749311 470
1739555752393 0.3247335822214756 471
1739555752436 1.6645042373999512 472
1739555752479 0.22085048846288807 473
1739555752522 0.36390030994767386 474
1739555752565 0.40041988851511656 475
1739555752608 0.10635983010932508 476
1739555752650 0.12785549631792642 477
1739555752692 0.06993355836430662 478
1739555752735 0.2536915717347152 479
1739555752777 0.23788573750335462 480
1739555752820 0.22975262809071753 481
1739555752862 0.09865275129266957 482
1739555752904 0.4776741785116449 483
1739555752948 0.023437349858959445 484
1739555752990 0.42778717889498086 485
1739555753032 1.5440410691586175 486
1739555753074 0.025819830646899973 487
1739555753117 2.0303135860754193 488
1739555753159 1.7814326546240289 489
1739555753202 0.21824507860411527 490
1739555753245 0.5261519480744651 491
1739555753287 0.02215694112040268 492
1739555753330 3.3330365325728204 493
1739555753372 1.341659648478315 494
1739555753415 0.11601935523200274 495
1739555753458 0.9419455888565322 496
1739555753500 0.845914264468052 497
1739555753542 1.364578688898245 498
1739555753585 4.569490641169145 499
