1739616169644 169.73243819229995 0
1739616169659 169.3937010291624 1
1739616169671 169.05783507162343 2
1739616169683 168.72265699067884 3
1739616169695 168.38816535944926 4
1739616169706 168.05509632401706 5
1739616169717 167.7227086732436 6
1739616169729 167.39100099455425 7
1739616169740 167.05997187832284 8
1739616169751 166.72961991786553 9
1739616169763 166.39994370943464 10
1739616169776 166.07094185221243 11
1739616169787 165.74261294830512 12
1739616169799 165.41495560273668 13
1739616169847 165.08796842344262 14
1739616169867 164.76165002126416 15
1739616169880 164.43599900994184 16
1739616169892 164.11101400610954 17
1739616169906 163.7866936292886 18
1739616169919 163.4630365018816 19
1739616169933 163.1400412491663 20
1739616169946 162.81770649928976 21
1739616169959 162.4960308832621 22
1739616169972 162.1750130349508 23
1739616169986 161.85465159107451 24
1739616169999 161.53494519119712 25
1739616170012 161.21589247772184 26
1739616170024 160.8974920958852 27
1739616170038 160.57974269375117 28
1739616170051 160.2626429222052 29
1739616170063 159.94619143494836 30
1739616170077 159.63038688849133 31
1739616170090 159.31522794214868 32
1739616170103 159.00071325803273 33
1739616170115 158.68684150104815 34
1739616170128 158.37361133888564 35
1739616170142 158.06102144201623 36
1739616170157 157.74907048368573 37
1739616170170 157.43782956865988 38
1739616170183 157.12722473212045 39
1739616170197 156.81725465612288 40
1739616170210 156.50791802547286 41
1739616170223 156.19921352772053 42
1739616170236 155.89113985315484 43
1739616170248 155.58369569479754 44
1739616170261 155.27687974839782 45
1739616170274 154.9706907124263 46
1739616170286 154.6651272880695 47
1739616170298 154.36018817922402 48
1739616170311 154.0558720924911 49
1739616170327 153.75217773717063 50
1739616170339 153.44910382525572 51
1739616170353 153.14664907142708 52
1739616170365 152.84481219304718 53
1739616170388 152.54359191015496 54
1739616170402 152.2429869454598 55
1739616170416 151.94299602433642 56
1739616170429 151.64361787481886 57
1739616170442 151.34485122759506 58
1739616170455 151.04669481600158 59
1739616170470 150.74914737601753 60
1739616170483 150.45220764625952 61
1739616170496 150.15587436797577 62
1739616170509 149.86014628504094 63
1739616170522 149.56502214395022 64
1739616170534 149.2705006938143 65
1739616170548 148.9765806863536 66
1739616170561 148.68326087589273 67
1739616170573 148.39054001935537 68
1739616170585 148.0984168762586 69
1739616170597 147.80689020870727 70
1739616170610 147.51595878138926 71
1739616170622 147.22562136156913 72
1739616170634 146.93587671908358 73
1739616170647 146.6467236263356 74
1739616170660 146.35816085828915 75
1739616170672 146.07018719246392 76
1739616170684 145.78280140892977 77
1739616170697 145.49600229030173 78
1739616170709 145.2097886217343 79
1739616170722 144.92415919091644 80
1739616170736 144.63911278806594 81
1739616170748 144.35464820592446 82
1739616170761 144.07076423975204 83
1739616170773 143.78745968732187 84
1739616170787 143.50473334891504 85
1739616170799 143.2225840273153 86
1739616170812 142.94101052780374 87
1739616170825 142.66001165815373 88
1739616170837 142.37958622862556 89
1739616170850 142.0997330519612 90
1739616170864 141.8204509433792 91
1739616170877 141.54173872056958 92
1739616170889 141.26359520368842 93
1739616170901 140.98601921535288 94
1739616170914 140.709009580636 95
1739616170927 140.43256512706154 96
1739616170940 140.15668468459884 97
1739616170952 139.8813670856578 98
1739616170965 139.60661116508362 99
1739616170978 139.3324157601518 100
1739616170990 139.05877971056296 101
1739616171004 138.7857018584379 102
1739616171016 138.51318104831245 103
1739616171028 138.2412161271324 104
1739616171040 137.96980594424844 105
1739616171053 137.69894935141127 106
1739616171065 137.42864520276635 107
1739616171078 137.15889235484903 108
1739616171090 136.88968966657956 109
1739616171104 136.621035999258 110
1739616171116 136.35293021655934 111
1739616171136 136.0853711845284 112
1739616171149 135.8183577715751 113
1739616171161 135.5518888484692 114
1739616171174 135.28596328833552 115
1739616171187 135.0205799666491 116
1739616171202 134.75573776123014 117
1739616171215 134.49143555223912 118
1739616171228 134.2276722221719 119
1739616171240 133.96444665585489 120
1739616171253 133.7017577404401 121
1739616171265 133.43960436540024 122
1739616171279 133.17798542252405 123
1739616171302 132.91689980591116 124
1739616171315 132.65634641196755 125
1739616171332 132.39632413940046 126
1739616171345 132.1368318892138 127
1739616171359 131.87786856470316 128
1739616171371 131.61943307145108 129
1739616171384 131.36152431732236 130
1739616171396 131.10414121245913 131
1739616171409 130.84728266927607 132
1739616171423 130.59094760245588 133
1739616171435 130.33513492894429 134
1739616171448 130.07984356794537 135
1739616171461 129.8250724409169 136
1739616171473 129.57082047156564 137
1739616171485 129.31708658584247 138
1739616171497 129.06386971193785 139
1739616171511 128.81116878027706 140
1739616171524 128.55898272351564 141
1739616171536 128.3073104765344 142
1739616171549 128.05615097643528 143
1739616171562 127.80550316253613 144
1739616171574 127.5553659763665 145
1739616171587 127.3057383616628 146
1739616171599 127.05661926436375 147
1739616171612 126.80800763260577 148
1739616171624 126.55990241671832 149
1739616171637 126.31230256921941 150
1739616171649 126.06520704481089 151
1739616171661 125.81861480037401 152
1739616171674 125.57252479496479 153
1739616171687 125.32693598980946 154
1739616171699 125.08184734829989 155
1739616171711 124.8372578359892 156
1739616171724 124.59316642058704 157
1739616171736 124.34957207195524 158
1739616171749 124.10647376210314 159
1739616171762 123.8638704651833 160
1739616171775 123.62176115748683 161
1739616171787 123.38014481743903 162
1739616171799 123.13902042559485 163
1739616171812 122.89838696463447 164
1739616171825 122.65824341935884 165
1739616171837 122.41858877668523 166
1739616171849 122.17942202564286 167
1739616171862 121.94074215736839 168
1739616171875 121.70254816510155 169
1739616171888 121.46483904418076 170
1739616171900 121.2276137920387 171
1739616171913 120.99087140819796 172
1739616171926 120.75461089426663 173
1739616171938 120.51883125393398 174
1739616171951 120.28353149296602 175
1739616171963 120.04871061920124 176
1739616171976 119.81436764254633 177
1739616171988 119.58050157497156 178
1739616172001 119.34711143050687 179
1739616172013 119.11419622523725 180
1739616172026 118.88175497729851 181
1739616172038 118.6497867068731 182
1739616172051 118.41829043618569 183
1739616172063 118.18726518949896 184
1739616172076 117.95670999310937 185
1739616172089 117.72662387534277 186
1739616172101 117.49700586655031 187
1739616172113 117.2678549991041 188
1739616172126 117.039170307393 189
1739616172139 116.81095082781846 190
1739616172150 116.5831955987902 191
1739616172162 116.35590366072208 192
1739616172175 116.12907405602793 193
1739616172188 115.90270582911725 194
1739616172200 115.67679802639115 195
1739616172212 115.45134969623815 196
1739616172225 115.22635988903 197
1739616172247 115.00182765711749 198
1739616172261 114.77775205482642 199
1739616172273 114.55413213845338 200
1739616172286 114.33096696626164 201
1739616172299 114.10825559847704 202
1739616172312 113.88599709728389 203
1739616172324 113.66419052682086 204
1739616172339 113.4428349531769 205
1739616172351 113.22192944438713 206
1739616172363 113.00147307042884 207
1739616172376 112.78146490321734 208
1739616172389 112.56190401660197 209
1739616172401 112.34278948636194 210
1739616172413 112.12412039020246 211
1739616172426 111.90589580775058 212
1739616172439 111.68811482055123 213
1739616172450 111.47077651206321 214
1739616172463 111.25387996765505 215
1739616172475 111.03742427460125 216
1739616172488 110.82140852207816 217
1739616172500 110.6058318011599 218
1739616172514 110.39069320481458 219
1739616172526 110.17599182790019 220
1739616172539 109.96172676716084 221
1739616172552 109.74789712122248 222
1739616172564 109.5345019905893 223
1739616172576 109.32154047763967 224
1739616172588 109.10901168662207 225
1739616172600 108.89691472365145 226
1739616172613 108.68524869670514 227
1739616172626 108.47401271561898 228
1739616172639 108.2632058920835 229
1739616172651 108.05282733963998 230
1739616172664 107.84287617367649 231
1739616172677 107.63335151142425 232
1739616172690 107.42425247195361 233
1739616172703 107.21557817617021 234
1739616172715 107.00732774681121 235
1739616172727 106.79950030844131 236
1739616172740 106.59209498744919 237
1739616172752 106.3851109120434 238
1739616172764 106.17854721224873 239
1739616172776 105.97240301990239 240
1739616172789 105.76667746865014 241
1739616172801 105.56136969394264 242
1739616172814 105.35647883303147 243
1739616172825 105.15200402496559 244
1739616172838 104.94794441058743 245
1739616172850 104.74429913252912 246
1739616172863 104.54106733520895 247
1739616172875 104.3382481648273 248
1739616172888 104.13584076936328 249
1739616172900 103.9338442985707 250
1739616172913 103.73225790397451 251
1739616172926 103.53108073886712 252
1739616172939 103.33031195830452 253
1739616172950 103.12995071910288 254
1739616172962 102.92999617983457 255
1739616172975 102.73044750082471 256
1739616172987 102.53130384414737 257
1739616172999 102.33256437362193 258
1739616173012 102.13422825480951 259
1739616173024 101.93629465500923 260
1739616173037 101.73876274325463 261
1739616173050 101.54163169030996 262
1739616173062 101.34490066866671 263
1739616173075 101.14856885253984 264
1739616173087 100.95263541786429 265
1739616173099 100.75709954229129 266
1739616173112 100.5619604051848 267
1739616173126 100.36721718761801 268
1739616173140 100.17286907236961 269
1739616173151 99.97891524392034 270
1739616173165 99.78535488844939 271
1739616173177 99.59218719383087 272
1739616173228 99.39941134963018 273
1739616173251 99.20702654710058 274
1739616173265 99.01503197917962 275
1739616173280 98.82342684048557 276
1739616173293 98.63221032731397 277
1739616173307 98.44138163763408 278
1739616173322 98.25093997108539 279
1739616173334 98.06088452897414 280
1739616173352 97.87121451426981 281
1739616173365 97.68192913160166 282
1739616173377 97.49302758725523 283
1739616173390 97.30450908916889 284
1739616173403 97.11637284693042 285
1739616173416 96.92861807177346 286
1739616173430 96.7412439765742 287
1739616173444 96.55424977584788 288
1739616173457 96.36763468574523 289
1739616173471 96.18139792404934 290
1739616173483 95.99553871017194 291
1739616173497 95.81005626515025 292
1739616173512 95.62494981164336 293
1739616173526 95.44021857392903 294
1739616173538 95.2558617779001 295
1739616173551 95.07187865106134 296
1739616173563 94.88826842252587 297
1739616173575 94.70503032301197 298
1739616173587 94.52216358483953 299
1739616173600 94.33966744192693 300
1739616173613 94.1575411297875 301
1739616173625 93.97578388552625 302
1739616173637 93.79439494783661 303
1739616173649 93.61337355699696 304
1739616173662 93.43271895486751 305
1739616173675 93.25243038488675 306
1739616173687 93.07250709206838 307
1739616173700 92.89294832299787 308
1739616173713 92.71375332582925 309
1739616173726 92.53492135028175 310
1739616173738 92.35645164763659 311
1739616173750 92.17834347073371 312
1739616173763 92.00059607396848 313
1739616173776 91.82320871328845 314
1739616173788 91.64618064619013 315
1739616173801 91.4695111317157 316
1739616173813 91.29319943044986 317
1739616173828 91.11724480451653 318
1739616173840 90.94164651757562 319
1739616173853 90.76640383481994 320
1739616173865 90.59151602297176 321
1739616173878 90.41698235027991 322
1739616173890 90.24280208651632 323
1739616173902 90.06897450297302 324
1739616173915 89.8954988724588 325
1739616173928 89.72237446929623 326
1739616173940 89.5496005693183 327
1739616173952 89.37717644986542 328
1739616173965 89.2051013897821 329
1739616173977 89.03337466941402 330
1739616173991 88.86199557060465 331
1739616174003 88.69096337669234 332
1739616174016 88.52027737250701 333
1739616174028 88.34993684436716 334
1739616174041 88.17994108007669 335
1739616174054 88.0102893689218 336
1739616174067 87.84098100166791 337
1739616174079 87.67201527055659 338
1739616174092 87.50339146930237 339
1739616174104 87.33510889308975 340
1739616174117 87.16716683857014 341
1739616174140 86.99956460385876 342
1739616174153 86.83230148853148 343
1739616174165 86.66537679362196 344
1739616174178 86.49878982161847 345
1739616174191 86.33253987646084 346
1739616174205 86.16662626353754 347
1739616174216 86.00104828968249 348
1739616174230 85.83580526317216 349
1739616174242 85.67089649372252 350
1739616174254 85.506321292486 351
1739616174267 85.34207897204854 352
1739616174279 85.17816884642652 353
1739616174292 85.01459023106379 354
1739616174304 84.85134244282881 355
1739616174317 84.68842480001143 356
1739616174331 84.52583662232016 357
1739616174346 84.363577230879 358
1739616174359 84.20164594822464 359
1739616174372 84.0400420983034 360
1739616174384 83.87876500646838 361
1739616174396 83.7178139994764 362
1739616174409 83.55718840548516 363
1739616174422 83.39688755405022 364
1739616174434 83.2369107761222 365
1739616174447 83.07725740404373 366
1739616174460 82.91792677154672 367
1739616174473 82.75891821374915 368
1739616174485 82.60023106715254 369
1739616174497 82.44186466963876 370
1739616174510 82.2838183604673 371
1739616174523 82.12609148027235 372
1739616174536 81.96868337105992 373
1739616174548 81.81159337620498 374
1739616174560 81.6548208404486 375
1739616174573 81.49836510989506 376
1739616174585 81.34222553200904 377
1739616174597 81.18640145561277 378
1739616174609 81.03089223088314 379
1739616174621 80.87569720934897 380
1739616174635 80.7208157438881 381
1739616174647 80.56624718872455 382
1739616174660 80.41199089942582 383
1739616174672 80.25804623289994 384
1739616174685 80.10441254739278 385
1739616174697 79.95108920248515 386
1739616174711 79.79807555909015 387
1739616174724 79.64537097945025 388
1739616174737 79.49297482713455 389
1739616174749 79.340886467036 390
1739616174761 79.18910526536874 391
1739616174774 79.03763058966511 392
1739616174786 78.88646180877318 393
1739616174799 78.73559829285371 394
1739616174812 78.58503941337763 395
1739616174825 78.43478454312317 396
1739616174837 78.28483305617321 397
1739616174849 78.1351843279125 398
1739616174862 77.98583773502489 399
1739616174874 77.8367926554908 400
1739616174885 77.68804846858424 401
1739616174898 77.53960455487037 402
1739616174911 77.3914602962026 403
1739616174923 77.24361507572002 404
1739616174935 77.09606827784464 405
1739616174948 76.94881928827876 406
1739616174961 76.80186749400222 407
1739616174973 76.65521228326988 408
1739616174985 76.50885304560875 409
1739616174998 76.36278917181549 410
1739616175010 76.21702005395366 411
1739616175023 76.07154508535112 412
1739616175036 75.92636366059742 413
1739616175049 75.78147517554103 414
1739616175062 75.63687902728691 415
1739616175082 75.49257461419364 416
1739616175095 75.34856133587108 417
1739616175109 75.20483859317746 418
1739616175122 75.06140578821697 419
1739616175135 74.91826232433714 420
1739616175147 74.77540760612612 421
1739616175160 74.63284103941024 422
1739616175172 74.49056203125127 423
1739616175184 74.34856998994398 424
1739616175196 74.2068643250135 425
1739616175209 74.06544444721266 426
1739616175221 73.9243097685196 427
1739616175234 73.78345970213508 428
1739616175247 73.64289366247993 429
1739616175259 73.50261106519258 430
1739616175272 73.36261132712644 431
1739616175284 73.22289386634742 432
1739616175296 73.08345810213129 433
1739616175309 72.94430345496124 434
1739616175321 72.8054293465254 435
1739616175333 72.66683519971421 436
1739616175346 72.52852043861793 437
1739616175359 72.39048448852424 438
1739616175372 72.25272677591552 439
1739616175384 72.11524672846662 440
1739616175397 71.97804377504218 441
1739616175409 71.84111734569414 442
1739616175422 71.70446687165943 443
1739616175437 71.56809178535728 444
1739616175449 71.43199152038692 445
1739616175461 71.29616551152495 446
1739616175474 71.16061319472306 447
1739616175488 71.02533400710543 448
1739616175500 70.89032738696635 449
1739616175512 70.75559277376776 450
1739616175526 70.62112960813677 451
1739616175538 70.48693733186332 452
1739616175551 70.35301538789763 453
1739616175564 70.21936322034784 454
1739616175576 70.08598027447766 455
1739616175589 69.95286599670376 456
1739616175602 69.82001983459361 457
1739616175614 69.68744123686281 458
1739616175626 69.5551296533729 459
1739616175639 69.42308453512888 460
1739616175652 69.29130533427683 461
1739616175665 69.15979150410152 462
1739616175677 69.02854249902401 463
1739616175690 68.89755777459933 464
1739616175702 68.76683678751407 465
1739616175715 68.63637899558401 466
1739616175726 68.5061838577518 467
1739616175740 68.37625083408453 468
1739616175753 68.2465793857715 469
1739616175766 68.11716897512173 470
1739616175779 67.98801906556176 471
1739616175791 67.85912912163316 472
1739616175803 67.73049860899039 473
1739616175816 67.60212699439829 474
1739616175828 67.47401374572989 475
1739616175841 67.34615833196402 476
1739616175854 67.218560223183 477
1739616175866 67.09121889057042 478
1739616175877 66.96413380640873 479
1739616175890 66.83730444407698 480
1739616175903 66.71073027804857 481
1739616175915 66.58441078388891 482
1739616175927 66.45834543825318 483
1739616175940 66.332533718884 484
1739616175952 66.20697510460919 485
1739616175964 66.08166907533953 486
1739616175977 65.95661511206646 487
1739616175990 65.83181269685981 488
1739616176009 65.70726131286557 489
1739616176025 65.58296044430364 490
1739616176038 65.45890957646559 491
1739616176051 65.33510819571241 492
1739616176063 65.21155578947224 493
1739616176076 65.08825184623826 494
1739616176089 64.96519585556632 495
1739616176101 64.84238730807277 496
1739616176114 64.7198256954323 497
1739616176127 64.59751051037567 498
1739616176139 64.4754412466875 499
