1739617255769 126.13389403696365 0
1739617255781 96.00856678690279 1
1739617255794 75.17546585016441 2
1739617255806 52.20042470035583 3
1739617255817 42.909102823659836 4
1739617255828 38.902937097200535 5
1739617255840 32.62572152785391 6
1739617255851 27.388744653346357 7
1739617255862 20.792052308871206 8
1739617255873 15.875488695081582 9
1739617255886 19.29156030386871 10
1739617255898 14.58795804180439 11
1739617255910 17.918517554776514 12
1739617255922 18.22913449643366 13
1739617255935 12.52768561012856 14
1739617255948 15.693308050481134 15
1739617255961 16.64819436052905 16
1739617255974 11.88243763276237 17
1739617255986 14.54534806252767 18
1739617255999 12.86995233237797 19
1739617256011 12.478207976028559 20
1739617256023 13.399921546358314 21
1739617256036 13.61054371425942 22
1739617256048 11.188620618649697 23
1739617256061 11.772187206712603 24
1739617256073 5.611532061131375 25
1739617256085 10.168838407191242 26
1739617256098 11.372673682098151 27
1739617256111 12.78658109821212 28
1739617256124 8.122624358115905 29
1739617256137 9.622853571510491 30
1739617256149 14.171843006561131 31
1739617256161 7.441389993094185 32
1739617256174 18.080490098705386 33
1739617256187 15.06187734043826 34
1739617256200 11.323178236236188 35
1739617256212 10.431163812452729 36
1739617256225 11.23448390527496 37
1739617256238 15.25132494357545 38
1739617256250 9.87354719334209 39
1739617256263 8.586194136127148 40
1739617256275 10.253162767348055 41
1739617256289 5.53518596211341 42
1739617256302 10.099673462067734 43
1739617256315 12.899119789790172 44
1739617256328 15.329581568517131 45
1739617256341 9.678513977852404 46
1739617256353 16.629620751095725 47
1739617256365 9.465489807315022 48
1739617256378 13.10039486734343 49
1739617256390 9.149110967678423 50
1739617256403 8.555118977726906 51
1739617256416 11.977625974438391 52
1739617256428 8.667180688037444 53
1739617256441 8.898012318460054 54
1739617256453 11.959429818995954 55
1739617256465 11.102821547468263 56
1739617256478 10.809953032851949 57
1739617256490 13.119954662727697 58
1739617256503 9.546568267982254 59
1739617256515 13.636471733913165 60
1739617256528 13.897823867099389 61
1739617256540 11.390234137468239 62
1739617256553 14.115485107382696 63
1739617256566 14.10763608504034 64
1739617256578 10.747352947363474 65
1739617256591 15.049877106324692 66
1739617256603 16.071092063791127 67
1739617256616 11.742586247984447 68
1739617256629 11.523550007603724 69
1739617256642 11.560989571720583 70
1739617256654 11.611646299028475 71
1739617256666 10.066461141092002 72
1739617256679 15.190969068202989 73
1739617256692 8.217704380657336 74
1739617256704 8.551648571682763 75
1739617256719 12.125604658733184 76
1739617256732 11.164356228689126 77
1739617256745 15.898908968052611 78
1739617256758 14.27097338103216 79
1739617256770 8.695125131375546 80
1739617256783 12.151029548447799 81
1739617256796 17.314356143557188 82
1739617256809 6.631319956734428 83
1739617256822 15.201307405554703 84
1739617256835 10.955590337601066 85
1739617256848 9.814113000209934 86
1739617256860 10.077275288224163 87
1739617256872 11.528144257655322 88
1739617256884 11.003207834763968 89
1739617256897 13.18724715760832 90
1739617256909 14.711999780053905 91
1739617256921 13.983979283943881 92
1739617256934 9.569011298263845 93
1739617256947 10.033934130602706 94
1739617256960 14.153313913958021 95
1739617256972 14.138228921300902 96
1739617256985 12.932655447738295 97
1739617256998 7.654482514462887 98
1739617257011 15.023057518222087 99
1739617257025 10.777374430500675 100
1739617257037 10.14177984824216 101
1739617257049 15.61813684056443 102
1739617257062 11.633840481832179 103
1739617257074 10.025888786743204 104
1739617257086 9.756713316648145 105
1739617257099 7.497036750236773 106
1739617257111 10.33072942648057 107
1739617257123 13.335099028382945 108
1739617257135 13.210057991992926 109
1739617257148 15.027108218895963 110
1739617257160 10.845772663698753 111
1739617257172 14.571474435124742 112
1739617257185 12.04853225191966 113
1739617257197 11.350426537221185 114
1739617257222 11.362211522208208 115
1739617257268 15.164218273765098 116
1739617257283 14.677832661222656 117
1739617257297 10.90071642000877 118
1739617257312 16.503532748346593 119
1739617257326 10.912325209269383 120
1739617257340 10.396308319592583 121
1739617257354 12.118676379659583 122
1739617257368 6.74312173160284 123
1739617257382 11.290705234760518 124
1739617257396 12.095605159034202 125
1739617257410 9.250748551668346 126
1739617257423 8.24037965419471 127
1739617257436 11.456667259788878 128
1739617257449 11.449376969368807 129
1739617257462 10.682589128376689 130
1739617257475 9.29645490084597 131
1739617257487 10.917065048305723 132
1739617257500 12.63333707310123 133
1739617257513 11.643328967894591 134
1739617257526 13.714913219241124 135
1739617257539 10.798652455330698 136
1739617257552 11.555313403882847 137
1739617257565 11.566060823634633 138
1739617257578 13.146854908276321 139
1739617257591 8.736174715804726 140
1739617257603 12.979548926004648 141
1739617257616 16.87438801306524 142
1739617257629 15.069273990318361 143
1739617257642 13.956787291385128 144
1739617257655 12.39910598224284 145
1739617257668 14.278611284080366 146
1739617257681 12.811699780393528 147
1739617257693 15.940548843001581 148
1739617257706 13.688282706092709 149
1739617257719 13.37342610370902 150
1739617257732 11.072181856352769 151
1739617257745 10.350068665556293 152
1739617257758 9.19619033291315 153
1739617257770 14.957041625216883 154
1739617257783 12.731810616689613 155
1739617257795 14.238404018911778 156
1739617257807 11.312953954750569 157
1739617257819 13.742243529807238 158
1739617257831 13.466744358669668 159
1739617257844 11.244960016638151 160
1739617257856 9.926035824701 161
1739617257868 10.024172167735879 162
1739617257881 11.475890511390743 163
1739617257893 9.924788522055863 164
1739617257906 11.028315560009716 165
1739617257918 10.978540367966618 166
1739617257930 10.602844366611254 167
1739617257942 9.138448112849078 168
1739617257955 13.193196054714425 169
1739617257968 13.014144916250077 170
1739617257980 9.248413402553863 171
1739617257993 11.57956293019238 172
1739617258006 11.893243284784514 173
1739617258018 10.525044974369495 174
1739617258030 14.112463293679278 175
1739617258043 11.911236496962271 176
1739617258056 12.41594422545751 177
1739617258068 9.206731565365018 178
1739617258083 9.740158112683847 179
1739617258096 8.72440575950164 180
1739617258109 14.428969635061593 181
1739617258122 12.687883848074131 182
1739617258136 11.304213029658577 183
1739617258149 10.422468009006867 184
1739617258161 11.062305788746245 185
1739617258174 12.079204530551293 186
1739617258186 8.023491592238676 187
1739617258199 11.10441002602509 188
1739617258211 10.693588841731282 189
1739617258224 14.026672142702491 190
1739617258236 17.21816249697227 191
1739617258248 12.42513530936606 192
1739617258260 12.307390503367957 193
1739617258272 9.85577823520812 194
1739617258284 12.186233438269436 195
1739617258297 12.183408123763419 196
1739617258310 14.754564512567494 197
1739617258323 15.831390942658063 198
1739617258335 15.935085852692877 199
1739617258346 15.612571912199186 200
1739617258359 12.959367008989123 201
1739617258370 10.66784613949938 202
1739617258383 11.729182052699304 203
1739617258395 12.737542101904035 204
1739617258407 9.087378993083892 205
1739617258419 9.290561998518072 206
1739617258431 12.149120477560247 207
1739617258444 15.104938177905591 208
1739617258456 12.768687890432568 209
1739617258468 12.30255494086302 210
1739617258480 9.954142343820058 211
1739617258492 14.149575142777818 212
1739617258504 12.845539645730803 213
1739617258517 10.218875710138423 214
1739617258529 10.872134491612785 215
1739617258541 11.637463808893107 216
1739617258553 11.43862086047918 217
1739617258565 11.189886831844293 218
1739617258578 12.202051410736635 219
1739617258590 12.315684493256601 220
1739617258602 9.190184703167873 221
1739617258614 10.628074552997843 222
1739617258626 10.307686040827331 223
1739617258638 9.849042788166004 224
1739617258650 9.679669997015386 225
1739617258662 9.918904139952065 226
1739617258675 13.47648887085336 227
1739617258686 10.12308575804194 228
1739617258698 11.454436885756175 229
1739617258710 9.853777885486021 230
1739617258722 15.571835535099865 231
1739617258735 11.353093254679369 232
1739617258747 8.183346159071219 233
1739617258760 10.046077166814356 234
1739617258772 11.746523676314855 235
1739617258784 8.978291676252054 236
1739617258796 10.498837213095745 237
1739617258808 9.879228656864328 238
1739617258820 10.511303970119632 239
1739617258835 10.519344865672227 240
1739617258848 10.08821918114127 241
1739617258861 12.490820520771548 242
1739617258874 9.682908828590824 243
1739617258886 10.60986901864939 244
1739617258899 12.573827954852048 245
1739617258911 11.201567895138565 246
1739617258923 9.988361068922725 247
1739617258935 10.60924482814193 248
1739617258947 10.035461132752934 249
1739617258960 17.143549404595866 250
1739617258972 10.950134759270114 251
1739617258985 12.420437884374646 252
1739617258997 11.1953990497154 253
1739617259009 11.220470372819324 254
1739617259021 11.65022203282922 255
1739617259033 10.335914728765482 256
1739617259048 14.577012118197963 257
1739617259060 10.602537370769033 258
1739617259072 12.072989411404034 259
1739617259085 9.852233073444792 260
1739617259097 7.780142070335154 261
1739617259110 13.193619606421281 262
1739617259122 13.666268040025033 263
1739617259134 9.825798786653056 264
1739617259146 14.530039069759995 265
1739617259158 11.976214220009185 266
1739617259170 11.99712431546513 267
1739617259183 8.817340098172409 268
1739617259195 16.407120774434258 269
1739617259208 15.034983453391868 270
1739617259222 12.378789612266447 271
1739617259235 10.72245495641007 272
1739617259247 11.062073439131604 273
1739617259259 11.312687342159224 274
1739617259272 11.857048129353881 275
1739617259284 11.59677676169077 276
1739617259297 9.433952427529226 277
1739617259310 12.256903813871315 278
1739617259323 11.046964903204717 279
1739617259336 10.55218462069387 280
1739617259348 10.02126666173198 281
1739617259362 10.698682495600522 282
1739617259374 13.565796747257068 283
1739617259387 12.64987215091525 284
1739617259399 11.239733901269853 285
1739617259412 12.200949008998798 286
1739617259424 9.448571747407598 287
1739617259436 6.706918951044398 288
1739617259448 10.155223818611288 289
1739617259461 14.28973850717496 290
1739617259473 12.09759402257873 291
1739617259485 14.257320850531277 292
1739617259497 13.474802946554075 293
1739617259508 10.449867895365946 294
1739617259521 10.99778648293147 295
1739617259533 10.729031955861716 296
1739617259545 11.20610006033731 297
1739617259557 11.498806222705703 298
1739617259569 10.016180417197802 299
1739617259581 13.892186325595144 300
1739617259594 10.818582599120527 301
1739617259605 12.222892715649683 302
1739617259617 13.477648063840137 303
1739617259630 13.107934439213144 304
1739617259642 14.451515226196255 305
1739617259654 14.001886449075469 306
1739617259666 11.324628710166474 307
1739617259678 11.857525365123541 308
1739617259690 11.175776851143274 309
1739617259702 6.178832760196085 310
1739617259714 13.389042925879467 311
1739617259727 9.552527942954278 312
1739617259739 9.186786384904513 313
1739617259751 11.294223865769455 314
1739617259764 12.17764959646654 315
1739617259776 14.340157667573532 316
1739617259789 10.80947353648804 317
1739617259801 11.200449604175978 318
1739617259814 9.241991060015714 319
1739617259827 14.389030632337041 320
1739617259871 9.83444811099431 321
1739617259893 12.109738931789384 322
1739617259910 10.93723966707449 323
1739617259925 12.003844229066903 324
1739617259940 14.766862799945715 325
1739617259954 7.863949978597992 326
1739617259969 12.593942947777926 327
1739617259982 11.63315148969762 328
1739617259995 8.930333529552502 329
1739617260008 10.34673268845357 330
1739617260022 9.131490365663826 331
1739617260035 13.523229567783472 332
1739617260049 16.75841993851196 333
1739617260064 14.565286591370793 334
1739617260077 8.201075569173934 335
1739617260090 12.10218625989944 336
1739617260103 11.336682504778612 337
1739617260116 8.923501962257383 338
1739617260129 12.607843768892192 339
1739617260141 14.49156521351498 340
1739617260154 11.874805153006859 341
1739617260167 12.676721133057098 342
1739617260180 12.664914367091413 343
1739617260193 11.45879744718684 344
1739617260208 13.129226779235907 345
1739617260222 10.397720386344062 346
1739617260235 9.118600042202209 347
1739617260248 12.183174066757717 348
1739617260261 12.00356113566171 349
1739617260274 11.23666836619344 350
1739617260287 15.095320265313934 351
1739617260300 12.940602381464716 352
1739617260313 11.984237338335863 353
1739617260326 14.552561466381814 354
1739617260339 16.759317745347477 355
1739617260351 14.047432287053411 356
1739617260364 12.589398208021755 357
1739617260376 9.044424317924525 358
1739617260388 13.56777520539452 359
1739617260400 10.904286793526508 360
1739617260412 11.818963007225703 361
1739617260424 10.435166964886728 362
1739617260436 9.960478941337698 363
1739617260448 11.542407235562148 364
1739617260461 10.210404380876435 365
1739617260473 10.671571714565726 366
1739617260486 14.29367017403888 367
1739617260498 9.155235015631067 368
1739617260510 12.299509462355653 369
1739617260524 14.104918478656387 370
1739617260537 12.996064460162245 371
1739617260550 9.77102565803737 372
1739617260564 10.75475068643374 373
1739617260577 11.298192317945077 374
1739617260589 11.285635422261134 375
1739617260603 10.106007300667276 376
1739617260615 8.897317999767472 377
1739617260627 13.088768940070224 378
1739617260640 11.348130778162176 379
1739617260652 10.142641297671123 380
1739617260664 11.448003201864543 381
1739617260676 13.680575133514097 382
1739617260689 11.85256236732584 383
1739617260701 9.396236646280364 384
1739617260713 11.154451324512783 385
1739617260725 9.564492772058728 386
1739617260737 13.010445284989917 387
1739617260749 11.347948279216086 388
1739617260761 15.99790926155647 389
1739617260773 13.435303971350827 390
1739617260785 8.819295366670179 391
1739617260798 15.29037957734538 392
1739617260810 16.529812554514855 393
1739617260822 7.040784784004319 394
1739617260834 11.796210848651468 395
1739617260846 11.730815374027554 396
1739617260859 10.704147716341026 397
1739617260871 10.582737377535755 398
1739617260883 10.724787095114069 399
1739617260896 11.720301823206764 400
1739617260908 13.922770053557626 401
1739617260920 9.481346273358227 402
1739617260932 12.278902041617426 403
1739617260945 8.836953666754999 404
1739617260960 12.216444165721695 405
1739617260973 11.285334652424131 406
1739617260988 9.653298845930145 407
1739617261001 12.779223268217525 408
1739617261014 7.180626137463097 409
1739617261028 11.174180988027459 410
1739617261041 9.371895121293754 411
1739617261056 8.504371088091283 412
1739617261070 17.118354093388792 413
1739617261083 13.210940290738273 414
1739617261097 12.595660459198257 415
1739617261111 9.516648061583746 416
1739617261124 11.266864939863467 417
1739617261138 12.492435917013095 418
1739617261151 11.844770796717384 419
1739617261164 10.56067855876257 420
1739617261178 15.06986688028428 421
1739617261191 8.485984491388749 422
1739617261205 9.95263761979235 423
1739617261218 8.860297188334373 424
1739617261232 14.12004380429834 425
1739617261245 13.850340427479932 426
1739617261259 9.627456199628526 427
1739617261272 9.977172747522905 428
1739617261286 13.397054042717546 429
1739617261299 13.819807342211314 430
1739617261312 10.808694332990097 431
1739617261325 12.846745489979291 432
1739617261337 11.800589353341215 433
1739617261349 8.752426834355752 434
1739617261362 11.795352358524207 435
1739617261375 10.383991058081142 436
1739617261388 11.285984682697523 437
1739617261400 11.250728931858891 438
1739617261414 9.70644288442011 439
1739617261426 8.355576593142313 440
1739617261439 9.957222739829078 441
1739617261451 11.623560879747602 442
1739617261464 10.061394093218514 443
1739617261478 10.094945050139088 444
1739617261491 11.08541814102843 445
1739617261504 10.33494999256316 446
1739617261518 9.533804133194613 447
1739617261531 8.96886690603763 448
1739617261543 12.109982125983494 449
1739617261556 9.024342099006914 450
1739617261569 7.667063623530453 451
1739617261581 9.016333681107906 452
1739617261594 11.8716418068961 453
1739617261607 12.27999184683659 454
1739617261620 15.226555890908225 455
1739617261632 14.666080497771407 456
1739617261645 9.995399462124201 457
1739617261657 9.405324042098611 458
1739617261669 11.566458009390555 459
1739617261681 10.578000657506829 460
1739617261693 13.807505253837299 461
1739617261706 9.791873842256052 462
1739617261718 11.659778227373033 463
1739617261730 12.991137582903878 464
1739617261742 12.28354909261212 465
1739617261754 11.252307249077466 466
1739617261766 9.19725706234849 467
1739617261779 8.746825443324315 468
1739617261791 13.91327575355788 469
1739617261803 10.940326189590346 470
1739617261815 11.54637817294191 471
1739617261827 13.189373351409982 472
1739617261839 11.660271419443253 473
1739617261851 10.839575790850475 474
1739617261863 9.787999944491284 475
1739617261877 12.463130839329951 476
1739617261889 13.214586773761582 477
1739617261901 10.495086618758195 478
1739617261913 9.993120579065579 479
1739617261925 10.653877887168923 480
1739617261937 10.689168011448816 481
1739617261949 13.602406474913034 482
1739617261962 10.892607879803563 483
1739617261974 10.98956455928174 484
1739617261986 9.585368081114401 485
1739617261998 13.843796007949011 486
1739617262011 12.436398437941868 487
1739617262023 12.138326154502371 488
1739617262036 10.330417456771542 489
1739617262048 10.935477094382554 490
1739617262063 12.042505240510367 491
1739617262077 12.912059627617015 492
1739617262091 10.442142760202247 493
1739617262104 11.373140785015217 494
1739617262118 9.2269253353273 495
1739617262131 10.027201199623056 496
1739617262144 12.676054903829261 497
1739617262158 12.636722910904405 498
1739617262171 14.882645398748393 499
