1739557004569 32.36855905638649 0
1739557004611 41.78231560510907 1
1739557004651 7.904288843003783 2
1739557004690 68.181139628904 3
1739557004729 2.093200330942669 4
1739557004771 0.03378940987111405 5
1739557004812 3.505453187270497 6
1739557004850 11.28499005651455 7
1739557004889 1.1291455175005343 8
1739557004928 1.317530881197495 9
1739557004967 23.492496864217962 10
1739557005007 5.076319109391126 11
1739557005045 33.60443360059859 12
1739557005083 16.39666702190036 13
1739557005122 7.85702488915149 14
1739557005164 0.09151272537043165 15
1739557005206 17.054183648235806 16
1739557005247 30.305276020973864 17
1739557005289 6.75596813568036 18
1739557005328 22.622414814480926 19
1739557005366 43.1917188780695 20
1739557005404 1.2124614448569386 21
1739557005442 0.8126824856429462 22
1739557005480 30.399820321559307 23
1739557005519 1.539974238439254 24
1739557005557 6.390790102451512 25
1739557005595 2.5904437645528673 26
1739557005635 10.603977656431269 27
1739557005673 0.7316725377493969 28
1739557005713 5.048536870520825 29
1739557005751 17.152808004626333 30
1739557005796 5.906478780161289 31
1739557005838 5.841890522643298 32
1739557005877 8.456430772013272 33
1739557005947 9.52226083626114 34
1739557005989 19.878026171744782 35
1739557006031 34.55435186638672 36
1739557006073 7.016084929516213 37
1739557006115 1.4800952428316638 38
1739557006157 3.4130874127297957 39
1739557006198 25.02380006807167 40
1739557006241 25.00856137367012 41
1739557006282 2.0535661362406734 42
1739557006324 4.0103664968159 43
1739557006365 44.89469832843928 44
1739557006403 34.9559899519058 45
1739557006442 18.36279657165993 46
1739557006480 1.3473189245253459 47
1739557006518 3.2626491055960245 48
1739557006557 0.372896192251713 49
1739557006595 13.079046501667717 50
1739557006634 6.426131331712679 51
1739557006672 4.948822648943739 52
1739557006710 1.9326943077730911 53
1739557006749 5.390186426823329 54
1739557006787 3.1989417415933725 55
1739557006826 0.04326375926565376 56
1739557006865 4.83948710731288 57
1739557006902 0.00130153223159216 58
1739557006941 4.749904380654487 59
1739557006979 17.151205321069334 60
1739557007017 2.135723311211992 61
1739557007057 4.0050593100787175 62
1739557007095 8.066101840707526 63
1739557007133 18.959078537338613 64
1739557007172 7.749750145145747 65
1739557007209 0.3587274522331783 66
1739557007249 4.767323860879547 67
1739557007290 0.34926227671920274 68
1739557007332 16.335862403061373 69
1739557007374 0.18796880537538466 70
1739557007414 23.231493892651244 71
1739557007453 25.21192440922018 72
1739557007491 6.017646219630316 73
1739557007529 47.38704531836252 74
1739557007568 2.238877902633501 75
1739557007607 8.141231758431667 76
1739557007646 5.004862982008495 77
1739557007685 6.38523502725803 78
1739557007722 2.6162394661869848 79
1739557007761 72.23741837965747 80
1739557007799 11.112352572192611 81
1739557007839 55.19000530758992 82
1739557007877 17.241626579262693 83
1739557007915 24.41784262054574 84
1739557007954 0.11168343827197688 85
1739557007992 0.08640765671406318 86
1739557008030 6.331383543207242 87
1739557008070 29.519532178354577 88
1739557008108 39.033506151862234 89
1739557008148 0.002346399888295977 90
1739557008187 28.068455640085713 91
1739557008225 8.250868755913938 92
1739557008265 20.109629258366834 93
1739557008303 0.02953810842007426 94
1739557008341 0.029560033732459978 95
1739557008381 13.197545017207581 96
1739557008419 23.537905948065905 97
1739557008457 7.648937560906003 98
1739557008495 15.221237809330079 99
1739557008535 13.040710080193557 100
1739557008573 47.18704866205276 101
1739557008611 7.007115205471901 102
1739557008650 8.621567261442697 103
1739557008690 31.302773686944615 104
1739557008728 29.291571998740675 105
1739557008767 22.762026103248004 106
1739557008806 17.216416946866357 107
1739557008844 38.68736014842493 108
1739557008883 19.969286641747882 109
1739557008921 0.5008307187085159 110
1739557008959 22.418148665386425 111
1739557008998 8.217759691816074 112
1739557009037 2.0375315361387965 113
1739557009077 16.74031738794989 114
1739557009169 1.6924608425396508 115
1739557009207 1.2395583300978072 116
1739557009246 0.19101526849883838 117
1739557009284 1.3489587600814963 118
1739557009322 22.65857386599997 119
1739557009361 6.590114104842394 120
1739557009400 6.511371173449712 121
1739557009442 1.1997290467803545 122
1739557009484 0.056729356052633365 123
1739557009524 2.367618713489105 124
1739557009562 44.21879832433841 125
1739557009602 0.014429219065810567 126
1739557009640 0.3870684385357143 127
1739557009679 0.3965967064796018 128
1739557009720 15.959701255732549 129
1739557009758 35.96533260824398 130
1739557009797 8.299979571634099 131
1739557009834 0.4096489811719652 132
1739557009873 10.227946895368376 133
1739557009912 1.9517852614215179 134
1739557009950 32.81544909444658 135
1739557009989 0.4287661088160256 136
1739557010028 4.111183698530991 137
1739557010067 0.0001015447479745843 138
1739557010105 7.798138307525735 139
1739557010145 17.68730361861982 140
1739557010183 14.379734027832415 141
1739557010222 3.3514894229577754 142
1739557010261 9.259502385556837 143
1739557010299 4.966521473117819 144
1739557010337 12.458887450181452 145
1739557010375 6.224741899262945 146
1739557010415 5.519290062730362 147
1739557010453 32.375605031010444 148
1739557010492 46.54331438360528 149
1739557010530 37.840636118655 150
1739557010569 33.18545014980862 151
1739557010608 2.9913004303546753 152
1739557010646 9.678440049502164 153
1739557010684 0.3219309875486436 154
1739557010723 0.007776943230172036 155
1739557010762 0.07821773461543752 156
1739557010800 31.082529472707364 157
1739557010840 2.3806437160644256 158
1739557010878 37.41826687639139 159
1739557010917 41.1141855438265 160
1739557010956 9.59338655971027 161
1739557010994 12.727538008537712 162
1739557011033 10.859661345881527 163
1739557011071 1.1591550570912759 164
1739557011110 2.0897150895683287 165
1739557011150 1.6838032210234555 166
1739557011188 3.478425516827763 167
1739557011228 0.4607640129863086 168
1739557011270 21.514049742820074 169
1739557011309 5.635187934525637 170
1739557011347 3.745323385248375 171
1739557011385 0.08851155237148366 172
1739557011425 0.2776291995685196 173
1739557011463 0.10679049952070792 174
1739557011502 3.9573297368145 175
1739557011544 12.952333383037052 176
1739557011587 3.8884605531012384 177
1739557011629 0.2017798757605663 178
1739557011670 20.159945151970014 179
1739557011708 8.042416450966236 180
1739557011748 10.891456535164394 181
1739557011786 23.215369524519033 182
1739557011825 2.4443246912789216 183
1739557011863 1.2026328052933781 184
1739557011901 13.79402200493546 185
1739557011941 2.344055537926404 186
1739557011979 13.325906338936148 187
1739557012018 0.802820424812492 188
1739557012057 0.2532054299571358 189
