1739558328896 169.17786399086305 0
1739558328904 169.16054417150633 1
1739558328912 169.14371073979845 2
1739558328920 169.1268789687516 3
1739558328928 169.11004888246566 4
1739558328937 169.09322048077073 5
1739558328945 169.07639376349812 6
1739558328953 169.0595687304793 7
1739558328962 169.0427453815457 8
1739558328970 169.02592371652867 9
1739558328978 169.0091037352597 10
1739558328986 168.9922854375703 11
1739558328994 168.97546882329186 12
1739558329002 168.95865389225597 13
1739558329010 168.9418406442941 14
1739558329019 168.92502907923776 15
1739558329028 168.9082191969185 16
1739558329036 168.89141099716795 17
1739558329044 168.87460447981766 18
1739558329052 168.85779964469918 19
1739558329061 168.8409964916442 20
1739558329069 168.82419502048435 21
1739558329077 168.80739523105123 22
1739558329086 168.7905971231765 23
1739558329104 168.77380069669192 24
1739558329113 168.75700595142914 25
1739558329121 168.74021288721985 26
1739558329129 168.72342150389582 27
1739558329138 168.70663180128884 28
1739558329146 168.68984377923059 29
1739558329154 168.67305743755298 30
1739558329162 168.65627277608766 31
1739558329170 168.63948979466656 32
1739558329179 168.62270849312145 33
1739558329187 168.60592887128422 34
1739558329196 168.58915092898673 35
1739558329204 168.57237466606088 36
1739558329212 168.55560008233854 37
1739558329221 168.53882717765165 38
1739558329229 168.5220559518322 39
1739558329237 168.50528640471202 40
1739558329245 168.48851853612317 41
1739558329253 168.4717523458976 42
1739558329261 168.45498783386736 43
1739558329269 168.43822499986445 44
1739558329277 168.4214638437209 45
1739558329286 168.4047043652687 46
1739558329293 168.38794656434004 47
1739558329301 168.37119044076692 48
1739558329310 168.3544359943815 49
1739558329318 168.3376832250159 50
1739558329326 168.32093213250218 51
1739558329334 168.30418271667256 52
1739558329343 168.28743497735923 53
1739558329352 168.2706889143943 54
1739558329360 168.2539445276101 55
1739558329368 168.23720181683876 56
1739558329376 168.2204607819125 57
1739558329383 168.20372142266362 58
1739558329396 168.1869837389244 59
1739558329404 168.17024773052717 60
1739558329413 168.1535133973041 61
1739558329421 168.13678073908764 62
1739558329429 168.12004975571003 63
1739558329437 168.1033204470037 64
1739558329445 168.08659281280106 65
1739558329453 168.0698668529344 66
1739558329461 168.0531425672362 67
1739558329469 168.03641995553886 68
1739558329477 168.01969901767478 69
1739558329485 168.00297975347647 70
1739558329493 167.9862621627764 71
1739558329501 167.96954624540703 72
1739558329510 167.95283200120087 73
1739558329519 167.93611942999053 74
1739558329527 167.9194085316084 75
1739558329535 167.90269930588715 76
1739558329543 167.88599175265932 77
1739558329551 167.8692858717575 78
1739558329559 167.85258166301435 79
1739558329567 167.8358791262624 80
1739558329575 167.81917826133434 81
1739558329583 167.80247906806284 82
1739558329591 167.78578154628056 83
1739558329599 167.7690856958202 84
1739558329607 167.75239151651448 85
1739558329616 167.7356990081961 86
1739558329625 167.71900817069783 87
1739558329633 167.70231900385235 88
1739558329641 167.68563150749253 89
1739558329649 167.6689456814511 90
1739558329657 167.65226152556096 91
1739558329665 167.63557903965483 92
1739558329673 167.6188982235656 93
1739558329681 167.60221907712614 94
1739558329689 167.58554160016928 95
1739558329697 167.568865792528 96
1739558329705 167.55219165403508 97
1739558329712 167.53551918452354 98
1739558329720 167.51884838382634 99
1739558329728 167.50217925177634 100
1739558329736 167.48551178820665 101
1739558329744 167.46884599295012 102
1739558329752 167.4521818658399 103
1739558329760 167.43551940670892 104
1739558329768 167.4188586153902 105
1739558329777 167.4021994917169 106
1739558329785 167.38554203552206 107
1739558329794 167.36888624663874 108
1739558329801 167.3522321249001 109
1739558329809 167.3355796701392 110
1739558329817 167.31892888218923 111
1739558329825 167.30227976088335 112
1739558329834 167.2856323060547 113
1739558329842 167.26898651753652 114
1739558329851 167.252342395162 115
1739558329861 167.23569993876438 116
1739558329869 167.2190591481769 117
1739558329878 167.20242002323278 118
1739558329886 167.18578256376531 119
1739558329894 167.16914676960786 120
1739558329902 167.15251264059364 121
1739558329910 167.13588017655604 122
1739558329919 167.1192493773284 123
1739558329927 167.10262024274402 124
1739558329936 167.0859927726364 125
1739558329944 167.06936696683877 126
1739558329952 167.05274282518465 127
1739558329961 167.03612034750748 128
1739558329970 167.01949953364067 129
1739558329978 167.0028803834176 130
1739558329987 166.9862628966719 131
1739558329995 166.96964707323696 132
1739558330004 166.9530329129463 133
1739558330012 166.9364204156335 134
1739558330021 166.91980958113206 135
1739558330029 166.90320040927557 136
1739558330037 166.88659289989755 137
1739558330045 166.86998705283165 138
1739558330053 166.85338286791142 139
1739558330061 166.8367803449706 140
1739558330070 166.8201794838427 141
1739558330079 166.8035802843615 142
1739558330087 166.78698274636062 143
1739558330096 166.7703868696737 144
1739558330106 166.75379265413454 145
1739558330115 166.73720009957682 146
1739558330123 166.7206092058343 147
1739558330131 166.70401997274075 148
1739558330140 166.68743240012992 149
1739558330148 166.67084648783558 150
1739558330156 166.65426223569162 151
1739558330164 166.6376796435318 152
1739558330173 166.62109871119003 153
1739558330181 166.6045194385001 154
1739558330190 166.58794182529587 155
1739558330198 166.57136587141133 156
1739558330206 166.55479157668032 157
1739558330215 166.53821894093682 158
1739558330223 166.52164796401468 159
1739558330231 166.50507864574794 160
1739558330239 166.48851098597055 161
1739558330248 166.4719449845165 162
1739558330256 166.4553806412198 163
1739558330264 166.4388179559145 164
1739558330272 166.42225692843462 165
1739558330281 166.40569755861424 166
1739558330289 166.38913984628738 167
1739558330297 166.3725837912882 168
1739558330305 166.3560293934508 169
1739558330313 166.33947665260925 170
1739558330321 166.32292556859775 171
1739558330328 166.30637614125044 172
1739558330336 166.28982837040147 173
1739558330344 166.27328225588514 174
1739558330353 166.25673779753546 175
1739558330361 166.24019499518684 176
1739558330370 166.22365384867348 177
1739558330378 166.20711435782957 178
1739558330386 166.19057652248944 179
1739558330394 166.17404034248744 180
1739558330407 166.15750581765772 181
1739558330415 166.1409729478347 182
1739558330423 166.12444173285274 183
1739558330431 166.10791217254615 184
1739558330440 166.0913842667494 185
1739558330448 166.07485801529674 186
1739558330456 166.0583334180227 187
1739558330464 166.0418104747616 188
1739558330472 166.02528918534796 189
1739558330480 166.00876954961626 190
1739558330488 165.99225156740084 191
1739558330497 165.97573523853634 192
1739558330504 165.95922056285718 193
1739558330513 165.94270754019794 194
1739558330521 165.9261961703931 195
1739558330529 165.90968645327726 196
1739558330537 165.89317838868496 197
1739558330545 165.87667197645084 198
1739558330555 165.86016721640945 199
1739558330563 165.84366410839547 200
1739558330571 165.82716265224352 201
1739558330579 165.81066284778822 202
1739558330587 165.79416469486426 203
1739558330594 165.77766819330637 204
1739558330602 165.76117334294923 205
1739558330610 165.74468014362753 206
1739558330619 165.72818859517605 207
1739558330627 165.71169869742954 208
1739558330636 165.69521045022273 209
1739558330644 165.6787238533905 210
1739558330652 165.66223890676758 211
1739558330660 165.64575561018884 212
1739558330667 165.62927396348903 213
1739558330675 165.6127939665031 214
1739558330683 165.59631561906588 215
1739558330691 165.57983892101228 216
1739558330701 165.56336387217715 217
1739558330714 165.54689047239552 218
1739558330723 165.53041872150223 219
1739558330731 165.5139486193322 220
1739558330740 165.49748016572053 221
1739558330748 165.48101336050212 222
1739558330756 165.464548203512 223
1739558330765 165.44808469458516 224
1739558330773 165.4316228335567 225
1739558330782 165.41516262026164 226
1739558330790 165.398704054535 227
1739558330798 165.38224713621196 228
1739558330806 165.36579186512753 229
1739558330815 165.34933824111687 230
1739558330823 165.33288626401517 231
1739558330832 165.3164359336575 232
1739558330840 165.29998724987902 233
1739558330848 165.283540212515 234
1739558330856 165.2670948214006 235
1739558330865 165.25065107637104 236
1739558330873 165.2342089772615 237
1739558330881 165.2177685239073 238
1739558330889 165.2013297161437 239
1739558330898 165.18489255380595 240
1739558330906 165.16845703672942 241
1739558330914 165.15202316474935 242
1739558330923 165.13559093770107 243
1739558330931 165.11916035542004 244
1739558330939 165.1027314177415 245
1739558330947 165.0863041245009 246
1739558330955 165.06987847553359 247
1739558330963 165.05345447067504 248
1739558330971 165.03703210976067 249
1739558330979 165.0206113926259 250
1739558330987 165.00419231910624 251
1739558330995 164.98777488903713 252
1739558331003 164.97135910225413 253
1739558331012 164.95494495859268 254
1739558331020 164.93853245788833 255
1739558331029 164.9221215999766 256
1739558331037 164.9057123846932 257
1739558331046 164.88930481187353 258
1739558331054 164.87289888135328 259
1739558331062 164.85649459296806 260
1739558331070 164.84009194655349 261
1739558331079 164.8236909419452 262
1739558331087 164.80729157897886 263
1739558331095 164.79089385749015 264
1739558331103 164.77449777731476 265
1739558331111 164.75810333828844 266
1739558331119 164.74171054024688 267
1739558331127 164.7253193830259 268
1739558331136 164.70892986646112 269
1739558331144 164.69254199038838 270
1739558331152 164.67615575464353 271
1739558331160 164.6597711590624 272
1739558331168 164.64338820348067 273
1739558331176 164.62700688773432 274
1739558331184 164.61062721165916 275
1739558331192 164.59424917509108 276
1739558331201 164.57787277786593 277
1739558331209 164.56149801981968 278
1739558331217 164.5451249007882 279
1739558331226 164.52875342060753 280
1739558331234 164.51238357911348 281
1739558331242 164.4960153761422 282
1739558331251 164.47964881152947 283
1739558331259 164.46328388511148 284
1739558331267 164.44692059672423 285
1739558331276 164.4305589462037 286
1739558331284 164.4141989333859 287
1739558331292 164.39784055810702 288
1739558331300 164.38148382020313 289
1739558331308 164.3651287195103 290
1739558331316 164.34877525586464 291
1739558331324 164.3324234291023 292
1739558331332 164.31607323905948 293
1739558331340 164.2997246855723 294
1739558331348 164.28337776847695 295
1739558331357 164.26703248760967 296
1739558331365 164.2506888428067 297
1739558331373 164.23434683390423 298
1739558331381 164.2180064607385 299
1739558331389 164.20166772314582 300
1739558331397 164.18533062096245 301
1739558331409 164.1689951540247 302
1739558331418 164.1526613221689 303
1739558331426 164.13632912523144 304
1739558331434 164.11999856304854 305
1739558331442 164.1036696354567 306
1739558331450 164.0873423422922 307
1739558331458 164.07101668339152 308
1739558331466 164.05469265859108 309
1739558331474 164.03837026772723 310
1739558331482 164.02204951063652 311
1739558331490 164.00573038715532 312
1739558331498 163.9894128971202 313
1739558331506 163.97309704036758 314
1739558331514 163.95678281673406 315
1739558331522 163.9404702260561 316
1739558331531 163.92415926817037 317
1739558331539 163.90784994291323 318
1739558331548 163.89154225012146 319
1739558331556 163.87523618963155 320
1739558331564 163.85893176128013 321
1739558331572 163.84262896490387 322
1739558331580 163.82632780033936 323
1739558331588 163.81002826742332 324
1739558331596 163.7937303659924 325
1739558331604 163.77743409588328 326
1739558331612 163.76113945693268 327
1739558331620 163.74484644897734 328
1739558331628 163.72855507185403 329
1739558331636 163.7122653253995 330
1739558331644 163.69597720945046 331
1739558331652 163.6796907238438 332
1739558331660 163.66340586841625 333
1739558331668 163.6471226430047 334
1739558331676 163.63084104744598 335
1739558331684 163.61456108157694 336
1739558331692 163.59828274523443 337
1739558331700 163.58200603825537 338
1739558331708 163.56573096047666 339
1739558331716 163.54945751173526 340
1739558331724 163.53318569186806 341
1739558331732 163.51691550071206 342
1739558331740 163.50064693810418 343
1739558331748 163.48438000388145 344
1739558331756 163.46811469788085 345
1739558331765 163.45185101993943 346
1739558331773 163.43558896989424 347
1739558331781 163.41932854758232 348
1739558331789 163.40306975284068 349
1739558331797 163.3868125855065 350
1739558331805 163.3705570454169 351
1739558331813 163.3543031324089 352
1739558331821 163.3380508463197 353
1739558331829 163.3218001869864 354
1739558331837 163.30555115424625 355
1739558331845 163.28930374793634 356
1739558331854 163.27305796789403 357
1739558331862 163.25681381395637 358
1739558331870 163.24057128596064 359
1739558331878 163.22433038374413 360
1739558331886 163.2080911071441 361
1739558331894 163.1918534559978 362
1739558331902 163.17561743014258 363
1739558331910 163.15938302941572 364
1739558331918 163.14315025365454 365
1739558331926 163.1269191026964 366
1739558331935 163.11068957637872 367
1739558331943 163.0944616745388 368
1739558331951 163.0782353970141 369
1739558331959 163.06201074364196 370
1739558331968 163.0457877142599 371
1739558331978 163.0295663087053 372
1739558331987 163.01334652681564 373
1739558331995 162.99712836842843 374
1739558332003 162.98091183338113 375
1739558332011 162.96469692151123 376
1739558332020 162.9484836326563 377
1739558332028 162.93227196665387 378
1739558332036 162.91606192334152 379
1739558332045 162.8998535025568 380
1739558332053 162.88364670413733 381
1739558332061 162.86744152792068 382
1739558332070 162.85123797374445 383
1739558332078 162.83503604144641 384
1739558332086 162.8188357308641 385
1739558332095 162.8026370418352 386
1739558332104 162.78643997419746 387
1739558332112 162.77024452778855 388
1739558332120 162.75405070244622 389
1739558332128 162.7378584980081 390
1739558332136 162.72166791431215 391
1739558332145 162.70547895119597 392
1739558332152 162.68929160849737 393
1739558332160 162.67310588605426 394
1739558332168 162.65692178370432 395
1739558332176 162.64073930128546 396
1739558332184 162.62455843863552 397
1739558332192 162.6083791955924 398
1739558332201 162.59220157199394 399
1739558332209 162.57602556767807 400
1739558332219 162.55985118248267 401
1739558332228 162.54367841624574 402
1739558332237 162.52750726880518 403
1739558332245 162.51133773999896 404
1739558332254 162.4951698296651 405
1739558332262 162.4790035376415 406
1739558332270 162.46283886376625 407
1739558332279 162.44667580787743 408
1739558332287 162.43051436981298 409
1739558332296 162.41435454941103 410
1739558332304 162.39819634650965 411
1739558332312 162.38203976094692 412
1739558332320 162.365884792561 413
1739558332329 162.34973144118996 414
1739558332337 162.33357970667197 415
1739558332346 162.31742958884516 416
1739558332355 162.30128108754772 417
1739558332363 162.28513420261785 418
1739558332371 162.2689889338938 419
1739558332379 162.25284528121378 420
1739558332387 162.23670324441596 421
1739558332396 162.22056282333867 422
1739558332410 162.2044240178202 423
1739558332419 162.18828682769876 424
1739558332428 162.1721512528127 425
1739558332436 162.15601729300036 426
1739558332444 162.13988494810005 427
1739558332452 162.12375421795016 428
1739558332460 162.10762510238902 429
1739558332468 162.091497601255 430
1739558332477 162.0753717143866 431
1739558332485 162.05924744162215 432
1739558332493 162.04312478280013 433
1739558332501 162.02700373775895 434
1739558332509 162.01088430633712 435
1739558332517 161.99476648837307 436
1739558332525 161.97865028370543 437
1739558332533 161.96253569217257 438
1739558332542 161.9464227136131 439
1739558332550 161.93031134786548 440
1739558332559 161.9142015947684 441
1739558332567 161.89809345416037 442
1739558332575 161.88198692588003 443
1739558332583 161.86588200976598 444
1739558332591 161.84977870565675 445
1739558332599 161.83367701339117 446
1739558332607 161.81757693280773 447
1739558332615 161.8014784637452 448
1739558332623 161.78538160604228 449
1739558332631 161.76928635953766 450
1739558332639 161.75319272407 451
1739558332648 161.7371006994782 452
1739558332656 161.7210102856009 453
1739558332665 161.70492148227686 454
1739558332673 161.68883428934492 455
1739558332681 161.6727487066439 456
1739558332689 161.65666473401257 457
1739558332697 161.64058237128984 458
1739558332705 161.62450161831453 459
1739558332713 161.60842247492548 460
1739558332721 161.59234494096165 461
1739558332729 161.57626901626188 462
1739558332737 161.56019470066508 463
1739558332745 161.54412199401025 464
1739558332753 161.52805089613634 465
1739558332761 161.51198140688228 466
1739558332769 161.495913526087 467
1739558332777 161.47984725358964 468
1739558332786 161.4637825892291 469
1739558332794 161.44771953284447 470
1739558332802 161.4316580842748 471
1739558332810 161.41559824335917 472
1739558332818 161.39954000993657 473
1739558332827 161.38348338384617 474
1739558332835 161.3674283649271 475
1739558332843 161.35137495301845 476
1739558332851 161.3353231479594 477
1739558332859 161.31927294958908 478
1739558332868 161.30322435774667 479
1739558332876 161.2871773722714 480
1739558332885 161.2711319930024 481
1739558332893 161.255088219779 482
1739558332901 161.2390460524404 483
1739558332909 161.2230054908258 484
1739558332918 161.20696653477455 485
1739558332926 161.1909291841259 486
1739558332934 161.17489343871924 487
1739558332942 161.15885929839376 488
1739558332950 161.1428267629889 489
1739558332958 161.12679583234393 490
1739558332966 161.11076650629832 491
1739558332974 161.09473878469143 492
1739558332983 161.0787126673626 493
1739558332991 161.06268815415132 494
1739558332999 161.046665244897 495
1739558333007 161.03064393943905 496
1739558333015 161.01462423761703 497
1739558333023 160.99860613927035 498
1739558333031 160.98258964423846 499
