1739613211606 8.45710417501309 0
1739613211641 2.4019029572331365 1
1739613211676 23.256702507587736 2
1739613211712 18.457008734407278 3
1739613211747 2.1212535990950268 4
1739613211783 8.309378997152972 5
1739613211819 18.024329569209538 6
1739613211853 1.77178861077853 7
1739613211888 0.05285098625507233 8
1739613211922 1.7359971502870946 9
1739613211957 20.0146820017468 10
1739613211992 86.52216458610147 11
1739613212027 2.0060425681671155 12
1739613212061 78.53741086776469 13
1739613212096 10.43949985887823 14
1739613212131 19.356477348493797 15
1739613212166 10.279998841388075 16
1739613212201 4.614606156146637 17
1739613212235 3.539637705928408 18
1739613212270 19.766272458538726 19
1739613212305 20.059409106602956 20
1739613212339 52.572158472519284 21
1739613212373 0.11171381083725353 22
1739613212409 0.04450819083900685 23
1739613212445 0.000135999498999061 24
1739613212479 22.065916047286123 25
1739613212514 5.204112676427473 26
1739613212549 2.3295188481272913 27
1739613212585 58.69626204150158 28
1739613212619 27.87277595513949 29
1739613212655 2.4854028298546345 30
1739613212689 15.767616265397361 31
1739613212723 61.471275389888525 32
1739613212758 23.288981976682575 33
1739613212793 9.80076540591233 34
1739613212828 43.471737329074905 35
1739613212863 9.500164842245097 36
1739613212898 0.000700528559368687 37
1739613212933 21.486168392684267 38
1739613212978 10.935568759196379 39
1739613213017 13.662467066408382 40
1739613213056 0.0046600373163667415 41
1739613213094 0.045095908354816513 42
1739613213130 19.209178843925447 43
1739613213165 23.405341522577103 44
1739613213199 3.1955479706453014 45
1739613213234 0.36009071230591294 46
1739613213269 20.871920878233063 47
1739613213304 3.3419455523971155 48
1739613213342 1.9639616121728867 49
1739613213378 0.6214576631867689 50
1739613213413 5.278599574315709 51
1739613213448 25.197395765346013 52
1739613213485 7.846682602174549 53
1739613213520 3.0532252848277475 54
1739613213554 7.456391061550972 55
1739613213589 0.15925508997599172 56
1739613213624 2.278871564483126 57
1739613213659 21.60383336006498 58
1739613213695 41.928478421322204 59
1739613213729 9.592258115529765 60
1739613213765 1.0150592906566431 61
1739613213799 7.4041357806455315 62
1739613213835 2.8910687687142955 63
1739613213869 14.989983835981338 64
1739613213904 0.0010534259802354759 65
1739613213938 8.572718634189082 66
1739613213973 21.71365019127023 67
1739613214008 0.00016125787331255573 68
1739613214044 3.1155590745746427 69
1739613214080 35.932887861479614 70
1739613214115 2.100863740276199 71
1739613214150 0.0615820006142277 72
1739613214185 0.27540785046793237 73
1739613214221 13.05537681438399 74
1739613214255 21.64357700942003 75
1739613214290 26.047101268583422 76
1739613214325 0.1503990186742541 77
1739613214360 1.5055723882766043 78
1739613214394 9.35421407813888e-05 79
1739613214429 4.074394565633218 80
1739613214464 12.524006503552483 81
1739613214498 31.215360194004656 82
1739613214533 0.44036669944999085 83
1739613214567 26.858021248729823 84
1739613214602 18.373062436158012 85
1739613214637 4.26357014419888 86
1739613214672 2.9167564003499726 87
1739613214708 16.311389851471287 88
1739613214743 0.030526215853508263 89
1739613214777 0.015571800289552809 90
1739613214812 44.052967036593174 91
1739613214847 20.708491309590595 92
1739613214882 0.008666908184833223 93
1739613214916 37.9536783232018 94
1739613214951 19.089370139050995 95
1739613214985 0.309091049100656 96
1739613215020 8.178589703852913 97
1739613215055 11.382484055726508 98
1739613215090 1.9399113477347578 99
1739613215125 9.995595988338694 100
1739613215159 15.563390486694933 101
1739613215193 28.089230853444313 102
1739613215228 14.606191068288526 103
1739613215262 22.858187384141374 104
1739613215297 16.252351826811815 105
1739613215332 13.643998474202489 106
1739613215366 0.006174723638258964 107
1739613215401 26.433677882969555 108
1739613215435 19.515167687224015 109
1739613215469 13.997636851464202 110
1739613215504 41.30303001859466 111
1739613215538 8.969695123396315 112
1739613215606 1.6926912723495253 113
1739613215642 2.7869431193366845 114
1739613215676 4.378798382971996 115
1739613215711 1.050601777649673 116
1739613215746 26.72209169967498 117
1739613215781 5.915604053380408 118
1739613215816 4.548159572584771 119
1739613215851 7.827357624211377 120
1739613215885 5.20356246059398 121
1739613215920 0.2316901372923618 122
1739613215972 1.2302142582301991 123
1739613216010 14.530166384724009 124
1739613216047 1.4915553280376401 125
1739613216084 1.9630586315754377 126
1739613216121 18.261739408675968 127
1739613216157 6.843052777047825 128
1739613216194 10.847256618510029 129
1739613216231 17.96953063225422 130
1739613216268 4.306683350704423 131
1739613216304 0.1652852394670626 132
1739613216341 13.79442372747269 133
1739613216377 4.5552893005360415 134
1739613216416 1.6501708921642764 135
1739613216452 7.193721912721966 136
1739613216489 17.818164160784757 137
1739613216525 37.82107268549715 138
1739613216562 14.869421588274465 139
1739613216598 10.394351282689914 140
1739613216636 2.350969635954302 141
1739613216674 10.57792267708123 142
1739613216710 11.261190172738445 143
1739613216747 5.288186343769133 144
1739613216784 1.4460497075135204 145
1739613216823 1.7272759343703805 146
1739613216860 26.48211024826403 147
1739613216899 0.3162720951801752 148
1739613216936 5.4922096399911124 149
1739613216975 0.01137265889591338 150
1739613217013 4.712837144558415 151
1739613217052 16.784563167564446 152
1739613217090 4.088298076819406 153
1739613217127 2.0727638131831654 154
1739613217165 5.738116253642073 155
1739613217201 4.110495990781153 156
1739613217238 2.505823404761294 157
1739613217275 17.926432978027403 158
1739613217311 7.221077996137589 159
1739613217348 1.5001208129144668 160
1739613217384 14.432651439271856 161
1739613217421 5.571341540346462 162
1739613217458 10.794867058554892 163
1739613217496 2.3521170664214184 164
1739613217534 35.132228453936456 165
1739613217572 1.2455634003301856 166
1739613217608 13.214384913878389 167
1739613217644 1.2206210320960185 168
1739613217682 0.56473242830657 169
1739613217718 6.084827867566826 170
1739613217754 7.536265517050454 171
1739613217791 34.091989930534616 172
1739613217828 10.837453107992038 173
1739613217866 2.423246620347033 174
1739613217902 3.888758500853311 175
1739613217940 44.07437245138485 176
1739613217977 43.04597013185408 177
1739613218013 7.097983409811384 178
1739613218050 11.875059371123664 179
1739613218088 13.750227896854097 180
1739613218126 12.362459167532672 181
1739613218163 1.1418226890647662 182
1739613218199 6.436678592777846 183
1739613218236 17.03175186779571 184
1739613218272 4.139778374035522 185
1739613218308 26.763507495572075 186
1739613218345 8.473374817907285 187
1739613218381 14.149809192933349 188
1739613218418 0.10604691980558746 189
1739613218454 6.960459361267616 190
1739613218491 22.87311371335403 191
1739613218528 8.039070373126792 192
1739613218565 28.21102212560961 193
1739613218602 4.828604656390442 194
1739613218639 10.048600872487 195
1739613218677 20.439891436578257 196
1739613218717 0.872568856926183 197
1739613218754 12.948719194654446 198
1739613218791 17.290240085268778 199
1739613218828 0.020579491049275724 200
1739613218865 4.883762713455901 201
1739613218902 28.933302802410367 202
1739613218941 6.289495340190136 203
1739613218978 19.07347656485857 204
1739613219016 30.91919633830949 205
1739613219052 9.765255378472853 206
1739613219089 0.003109183593125554 207
1739613219127 7.19413318895421 208
1739613219166 8.059350059996097 209
1739613219203 16.29305921007709 210
1739613219240 13.376776401026401 211
1739613219278 12.154355776454999 212
1739613219317 7.759676891322572 213
1739613219354 7.174381713921837 214
1739613219392 17.532572296357092 215
1739613219429 1.2917419205750678 216
1739613219467 1.8491763156932781 217
1739613219505 72.9849074361148 218
1739613219543 8.150047972365018 219
1739613219581 8.012029710796334 220
1739613219618 30.489681022825444 221
1739613219657 0.41360064912589395 222
1739613219694 7.067892845704894 223
1739613219731 5.354096521701695 224
1739613219768 8.4243126170627 225
1739613219807 0.9076905481942831 226
1739613219845 2.323008989488134 227
1739613219881 5.0207073549211145 228
1739613219918 9.364407538595803 229
1739613219956 25.993336232504035 230
1739613219994 1.891765550277681 231
1739613220032 3.707374208480491 232
1739613220070 23.916667888937372 233
1739613220108 21.70921658319106 234
1739613220145 4.971846178285005 235
1739613220184 20.87402508900561 236
1739613220222 9.449245036878326 237
1739613220259 11.367088625693233 238
1739613220296 3.876599011026787 239
1739613220332 1.4249080482642797 240
1739613220368 17.49243990195827 241
1739613220406 5.596831036877634 242
1739613220443 0.9456408404459838 243
1739613220479 3.9244133166473016 244
1739613220516 0.543385311768428 245
1739613220552 8.46778411439096 246
1739613220589 8.879023354781559 247
1739613220626 6.691910256592614 248
1739613220662 2.7240177793253153 249
1739613220700 0.1899867369526825 250
1739613220738 0.4805209415999472 251
1739613220775 7.079042893974145 252
1739613220812 1.121476903144398 253
1739613220851 32.85465878730389 254
1739613220889 17.717127835400728 255
1739613220928 0.41518770848278513 256
1739613220968 0.009267372750438815 257
1739613221008 2.1419108047173387 258
1739613221046 1.004566816282847 259
1739613221081 0.8676938672316832 260
1739613221116 4.159432594938937 261
1739613221151 9.32890666972624 262
1739613221186 5.839275289714759 263
1739613221222 1.3189942595519735 264
1739613221256 38.23943055307941 265
1739613221291 0.9590103596003614 266
1739613221326 14.711169345974064 267
1739613221361 2.065492322330901 268
1739613221400 38.10654185787488 269
1739613221439 6.994245977531691 270
1739613221475 16.334012041567224 271
1739613221511 12.920841874518786 272
1739613221546 0.40904403645847204 273
1739613221580 3.520318916059687 274
1739613221615 16.169989760083073 275
1739613221649 2.524765772573893 276
1739613221687 10.036326527660245 277
1739613221723 0.5382110121867493 278
1739613221758 7.032659308420313 279
1739613221793 9.45356973486782 280
1739613221827 6.904463387893623 281
1739613221862 9.861873210291519 282
1739613221896 45.53782957103443 283
1739613221931 66.87886226033736 284
1739613221966 16.638789237293135 285
1739613222001 9.357013250337495 286
1739613222036 44.82195602701843 287
1739613222070 14.745604736303319 288
1739613222105 25.688359983098163 289
1739613222139 0.08167252432205735 290
1739613222174 0.0028527673876614615 291
1739613222209 10.862923840703575 292
1739613222243 23.6749387826991 293
1739613222278 6.209130118380806 294
1739613222312 36.926373618373916 295
1739613222348 36.09697952880934 296
1739613222383 0.514387727262504 297
1739613222418 81.98226846862781 298
1739613222453 5.473576312496859 299
1739613222487 49.191902226799044 300
1739613222522 1.3583425675435803 301
1739613222557 1.7560292263094313 302
1739613222592 1.264016333536283 303
1739613222627 28.21764799453072 304
1739613222662 17.755614785963008 305
1739613222699 2.5695421799161684 306
1739613222733 35.68473847274229 307
1739613222768 21.4888012933382 308
1739613222803 72.74915563143598 309
1739613222838 1.979105191553233 310
1739613222874 28.85446177524857 311
1739613222909 8.036862111571574 312
1739613222944 9.727033740193148 313
1739613222979 18.950704662634998 314
1739613223013 4.676552029956591 315
1739613223048 2.1900034985229104 316
1739613223082 22.433334616074827 317
1739613223117 8.07329686930116 318
1739613223152 0.795605554103661 319
1739613223187 2.898872338231194 320
1739613223222 4.724346150080591 321
1739613223256 0.198959017489172 322
1739613223291 10.778876657741806 323
1739613223325 22.09986153741894 324
1739613223361 21.887575687123388 325
1739613223396 0.11064893920381329 326
1739613223431 4.446213973067616 327
1739613223465 24.349499720811526 328
1739613223500 0.21314107870829405 329
1739613223535 2.5060854161976955 330
1739613223570 2.6043699250951295 331
1739613223605 21.662847495471578 332
1739613223639 0.03847455217510132 333
1739613223673 8.51490597209696 334
1739613223708 1.6433011996407754 335
1739613223742 24.755234355753572 336
1739613223776 0.5298313146831274 337
1739613223811 15.688692563773042 338
1739613223846 1.0105969715714136 339
1739613223880 0.29404116665008784 340
1739613223915 128.23153257582075 341
1739613223949 12.609308978262938 342
1739613223984 55.9836405650745 343
1739613224019 15.902539633064752 344
1739613224054 6.344423950346205 345
1739613224088 20.437751963394785 346
1739613224123 11.349639864281684 347
1739613224158 25.155929322616405 348
1739613224192 0.03335872969689726 349
1739613224227 2.12551884767955 350
1739613224263 55.96563568591876 351
1739613224297 1.5314487986794763 352
1739613224331 19.552200202323395 353
1739613224367 6.0993593357556 354
1739613224401 32.54123995093286 355
1739613224436 36.25781460157639 356
1739613224470 5.780910976827496 357
1739613224505 3.893975251890785 358
1739613224540 7.250759681572958 359
1739613224575 4.046062010220603 360
1739613224610 16.637713321525503 361
1739613224644 23.27966400070099 362
1739613224679 1.6495833445565011 363
1739613224717 10.220314779119153 364
1739613224752 4.155299976989789 365
1739613224787 0.0001983543472799527 366
1739613224824 2.9405329819895965 367
1739613224859 26.035105382067893 368
1739613224894 17.131259962197433 369
1739613224928 1.7189387588183171 370
1739613224963 6.486486151503482 371
1739613224998 8.966479238354326 372
1739613225032 36.356726972476345 373
1739613225067 52.25422989708517 374
1739613225102 9.324207415194719 375
1739613225137 1.8138147112170637 376
1739613225171 2.8907291395212242 377
1739613225205 32.910035301125326 378
1739613225240 8.582197524027487 379
1739613225275 6.340711716404941 380
1739613225310 1.5469823936326317 381
1739613225344 7.213574949717869 382
1739613225379 0.04423722180631252 383
1739613225414 0.3307966279777924 384
1739613225449 17.03201176375345 385
1739613225484 4.664911132435327 386
1739613225519 5.686066947371762 387
1739613225555 2.08159566611505 388
1739613225591 10.790219592712935 389
1739613225626 0.27062642510478974 390
1739613225661 14.093777563622858 391
1739613225696 2.80052779324605 392
1739613225730 2.9300204669840113 393
1739613225765 10.243039322396816 394
1739613225799 1.8059999863302 395
1739613225834 0.006230261105582416 396
1739613225869 20.52445651821266 397
1739613225903 13.631477315808773 398
1739613225938 43.2746748864265 399
1739613225975 16.32832915290152 400
1739613226010 2.5489721775445 401
1739613226046 51.162328609322614 402
1739613226081 20.394229559453 403
1739613226116 30.052344791228148 404
1739613226151 17.154500967594537 405
1739613226186 15.36163440789842 406
1739613226221 0.6785987048573916 407
1739613226256 4.915886216523106 408
1739613226290 9.304949192964568 409
1739613226325 0.0055363865845334 410
1739613226360 0.3981587457847515 411
1739613226397 7.288241091488237 412
1739613226434 3.1512810594791794 413
1739613226470 0.7850023491254567 414
1739613226506 0.1413943982678119 415
1739613226540 27.15711423215279 416
1739613226575 26.316468772007372 417
1739613226610 25.744772482477018 418
1739613226644 12.446697325392925 419
1739613226680 0.09121145752554981 420
1739613226714 8.74373117372418 421
1739613226749 28.3325794437825 422
1739613226784 4.144052574125009 423
1739613226818 6.471719041628772 424
1739613226853 1.394103570441747 425
1739613226888 1.8405325671205213 426
1739613226923 13.015566405982133 427
1739613226957 3.1667904536784155 428
1739613227018 1.5930057692497712 429
1739613227057 1.5636221610880272 430
1739613227093 0.07627041421668877 431
1739613227128 8.195700857440679 432
1739613227163 12.246980136441836 433
1739613227199 0.8618688006379415 434
1739613227247 17.348041483978058 435
1739613227298 17.322107210243622 436
1739613227351 1.396424422269684 437
1739613227389 9.552484988583442 438
1739613227424 6.032309417385688 439
1739613227459 38.03864923323555 440
1739613227494 9.50064091252759 441
1739613227529 38.52778721339789 442
1739613227563 1.7221172862067864 443
1739613227598 6.530090265132223 444
1739613227632 4.760076835850428 445
1739613227667 0.07779242650986595 446
1739613227702 1.3496233114500402 447
1739613227736 0.4502040295515787 448
1739613227794 3.8825326945613496 449
1739613227838 5.193438725107176 450
1739613227876 7.9560484799418525 451
1739613227911 2.7077222171347994 452
1739613227947 7.210102643921013 453
1739613227984 0.04988828297467081 454
1739613228020 26.060154845344364 455
1739613228057 0.6717782409274868 456
1739613228094 5.765328726577666 457
1739613228135 11.28748436862599 458
1739613228179 4.94361569239967 459
1739613228217 0.026187029267721575 460
1739613228253 9.496277354740677 461
1739613228288 0.005789737631272942 462
1739613228324 1.1384211540924174 463
1739613228409 6.034088970738882 464
1739613228445 9.691549145646881 465
1739613228481 19.41730065562794 466
1739613228516 5.151239129764934 467
1739613228551 0.4445601209920251 468
1739613228586 74.59155086575545 469
1739613228621 0.254349596153341 470
1739613228656 2.362823937855167 471
1739613228713 48.081544224968205 472
1739613228752 16.736036962772058 473
1739613228791 0.01334897956987702 474
1739613228838 2.394948396484782 475
1739613228887 26.5991358681521 476
1739613228924 2.843260885410418 477
1739613228967 90.83375271278197 478
1739613229009 1.9891496900377663 479
1739613229047 2.162938600040924 480
1739613229083 0.7986870279431272 481
1739613229117 0.057129397101439994 482
1739613229152 19.735096380523512 483
1739613229187 18.598999802996175 484
1739613229222 9.796417822824987 485
1739613229257 38.107701750661285 486
1739613229292 0.047440418360884924 487
1739613229327 7.980903175722284 488
1739613229370 35.29525918088287 489
1739613229414 0.013942448511470128 490
1739613229451 9.778985485897012 491
1739613229488 2.645080968770288 492
1739613229530 14.949565987458525 493
1739613229568 18.631403988739336 494
1739613229608 14.606928008195737 495
1739613229645 2.3670776184727007 496
1739613229683 11.242790354130944 497
1739613229722 23.043089166378362 498
1739613229760 9.656555818886334 499
