1739555028266 169.39607347042647 0
1739555028275 168.08475955980455 1
1739555028283 167.4394170438534 2
1739555028291 166.79402749296642 3
1739555028298 166.15135163534435 4
1739555028306 165.5113725247046 5
1739555028314 164.87407881431253 6
1739555028322 164.2394591936047 7
1739555028329 163.60750239977256 8
1739555028336 162.97819721753572 9
1739555028343 162.35153247894124 10
1739555028351 161.72749706316378 11
1739555028359 161.10607989630654 12
1739555028367 160.48726995120288 13
1739555028374 159.8710562472192 14
1739555028382 159.25742785005812 15
1739555028390 158.64637387156296 16
1739555028397 158.03788346952268 17
1739555028406 157.43192846351002 18
1739555028414 156.82854160472 19
1739555028422 156.22765999296095 20
1739555028429 155.62932512043187 21
1739555028437 155.0334742696182 22
1739555028445 154.44014892149403 23
1739555028453 153.84928654875034 24
1739555028462 153.26092862078812 25
1739555028471 152.67503004945058 26
1739555028479 152.09157189136727 27
1739555028487 151.5105869151319 28
1739555028494 150.93201307077663 29
1739555028502 150.3558917989404 30
1739555028510 149.78216122719465 31
1739555028518 149.21086278350487 32
1739555028525 148.64193478040292 33
1739555028533 148.07541863285311 34
1739555028540 147.5112528372045 35
1739555028548 146.94947879511506 36
1739555028555 146.3900351856151 37
1739555028564 145.8329633967555 38
1739555028572 145.2782022891203 39
1739555028580 144.7257932368564 40
1739555028588 144.17567528098147 41
1739555028597 143.62788978144658 42
1739555028605 143.08237595859032 43
1739555028614 142.53917515787975 44
1739555028622 141.99822677787006 45
1739555028630 141.45957214926008 46
1739555028638 140.9231508477245 47
1739555028647 140.38900418891413 48
1739555028656 139.85708880279486 49
1739555028664 139.32738689153038 50
1739555028673 138.7999312535596 51
1739555028681 138.27466190917508 52
1739555028689 137.75162013679486 53
1739555028698 137.23074612187816 54
1739555028706 136.71208112686463 55
1739555028715 136.1955655094884 56
1739555028723 135.68124051593182 57
1739555028731 135.16904667514763 58
1739555028740 134.65902521680272 59
1739555028748 134.1511168400195 60
1739555028756 133.6453627576953 61
1739555028765 133.14170383808022 62
1739555028773 132.64018127705165 63
1739555028782 132.1407361109528 64
1739555028790 131.64340951839455 65
1739555028799 131.14814270278526 66
1739555028808 130.6549768252268 67
1739555028817 130.16385325517194 68
1739555028825 129.6748131359742 69
1739555028833 129.1877980021172 70
1739555028841 128.70284897897068 71
1739555028849 128.21992428914558 72
1739555028857 127.73900718231124 73
1739555028866 127.2601304420327 74
1739555028874 126.78323601716909 75
1739555028883 126.30836498870953 76
1739555028891 125.83545945925975 77
1739555028900 125.36456049104571 78
1739555028908 124.89561034722699 79
1739555028916 124.42865007103033 80
1739555028924 123.96362208519302 81
1739555028932 123.50056741372656 82
1739555028940 123.03942863797621 83
1739555028949 122.58024676252559 84
1739555028957 122.12296452636491 85
1739555028965 121.66762291444057 86
1739555028974 121.21416482243123 87
1739555028983 120.7626312154403 88
1739555028990 120.31296514488467 89
1739555028999 119.86520755582212 90
1739555029007 119.41930165446436 91
1739555029016 118.97528836562418 92
1739555029024 118.53311104937083 93
1739555029033 118.09281061007597 94
1739555029041 117.65433056073559 95
1739555029049 117.21771178508743 96
1739555029056 116.78291410633376 97
1739555029065 116.34992181171374 98
1739555029074 115.91876762495117 99
1739555029083 115.48939544312135 100
1739555029091 115.0618460991404 101
1739555029100 114.63606363240554 102
1739555029108 114.21208885456424 103
1739555029117 113.78986595382894 104
1739555029125 113.36943572038395 105
1739555029133 112.95074249036001 106
1739555029141 112.53382703230254 107
1739555029149 112.11863382936997 108
1739555029157 111.7052036282958 109
1739555029166 111.29348105838153 110
1739555029175 110.88350684437886 111
1739555029182 110.47522576085353 112
1739555029190 110.06867851040857 113
1739555029199 109.66381001200112 114
1739555029207 109.26066094592146 115
1739555029215 108.8591763746511 116
1739555029229 108.4593969560064 117
1739555029236 108.06126789513222 118
1739555029244 107.66482982721253 119
1739555029252 107.27002809920022 120
1739555029259 106.87690332349142 121
1739555029268 106.4854167992007 122
1739555029276 106.09555375571445 123
1739555029285 105.70734681834969 124
1739555029294 105.32074169029468 125
1739555029303 104.93577892790064 126
1739555029311 104.55240436619286 127
1739555029320 104.17065853822676 128
1739555029328 103.79048741705711 129
1739555029335 103.41193151228532 130
1739555029343 103.03493693417141 131
1739555029352 102.65954416872225 132
1739555029360 102.28569946258422 133
1739555029368 101.9134432780316 134
1739555029376 101.54272199728399 135
1739555029384 101.17357605874766 136
1739555029392 100.80595197940747 137
1739555029400 100.43989017366884 138
1739555029408 100.07533729247956 139
1739555029417 99.71233372611376 140
1739555029424 99.35082625868507 141
1739555029433 98.9908552562085 142
1739555029441 98.63236763517183 143
1739555029449 98.27540373720561 144
1739555029456 97.91991061038517 145
1739555029465 97.56592857183374 146
1739555029482 97.21342028255894 147
1739555029493 96.86237182780413 148
1739555029503 96.5128157020959 149
1739555029512 96.16469928413727 150
1739555029521 95.8180628308492 151
1739555029529 95.47285384314307 152
1739555029537 95.12911255303547 153
1739555029545 94.78678658955039 154
1739555029554 94.44591615967367 155
1739555029562 94.10644901978395 156
1739555029571 93.76842535172635 157
1739555029587 93.43179303848099 158
1739555029620 93.09659223664482 159
1739555029629 92.76277095505127 160
1739555029638 92.43036932494373 161
1739555029647 92.09933548026586 162
1739555029656 91.76970952680443 163
1739555029666 91.44143972287503 164
1739555029675 91.11456614870683 165
1739555029685 90.78903718625416 166
1739555029695 90.46489289008994 167
1739555029704 90.14208176507863 168
1739555029713 89.82064384004029 169
1739555029722 89.50052774202597 170
1739555029731 89.18177347400847 171
1739555029741 88.86432978450648 172
1739555029751 88.54823665055326 173
1739555029759 88.23345808716707 174
1739555029768 87.91998101649821 175
1739555029776 87.60783776159857 176
1739555029785 87.29697737624466 177
1739555029794 86.98743977381949 178
1739555029802 86.67917412078323 179
1739555029810 86.37222030428605 180
1739555029819 86.06652760907896 181
1739555029827 85.76213589598285 182
1739555029835 85.4589945673464 183
1739555029844 85.15714345758013 184
1739555029852 84.85653208594175 185
1739555029860 84.55720026035229 186
1739555029868 84.25909761629448 187
1739555029876 83.9622639351226 188
1739555029885 83.66664896786472 189
1739555029893 83.37229246923319 190
1739555029902 83.07914430512629 191
1739555029910 82.78724420354108 192
1739555029918 82.49654214457532 193
1739555029926 82.20707782943936 194
1739555029934 81.91880135176399 195
1739555029942 81.63175238590327 196
1739555029951 81.34588113835916 197
1739555029959 81.06122725656158 198
1739555029968 80.77774105922607 199
1739555029976 80.49546216679242 200
1739555029985 80.21435583762843 201
1739555029993 79.93440974906538 202
1739555030002 79.65565602723845 203
1739555030010 79.3780452729087 204
1739555030018 79.10161704035312 205
1739555030027 78.82632203431567 206
1739555030035 78.55219978187904 207
1739555030043 78.27920109709424 208
1739555030052 78.00736547977894 209
1739555030061 77.73664385265685 210
1739555030070 77.46707568822436 211
1739555030079 77.19861201724768 212
1739555030088 76.93129228484723 213
1739555030096 76.66506762920564 214
1739555030105 76.39997746801437 215
1739555030113 76.1359730462505 216
1739555030123 75.87309375412514 217
1739555030131 75.61129094279183 218
1739555030140 75.35060397493169 219
1739555030148 75.09098430726073 220
1739555030156 74.83247127488198 221
1739555030165 74.57501643946398 222
1739555030173 74.31865910848512 223
1739555030184 74.06335094796049 224
1739555030195 73.8091312376989 225
1739555030203 73.55595174745994 226
1739555030269 73.30385172933948 227
1739555030278 73.052797584366 228
1739555030287 72.8027776716728 229
1739555030296 72.55382390023827 230
1739555030305 72.3058883006117 231
1739555030313 72.05901005701703 232
1739555030321 71.81314129603197 233
1739555030330 71.5683211740396 234
1739555030338 71.32450191870065 235
1739555030346 71.0817226585088 236
1739555030354 70.83993572162692 237
1739555030363 70.59918020862408 238
1739555030371 70.35940854758809 239
1739555030379 70.12065981112976 240
1739555030388 69.88288652668837 241
1739555030396 69.64612773888413 242
1739555030405 69.41033607393801 243
1739555030413 69.17555054844884 244
1739555030421 68.94172388685311 245
1739555030429 68.70889507769871 246
1739555030437 68.47701694307534 247
1739555030445 68.24612844345184 248
1739555030453 68.01618249801218 249
1739555030462 67.78721803911935 250
1739555030470 67.55918808249649 251
1739555030478 67.33213153237531 252
1739555030486 67.10600150046636 253
1739555030494 66.88083686284602 254
1739555030503 66.656605071519 255
1739555030511 66.43329510151364 256
1739555030519 66.21093862891476 257
1739555030528 65.98948900674297 258
1739555030535 65.76898504218009 259
1739555030543 65.54938017699716 260
1739555030552 65.33071319015777 261
1739555030560 65.11293761698134 262
1739555030569 64.89609220818365 263
1739555030577 64.68013059210011 264
1739555030585 64.4650914911815 265
1739555030593 64.2509286262502 266
1739555030602 64.03768069147614 267
1739555030610 63.82530149964294 268
1739555030619 63.61382971662502 269
1739555030627 63.4032192466449 270
1739555030634 63.19350872726803 271
1739555030642 62.984652153636894 272
1739555030650 62.77668813499563 273
1739555030658 62.56957075689095 274
1739555030666 62.363338600234634 275
1739555030674 62.1579458404652 276
1739555030682 61.95343103015208 277
1739555030690 61.74974843411653 278
1739555030699 61.54693657657672 279
1739555030706 61.344949811230784 280
1739555030714 61.143826633937984 281
1739555030723 60.943521486770614 282
1739555030732 60.744072837222376 283
1739555030740 60.545449173349326 284
1739555030748 60.34764006592614 285
1739555030756 60.15067692769078 286
1739555030764 59.95451442289555 287
1739555030772 59.75919094968993 288
1739555030781 59.56466125394113 289
1739555030789 59.37096370542911 290
1739555030797 59.178053136172515 291
1739555030805 58.985967887569366 292
1739555030813 58.7946628773044 293
1739555030821 58.604176418392925 294
1739555030829 58.41446351370345 295
1739555030837 58.22556244786889 296
1739555030846 58.037428308462324 297
1739555030854 57.85009935173547 298
1739555030862 57.663530749489816 299
1739555030871 57.477760729598195 300
1739555030879 57.292744547617225 301
1739555030887 57.108520403044146 302
1739555030895 56.925043634720595 303
1739555030903 56.74235241377235 304
1739555030911 56.560402161858796 305
1739555030919 56.37923102173953 306
1739555030927 56.198794497427365 307
1739555030935 56.01913070332181 308
1739555030943 55.84019522532778 309
1739555030952 55.66202614949176 310
1739555030960 55.48457914315237 311
1739555030968 55.307892264010974 312
1739555030975 55.13193494886034 313
1739555030984 54.95669730329069 314
1739555030992 54.782210467140004 315
1739555031000 54.60843031247635 316
1739555031008 54.43539482777133 317
1739555031016 54.26305996021045 318
1739555031024 54.09146366996531 319
1739555031033 53.92056198362744 320
1739555031040 53.750392833070414 321
1739555031049 53.580912323848985 322
1739555031057 53.41215835955154 323
1739555031065 53.244087124256055 324
1739555031073 53.07673649327936 325
1739555031082 52.91006272878533 326
1739555031090 52.74410367783383 327
1739555031099 52.57881568024008 328
1739555031107 52.41423655482228 329
1739555031116 52.250322718615195 330
1739555031124 52.08711196221154 331
1739555031132 51.92456077943646 332
1739555031141 51.76270693267414 333
1739555031149 51.60150699211367 334
1739555031157 51.44099869194846 335
1739555031165 51.28113867830771 336
1739555031173 51.12196465721265 337
1739555031182 50.96343335031146 338
1739555031190 50.80558243547244 339
1739555031198 50.64836870944425 340
1739555031207 50.4918298219623 341
1739555031215 50.335936079395765 342
1739555031223 50.18067806778955 343
1739555031231 50.02608664802412 344
1739555031242 49.87211880564414 345
1739555031250 49.71881212173816 346
1739555031258 49.56612365104598 347
1739555031267 49.4140909466088 348
1739555031275 49.26267113641551 349
1739555031283 49.1119017454739 350
1739555031291 48.961739974617636 351
1739555031299 48.81222332084509 352
1739555031307 48.66330905743277 353
1739555031316 48.51503465339444 354
1739555031325 48.36735745405007 355
1739555031333 48.22031490045426 356
1739555031341 48.0738644095735 357
1739555031349 47.928043394529325 358
1739555031357 47.7828093435403 359
1739555031365 47.638199641821664 360
1739555031373 47.49417184845205 361
1739555031381 47.35076332076784 362
1739555031389 47.207931688318105 363
1739555031397 47.065714280588494 364
1739555031406 46.9240687972113 365
1739555031415 46.7830325398502 366
1739555031423 46.642563277835905 367
1739555031432 46.502698285039415 368
1739555031439 46.36339540010746 369
1739555031447 46.224691869148344 370
1739555031456 46.086558796274645 371
1739555031464 45.94898719946346 372
1739555031473 45.81200765752941 373
1739555031481 45.67557818335332 374
1739555031488 45.53973595536505 375
1739555031496 45.40443905023749 376
1739555031505 45.26972461875637 377
1739555031513 45.13555080521862 378
1739555031522 45.00195473278962 379
1739555031530 44.86889461302067 380
1739555031538 44.73640754148998 381
1739555031547 44.60445179663589 382
1739555031555 44.47306444648327 383
1739555031563 44.34220383599227 384
1739555031571 44.21190700566879 385
1739555031578 44.08213236663194 386
1739555031587 43.95291693190355 387
1739555031595 43.824219178401016 388
1739555031604 43.69607609169747 389
1739555031612 43.56844621415017 390
1739555031621 43.44136650391955 391
1739555031629 43.3147955684464 392
1739555031637 43.188770338515 393
1739555031646 43.06324948629561 394
1739555031654 42.938269915233256 395
1739555031663 42.81379036187579 396
1739555031671 42.689847702366535 397
1739555031678 42.56640073728113 398
1739555031686 42.443486315499186 399
1739555031695 42.32106330127648 400
1739555031703 42.199168516267484 401
1739555031711 42.07777384542425 402
1739555031720 41.956870720665165 403
1739555031728 41.83648941854749 404
1739555031736 41.71658896336412 405
1739555031744 41.59720611047185 406
1739555031752 41.47829994269757 407
1739555031761 41.35990718831979 408
1739555031769 41.24198699230709 409
1739555031777 41.12457605589193 410
1739555031786 41.00763358584858 411
1739555031793 40.891196256404534 412
1739555031801 40.775223335805514 413
1739555031809 40.65975147131556 414
1739555031818 40.5447399923198 415
1739555031826 40.43022551916081 416
1739555031835 40.31616744203304 417
1739555031843 40.202602354399964 418
1739555031851 40.08948970693727 419
1739555031860 39.976866066272144 420
1739555031868 39.864690943235416 421
1739555031876 39.753000877661194 422
1739555031884 39.64175544021135 423
1739555031892 39.530991143970574 424
1739555031901 39.42066761910963 425
1739555031909 39.31082135200777 426
1739555031917 39.201412032024464 427
1739555031925 39.09247611887796 428
1739555031934 38.98397336079811 429
1739555031943 38.87594019088708 430
1739555031951 38.76833641592869 431
1739555031959 38.66119844245417 432
1739555031966 38.55449886891037 433
1739555031974 38.44822949724955 434
1739555031982 38.34242030354514 435
1739555031990 38.237031241696876 436
1739555031999 38.13209865360304 437
1739555032007 38.02758254692056 438
1739555032015 37.92351923714578 439
1739555032023 37.81986878908945 440
1739555032032 37.716667491884934 441
1739555032040 37.61387546719084 442
1739555032049 37.51152897782471 443
1739555032057 37.409588201988825 444
1739555032066 37.30808937623252 445
1739555032074 37.20699273499935 446
1739555032082 37.10633448861828 447
1739555032090 37.006074927473556 448
1739555032098 36.90625023572207 449
1739555032106 36.80682075939003 450
1739555032116 36.70782265651067 451
1739555032125 36.609216328455275 452
1739555032133 36.51103790718227 453
1739555032140 36.41324784911279 454
1739555032149 36.31588226017967 455
1739555032157 36.21890165156046 456
1739555032165 36.12234210321183 457
1739555032173 36.02616418077612 458
1739555032182 35.93040393828362 459
1739555032190 35.83502199555151 460
1739555032199 35.740054380733746 461
1739555032207 35.6454617675342 462
1739555032215 35.55128015828084 463
1739555032223 35.457470280277704 464
1739555032231 35.364068110077454 465
1739555032244 35.271046938952466 466
1739555032251 35.178398920082586 467
1739555032259 35.08615371381908 468
1739555032266 34.99427218208652 469
1739555032274 34.902790238817275 470
1739555032282 34.81166879508248 471
1739555032290 34.72094373922592 472
1739555032298 34.63057603465072 473
1739555032307 34.540601544156594 474
1739555032318 34.45098128320144 475
1739555032327 34.361751089093 476
1739555032336 34.27287202906839 477
1739555032345 34.184379914995716 478
1739555032353 34.0962358656174 479
1739555032361 34.008475667414515 480
1739555032370 33.92106049036243 481
1739555032379 33.83402609560803 482
1739555032388 33.74733370408893 483
1739555032396 33.661019051670955 484
1739555032405 33.575043409984815 485
1739555032413 33.48944248966854 486
1739555032421 33.404177612778476 487
1739555032430 33.31928446477845 488
1739555032438 33.23472441788442 489
1739555032446 33.150533132439726 490
1739555032455 33.06667203055568 491
1739555032463 32.98317674750912 492
1739555032471 32.900008755043814 493
1739555032479 32.81720366342427 494
1739555032487 32.73472299376555 495
1739555032495 32.65260233137422 496
1739555032503 32.57081556164039 497
1739555032512 32.48935513215365 498
1739555032521 32.40825041246086 499
