1739553104371 7.814993548809048 0
1739553104403 6.974543686189491 1
1739553104437 8.999496311622616 2
1739553104471 4.54977050029563 3
1739553104511 3.177245081475579 4
1739553104556 35.36498516110924 5
1739553104598 23.932889982164227 6
1739553104640 9.454302114189394 7
1739553104681 2.5284997323481453 8
1739553104718 15.934842850859862 9
1739553104760 4.19611230701646 10
1739553104794 11.453371601062049 11
1739553104839 2.6231411165785636 12
1739553104880 2.6782560148689325 13
1739553104921 4.794488640449857 14
1739553104962 4.107180491400783 15
1739553105006 4.172396174913879 16
1739553105045 1.983043275429151 17
1739553105083 5.619556235054816 18
1739553105128 6.82254919871971 19
1739553105164 8.868099699154984 20
1739553105201 2.937831292289167 21
1739553105240 10.581641651632754 22
1739553105285 2.573410175403186 23
1739553105323 6.149215213423982 24
1739553105362 9.750249190971369 25
1739553105394 3.9176838331761807 26
1739553105427 7.279861537296378 27
1739553105459 2.961233652818618 28
1739553105494 2.679224428736152 29
1739553105527 12.217383025945 30
1739553105560 3.173648949773385 31
1739553105591 2.5092253437479837 32
1739553105624 6.571850768205731 33
1739553105656 7.640398087182882 34
1739553105687 4.3982517174833715 35
1739553105720 1.7595270815536024 36
1739553105754 1.1622407023434922 37
1739553105787 1.8848555234384463 38
1739553105819 2.4487045547549897 39
1739553105851 5.7088569171371555 40
1739553105884 1.603384161081511 41
1739553105917 8.932450685957868 42
1739553105951 3.523856994943184 43
1739553105984 6.936816709343128 44
1739553106017 3.8702010190722795 45
1739553106050 1.3939359378081086 46
1739553106082 3.6353415736599404 47
1739553106114 4.921455619786363 48
1739553106148 3.8129990543850782 49
1739553106181 8.265871492516426 50
1739553106212 27.99743667611847 51
1739553106246 7.557110543547611 52
1739553106278 2.2731584868863277 53
1739553106313 5.955797892108239 54
1739553106347 9.543711074923362 55
1739553106381 4.025702254195369 56
1739553106437 1.5088623504851115 57
1739553106478 14.914319953265737 58
1739553106572 3.4253023788745662 59
1739553106610 1.6397515635236155 60
1739553106648 6.567896569173326 61
1739553106703 1.9729630690449587 62
1739553106739 1.112986371176004 63
1739553106776 4.690608194224076 64
1739553106809 4.882830380625385 65
1739553106845 5.321325420108716 66
1739553106877 3.6728449401744956 67
1739553106911 1.4754299113584646 68
1739553106943 3.3386952116845965 69
1739553106978 3.0600422148064457 70
1739553107013 7.455604917459854 71
1739553107046 1.5572577208498193 72
1739553107077 1.331150733423404 73
1739553107113 5.438032475970096 74
1739553107145 6.760925078085685 75
1739553107178 5.2075787001251355 76
1739553107210 9.865585740559869 77
1739553107247 4.580892560799006 78
1739553107282 6.988036065770297 79
1739553107315 2.598702449254709 80
1739553107349 3.848380853343359 81
1739553107383 4.618651333368967 82
1739553107416 5.8968253918897435 83
1739553107449 23.28673112248025 84
1739553107484 3.531999552815586 85
1739553107516 10.802486642682734 86
1739553107548 4.873789172749926 87
1739553107581 11.536504945620337 88
1739553107625 5.463500824955194 89
1739553107661 4.6752391165523095 90
1739553107696 7.9209536978432045 91
1739553107729 5.438431722001364 92
1739553107764 1.9488046369722043 93
1739553107799 6.53132685952711 94
1739553107835 2.4141313739490036 95
1739553107869 5.122120214630836 96
1739553107904 0.9090887935385533 97
1739553107938 2.3359463447024114 98
1739553107972 8.289598609240633 99
1739553108006 7.783951049193265 100
1739553108042 2.6420965677850843 101
1739553108076 4.076604199605617 102
1739553108110 11.613688712693428 103
1739553108144 4.183277017633005 104
1739553108180 9.160903389289755 105
1739553108212 3.873433526328427 106
1739553108245 10.05610885226365 107
1739553108280 8.318667257800008 108
1739553108315 1.262612308333989 109
1739553108349 8.359920248871498 110
1739553108381 1.4510190185919671 111
1739553108413 2.845549948947894 112
1739553108446 8.193390889726153 113
1739553108479 8.994167752271602 114
1739553108515 5.561658096178934 115
1739553108549 6.308915061776321 116
1739553108582 6.168416303949103 117
1739553108615 4.142789701579047 118
1739553108648 3.2502805789675935 119
1739553108681 6.08339542464852 120
1739553108713 8.516362228855906 121
1739553108744 7.277123593805157 122
1739553108776 6.955263651646566 123
1739553108809 21.619552623796555 124
1739553108845 2.1254198537173035 125
1739553108876 10.439272766493572 126
1739553108910 4.588718570640845 127
1739553108942 3.3366117733644005 128
1739553108978 0.4371569928255973 129
1739553109010 5.38572067972801 130
1739553109043 1.7115126181375786 131
1739553109076 7.127653777615003 132
1739553109111 21.021905914704476 133
1739553109144 14.948048324644075 134
1739553109177 4.109261957050355 135
1739553109213 4.768700331859886 136
1739553109247 11.901287213613651 137
1739553109279 4.238943093601304 138
1739553109312 10.537400424642197 139
1739553109346 2.4885005138932583 140
1739553109379 3.5297353170811867 141
1739553109412 6.1275164809539495 142
1739553109444 8.687779175524444 143
1739553109475 2.618002320794797 144
1739553109511 18.25873653448767 145
1739553109545 7.770038307768192 146
1739553109576 3.9264741682840296 147
1739553109611 1.322817552935973 148
1739553109644 7.323725253925995 149
1739553109676 14.488980225311607 150
1739553109708 4.902924320020757 151
1739553109741 10.522843058519545 152
1739553109776 3.4792645231623633 153
1739553109808 1.1242102578038804 154
1739553109842 4.174758690133891 155
1739553109874 2.27897414853831 156
1739553109909 2.1341548557646153 157
1739553109941 6.865344275301812 158
1739553109974 6.533212387965427 159
1739553110006 2.224850349083854 160
1739553110041 0.613795947402207 161
1739553110074 6.649714971817956 162
1739553110107 5.533864738839953 163
1739553110138 0.43646289218548917 164
1739553110171 4.803379474414511 165
1739553110204 5.372015333694105 166
1739553110237 2.780903950393787 167
1739553110270 4.12948488935191 168
1739553110303 6.076607136316917 169
1739553110337 1.5989908512646602 170
1739553110370 7.046910970656466 171
1739553110402 8.958222842098426 172
1739553110438 3.975321276190511 173
1739553110471 3.382641949101802 174
1739553110504 7.5823281935930495 175
1739553110539 5.695510341712319 176
1739553110576 4.38494950554948 177
1739553110610 3.912495364821368 178
1739553110641 4.815354693878677 179
1739553110674 6.239206654133804 180
1739553110711 2.6520608247334896 181
1739553110743 0.6145734745950906 182
1739553110775 0.7302436551383511 183
1739553110810 7.812237810159432 184
1739553110844 3.830587630030998 185
1739553110876 3.9055183139023644 186
1739553110909 6.326566879156781 187
1739553110940 0.38148136597354376 188
1739553110973 3.4083995725548153 189
1739553111005 5.745493227344593 190
1739553111040 5.677595195707488 191
1739553111072 7.969619695621101 192
1739553111107 4.648112117886285 193
1739553111139 2.045797290944107 194
1739553111172 3.5864710006020766 195
1739553111205 1.9263592403347356 196
1739553111240 3.0884192428015216 197
1739553111273 2.7403476500153245 198
1739553111305 11.765710636331434 199
1739553111339 8.428456455815004 200
1739553111374 3.985567940536852 201
1739553111407 4.007040567834997 202
1739553111439 3.377495911989542 203
1739553111470 4.498951282561577 204
1739553111505 3.36478552702797 205
1739553111538 7.658368345151235 206
1739553111571 8.179739786076027 207
1739553111603 11.619423747316976 208
1739553111637 2.745380817674642 209
1739553111669 3.753626898154997 210
1739553111702 8.506875517663373 211
1739553111734 6.891325255690847 212
1739553111765 2.526416498351176 213
1739553111796 1.6635562808973865 214
1739553111830 1.8518243218951864 215
1739553111864 4.056207861977619 216
1739553111896 6.919137778333506 217
1739553111931 10.05471418859128 218
1739553111964 1.800923768125454 219
1739553111996 8.604858040876062 220
1739553112029 3.008141737263492 221
1739553112064 5.517042176729227 222
1739553112096 5.095844132883132 223
1739553112129 4.640644847524133 224
1739553112161 1.0947257045381644 225
1739553112194 5.979794735989569 226
1739553112226 9.704497644880702 227
1739553112259 5.730702728462441 228
1739553112290 7.507168734696286 229
1739553112324 9.241896857514918 230
1739553112356 1.5562197976437702 231
1739553112387 8.12497602706066 232
1739553112421 6.028099428372121 233
1739553112454 2.3566039463798214 234
1739553112487 6.182721899883576 235
1739553112519 7.518883089106941 236
1739553112552 10.13056440822743 237
1739553112585 8.592125150898976 238
1739553112618 0.690528224051338 239
1739553112649 4.131953245337809 240
1739553112681 1.680022137847424 241
1739553112715 4.393648687597347 242
1739553112748 2.241801729981201 243
1739553112781 5.593223069189768 244
1739553112813 2.470038259449346 245
1739553112847 13.243892063613021 246
1739553112879 6.2571251890060795 247
1739553112912 3.4833878639922413 248
1739553112943 5.569584083179787 249
1739553112975 1.8179611165952827 250
1739553113010 8.95005008097398 251
1739553113042 5.977364568016247 252
1739553113074 8.11684937850327 253
1739553113105 8.36769663035608 254
1739553113138 1.0550214663763007 255
1739553113171 5.77581578612578 256
1739553113203 12.788206441431885 257
1739553113236 13.810924924233705 258
1739553113271 10.37986272509865 259
1739553113304 6.284380882822441 260
1739553113337 4.4791830431919575 261
1739553113368 6.3740550546733585 262
1739553113401 2.394664605160286 263
1739553113433 1.535861025565804 264
1739553113465 8.814643584225326 265
1739553113497 3.1496313759019627 266
1739553113530 2.8398113108189778 267
1739553113562 2.9388040404075735 268
1739553113594 1.3490948871121724 269
1739553113627 7.1743074525743475 270
1739553113660 1.778913866580969 271
1739553113692 7.171522620044467 272
1739553113724 6.816638102022895 273
1739553113756 6.971782403795668 274
1739553113789 4.120482818829651 275
1739553113821 4.652227426213815 276
1739553113854 5.474571061698618 277
1739553113886 3.002454782218319 278
1739553113918 8.999396440204215 279
1739553113950 10.016576399960838 280
1739553113983 8.139370569755576 281
1739553114017 5.204579627780602 282
1739553114051 7.181599718635684 283
1739553114084 10.341828047270681 284
1739553114116 21.935886303618258 285
1739553114149 0.7189458977002404 286
1739553114183 1.0161401259182823 287
1739553114216 5.620007654148149 288
1739553114248 2.2494231667981546 289
1739553114281 6.2356849318735055 290
1739553114315 6.573328573744639 291
1739553114348 3.3066603819070974 292
1739553114381 5.042391507078916 293
1739553114414 6.455788953779265 294
1739553114448 22.253002069159503 295
1739553114481 5.022087379852942 296
1739553114514 6.67436043530192 297
1739553114546 3.320480591824651 298
1739553114580 4.1179498276424855 299
1739553114613 5.486325647347577 300
1739553114645 1.6936897866761593 301
1739553114677 3.24021619586906 302
1739553114711 1.8949870383988263 303
1739553114744 10.304225277440226 304
1739553114777 8.277123590228177 305
1739553114809 10.541260891926653 306
1739553114844 5.095380917902329 307
1739553114877 1.669191032234669 308
1739553114908 8.92682840805557 309
1739553114941 4.634735562473999 310
1739553114972 9.58005392644112 311
1739553115007 0.9755272179570813 312
1739553115039 7.645128587329239 313
1739553115074 12.17109545283022 314
1739553115106 6.918143493491912 315
1739553115140 6.220063235321717 316
1739553115172 3.4643023430650546 317
1739553115205 5.698874952020514 318
1739553115239 8.148747668638288 319
1739553115275 10.047590764721518 320
1739553115308 22.470421703055514 321
1739553115340 1.366255517775878 322
1739553115373 7.913123744779363 323
1739553115407 3.6461280821848048 324
1739553115438 1.8941918939421833 325
1739553115470 3.324938371522648 326
1739553115502 6.882578005174666 327
1739553115534 4.891520942797412 328
1739553115569 10.868062823836773 329
1739553115601 8.989312144423355 330
1739553115633 1.3226699744518227 331
1739553115666 6.016214162623216 332
1739553115697 4.636091199212841 333
1739553115730 10.400816681513387 334
1739553115761 5.292791956901019 335
1739553115794 3.916386834753704 336
1739553115827 5.445629791214093 337
1739553115860 2.625934094884804 338
1739553115891 5.227912765773418 339
1739553115924 1.1380558192081498 340
1739553115956 6.121136312682711 341
1739553115988 2.6693870444458505 342
1739553116020 8.02306145556924 343
1739553116053 11.879769119602996 344
1739553116086 3.6618760583730268 345
1739553116125 2.0861673877410514 346
1739553116165 5.97407371839172 347
1739553116201 5.139107994012576 348
1739553116234 5.307526922254439 349
1739553116266 10.575699678269224 350
1739553116299 10.754888350105547 351
1739553116332 5.456450588596999 352
1739553116366 4.418254090454744 353
1739553116398 1.5602211673527162 354
1739553116430 8.374318730545099 355
1739553116462 2.2679286377917047 356
1739553116495 5.728152414940973 357
1739553116527 7.0253128802482445 358
1739553116559 8.958385281366686 359
1739553116593 0.9705975673173255 360
1739553116627 5.62372855558351 361
1739553116660 2.396572255532013 362
1739553116694 5.264732614412322 363
1739553116727 0.8952828901719763 364
1739553116759 8.46303023532341 365
1739553116794 1.505889970280147 366
1739553116827 4.106184644663148 367
1739553116861 2.2103819854476354 368
1739553116894 3.9846501000013963 369
1739553116926 1.4641711344105353 370
1739553116958 6.060459383248086 371
1739553116992 5.082997099630465 372
1739553117024 12.057107048028396 373
1739553117056 2.79332976591552 374
1739553117088 2.6237789589984373 375
1739553117121 4.479282612031393 376
1739553117154 1.0610278020376658 377
1739553117187 6.783207357280572 378
1739553117219 11.384790947223541 379
1739553117253 3.9145959553888483 380
1739553117285 9.581113066316473 381
1739553117318 0.9658466259976447 382
1739553117350 5.112564903651966 383
1739553117385 9.272012946082482 384
1739553117417 11.156371835900469 385
1739553117450 8.220489379237474 386
1739553117483 1.350657318555434 387
1739553117517 7.421216745313665 388
1739553117550 3.0777410432375203 389
1739553117583 13.815431051658985 390
1739553117615 4.921776454050813 391
1739553117649 7.905233188397352 392
1739553117681 3.658362153582657 393
1739553117713 10.784381647888884 394
1739553117745 3.6187216058961695 395
1739553117778 8.339706869289527 396
1739553117810 3.7919379228068473 397
1739553117844 7.473596152035346 398
1739553117878 12.405568560552199 399
1739553117911 7.262550392289837 400
1739553117943 3.297858589237944 401
1739553117975 5.280557823572545 402
1739553118007 5.791439053298328 403
1739553118040 4.3578070688856485 404
1739553118073 4.7755951578931946 405
1739553118106 4.9888147241106955 406
1739553118138 6.508753461512482 407
1739553118170 3.5535741914054553 408
1739553118204 5.791048324647162 409
1739553118237 3.6822289561445043 410
1739553118270 23.448524481527198 411
1739553118303 1.8769720710526627 412
1739553118338 3.9688931234417386 413
1739553118372 7.6941300590035935 414
1739553118404 4.9115378057038415 415
1739553118437 3.6187321763243294 416
1739553118470 3.6300754624373726 417
1739553118505 5.487803935545101 418
1739553118537 8.961471461329323 419
1739553118570 5.23770580001676 420
1739553118605 2.7550531134883722 421
1739553118637 3.518149179154843 422
1739553118669 7.506887925177858 423
1739553118702 6.500257024768284 424
1739553118735 0.9113949793339683 425
1739553118767 1.8256159740982743 426
1739553118799 5.481466337172364 427
1739553118830 2.839717769453758 428
1739553118864 2.0878453903417307 429
1739553118897 8.758029534335133 430
1739553118930 2.0075078929155046 431
1739553118962 15.894817899911176 432
1739553118995 4.718641782500707 433
1739553119028 7.109206462698721 434
1739553119060 1.4864006154362925 435
1739553119092 5.125464185368747 436
1739553119125 3.1469592634368895 437
1739553119167 7.4453301193195855 438
1739553119202 4.577832162015835 439
1739553119234 0.8825600946439452 440
1739553119268 4.631674345451291 441
1739553119302 3.38755703384705 442
1739553119336 3.971344065035377 443
1739553119368 4.114553535849922 444
1739553119401 3.536203219563422 445
1739553119434 3.165708934349459 446
1739553119466 10.172096912387026 447
1739553119497 1.044215631722291 448
1739553119530 5.4024300103874925 449
1739553119562 15.947826251788726 450
1739553119595 0.711581731755876 451
1739553119627 2.2762984858316733 452
1739553119660 1.504074037004682 453
1739553119692 2.1988785074037573 454
1739553119724 4.20985947832959 455
1739553119755 0.9508507459773329 456
1739553119788 0.12434653293654761 457
1739553119821 5.881431276536436 458
1739553119852 3.4066802168577257 459
1739553119885 6.815396886270269 460
1739553119918 4.018974059119355 461
1739553119951 0.9394223762546005 462
1739553119984 3.877787552741196 463
1739553120015 2.375764794519705 464
1739553120048 0.7535629423006676 465
1739553120080 6.914052720821979 466
1739553120112 8.334450637579389 467
1739553120144 2.0371222529890067 468
1739553120177 4.5771558353014274 469
1739553120209 10.240120684852927 470
1739553120240 3.2309407046948513 471
1739553120271 6.099221620913701 472
1739553120303 3.838351659123176 473
1739553120338 12.227662845987195 474
1739553120370 5.4746441949229965 475
1739553120402 10.738795156812296 476
1739553120433 5.836988925046707 477
1739553120467 1.4287824063245358 478
1739553120499 4.620971196836531 479
1739553120531 1.8739725764671922 480
1739553120563 11.735110027570462 481
1739553120595 6.7987161887070435 482
1739553120628 1.8419188649292024 483
1739553120661 4.183201123337722 484
1739553120693 13.148743584913536 485
1739553120726 2.5692363856835887 486
1739553120759 1.5102726849588677 487
1739553120791 2.409531443060947 488
1739553120822 9.432451635866357 489
1739553120855 6.573872252451699 490
1739553120888 4.961682539858677 491
1739553120920 14.728134209653293 492
1739553120952 2.3569582057043355 493
1739553120986 3.6167626122274634 494
1739553121018 3.4218567240265876 495
1739553121050 11.305416837901191 496
1739553121081 5.241507531776225 497
1739553121113 3.11319758536398 498
1739553121145 3.4844849516090903 499
