1739553726632 169.6210407770955 0
1739553726640 168.29033690053132 1
1739553726649 166.97354081616925 2
1739553726656 165.67049599690117 3
1739553726664 164.3810477602257 4
1739553726671 163.10504324593848 5
1739553726681 161.8423313940951 6
1739553726689 160.59276292324498 7
1739553726697 159.35619030893153 8
1739553726704 158.13246776245657 9
1739553726713 156.92145120990443 10
1739553726721 155.7229982714238 11
1739553726728 154.53696824076277 12
1739553726735 153.3632220650557 13
1739553726744 152.20162232485686 14
1739553726753 151.05203321441905 15
1739553726760 149.91432052221427 16
1739553726768 148.78835161169246 17
1739553726776 147.6739954022761 18
1739553726785 146.57112235058793 19
1739553726792 145.47960443190817 20
1739553726799 144.39931512185916 21
1739553726807 143.33012937831396 22
1739553726817 142.2719236235268 23
1739553726827 141.22457572648196 24
1739553726836 140.18796498545925 25
1739553726845 139.16197211081217 26
1739553726854 138.14647920795755 27
1739553726861 137.14136976057304 28
1739553726869 136.14652861400006 29
1739553726876 135.16184195885026 30
1739553726885 134.18719731481207 31
1739553726892 133.2224835146558 32
1739553726900 132.26759068843396 33
1739553726907 131.3224102478751 34
1739553726918 130.38683487096853 35
1739553726926 129.46075848673723 36
1739553726934 128.54407626019727 37
1739553726942 127.636684577501 38
1739553726952 126.73848103126163 39
1739553726960 125.84936440605767 40
1739553726968 124.96923466411391 41
1739553726977 124.09799293115805 42
1739553726986 123.23554148244945 43
1739553726994 122.38178372897913 44
1739553727001 121.53662420383807 45
1739553727009 120.69996854875211 46
1739553727019 119.87172350078119 47
1739553727027 119.05179687918114 48
1739553727034 118.24009757242588 49
1739553727042 117.43653552538804 50
1739553727052 116.64102172667594 51
1739553727060 115.85346819612536 52
1739553727068 115.07378797244392 53
1739553727076 114.301895101006 54
1739553727086 113.53770462179696 55
1739553727094 112.7811325575042 56
1739553727102 112.03209590175341 57
1739553727110 111.29051260748865 58
1739553727120 110.55630157549385 59
1739553727127 109.82938264305425 60
1739553727134 109.10967657275646 61
1739553727142 108.39710504142454 62
1739553727151 107.69159062919144 63
1739553727158 106.99305680870326 64
1739553727166 106.30142793445536 65
1739553727176 105.61662923225815 66
1739553727184 104.93858678883149 67
1739553727192 104.26722754152561 68
1739553727199 103.60247926816741 69
1739553727207 102.94427057703032 70
1739553727217 102.2925308969264 71
1739553727227 101.64719046741881 72
1739553727235 101.00818032915399 73
1739553727245 100.37543231431076 74
1739553727253 99.74887903716636 75
1739553727261 99.12845388477686 76
1739553727269 98.51409100777117 77
1739553727277 97.90572531125692 78
1739553727292 97.3032924458371 79
1739553727300 96.7067287987358 80
1739553727310 96.11597148503206 81
1739553727318 95.53095833900014 82
1739553727326 94.95162790555503 83
1739553727333 94.37791943180238 84
1739553727341 93.80977285869035 85
1739553727351 93.24712881276379 86
1739553727359 92.68992859801786 87
1739553727367 92.13811418785107 88
1739553727377 91.59162821711597 89
1739553727386 91.05041397426632 90
1739553727394 90.51441539359958 91
1739553727402 89.98357704759377 92
1739553727409 89.45784413933717 93
1739553727418 88.93716249505002 94
1739553727426 88.42147855669691 95
1739553727434 87.91073937468892 96
1739553727442 87.40489260067416 97
1739553727452 86.90388648041585 98
1739553727460 86.40766984675679 99
1739553727467 85.91619211266908 100
1739553727478 85.42940326438817 101
1739553727488 84.94725385463018 102
1739553727496 84.4696949958913 103
1739553727505 83.99667835382851 104
1739553727515 83.52815614072058 105
1739553727524 83.06408110900794 106
1739553727532 82.60440654491137 107
1739553727540 82.14908626212741 108
1739553727548 81.69807459560053 109
1739553727557 81.25132639537037 110
1739553727565 80.80879702049386 111
1739553727572 80.3704423330404 112
1739553727581 79.93621869216027 113
1739553727589 79.50608294822432 114
1739553727597 79.07999243703478 115
1739553727604 78.65790497410613 116
1739553727611 78.23977884901505 117
1739553727622 77.82557281981867 118
1739553727630 77.41524610754036 119
1739553727638 77.00875839072216 120
1739553727649 76.60606980004295 121
1739553727657 76.20714091300182 122
1739553727664 75.81193274866553 123
1739553727672 75.42040676247944 124
1739553727679 75.03252484114111 125
1739553727688 74.64824929753587 126
1739553727695 74.26754286573333 127
1739553727702 73.89036869604459 128
1739553727710 73.51669035013877 129
1739553727719 73.14647179621869 130
1739553727726 72.7796774042546 131
1739553727734 72.41627194127554 132
1739553727742 72.05622056671739 133
1739553727753 71.69948882782693 134
1739553727761 71.34604265512145 135
1739553727770 70.99584835790303 136
1739553727778 70.64887261982686 137
1739553727786 70.30508249452282 138
1739553727793 69.9644454012701 139
1739553727801 69.62692912072362 140
1739553727808 69.29250179069203 141
1739553727816 68.9611319019665 142
1739553727825 68.63278829419977 143
1739553727838 68.30744015183471 144
1739553727848 67.9850570000819 145
1739553727856 67.66560870094558 146
1739553727863 67.34906544929741 147
1739553727870 67.03539776899747 148
1739553727877 66.72457650906169 149
1739553727888 66.41657283987566 150
1739553727896 66.11135824945366 151
1739553727904 65.8089045397428 152
1739553727914 65.50918382297144 153
1739553727922 65.21216851804152 154
1739553727930 64.91783134696419 155
1739553727938 64.6261453313382 156
1739553727945 64.3370837888706 157
1739553727955 64.05062032993916 158
1739553727963 63.76672885419601 159
1739553727972 63.48538354721197 160
1739553727981 63.206558877161235 161
1739553727990 62.930229591545725 162
1739553727998 62.65637071395866 163
1739553728006 62.384957540886994 164
1739553728016 62.11596563855211 165
1739553728024 61.84937083978836 166
1739553728032 61.58514924095893 167
1739553728040 61.32327719890877 168
1739553728051 61.06373132795377 169
1739553728059 60.80648849690625 170
1739553728066 60.551525826135716 171
1739553728074 60.29882068466509 172
1739553728082 60.04835068730131 173
1739553728090 59.800093691800605 174
1739553728098 59.554027796067345 175
1739553728107 59.31013133538655 176
1739553728116 59.068382879689395 177
1739553728124 58.82876123085132 178
1739553728132 58.59124542002249 179
1739553728140 58.35581470499009 180
1739553728151 58.12244856757211 181
1739553728160 57.89112671104212 182
1739553728168 57.66182905758501 183
1739553728176 57.43453574578278 184
1739553728186 57.209227128130536 185
1739553728194 56.9858837685819 186
1739553728202 56.76448644012391 187
1739553728209 56.54501612238053 188
1739553728219 56.327453999244966 189
1739553728227 56.111781456539994 190
1739553728234 55.89798007970619 191
1739553728241 55.68603165151771 192
1739553728251 55.47591814982529 193
1739553728259 55.267621745325854 194
1739553728266 55.06112479935901 195
1739553728273 54.856409861729425 196
1739553728283 54.65345966855525 197
1739553728292 54.45225714014206 198
1739553728300 54.252785378882116 199
1739553728307 54.05502766717841 200
1739553728317 53.858967465393555 201
1739553728325 53.6645884098229 202
1739553728334 53.47187431069172 203
1739553728342 53.28080915017617 204
1739553728351 53.09137708044776 205
1739553728359 52.9035624217409 206
1739553728367 52.717349660443475 207
1739553728375 52.532723447209925 208
1739553728384 52.349668595096794 209
1739553728392 52.168170077720305 210
1739553728401 51.98821302743573 211
1739553728409 51.80978273353831 212
1739553728421 51.632864640485565 213
1739553728430 51.45744434614041 214
1739553728439 51.28350760003535 215
1739553728447 51.11104030165687 216
1739553728457 50.9400284987504 217
1739553728465 50.770458385645064 218
1739553728472 50.60231630159839 219
1739553728480 50.435588729160465 220
1739553728489 50.27026229255749 221
1739553728496 50.10632375609422 222
1739553728504 49.94376002257554 223
1739553728513 49.782558131746384 224
1739553728521 49.62270525875024 225
1739553728528 49.46418871260567 226
1739553728536 49.30699593470096 227
1739553728547 49.151114497306246 228
1739553728557 48.99653210210349 229
1739553728565 48.84323657873344 230
1739553728573 48.69121588335989 231
1739553728584 48.540458097250756 232
1739553728593 48.39095142537586 233
1739553728602 48.2426841950212 234
1739553728611 48.09564485441944 235
1739553728620 47.94982197139663 236
1739553728628 47.80520423203467 237
1739553728636 47.66178043934955 238
1739553728643 47.519539511985144 239
1739553728653 47.378470482922204 240
1739553728661 47.238562498202654 241
1739553728669 47.0998048156687 242
1739553728676 46.962186803716776 243
1739553728689 46.82569794006617 244
1739553728698 46.690327810541895 245
1739553728706 46.55606610787199 246
1739553728716 46.42290263049876 247
1739553728724 46.29082728140404 248
1739553728731 46.1598300669481 249
1739553728739 46.0299010957222 250
1739553728750 45.90103057741452 251
1739553728758 45.773208821689295 252
1739553728766 45.64642623707921 253
1739553728773 45.52067332989049 254
1739553728781 45.395940703121006 255
1739553728789 45.27221905539075 256
1739553728796 45.14949917988503 257
1739553728803 45.02777196330987 258
1739553728813 44.90702838485954 259
1739553728823 44.78725951519619 260
1739553728832 44.668456515441335 261
1739553728839 44.55061063617916 262
1739553728848 44.43371321647121 263
1739553728856 44.31775568288282 264
1739553728864 44.202729548520644 265
1739553728871 44.08862641208152 266
1739553728881 43.97543795691223 267
1739553728890 43.86315595008039 268
1739553728898 43.751772241455946 269
1739553728906 43.641278762803395 270
1739553728914 43.53166752688452 271
1739553728922 43.42293062657158 272
1739553728930 43.315060233970755 273
1739553728938 43.208048599555724 274
1739553728951 43.10188805131128 275
1739553728960 42.99657099388688 276
1739553728969 42.89208990776 277
1739553728979 42.78843734840916 278
1739553728989 42.68560594549646 279
1739553728997 42.5835884020597 280
1739553729004 42.48237749371363 281
1739553729014 42.38196606786064 282
1739553729022 42.282347042910395 283
1739553729029 42.183513407508634 284
1739553729037 42.085458219774665 285
1739553729046 41.988174606547844 286
1739553729054 41.8916557626426 287
1739553729061 41.79589495011215 288
1739553729069 41.70088549752063 289
1739553729077 41.60662079922358 290
1739553729087 41.513094314656776 291
1739553729095 41.4202995676332 292
1739553729102 41.32823014564814 293
1739553729111 41.23687969919216 294
1739553729119 41.14624194107207 295
1739553729126 41.0563106457397 296
1739553729134 40.96707964862827 297
1739553729142 40.878542845496455 298
1739553729151 40.79069419177996 299
1739553729158 40.70352770195056 300
1739553729166 40.61703744888236 301
1739553729174 40.53121756322543 302
1739553729184 40.446062232786566 303
1739553729192 40.361565701917144 304
1739553729200 40.27772227090794 305
1739553729208 40.194526295390936 306
1739553729218 40.11197218574788 307
1739553729226 40.03005440652564 308
1739553729233 39.948767475858226 309
1739553729240 39.86810596489541 310
1739553729248 39.78806449723786 311
1739553729256 39.708637748378685 312
1739553729264 39.62982044515137 313
1739553729271 39.55160736518401 314
1739553729280 39.47399333635967 315
1739553729288 39.39697323628303 316
1739553729297 39.320541991752954 317
1739553729306 39.244694578241095 318
1739553729315 39.16942601937649 319
1739553729323 39.094731386435875 320
1739553729332 39.02060579783995 321
1739553729339 38.94704441865517 322
1739553729351 38.87404246010132 323
1739553729359 38.80159517906463 324
1739553729367 38.72969787761641 325
1739553729374 38.65834590253705 326
1739553729383 38.58753464484559 327
1739553729391 38.51725953933439 328
1739553729398 38.447516064109195 329
1739553729406 38.37829974013441 330
1739553729414 38.30960613078339 331
1739553729422 38.24143084139391 332
1739553729430 38.1737695188286 333
1739553729438 38.10661785104037 334
1739553729448 38.03997156664265 335
1739553729456 37.9738264344846 336
1739553729463 37.90817826323094 337
1739553729470 37.84302290094669 338
1739553729480 37.778356234686385 339
1739553729489 37.71417419008802 340
1739553729498 37.6504727309716 341
1739553729505 37.58724785894201 342
1739553729514 37.52449561299655 343
1739553729521 37.462212069136754 344
1739553729528 37.40039333998456 345
1739553729536 37.33903557440278 346
1739553729543 37.278134957119896 347
1739553729552 37.21768770835894 348
1739553729559 37.15769008347059 349
1739553729568 37.09813837257035 350
1739553729576 37.03902890017977 351
1739553729584 36.980358024871705 352
1739553729592 36.922122138919484 353
1739553729601 36.864317667950004 354
1739553729611 36.806941070600715 355
1739553729621 36.749988838180386 356
1739553729629 36.69345749433371 357
1739553729637 36.63734359470951 358
1739553729644 36.58164372663282 359
1739553729655 36.52635450878039 360
1739553729663 36.471472590859996 361
1739553729672 36.416994653293195 362
1739553729679 36.3629174069016 363
1739553729687 36.30923759259669 364
1739553729696 36.25595198107298 365
1739553729704 36.20305737250466 366
1739553729712 36.15055059624554 367
1739553729721 36.0984285105323 368
1739553729728 36.046688002191104 369
1739553729736 35.995325986347375 370
1739553729748 35.94433940613873 371
1739553729756 35.89372523243124 372
1739553729764 35.84348046353868 373
1739553729774 35.79360212494485 374
1739553729783 35.74408726902911 375
1739553729790 35.6949329747948 376
1739553729798 35.64613634760066 377
1739553729806 35.597694518895246 378
1739553729814 35.549604645954226 379
1739553729822 35.501863911620596 380
1739553729829 35.45446952404768 381
1739553729836 35.40741871644503 382
1739553729844 35.360708746827015 383
1739553729852 35.314336897764285 384
1739553729860 35.26830047613778 385
1739553729869 35.22259681289562 386
1739553729877 35.177223262812475 387
1739553729887 35.13217720425172 388
1739553729895 35.08745603893003 389
1739553729903 35.04305719168469 390
1739553729911 34.99897811024334 391
1739553729920 34.95521626499621 392
1739553729928 34.911769148770965 393
1739553729936 34.868634276609804 394
1739553729943 34.82580918554921 395
1739553729952 34.78329143440186 396
1739553729960 34.74107860354104 397
1739553729968 34.699168294687425 398
1739553729976 34.657558130697986 399
1739553729985 34.61624575535745 400
1739553729993 34.57522883317174 401
1739553730000 34.53450504916391 402
1739553730007 34.49407210867205 403
1739553730018 34.453927737149506 404
1739553730026 34.414069679967255 405
1739553730035 34.374495702218354 406
1739553730044 34.33520358852455 407
1739553730052 34.296191142844926 408
1739553730060 34.25745618828663 409
1739553730067 34.21899656691766 410
1739553730075 34.18081013958159 411
1739553730083 34.142894785714354 412
1739553730092 34.10524840316302 413
1739553730100 34.06786890800634 414
1739553730108 34.030754234377476 415
1739553730117 33.9939023342884 416
1739553730125 33.95731117745627 417
1739553730134 33.92097875113169 418
1739553730144 33.88490305992877 419
1739553730153 33.8490821256569 420
1739553730160 33.81351398715456 421
1739553730168 33.77819670012464 422
1739553730175 33.74312833697168 423
1739553730183 33.70830698664077 424
1739553730192 33.67373075445823 425
1739553730199 33.639397761973854 426
1739553730207 33.60530614680499 427
1739553730216 33.571454062482154 428
1739553730224 33.537839678296315 429
1739553730231 33.50446117914784 430
1739553730239 33.471316765396985 431
1739553730247 33.438404652715974 432
1739553730255 33.40572307194264 433
1739553730263 33.37327026893566 434
1739553730271 33.34104450443128 435
1739553730281 33.3090440539015 436
1739553730291 33.27726720741384 437
1739553730299 33.24571226949257 438
1739553730307 33.21437755898132 439
1739553730317 33.18326140890723 440
1739553730325 33.152362166346464 441
1739553730332 33.12167819229118 442
1739553730340 33.091207861517844 443
1739553730348 33.06094956245699 444
1739553730357 33.030901697064245 445
1739553730365 33.001062680692826 446
1739553730373 32.97143094196728 447
1739553730382 32.94200492265856 448
1739553730391 32.91278307756042 449
1739553730398 32.88376387436709 450
1739553730405 32.854945793552254 451
1739553730416 32.82632732824921 452
1739553730425 32.797906984132375 453
1739553730433 32.76968327929995 454
1739553730440 32.74165474415782 455
1739553730449 32.71381992130469 456
1739553730456 32.68617736541835 457
1739553730464 32.658725643143214 458
1739553730472 32.63146333297888 459
1739553730479 32.60438902517002 460
1739553730488 32.57750132159723 461
1739553730496 32.55079883566914 462
1739553730503 32.52428019221557 463
1739553730512 32.49794402738179 464
1739553730521 32.47178898852392 465
1739553730530 32.445813734105336 466
1739553730539 32.42001693359418 467
1739553730550 32.39439726736191 468
1739553730559 32.3689534265829 469
1739553730568 32.3436841131351 470
1739553730577 32.31858803950159 471
1739553730586 32.29366392867335 472
1739553730593 32.268910514052806 473
1739553730601 32.244326539358475 474
1739553730608 32.21991075853063 475
1739553730618 32.195661935637816 476
1739553730627 32.17157884478435 477
1739553730635 32.14766027001881 478
1739553730642 32.12390500524346 479
1739553730652 32.10031185412446 480
1739553730661 32.076879630003184 481
1739553730670 32.05360715580831 482
1739553730678 32.03049326396879 483
1739553730688 32.00753679632783 484
1739553730697 31.984736604057556 485
1739553730705 31.96209154757474 486
1739553730716 31.93960049645718 487
1739553730725 31.917262329361098 488
1739553730733 31.895075933939246 489
1739553730740 31.87304020675992 490
1739553730751 31.851154053226697 491
1739553730760 31.829416387499123 492
1739553730767 31.80782613241401 493
1739553730775 31.78638221940771 494
1739553730784 31.76508358843903 495
1739553730791 31.74392918791296 496
1739553730799 31.72291797460523 497
1739553730806 31.702048913587504 498
1739553730816 31.681320978153412 499
