1739617234220 161.7385350838899 0
1739617234234 162.04572883017087 1
1739617234248 161.7880694566833 2
1739617234264 164.93944825993574 3
1739617234280 167.41795066811616 4
1739617234295 165.34628795696378 5
1739617234308 160.91098107671874 6
1739617234322 161.77090600312232 7
1739617234335 159.47427339202733 8
1739617234347 156.88152897325392 9
1739617234359 161.9911777574319 10
1739617234371 161.58333233099611 11
1739617234385 153.52021910846338 12
1739617234434 156.75261738535121 13
1739617234450 156.53099841729613 14
1739617234464 154.6765096442298 15
1739617234478 152.02482097427762 16
1739617234492 147.72279755377514 17
1739617234506 153.45914217359035 18
1739617234520 148.4576900493589 19
1739617234534 150.52097490251774 20
1739617234547 149.85434562756936 21
1739617234560 145.73557633726315 22
1739617234574 147.04531758275638 23
1739617234587 147.56996170875325 24
1739617234600 142.31859727195433 25
1739617234613 143.7674609081239 26
1739617234626 143.6415986652005 27
1739617234640 145.35446358743218 28
1739617234653 144.1860851802391 29
1739617234666 141.5733104062089 30
1739617234679 140.62552195062474 31
1739617234692 141.0718506456353 32
1739617234706 136.6402183871618 33
1739617234719 138.55440751602356 34
1739617234732 140.63457854534616 35
1739617234746 133.90121823635582 36
1739617234759 133.93437349328545 37
1739617234772 136.12133836424533 38
1739617234785 135.37362747124482 39
1739617234798 134.26603177741157 40
1739617234811 132.86714414831545 41
1739617234824 131.23343683653687 42
1739617234836 131.35792949412263 43
1739617234849 130.50215018722008 44
1739617234862 131.30103839053933 45
1739617234875 128.97177057517732 46
1739617234893 130.1140501481063 47
1739617234908 126.24651880289235 48
1739617234921 127.26325467798245 49
1739617234935 126.56439221297993 50
1739617234948 126.49663324372543 51
1739617234961 126.40926578600596 52
1739617234976 126.73437655968242 53
1739617234989 125.42084590300166 54
1739617235001 123.90980308214384 55
1739617235015 118.71807557516335 56
1739617235027 125.57971956897119 57
1739617235040 121.90971921223723 58
1739617235054 121.38430022111747 59
1739617235069 117.20437879136605 60
1739617235092 114.80484908518225 61
1739617235108 119.71920624615889 62
1739617235124 117.63751468222533 63
1739617235138 120.15618091981534 64
1739617235154 117.05216828404318 65
1739617235170 116.3845440713207 66
1739617235186 112.32046499352539 67
1739617235202 113.17903141065705 68
1739617235218 111.02405980231825 69
1739617235235 113.03007015672068 70
1739617235251 109.67664884351876 71
1739617235267 110.73283843032819 72
1739617235282 110.91195182691969 73
1739617235299 108.3619477938685 74
1739617235315 112.73097098091972 75
1739617235330 108.56726826072331 76
1739617235346 108.20026265073103 77
1739617235361 105.53556174639823 78
1739617235377 104.43621900292992 79
1739617235393 107.23140388254826 80
1739617235408 104.41727573211735 81
1739617235425 103.63618598818171 82
1739617235442 101.34065831033811 83
1739617235458 108.39677354752 84
1739617235474 103.57082686499648 85
1739617235489 104.85243564369293 86
1739617235505 103.23556082131508 87
1739617235520 98.62057910295573 88
1739617235536 103.30829554688064 89
1739617235552 99.40837644690592 90
1739617235567 101.64544919035473 91
1739617235583 101.8043413150912 92
1739617235598 99.5277921207989 93
1739617235614 96.92304935271456 94
1739617235630 95.87031820865197 95
1739617235646 103.66088946204647 96
1739617235662 94.16463204861577 97
1739617235682 96.81920437090967 98
1739617235713 94.96780498697318 99
1739617235737 96.24402576741637 100
1739617235757 94.85241919704993 101
1739617235783 99.27277980976295 102
1739617235802 98.0708492005186 103
1739617235821 92.39754962648652 104
1739617235839 94.11406038866042 105
1739617235858 90.7856352175983 106
1739617235877 97.93243861099326 107
1739617235896 91.74488868101237 108
1739617235919 93.68327818206316 109
1739617235945 89.24462395297788 110
1739617235964 89.60533036999374 111
1739617235986 90.44961208282692 112
1739617236005 91.55325470488924 113
1739617236023 87.91347171251805 114
1739617236059 86.51172513079555 115
1739617236091 91.4861942925974 116
1739617236128 87.46726700295187 117
1739617236152 87.25771938994302 118
1739617236175 82.03430545586949 119
1739617236335 87.97625507164214 120
1739617236400 83.32415651430512 121
1739617236493 84.95226265702514 122
1739617236520 82.07718868874841 123
1739617236545 83.37590671602624 124
1739617236569 84.98879598039632 125
1739617236594 81.66021208896163 126
1739617236619 82.10645198931445 127
1739617236647 83.0536700695027 128
1739617236672 82.65973653752543 129
1739617236698 76.44994152857807 130
1739617236726 80.1025315254848 131
1739617236755 76.77629047737733 132
1739617236797 77.12699506215198 133
1739617236844 79.45022754220199 134
1739617236882 76.7517817352509 135
1739617236919 73.34530768274088 136
1739617236971 79.50161888254394 137
1739617237000 77.6750953786055 138
1739617237041 74.1870285163854 139
1739617237073 80.3118702778921 140
1739617237122 75.92703451135323 141
1739617237178 73.33506297142489 142
1739617237236 74.13374429078193 143
1739617237296 73.40939460337967 144
1739617237406 76.61646735716599 145
1739617237536 75.21484176457481 146
1739617237640 75.15527278790586 147
1739617237714 70.41514229353211 148
1739617237768 77.552662542183 149
1739617237821 74.75702578781724 150
1739617237871 73.93604699524563 151
1739617237912 72.97277320472254 152
1739617237969 73.24820208440086 153
1739617238028 71.1554934826201 154
1739617238067 72.96487051635737 155
1739617238104 69.44838041049623 156
1739617238156 71.81011572014503 157
1739617238226 72.09583911244786 158
1739617238291 72.48458707924866 159
1739617238364 65.20856704967052 160
1739617238440 69.27722275352306 161
1739617238505 70.9933151456763 162
1739617238594 71.04449089345671 163
1739617238638 70.47998873311218 164
1739617238676 68.42339501245061 165
1739617238724 67.56110937245046 166
1739617238766 65.37588183741998 167
1739617238798 67.24314350769751 168
1739617238828 64.50129976993006 169
1739617238857 66.60640667311293 170
1739617238885 70.59968215928811 171
1739617238909 59.72923239008067 172
1739617238936 62.74610612440944 173
1739617238960 67.19729960106037 174
1739617238988 63.37105382961052 175
1739617239012 66.08683022712206 176
1739617239040 58.145077903052346 177
1739617239069 68.3218654393302 178
1739617239142 62.08685527597487 179
1739617239179 64.8197628900602 180
1739617239220 62.23932224726364 181
1739617239262 61.48447344422188 182
1739617239320 62.75476999812273 183
1739617239371 57.35001710376443 184
1739617239417 62.930836990235754 185
1739617239444 59.0928262248141 186
1739617239470 60.533311023492814 187
1739617239499 60.60643839431696 188
1739617239526 63.28338038933403 189
1739617239551 58.50906279014271 190
1739617239578 59.4898885324521 191
1739617239611 54.99543323674283 192
1739617239645 60.695966017112866 193
1739617239681 55.85648130379259 194
1739617239713 59.99527197184291 195
1739617239743 57.64130712452908 196
1739617239769 61.55721767503268 197
1739617239790 59.89304610414363 198
1739617239812 60.66544065233635 199
1739617239836 59.31408229392355 200
1739617239859 54.967507321067515 201
1739617239881 61.17140441441025 202
1739617239902 54.37489616555212 203
1739617239924 60.057249787476145 204
1739617239948 56.707852698412445 205
1739617239971 59.609358058951834 206
1739617239997 56.63818464028176 207
1739617240022 54.06978460743396 208
1739617240044 48.074790709744455 209
1739617240067 55.2029935407665 210
1739617240089 54.491867061664955 211
1739617240112 50.26483157450265 212
1739617240135 57.32344128936939 213
1739617240157 53.33807141196283 214
1739617240179 55.098514611317164 215
1739617240204 50.142497454341765 216
1739617240225 53.26421773245247 217
1739617240246 52.83851833524505 218
1739617240267 51.21360070470134 219
1739617240287 47.58942351180819 220
1739617240308 52.50581561665952 221
1739617240328 45.20079384424346 222
1739617240348 55.44687058990409 223
1739617240369 56.632169216038214 224
1739617240393 54.2056179142809 225
1739617240418 52.169349475379725 226
1739617240445 53.000679074012 227
1739617240470 50.651577650274604 228
1739617240495 48.685553072716196 229
1739617240520 52.05998527562915 230
1739617240544 49.40697064610199 231
1739617240568 49.728295973141 232
1739617240594 56.73254050243116 233
1739617240618 47.156583480040716 234
1739617240641 47.975821429862606 235
1739617240666 52.53168240761739 236
1739617240691 46.687206280533125 237
1739617240720 49.12540469280819 238
1739617240743 41.518452081416584 239
1739617240766 46.92625584018058 240
1739617240788 43.28303744415033 241
1739617240813 50.27295151415095 242
1739617240835 43.78459641427268 243
1739617240856 44.197936501094276 244
1739617240876 47.12220605353829 245
1739617240897 46.44223943822655 246
1739617240918 50.21572769650852 247
1739617240939 41.66245498309582 248
1739617240960 45.754975497670536 249
1739617240981 39.75002789921682 250
1739617241004 49.70587738346867 251
1739617241025 46.04006428909355 252
1739617241046 40.84221760471704 253
1739617241068 44.24825356072228 254
1739617241088 40.15659137823293 255
1739617241110 42.79765608148735 256
1739617241133 44.9749621683842 257
1739617241154 42.52172853154255 258
1739617241174 40.18612329530281 259
1739617241195 42.46692514448382 260
1739617241217 41.44372961341872 261
1739617241238 45.14892978527815 262
1739617241259 42.58206903103171 263
1739617241279 42.47955150015 264
1739617241302 36.65042076309253 265
1739617241323 37.023370097821534 266
1739617241344 43.671107596796666 267
1739617241367 39.976498529455306 268
1739617241388 43.18351170194096 269
1739617241408 40.363945447348264 270
1739617241428 38.19368668047891 271
1739617241449 42.35061785299713 272
1739617241470 40.859296915584984 273
1739617241490 39.284916638883935 274
1739617241511 38.20579825485959 275
1739617241531 41.94203733690293 276
1739617241551 40.7115504320146 277
1739617241570 43.72196770132645 278
1739617241590 38.258942335566346 279
1739617241610 40.847101277479915 280
1739617241631 37.820301214374254 281
1739617241652 40.36858914999658 282
1739617241675 34.936546967264164 283
1739617241695 42.76475177558748 284
1739617241717 34.996078251406736 285
1739617241737 39.076821003288636 286
1739617241758 40.71684481920457 287
1739617241779 39.63403397622501 288
1739617241799 39.730334661951154 289
1739617241820 35.5609398456103 290
1739617241839 36.083876960044975 291
1739617241860 33.84042937569754 292
1739617241881 35.92342654873072 293
1739617241902 38.694688955231236 294
1739617241922 37.53876456884041 295
1739617241942 37.78781480099074 296
1739617241963 36.887056238085584 297
1739617241986 37.46445839043611 298
1739617242007 35.355838401726366 299
1739617242026 36.28648543645153 300
1739617242046 37.114221696472576 301
1739617242067 40.84852648657729 302
1739617242086 38.01945292751554 303
1739617242107 28.09890629861651 304
1739617242127 38.923729268779034 305
1739617242147 30.7670906830765 306
1739617242168 29.131653500097794 307
1739617242187 39.49499294393493 308
1739617242208 34.80202430497043 309
1739617242229 30.359030363179336 310
1739617242249 41.02920208526934 311
1739617242267 34.38833722160641 312
1739617242285 30.871366574380733 313
1739617242303 35.53824962589659 314
1739617242322 36.01593669285284 315
1739617242343 32.77184380552328 316
1739617242363 35.38079413630024 317
1739617242382 37.916766620379846 318
1739617242402 29.322122631185383 319
1739617242422 37.3314980001377 320
1739617242441 38.087118332441484 321
1739617242460 36.60341771956031 322
1739617242480 36.14418770758701 323
1739617242501 38.33684472247894 324
1739617242521 35.09121047241635 325
1739617242540 35.91974180162766 326
1739617242561 33.060004535067435 327
1739617242584 29.140082362049874 328
1739617242604 33.805487856057056 329
1739617242624 35.118731407764855 330
1739617242643 33.49776232556926 331
1739617242663 29.90905800387687 332
1739617242683 35.05009694422683 333
1739617242703 30.62017435630758 334
1739617242722 30.531916653531248 335
1739617242740 31.574625445961185 336
1739617242756 35.001724550405974 337
1739617242773 24.979115647890392 338
1739617242789 25.978075400050667 339
1739617242805 27.58494295785277 340
1739617242827 31.56855525134015 341
1739617242845 33.499286608155174 342
1739617242862 26.871539939046716 343
1739617242881 32.982723308914295 344
1739617242897 25.498373847743352 345
1739617242914 24.599727367729685 346
1739617242931 28.891961359610832 347
1739617242948 31.337747842826595 348
1739617242965 28.14579421695166 349
1739617242982 31.356138742243548 350
1739617243000 28.97475891147358 351
1739617243017 30.576057043034734 352
1739617243035 28.634571393511024 353
1739617243052 29.459338382794503 354
1739617243068 28.060610849727897 355
1739617243084 28.120682422608496 356
1739617243101 30.301943563877458 357
1739617243118 27.32387353804968 358
1739617243135 28.247101018658203 359
1739617243153 31.127303272480038 360
1739617243173 32.79133598679111 361
1739617243193 25.07501459813327 362
1739617243222 24.923624514373135 363
1739617243247 30.296806286119402 364
1739617243267 34.08218345329514 365
1739617243286 31.775117856693374 366
1739617243304 29.00151731472483 367
1739617243323 28.385561728236148 368
1739617243341 23.655041868615825 369
1739617243359 22.017762656047392 370
1739617243377 29.241727881892025 371
1739617243396 30.40382666459986 372
1739617243414 29.12780911246844 373
1739617243430 31.095356054623558 374
1739617243446 31.334069219741043 375
1739617243462 29.350342430007572 376
1739617243479 30.12474574207641 377
1739617243495 26.510148913858128 378
1739617243511 25.372685241932395 379
1739617243528 24.751572605269867 380
1739617243544 24.57430822699455 381
1739617243560 26.605844150197704 382
1739617243576 28.13357620989048 383
1739617243592 25.470338776417144 384
1739617243608 33.16585838909093 385
1739617243625 27.370220212057642 386
1739617243641 27.15058193488556 387
1739617243657 22.97821260810239 388
1739617243674 24.96570307970905 389
1739617243691 33.892744208957474 390
1739617243707 30.428161979302494 391
1739617243724 32.786461159980256 392
1739617243740 21.53159886182327 393
1739617243756 22.505440054887064 394
1739617243772 21.96550490109154 395
1739617243788 25.897042063650183 396
1739617243805 22.866588950090303 397
1739617243821 18.3432266853836 398
1739617243838 27.59497745356206 399
1739617243854 23.14849314680675 400
1739617243870 24.058834496538626 401
1739617243888 21.347095174656395 402
1739617243904 30.107450637494885 403
1739617243920 29.60656331362379 404
1739617243937 24.214519059132815 405
1739617243953 22.123926793193068 406
1739617243969 17.714535471477916 407
1739617243987 27.594212962464127 408
1739617244006 25.809504702456483 409
1739617244022 26.544433217938455 410
1739617244039 23.953914668473793 411
1739617244055 27.23824584211859 412
1739617244071 22.287592939010977 413
1739617244087 24.472717439267694 414
1739617244104 30.211901884786457 415
1739617244120 20.610234289841998 416
1739617244136 24.22700596890275 417
1739617244152 20.487329907601474 418
1739617244169 27.35564716431481 419
1739617244189 22.071948611903853 420
1739617244207 19.502507863054173 421
1739617244273 31.86502761981843 422
1739617244294 26.934147307903068 423
1739617244314 24.899815468891166 424
1739617244334 28.587070634080824 425
1739617244353 24.037935463694506 426
1739617244372 24.925088004824826 427
1739617244391 23.78496996382402 428
1739617244410 22.958163152435713 429
1739617244429 19.770618663892204 430
1739617244447 31.677480762817506 431
1739617244465 21.767899479954973 432
1739617244483 26.774901741645635 433
1739617244501 27.83446612405088 434
1739617244520 23.06107337015257 435
1739617244538 19.987999607663586 436
1739617244557 22.36931765527611 437
1739617244576 20.96964209732909 438
1739617244594 19.247412458553878 439
1739617244613 21.978300837050618 440
1739617244633 24.004412662980627 441
1739617244652 17.872391426114408 442
1739617244673 24.952686924819403 443
1739617244693 20.947195286071032 444
1739617244713 23.9343177216331 445
1739617244732 19.10140708948212 446
1739617244751 23.432250259394856 447
1739617244770 22.646210745399156 448
1739617244789 19.9612523052117 449
1739617244806 17.880657072539044 450
1739617244823 18.99878780597844 451
1739617244839 21.989649950591858 452
1739617244855 31.981140826745783 453
1739617244871 21.6089766937186 454
1739617244888 27.201624374482474 455
1739617244905 23.565097269473082 456
1739617244922 21.436480825047237 457
1739617244940 22.883718551173537 458
1739617244957 25.349064575563073 459
1739617244973 23.07191399411663 460
1739617244989 23.447282277354926 461
1739617245008 24.24612925451719 462
1739617245024 22.443423464305962 463
1739617245040 23.409948748976557 464
1739617245056 25.423348090673205 465
1739617245076 22.76883094341665 466
1739617245094 27.947384306103682 467
1739617245113 21.210241366340885 468
1739617245141 21.06597534946481 469
1739617245168 19.43240461185884 470
1739617245191 20.79526652149771 471
1739617245211 20.48862143907365 472
1739617245241 17.741460098494212 473
1739617245274 22.00264505338981 474
1739617245298 21.553966583966584 475
1739617245320 16.350731031498746 476
1739617245341 20.478749647413814 477
1739617245366 16.523378633970573 478
1739617245387 21.554008906000625 479
1739617245408 24.766442649016184 480
1739617245430 20.98137423077562 481
1739617245451 18.72247915054916 482
1739617245484 20.385447057447543 483
1739617245508 24.81994050061501 484
1739617245531 19.809293238961516 485
1739617245553 22.343383542508665 486
1739617245574 22.65150403479916 487
1739617245594 23.464649642778653 488
1739617245613 14.503210042492709 489
1739617245633 16.989083741238705 490
1739617245652 19.920279214291515 491
1739617245671 21.129356379561788 492
1739617245691 23.796829281764932 493
1739617245710 18.316563656692775 494
1739617245728 17.41519009706993 495
1739617245747 23.365769380724082 496
1739617245765 23.69765663622703 497
1739617245784 16.525193596647025 498
1739617245802 22.769878648603314 499
