1739616887870 0.6149379751849583 0
1739616887907 0.03176775354381956 1
1739616887944 0.006995506296716596 2
1739616887981 0.04296412228907133 3
1739616888019 0.12895511448797947 4
1739616888058 0.27525261851467986 5
1739616888096 0.0007315405187092545 6
1739616888133 0.9172653780029423 7
1739616888170 0.061601746782474716 8
1739616888206 1.2504345478381218 9
1739616888244 1.4403676915311865 10
1739616888281 0.6329223676074887 11
1739616888318 0.3212057040139463 12
1739616888354 0.19301842786664128 13
1739616888391 0.0036734059885676286 14
1739616888428 0.07021679551383454 15
1739616888465 0.27535779434847324 16
1739616888502 0.5339151698479921 17
1739616888539 0.40250561887238184 18
1739616888576 0.37991796407697537 19
1739616888613 0.0038494814528196044 20
1739616888650 0.41296720985874874 21
1739616888689 0.0047586839747035875 22
1739616888727 0.006696914615684587 23
1739616888765 0.019711966578699523 24
1739616888802 0.12362216381798262 25
1739616888840 1.6744554214951053 26
1739616888877 0.31302787162751605 27
1739616888914 0.005338154728583932 28
1739616888952 0.6172015606062987 29
1739616888989 0.017243772832109316 30
1739616889028 0.5528460419671513 31
1739616889106 0.5880375846974156 32
1739616889150 3.0486540426143263 33
1739616889194 1.151400791755517 34
1739616889239 0.29656748536931116 35
1739616889281 0.10307281802390335 36
1739616889321 1.4880874845309804 37
1739616889361 0.10458915452682237 38
1739616889400 0.15237668692494016 39
1739616889439 0.39075846657675056 40
1739616889479 0.19424826382448404 41
1739616889515 0.0027972395217129007 42
1739616889553 0.16938152645884855 43
1739616889589 0.157501511994287 44
