1739613043982 168.97321715558294 0
1739613043993 165.64683717051628 1
1739613044004 162.39286494934103 2
1739613044015 159.20965949914725 3
1739613044025 156.09561786236034 4
1739613044036 153.04917422456643 5
1739613044045 150.06879904339448 6
1739613044057 147.1529981979562 7
1739613044067 144.30031215835854 8
1739613044077 141.50931517481132 9
1739613044087 138.77861448586856 10
1739613044096 136.1068495453485 11
1739613044107 133.4926912674914 12
1739613044118 130.9348412899231 13
1739613044128 128.4320312540025 14
1739613044138 125.9830221021423 15
1739613044147 123.58660339170038 16
1739613044158 121.24159262505046 17
1739613044168 118.94683459544859 18
1739613044179 116.70120074832191 19
1739613044189 114.50358855761469 20
1739613044199 112.35292091683547 21
1739613044210 110.24814554445722 22
1739613044219 108.18823440333111 23
1739613044230 106.17218313378241 24
1739613044240 104.19901050006438 25
1739613044251 102.26775784985495 26
1739613044261 100.37748858648679 27
1739613044272 98.52728765361013 28
1739613044281 96.71626103199414 29
1739613044291 94.9435352481795 30
1739613044302 93.20825689470239 31
1739613044312 91.50959216161559 32
1739613044322 89.84672637904023 33
1739613044332 88.21886357048673 34
1739613044343 86.62522601669058 35
1739613044352 85.06505382971453 36
1739613044362 83.53760453707388 37
1739613044373 82.04215267564858 38
1739613044383 80.57798939515024 39
1739613044393 79.14442207091852 40
1739613044403 77.74077392582613 41
1739613044412 76.36638366107742 42
1739613044422 75.02060509568996 43
1739613044433 73.70280681445435 44
1739613044443 72.41237182417153 45
1739613044453 71.14869721797228 46
1739613044463 69.91119384752758 47
1739613044474 68.6992860029639 48
1739613044484 67.5124111003006 49
1739613044494 66.35001937623275 50
1739613044506 65.21157359008495 51
1739613044519 64.09654873276708 52
1739613044529 63.00443174256678 53
1739613044540 61.93472122761702 54
1739613044549 60.88692719488093 55
1739613044559 59.8605707855003 56
1739613044579 58.85518401635735 57
1739613044590 57.87030952770297 58
1739613044601 56.905500336708315 59
1739613044611 55.9603195967999 60
1739613044622 55.034340362641565 61
1739613044632 54.127145360630145 62
1739613044642 53.238326764774634 63
1739613044652 52.36748597783171 64
1739613044662 51.51423341757374 65
1739613044672 50.67818830806801 66
1739613044683 49.85897847584894 67
1739613044694 49.05624015086795 68
1739613044705 48.269617772108106 69
1739613044714 47.498763797753604 70
1739613044725 46.7433385198066 71
1739613044736 46.00300988304651 72
1739613044746 45.277453308229404 73
1739613044757 44.56635151942735 74
1739613044768 43.86939437541023 75
1739613044779 43.18627870497473 76
1739613044790 42.51670814612727 77
1739613044799 41.86039298903017 78
1739613044809 41.217050022622345 79
1739613044819 40.58640238482778 80
1739613044829 39.96817941626736 81
1739613044840 39.3621165173915 82
1739613044850 38.767955008952804 83
1739613044860 38.18544199574026 84
1739613044870 37.61433023349804 85
1739613044880 37.054377998953825 86
1739613044892 36.50534896288353 87
1739613044901 35.9670120661408 88
1739613044911 35.439141398581576 89
1739613044922 34.92151608081542 90
1739613044931 34.4139201487172 91
1739613044941 33.916142440633976 92
1739613044953 33.42797648722379 93
1739613044962 32.949220403864324 94
1739613044973 32.47967678557097 95
1739613044982 32.01915260436528 96
1739613044993 31.567459109036058 97
1739613045004 31.124411727236925 98
1739613045013 30.689829969865308 99
1739613045024 30.26353733766915 100
1739613045033 29.84536123002908 101
1739613045043 29.435132855864772 102
1739613045054 29.032687146615597 103
1739613045063 28.637862671246705 104
1739613045073 28.25050155323313 105
1739613045084 27.87044938947519 106
1739613045095 27.49755517109994 107
1739613045108 27.131671206104272 108
1739613045118 26.772653043796527 109
1739613045128 26.42035940099413 110
1739613045138 26.074652089936244 111
1739613045147 25.735395947871016 112
1739613045158 25.402458768278162 113
1739613045169 25.07571123368838 114
1739613045179 24.755026850062283 115
1739613045190 24.44028188269206 116
1739613045199 24.131355293590236 117
1739613045212 23.82812868033058 118
1739613045224 23.530486216307175 119
1739613045233 23.238314592378202 120
1739613045244 22.95150295986217 121
1739613045253 22.669942874854687 122
1739613045262 22.393528243834947 123
1739613045273 22.12215527053157 124
1739613045282 21.85572240401837 125
1739613045292 21.594130288011193 126
1739613045301 21.337281711337624 127
1739613045311 21.085081559552147 128
1739613045321 20.837436767669914 129
1739613045330 20.59425627399286 130
1739613045340 20.355450975002636 131
1739613045350 20.12093368129542 132
1739613045360 19.890619074534058 133
1739613045369 19.66442366539391 134
1739613045378 19.442265752478978 135
1739613045388 19.22406538218576 136
1739613045397 19.009744309492486 137
1739613045407 18.799225959652293 138
1739613045416 18.592435390768998 139
1739613045426 18.389299257234935 140
1739613045436 18.18974577401076 141
1739613045446 17.993704681727355 142
1739613045456 17.80110721259079 143
1739613045465 17.611886057071537 144
1739613045475 17.42597533135955 145
1739613045484 17.243310545567397 146
1739613045494 17.063828572663923 147
1739613045511 16.88746761812143 148
1739613045522 16.714167190259673 149
1739613045533 16.54386807127048 150
1739613045542 16.376512288906984 151
1739613045553 16.212043088822124 152
1739613045562 16.050404907541175 153
1739613045573 15.891543346053496 154
1739613045582 15.73540514400915 155
1739613045592 15.58193815450623 156
1739613045601 15.431091319455135 157
1739613045610 15.28281464550641 158
1739613045619 15.137059180528885 159
1739613045629 14.993776990625491 160
1739613045642 14.852921137674066 161
1739613045651 14.714445657380999 162
1739613045660 14.578305537835812 163
1739613045670 14.444456698554944 164
1739613045679 14.312855970003454 165
1739613045688 14.183461073583397 166
1739613045698 14.056230602078188 167
1739613045707 13.931124000542205 168
1739613045717 13.808101547625387 169
1739613045726 13.687124337322661 170
1739613045736 13.56815426113838 171
1739613045745 13.451153990656076 172
1739613045754 13.336086960504172 173
1739613045763 13.222917351708452 174
1739613045772 13.111610075422282 175
1739613045782 13.002130757025883 176
1739613045791 12.894445720586033 177
1739613045800 12.78852197366786 178
1739613045810 12.684327192490647 179
1739613045819 12.581829707419523 180
1739613045828 12.48099848878538 181
1739613045838 12.38180313302542 182
1739613045847 12.284213849136828 183
1739613045856 12.188201445436379 184
1739613045866 12.093737316618906 185
1739613045875 12.000793431107692 186
1739613045885 11.909342318690033 187
1739613045896 11.819357058431475 188
1739613045905 11.730811266862077 189
1739613045915 11.64367908642865 190
1739613045924 11.557935174206712 191
1739613045933 11.473554690866134 192
1739613045943 11.390513289884735 193
1739613045957 11.308787107003981 194
1739613045966 11.228352749921275 195
1739613045975 11.149187288213419 196
1739613045988 11.071268243485825 197
1739613045997 10.994573579742363 198
1739613046007 10.919081693970663 199
1739613046016 10.844771406938088 200
1739613046026 10.771621954193291 201
1739613046036 10.699612977268837 202
1739613046045 10.628724515080183 203
1739613046055 10.558936995516438 204
1739613046064 10.490231227218645 205
1739613046073 10.422588391541124 206
1739613046082 10.355990034691787 207
1739613046091 10.290418060047262 208
1739613046101 10.225854720638822 209
1739613046110 10.162282611805217 210
1739613046119 10.099684664008569 211
1739613046128 10.038044135809585 212
1739613046138 9.977344606998477 213
1739613046147 9.91756997187801 214
1739613046157 9.858704432695113 215
1739613046166 9.80073249321782 216
1739613046176 9.743638952454067 217
1739613046185 9.68740889850918 218
1739613046194 9.632027702578869 219
1739613046204 9.577481013074614 220
1739613046213 9.523754749878481 221
1739613046223 9.470835098724288 222
1739613046233 9.418708505702435 223
1739613046243 9.367361671885368 224
1739613046253 9.316781548071097 225
1739613046262 9.266955329641975 226
1739613046296 9.21787045153617 227
1739613046314 9.169514583329212 228
1739613046324 9.121875624423202 229
1739613046333 9.07494169934114 230
1739613046343 9.028701153124024 231
1739613046352 8.98314254682841 232
1739613046361 8.938254653122103 233
1739613046371 8.894026451975828 234
1739613046381 8.850447126448584 235
1739613046391 8.80750605856468 236
1739613046402 8.76519282528035 237
1739613046411 8.723497194537826 238
1739613046421 8.682409121405017 239
1739613046431 8.641918744298795 240
1739613046441 8.602016381289987 241
1739613046459 8.562692526488265 242
1739613046471 8.523937846505115 243
1739613046480 8.485743176993092 244
1739613046491 8.448099519259717 245
1739613046500 8.410998036954243 246
1739613046510 8.374430052825732 247
1739613046520 8.338387045550748 248
1739613046529 8.302860646629199 249
1739613046539 8.267842637346751 250
1739613046548 8.233324945802265 251
1739613046558 8.199299643998879 252
1739613046567 8.165758944997302 253
1739613046578 8.132695200129852 254
1739613046589 8.10010089627392 255
1739613046602 8.067968653183607 256
1739613046613 8.036291220878041 257
1739613046625 8.00506147708533 258
1739613046641 7.974272424740738 259
1739613046653 7.943917189537944 260
1739613046664 7.913989017532201 261
1739613046676 7.884481272794213 262
1739613046688 7.855387435113632 263
1739613046698 7.826701097751034 264
1739613046711 7.798415965237289 265
1739613046723 7.770525851219337 266
1739613046736 7.74302467635127 267
1739613046747 7.71590646622975 268
1739613046758 7.689165349372716 269
1739613046768 7.66279555524055 270
1739613046778 7.636791412298614 271
1739613046787 7.61114734612035 272
1739613046797 7.5858578775299845 273
1739613046806 7.560917620783956 274
1739613046815 7.536321281790305 275
1739613046825 7.51206365636504 276
1739613046835 7.488139628524796 277
1739613046845 7.4645441688149115 278
1739613046857 7.441272332672141 279
1739613046867 7.418319258821321 280
1739613046877 7.39568016770512 281
1739613046886 7.373350359946242 282
1739613046896 7.351325214841354 283
1739613046906 7.329600188885996 284
1739613046915 7.308170814329842 285
1739613046924 7.287032697761623 286
1739613046934 7.266181518723082 287
1739613046943 7.245613028351297 288
1739613046952 7.2253230480488 289
1739613046961 7.205307468180802 290
1739613046971 7.185562246799056 291
1739613046980 7.166083408391653 292
1739613046990 7.14686704265826 293
1739613046999 7.127909303310252 294
1739613047009 7.109206406895107 295
1739613047019 7.090754631644701 296
1739613047029 7.072550316346802 297
1739613047040 7.054589859239383 298
1739613047049 7.0368697169272325 299
1739613047059 7.019386403320341 300
1739613047069 7.002136488593653 301
1739613047079 6.985116598167683 302
1739613047089 6.96832341170955 303
1739613047099 6.951753662154002 304
1739613047110 6.935404134744003 305
1739613047120 6.919271666090437 306
1739613047130 6.90335314325056 307
1739613047141 6.887645502824739 308
1739613047151 6.872145730071184 309
1739613047161 6.856850858038133 310
1739613047172 6.841757966713302 311
1739613047182 6.826864182190086 312
1739613047193 6.812166675850197 313
1739613047203 6.7976626635624475 314
1739613047214 6.783349404897233 315
1739613047226 6.7692242023564715 316
1739613047238 6.755284400618604 317
1739613047247 6.741527385798378 318
1739613047258 6.7279505847211025 319
1739613047268 6.714551464211015 320
1739613047278 6.701327530393546 321
1739613047289 6.688276328011093 322
1739613047299 6.675395439752135 323
1739613047310 6.662682485593253 324
1739613047321 6.650135122153945 325
1739613047332 6.637751042063868 326
1739613047343 6.62552797334225 327
1739613047353 6.613463678789274 328
1739613047363 6.601555955389103 329
1739613047374 6.589802633724414 330
1739613047384 6.578201577402035 331
1739613047395 6.566750682489663 332
1739613047406 6.555447876963223 333
1739613047416 6.54429112016481 334
1739613047427 6.533278402270892 335
1739613047436 6.52240774377062 336
1739613047446 6.511677194953979 337
1739613047457 6.501084835409649 338
1739613047467 6.490628773532309 339
1739613047477 6.480307146039223 340
1739613047488 6.4701181174959315 341
1739613047498 6.460059879850787 342
1739613047508 6.450130651978245 343
1739613047518 6.440328679230693 344
1739613047529 6.4306522329985984 345
1739613047540 6.421099610278889 346
1739613047550 6.4116691332513245 347
1739613047560 6.402359148862734 348
1739613047571 6.393168028418961 349
1739613047580 6.384094167184317 350
1739613047591 6.375135983988469 351
1739613047601 6.366291920840497 352
1739613047612 6.35756044255012 353
1739613047623 6.3489400363558035 354
1739613047634 6.340429211559693 355
1739613047647 6.332026499169238 356
1739613047658 6.323730451545306 357
1739613047672 6.315539642056732 358
1739613047689 6.307452664741148 359
1739613047699 6.299468133971917 360
1739613047709 6.291584684131127 361
1739613047720 6.283800969288487 362
1739613047729 6.276115662885987 363
1739613047740 6.26852745742825 364
1739613047750 6.261035064178429 365
1739613047761 6.253637212859556 366
1739613047771 6.246332651361236 367
1739613047781 6.239120145451553 368
1739613047791 6.231998478494121 369
1739613047803 6.224966451170158 370
1739613047813 6.218022881205509 371
1739613047824 6.211166603102456 372
1739613047834 6.204396467876303 373
1739613047844 6.197711342796596 374
1739613047855 6.191110111132888 375
1739613047865 6.184591671904957 376
1739613047875 6.178154939637441 377
1739613047885 6.171798844118713 378
1739613047896 6.165522330164006 379
1739613047906 6.159324357382626 380
1739613047917 6.153203899949249 381
1739613047927 6.147159946379149 382
1739613047937 6.141191499307344 383
1739613047947 6.135297575271536 384
1739613047958 6.129477204498825 385
1739613047969 6.123729430696036 386
1739613047979 6.118053310843707 387
1739613047989 6.112447914993571 388
1739613047999 6.106912326069513 389
1739613048010 6.101445639671918 390
1739613048020 6.096046963885363 391
1739613048030 6.090715419089547 392
1739613048041 6.08545013777347 393
1739613048050 6.080250264352717 394
1739613048061 6.075114954989867 395
1739613048072 6.070043377417896 396
1739613048082 6.065034710766558 397
1739613048093 6.060088145391707 398
1739613048103 6.055202882707435 399
1739613048113 6.050378135021048 400
1739613048124 6.045613125370805 401
1739613048134 6.040907087366308 402
1739613048145 6.036259265031594 403
1739613048156 6.03166891265081 404
1739613048165 6.027135294616456 405
1739613048176 6.022657685280091 406
1739613048187 6.018235368805565 407
1739613048197 6.013867639024617 408
1739613048208 6.009553799294838 409
1739613048217 6.00529316236002 410
1739613048228 6.001085050212697 411
1739613048239 5.996928793959043 412
1739613048249 5.992823733685842 413
1739613048260 5.988769218329733 414
1739613048271 5.984764605548502 415
1739613048280 5.980809261594488 416
1739613048291 5.9769025611900215 417
1739613048301 5.973043887404885 418
1739613048312 5.96923263153573 419
1739613048323 5.965468192987451 420
1739613048333 5.961749979156413 421
1739613048343 5.958077405315615 422
1739613048353 5.954449894501622 423
1739613048363 5.9508668774033495 424
1739613048374 5.9473277922525565 425
1739613048384 5.943832084716157 426
1739613048395 5.9403792077901425 427
1739613048405 5.93696862169527 428
1739613048415 5.933599793774315 429
1739613048426 5.9302721983910125 430
1739613048436 5.926985316830541 431
1739613048447 5.923738637201557 432
1739613048458 5.92053165433982 433
1739613048467 5.917363869713264 434
1739613048477 5.914234791328566 435
1739613048489 5.911143933639186 436
1739613048498 5.90809081745482 437
1739613048509 5.905074969852246 438
1739613048520 5.902095924087567 439
1739613048529 5.899153219509804 440
1739613048541 5.896246401475809 441
1739613048552 5.8933750212665075 442
1739613048562 5.8905386360044 443
1739613048574 5.887736808572345 444
1739613048585 5.8849691075336015 445
1739613048595 5.882235107053029 446
1739613048606 5.879534386819573 447
1739613048621 5.876866531969842 448
1739613048637 5.874231133012937 449
1739613048649 5.871627785756322 450
1739613048660 5.869056091232901 451
1739613048671 5.866515655629136 452
1739613048680 5.8640060902142706 453
1739613048691 5.861527011270631 454
1739613048702 5.859078040024959 455
1739613048711 5.856658802580752 456
1739613048722 5.854268929851664 457
1739613048731 5.85190805749586 458
1739613048743 5.849575825851364 459
1739613048754 5.847271879872365 460
1739613048763 5.844995869066482 461
1739613048773 5.842747447432945 462
1739613048782 5.840526273401678 463
1739613048793 5.838332009773318 464
1739613048802 5.836164323660093 465
1739613048813 5.834022886427567 466
1739613048823 5.831907373637248 467
1739613048833 5.829817464990063 468
1739613048844 5.8277528442705995 469
1739613048854 5.8257131992922355 470
1739613048864 5.823698221843019 471
1739613048874 5.8217076076323435 472
1739613048884 5.819741056238414 473
1739613048894 5.81779827105647 474
1739613048906 5.815878959247766 475
1739613048915 5.813982831689263 476
1739613048926 5.812109602924087 477
1739613048937 5.810258991112655 478
1739613048946 5.808430717984565 479
1739613048955 5.806624508791122 480
1739613048964 5.804840092258566 481
1739613048975 5.80307720054198 482
1739613048986 5.801335569179846 483
1739613048995 5.799614937049258 484
1739613049006 5.797915046321766 485
1739613049016 5.7962356424198545 486
1739613049027 5.794576473974029 487
1739613049037 5.7929372927805325 488
1739613049047 5.791317853759654 489
1739613049057 5.789717914914598 490
1739613049070 5.788137237290979 491
1739613049079 5.786575584936868 492
1739613049090 5.7850327248634015 493
1739613049099 5.783508427005944 494
1739613049109 5.782002464185796 495
1739613049120 5.78051461207244 496
1739613049130 5.7790446491463285 497
1739613049140 5.77759235666216 498
1739613049151 5.776157518612702 499
