1739553851972 169.40459334038604 0
1739553851979 168.07613952643777 1
1739553851986 167.42228508148617 2
1739553851992 166.7697552655604 3
1739553851998 166.12063168537793 4
1739553852004 165.4748886919611 5
1739553852011 164.83250733169425 6
1739553852019 164.1934687419644 7
1739553852026 163.5577541711175 8
1739553852033 162.92534497772436 9
1739553852040 162.29622262991575 10
1739553852048 161.67036870472103 11
1739553852056 161.04776488741118 12
1739553852065 160.42839297084558 13
1739553852072 159.81223485482295 14
1739553852080 159.19927254543606 15
1739553852089 158.58948815443068 16
1739553852099 157.98286389856824 17
1739553852107 157.37938209899238 18
1739553852115 156.77902518059958 19
1739553852122 156.18177567141333 20
1739553852130 155.58761620196248 21
1739553852138 154.99652950466313 22
1739553852147 154.40849841320443 23
1739553852156 153.8235058619379 24
1739553852166 153.241534885271 25
1739553852177 152.66256861706393 26
1739553852187 152.08659029003027 27
1739553852197 151.51358323514123 28
1739553852205 150.94353088103378 29
1739553852214 150.37641675342212 30
1739553852224 149.81222447451293 31
1739553852234 149.25093776242403 32
1739553852242 148.69254043060667 33
1739553852252 148.13701638727161 34
1739553852261 147.58434963481818 35
1739553852269 147.03452426926725 36
1739553852276 146.48752447969756 37
1739553852283 145.94333454768548 38
1739553852290 145.40193884674815 39
1739553852298 144.86332184179 40
1739553852305 144.32746808855293 41
1739553852312 143.7943622330694 42
1739553852320 143.26398901111918 43
1739553852327 142.7363332476895 44
1739553852334 142.211379856438 45
1739553852341 141.6891138391597 46
1739553852349 141.16952028525657 47
1739553852356 140.65258437121057 48
1739553852364 140.13829136006015 49
1739553852372 139.62662660087963 50
1739553852380 139.1175755282618 51
1739553852387 138.6111236618038 52
1739553852394 138.10725660559618 53
1739553852402 137.6059600477149 54
1739553852409 137.10721975971646 55
1739553852416 136.61102159613637 56
1739553852423 136.11735149399036 57
1739553852430 135.62619547227877 58
1739553852437 135.13753963149395 59
1739553852444 134.65137015313084 60
1739553852451 134.16767329920012 61
1739553852458 133.68643541174487 62
1739553852466 133.2076429123597 63
1739553852473 132.73128230171307 64
1739553852480 132.25734015907264 65
1739553852487 131.78580314183304 66
1739553852494 131.31665798504716 67
1739553852501 130.84989150095976 68
1739553852508 130.3854905785443 69
1739553852515 129.92344218304225 70
1739553852524 129.46373335550567 71
1739553852531 129.00635121234203 72
1739553852538 128.55128294486232 73
1739553852545 128.09851581883163 74
1739553852551 127.64803717402239 75
1739553852558 127.19983442377071 76
1739553852565 126.75389505453506 77
1739553852572 126.31020662545778 78
1739553852579 125.86875676792931 79
1739553852586 125.42953318515502 80
1739553852593 124.99252365172462 81
1739553852600 124.55771601318446 82
1739553852607 124.12509818561199 83
1739553852613 123.69465815519334 84
1739553852620 123.26638397780299 85
1739553852627 122.84026377858639 86
1739553852633 122.41628575154479 87
1739553852640 121.99443815912299 88
1739553852646 121.57470933179916 89
1739553852653 121.15708766767753 90
1739553852660 120.74156163208337 91
1739553852667 120.32811975716052 92
1739553852673 119.9167506414713 93
1739553852680 119.50744294959883 94
1739553852687 119.10018541175207 95
1739553852693 118.69496682337281 96
1739553852700 118.29177604474536 97
1739553852707 117.89060200060858 98
1739553852714 117.49143367977025 99
1739553852721 117.09426013472371 100
1739553852727 116.69907048126689 101
1739553852734 116.30585389812379 102
1739553852742 115.91459962656803 103
1739553852749 115.5252969700489 104
1739553852756 115.13793529381955 105
1739553852764 114.75250402456753 106
1739553852770 114.36899265004749 107
1739553852778 113.98739071871621 108
1739553852785 113.60768783936989 109
1739553852792 113.22987368078344 110
1739553852799 112.85393797135217 111
1739553852805 112.47987049873562 112
1739553852813 112.10766110950345 113
1739553852820 111.73729970878367 114
1739553852827 111.36877625991285 115
1739553852834 111.00208078408848 116
1739553852841 110.63720336002359 117
1739553852848 110.27413412360325 118
1739553852855 109.91286326754337 119
1739553852865 109.55338104105145 120
1739553852874 109.19567774948943 121
1739553852881 108.83974375403854 122
1739553852890 108.48556947136632 123
1739553852899 108.13314537329556 124
1739553852908 107.78246198647528 125
1739553852917 107.43350989205362 126
1739553852926 107.08627972535301 127
1739553852939 106.74076217554686 128
1739553852947 106.39694798533876 129
1739553852955 106.05482795064312 130
1739553852963 105.71439292026804 131
1739553852971 105.37563379560005 132
1739553852978 105.03854153029083 133
1739553852986 104.70310712994565 134
1739553852994 104.36932165181388 135
1739553853002 104.0371762044814 136
1739553853010 103.70666194756461 137
1739553853018 103.37777009140666 138
1739553853026 103.05049189677533 139
1739553853034 102.7248186745627 140
1739553853041 102.40074178548679 141
1739553853048 102.07825263979495 142
1739553853055 101.75734269696905 143
1739553853063 101.43800346543232 144
1739553853070 101.12022650225832 145
1739553853077 100.80400341288133 146
1739553853084 100.4893258508087 147
1739553853090 100.17618551733484 148
1739553853097 99.86457416125702 149
1739553853104 99.55448357859287 150
1739553853111 99.24590561229951 151
1739553853118 98.93883215199463 152
1739553853125 98.63325513367903 153
1739553853131 98.32916653946083 154
1739553853138 98.02655839728153 155
1739553853146 97.72542278064368 156
1739553853154 97.42575180834011 157
1739553853161 97.12753764418483 158
1739553853168 96.8307724967457 159
1739553853177 96.53544861907851 160
1739553853188 96.24155830846288 161
1739553853196 95.94909390613962 162
1739553853202 95.6580477970497 163
1739553853209 95.36841240957484 164
1739553853216 95.0801802152798 165
1739553853222 94.7933437286559 166
1739553853230 94.5078955068664 167
1739553853237 94.22382814949339 168
1739553853243 93.94113429828596 169
1739553853250 93.65980663691026 170
1739553853257 93.37983789070087 171
1739553853264 93.10122082641361 172
1739553853270 92.82394825198001 173
1739553853278 92.54801301626334 174
1739553853285 92.27340800881566 175
1739553853292 92.00012615963702 176
1739553853299 91.72816043893556 177
1739553853305 91.4575038568893 178
1739553853312 91.18814946340943 179
1739553853319 90.92009034790486 180
1739553853326 90.65331963904836 181
1739553853333 90.38783050454397 182
1739553853339 90.12361615089594 183
1739553853346 89.86066982317904 184
1739553853352 89.59898480481023 185
1739553853358 89.33855441732172 186
1739553853365 89.07937202013547 187
1739553853371 88.82143101033884 188
1739553853377 88.56472482246198 189
1739553853384 88.30924692825623 190
1739553853390 88.05499083647393 191
1739553853397 87.80195009264979 192
1739553853403 87.55011827888318 193
1739553853409 87.29948901362215 194
1739553853416 87.05005595144846 195
1739553853423 86.80181278286412 196
1739553853429 86.55475323407906 197
1739553853436 86.30887106680012 198
1739553853445 86.06416007802147 199
1739553853453 85.82061409981607 200
1739553853460 85.5782269991285 201
1739553853466 85.33699267756916 202
1739553853473 85.09690507120945 203
1739553853481 84.85795815037837 204
1739553853488 84.62014591946048 205
1739553853495 84.38346241669464 206
1739553853501 84.1479017139745 207
1739553853508 83.91345791664988 208
1739553853514 83.6801251633292 209
1739553853521 83.44789762568364 210
1739553853527 83.216769508252 211
1739553853534 82.9867350482469 212
1739553853540 82.75778851536221 213
1739553853546 82.52992421158154 214
1739553853553 82.30313647098792 215
1739553853559 82.07741965957476 216
1739553853566 81.85276817505773 217
1739553853572 81.62917644668791 218
1739553853579 81.40663893506606 219
1739553853586 81.185150131958 220
1739553853593 80.9647045601111 221
1739553853599 80.74529677307189 222
1739553853606 80.52692135500477 223
1739553853612 80.30957292051174 224
1739553853619 80.09324611445341 225
1739553853627 79.87793561177084 226
1739553853634 79.66363611730866 227
1739553853641 79.4503423656392 228
1739553853647 79.23804912088758 229
1739553853654 79.02675117655805 230
1739553853661 78.8164433553612 231
1739553853667 78.60712050904223 232
1739553853674 78.39877751821042 233
1739553853681 78.19140929216948 234
1739553853687 77.98501076874891 235
1739553853694 77.77957691413647 236
1739553853701 77.57510272271166 237
1739553853707 77.37158321688005 238
1739553853714 77.16901344690889 239
1739553853720 76.96738849076335 240
1739553853727 76.76670345394406 241
1739553853733 76.56695346932555 242
1739553853740 76.3681336969955 243
1739553853746 76.17023932409519 244
1739553853753 75.97326556466076 245
1739553853759 75.77720765946549 246
1739553853765 75.582060875863 247
1739553853772 75.38782050763145 248
1739553853780 75.19448187481859 249
1739553853787 75.0020403235878 250
1739553853793 74.81049122606511 251
1739553853800 74.61982998018702 252
1739553853807 74.43005200954926 253
1739553853814 74.24115276325665 254
1739553853820 74.05312771577358 255
1739553853827 73.86597236677558 256
1739553853834 73.67968224100173 257
1739553853840 73.49425288810792 258
1739553853847 73.30967988252102 259
1739553853854 73.12595882329411 260
1739553853861 72.94308533396219 261
1739553853868 72.76105506239907 262
1739553853875 72.57986368067503 263
1739553853882 72.39950688491544 264
1739553853888 72.2199803951599 265
1739553853896 72.04127995522265 266
1739553853902 71.86340133255358 267
1739553853909 71.68634031810006 268
1739553853916 71.51009272616979 269
1739553853923 71.33465439429419 270
1739553853929 71.1600211830929 271
1739553853941 70.98618897613888 272
1739553853947 70.81315367982447 273
1739553853954 70.64091122322822 274
1739553853960 70.46945755798235 275
1739553853967 70.29878865814129 276
1739553853973 70.12890052005079 277
1739553853980 69.95978916221796 278
1739553853986 69.79145062518201 279
1739553853993 69.6238809713857 280
1739553853999 69.45707628504779 281
1739553854005 69.29103267203598 282
1739553854012 69.12574625974086 283
1739553854018 68.96121319695042 284
1739553854026 68.79742965372546 285
1739553854032 68.63439182127559 286
1739553854039 68.47209591183619 287
1739553854045 68.31053815854594 288
1739553854052 68.1497148153251 289
1739553854058 67.98962215675459 290
1739553854065 67.83025647795576 291
1739553854072 67.67161409447088 292
1739553854079 67.51369134214436 293
1739553854085 67.35648457700465 294
1739553854091 67.19999017514687 295
1739553854098 67.04420453261618 296
1739553854104 66.88912406529181 297
1739553854111 66.73474520877173 298
1739553854117 66.58106441825817 299
1739553854123 66.42807816844363 300
1739553854130 66.27578295339778 301
1739553854137 66.12417528645481 302
1739553854143 65.97325170010168 303
1739553854150 65.82300874586693 304
1739553854156 65.67344299421 305
1739553854162 65.52455103441167 306
1739553854169 65.37632947446455 307
1739553854175 65.2287749409648 308
1739553854182 65.08188407900407 309
1739553854188 64.93565355206233 310
1739553854195 64.79008004190123 311
1739553854201 64.64516024845817 312
1739553854207 64.50089088974094 313
1739553854214 64.35726870172304 314
1739553854220 64.21429043823962 315
1739553854226 64.07195287088399 316
1739553854232 63.93025278890484 317
1739553854239 63.78918699910398 318
1739553854245 63.64875232573477 319
1739553854251 63.50894561040113 320
1739553854258 63.369763711957084 321
1739553854265 63.23120350640709 322
1739553854272 63.09326188680672 323
1739553854278 62.95593576316416 324
1739553854285 62.81922206234214 325
1739553854291 62.683117727960564 326
1739553854298 62.54761972029959 327
1739553854305 62.41272501620347 328
1739553854312 62.27843060898478 329
1739553854318 62.1447335083293 330
1739553854324 62.011630740201596 331
1739553854330 61.87911934675089 332
1739553854337 61.7471963862177 333
1739553854343 61.61585893284102 334
1739553854349 61.48510407676591 335
1739553854356 61.354928923951874 336
1739553854362 61.22533059608155 337
1739553854369 61.096306230470056 338
1739553854375 60.96785297997498 339
1739553854382 60.83996801290666 340
1739553854388 60.712648512939175 341
1739553854395 60.585891679021884 342
1739553854401 60.4596947252914 343
1739553854408 60.33405488098411 344
1739553854415 60.20896939034927 345
1739553854421 60.08443551256254 346
1739553854428 59.960450521640134 347
1739553854435 59.837011706353415 348
1739553854441 59.71411637014393 349
1739553854447 59.59176183103914 350
1739553854454 59.469945421568525 351
1739553854460 59.348664488680136 352
1739553854467 59.22791639365778 353
1739553854473 59.10769851203862 354
1739553854480 58.98800823353131 355
1739553854486 58.86884296193456 356
1739553854493 58.75020011505618 357
1739553854500 58.63207712463275 358
1739553854506 58.51447143624956 359
1739553854513 58.39738050926117 360
1739553854519 58.280801816712376 361
1739553854525 58.16473284525973 362
1739553854532 58.04917109509342 363
1739553854539 57.934114079859675 364
1739553854545 57.819559326583594 365
1739553854551 57.70550437559257 366
1739553854558 57.591946780439905 367
1739553854564 57.47888410782915 368
1739553854571 57.366313937538735 369
1739553854577 57.25423386234712 370
1739553854583 57.14264148795835 371
1739553854590 57.03153443292803 372
1739553854597 56.920910328589855 373
1739553854603 56.81076681898244 374
1739553854609 56.70110156077669 375
1739553854616 56.591912223203515 376
1739553854622 56.48319648798203 377
1739553854628 56.374952049248165 378
1739553854635 56.26717661348373 379
1739553854641 56.159867899445835 380
1739553854648 56.05302363809681 381
1739553854654 55.94664157253444 382
1739553854660 55.840719457922745 383
1739553854667 55.735255061423025 384
1739553854673 55.630246162125445 385
1739553854679 55.52569055098099 386
1739553854686 55.4215860307337 387
1739553854692 55.317930415853525 388
1739553854699 55.214721532469426 389
1739553854705 55.111957218302884 390
1739553854711 55.00963532260182 391
1739553854718 54.90775370607501 392
1739553854724 54.80631024082672 393
1739553854730 54.70530281029183 394
1739553854736 54.60472930917127 395
1739553854743 54.504587643368005 396
1739553854749 54.40487572992314 397
1739553854755 54.30559149695268 398
1739553854762 54.20673288358441 399
1739553854769 54.10829783989536 400
1739553854776 54.01028432684947 401
1739553854783 53.91269031623583 402
1739553854790 53.81551379060702 403
1739553854797 53.71875274321801 404
1739553854803 53.62240517796541 405
1739553854810 53.52646910932698 406
1739553854816 53.43094256230159 407
1739553854822 53.3358235723495 408
1739553854829 53.2411101853329 409
1739553854835 53.146800457457104 410
1739553854842 53.052892455211676 411
1739553854848 52.95938425531218 412
1739553854860 52.86627394464227 413
1739553854866 52.773559620195996 414
1739553854873 52.68123938902052 415
1739553854879 52.58931136815916 416
1739553854886 52.49777368459482 417
1739553854893 52.40662447519365 418
1739553854900 52.31586188664913 419
1739553854906 52.2254840754265 420
1739553854913 52.135489207707344 421
1739553854919 52.045875459334795 422
1739553854925 51.95664101575874 423
1739553854932 51.86778407198162 424
1739553854938 51.77930283250438 425
1739553854945 51.691195511272824 426
1739553854952 51.60346033162422 427
1739553854959 51.51609552623432 428
1739553854965 51.42909933706455 429
1739553854971 51.34247001530967 430
1739553854978 51.2562058213456 431
1739553854985 51.17030502467766 432
1739553854991 51.084765903889085 433
1739553854998 50.99958674658975 434
1739553855004 50.91476584936539 435
1739553855011 50.83030151772692 436
1739553855017 50.746192066060225 437
1739553855023 50.662435817576075 438
1739553855030 50.57903110426047 439
1739553855037 50.49597626682526 440
1739553855043 50.41326965465898 441
1739553855050 50.330909625778034 442
1739553855056 50.248894546778146 443
1739553855062 50.16722279278612 444
1739553855069 50.08589274741192 445
1739553855075 50.00490280270086 446
1739553855081 49.924251359086284 447
1739553855088 49.843936825342425 448
1739553855095 49.76395761853757 449
1739553855101 49.68431216398739 450
1739553855107 49.604998895208794 451
1739553855114 49.526016253873735 452
1739553855120 49.44736268976359 453
1739553855126 49.36903666072358 454
1739553855133 49.29103663261758 455
1739553855139 49.213361079283196 456
1739553855146 49.13600848248694 457
1739553855152 49.05897733188003 458
1739553855159 48.982266124953966 459
1739553855165 48.9058733669968 460
1739553855172 48.829797571049426 461
1739553855178 48.754037257862166 462
1739553855185 48.678590955851675 463
1739553855191 48.603457201057985 464
1739553855199 48.52863453710193 465
1739553855205 48.45412151514276 466
1739553855212 48.37991669383594 467
1739553855218 48.306018639291366 468
1739553855225 48.2324259250316 469
1739553855231 48.159137131950565 470
1739553855237 48.08615084827235 471
1739553855244 48.013465669510275 472
1739553855250 47.94108019842627 473
1739553855256 47.868993044990376 474
1739553855263 47.79720282634058 475
1739553855269 47.72570816674285 476
1739553855275 47.65450769755138 477
1739553855281 47.58360005716911 478
1739553855288 47.51298389100849 479
1739553855295 47.44265785145235 480
1739553855301 47.37262059781522 481
1739553855308 47.30287079630461 482
1739553855315 47.23340711998276 483
1739553855321 47.164228248728456 484
1739553855327 47.09533286919912 485
1739553855333 47.026719674793206 486
1739553855340 46.958387365612595 487
1739553855346 46.89033464842544 488
1739553855352 46.8225602366291 489
1739553855359 46.75506285021338 490
1739553855365 46.687841215723864 491
1739553855371 46.620894066225546 492
1739553855378 46.55422014126674 493
1739553855385 46.487818186842965 494
1739553855391 46.421686955361345 495
1739553855398 46.35582520560496 496
1739553855404 46.2902317026976 497
1739553855410 46.22490521806853 498
1739553855417 46.1598445294177 499
