1739555006678 169.30893579511115 0
1739555006686 169.17414388582264 1
1739555006694 169.04324580713066 2
1739555006703 168.9124580639489 3
1739555006712 168.7817805629272 4
1739555006720 168.65121321079423 5
1739555006728 168.52075591435795 6
1739555006735 168.39040858050512 7
1739555006743 168.26017111620155 8
1739555006752 168.13004342849186 9
1739555006760 168.00002542449948 10
1739555006768 167.87011701142663 11
1739555006779 167.74031809655412 12
1739555006787 167.61062858724128 13
1739555006795 167.48104839092613 14
1739555006803 167.3515774151251 15
1739555006810 167.22221556743293 16
1739555006818 167.09296275552273 17
1739555006826 166.96381888714592 18
1739555006835 166.83478387013213 19
1739555006846 166.705857612389 20
1739555006854 166.57704002190235 21
1739555006863 166.4483310067359 22
1739555006872 166.31973047503146 23
1739555006912 166.19123833500848 24
1739555006922 166.06285449496434 25
1739555006931 165.93457886327417 26
1739555006940 165.8064113483907 27
1739555006949 165.67835185884428 28
1739555006959 165.5504003032428 29
1739555006968 165.42255659027177 30
1739555006977 165.29482062869369 31
1739555006985 165.16719232734889 32
1739555006993 165.03967159515457 33
1739555007002 164.91225834110543 34
1739555007010 164.78495247427313 35
1739555007018 164.65775390380648 36
1739555007027 164.53066253893124 37
1739555007036 164.40367828895026 38
1739555007044 164.27680106324303 39
1739555007052 164.1500307712661 40
1739555007060 164.02336732255256 41
1739555007069 163.89681062671235 42
1739555007078 163.7703605934319 43
1739555007087 163.64401713247432 44
1739555007095 163.5177801536791 45
1739555007103 163.39164956696217 46
1739555007112 163.26562528231585 47
1739555007120 163.13970720980873 48
1739555007128 163.01389600185948 49
1739555007136 162.88819008369623 50
1739555007145 162.76259085016858 51
1739555007154 162.63709672753865 52
1739555007161 162.51170910992658 53
1739555007171 162.3864264246274 54
1739555007179 162.26125006503236 55
1739555007188 162.13617920020204 56
1739555007196 162.01121300037482 57
1739555007205 161.88635285785097 58
1739555007213 161.76159720250186 59
1739555007222 161.6369474259001 60
1739555007230 161.51240195894655 61
1739555007238 161.38796219248655 62
1739555007246 161.26362655844935 63
1739555007255 161.13939644695355 64
1739555007264 161.01527029095587 65
1739555007273 160.8912494798487 66
1739555007281 160.76733244761513 67
1739555007290 160.64352058292172 68
1739555007299 160.51981232077705 69
1739555007307 160.39620904912243 70
1739555007316 160.27270920399084 71
1739555007325 160.14931417259888 72
1739555007333 160.0260223920028 73
1739555007341 159.90283524869503 74
1739555007350 159.77975118075426 75
1739555007359 159.65677157394907 76
1739555007368 159.53389486737956 77
1739555007376 159.4111224460911 78
1739555007384 159.28845275020413 79
1739555007391 159.1658871640412 80
1739555007399 159.0434241287423 81
1739555007406 158.9210650279075 82
1739555007414 158.79880830369535 83
1739555007422 158.6766553389842 84
1739555007429 158.55460457694974 85
1739555007437 158.43265739974913 86
1739555007445 158.3108122515746 87
1739555007453 158.18907051386242 88
1739555007461 158.06743063182017 89
1739555007469 157.9458939861639 90
1739555007477 157.82445902311565 91
1739555007485 157.70312712267148 92
1739555007492 157.58189673206707 93
1739555007500 157.46076923057902 94
1739555007509 157.33974306645547 95
1739555007517 157.21881961825417 96
1739555007525 157.09799733523485 97
1739555007533 156.9772775952368 98
1739555007541 156.85665884853017 99
1739555007549 156.73614247223648 100
1739555007557 156.61572691763533 101
1739555007565 156.49541356113087 102
1739555007573 156.37520085501137 103
1739555007581 156.25509017496373 104
1739555007589 156.135079974284 105
1739555007596 156.01517162794275 106
1739555007604 155.89536359024243 107
1739555007613 155.77565723543765 108
1739555007621 155.65605174805214 109
1739555007629 155.53654631375971 110
1739555007638 155.4171423057432 111
1739555007646 155.297838180816 112
1739555007653 155.1786353114463 113
1739555007661 155.05953215545065 114
1739555007669 154.94053008458297 115
1739555007676 154.82162755766194 116
1739555007685 154.70282594572777 117
1739555007693 154.58412370860043 118
1739555007701 154.46552221660667 119
1739555007709 154.3470199305668 120
1739555007717 154.22861822009486 121
1739555007724 154.11031554701034 122
1739555007732 153.9921132802149 123
1739555007740 153.87400988252648 124
1739555007748 153.75600672213474 125
1739555007756 153.6381022628551 126
1739555007764 153.52029787216588 127
1739555007773 153.4025920148787 128
1739555007785 153.28498605776113 129
1739555007793 153.16747846662028 130
1739555007801 153.05007060751313 131
1739555007808 152.93276094724135 132
1739555007816 152.815550851152 133
1739555007823 152.69843878704026 134
1739555007831 152.58142611954372 135
1739555007839 152.4645113174501 136
1739555007847 152.34769574468802 137
1739555007854 152.2309778710367 138
1739555007862 152.11435905971638 139
1739555007870 151.9978377814969 140
1739555007877 151.88141539889043 141
1739555007889 151.76509038365649 142
1739555007901 151.64886409759973 143
1739555007910 151.5327350134683 144
1739555007918 151.41670449235994 145
1739555007927 151.3007710080105 146
1739555007935 151.18493592081106 147
1739555007943 151.0691977054843 148
1739555007951 150.95355772171524 149
1739555007960 150.83801444521242 150
1739555007967 150.7225692349552 151
1739555007975 150.60722056763692 152
1739555007984 150.49196980153192 153
1739555007992 150.37681541431755 154
1739555007999 150.26175876356334 155
1739555008007 150.14679832792962 156
1739555008015 150.03193546428182 157
1739555008023 149.91716865226226 158
1739555008031 149.80249924803263 159
1739555008039 149.68792573221637 160
1739555008047 149.57344946027206 161
1739555008055 149.45906891380307 162
1739555008063 149.34478544756533 163
1739555008071 149.23059826167523 164
1739555008080 149.1165065573712 165
1739555008088 149.0025116883573 166
1739555008096 148.88861213868162 167
1739555008104 148.77480926134683 168
1739555008113 148.66110154137777 169
1739555008121 148.54749033107598 170
1739555008129 148.43397411644227 171
1739555008137 148.3205542490776 172
1739555008145 148.20722921595754 173
1739555008153 148.09400036798314 174
1739555008160 147.9808661931038 175
1739555008168 147.86782804152094 176
1739555008176 147.7548844021571 177
1739555008186 147.64203662451447 178
1739555008194 147.52928319848772 179
1739555008202 147.4166254728803 180
1739555008209 147.30406193855805 181
1739555008217 147.19159394362632 182
1739555008225 147.07921997992102 183
1739555008234 146.96694139484984 184
1739555008241 146.85475668121796 185
1739555008249 146.74266718573583 186
1739555008256 146.630671402177 187
1739555008264 146.51877067655505 188
1739555008272 146.40696350361094 189
1739555008281 146.29525122866207 190
1739555008289 146.1836323474158 191
1739555008297 146.0721082044937 192
1739555008305 145.96067729656858 193
1739555008313 145.84934096756683 194
1739555008320 145.73809771512575 195
1739555008328 145.62694888247688 196
1739555008337 145.51589296822118 197
1739555008344 145.4049313148959 198
1739555008352 145.29406242206457 199
1739555008359 145.1832876315706 200
1739555008367 145.0726054439393 201
1739555008374 144.96201720032062 202
1739555008383 144.85152140220083 203
1739555008392 144.74111939003683 204
1739555008401 144.63080966627484 205
1739555008408 144.52059357067932 206
1739555008416 144.41046960665543 207
1739555008424 144.3004391132757 208
1739555008432 144.1905005949033 209
1739555008439 144.0806553899193 210
1739555008447 143.97090200364391 211
1739555008455 143.86124177376718 212
1739555008463 143.75167320656558 213
1739555008471 143.64219763903864 214
1739555008480 143.532813578418 215
1739555008488 143.4235223610131 216
1739555008497 143.31432249501006 217
1739555008517 143.20521531602864 218
1739555008534 143.09619933320832 219
1739555008545 142.98727588147977 220
1739555008555 142.87844417664695 221
1739555008567 142.76970343560743 222
1739555008576 142.66105499226032 223
1739555008585 142.55249735812333 224
1739555008593 142.44403186640778 225
1739555008602 142.33565702958143 226
1739555008611 142.22737418016823 227
1739555008619 142.1191818315852 228
1739555008628 142.01108131566917 229
1739555008636 141.9030711467857 230
1739555008645 141.79515265608504 231
1739555008653 141.68732435888012 232
1739555008662 141.57958758563524 233
1739555008670 141.4719408526098 234
1739555008679 141.3643854895825 235
1739555008687 141.25692001375845 236
1739555008695 141.14954575423118 237
1739555008704 141.0422612291505 238
1739555008712 140.93506776692533 239
1739555008720 140.82796388664926 240
1739555008729 140.720950916047 241
1739555008738 140.6140273751551 242
1739555008747 140.50719459101455 243
1739555008755 140.40045108460387 244
1739555008764 140.29379818228074 245
1739555008773 140.18723440596483 246
1739555008782 140.08076108133113 247
1739555008796 139.97437673123937 248
1739555008805 139.86808268068222 249
1739555008814 139.7618774534587 250
1739555008823 139.65576237387978 251
1739555008832 139.54973596668268 252
1739555008840 139.44379955549704 253
1739555008849 139.33795166599756 254
1739555008857 139.23219362113298 255
1739555008865 139.12652394751456 256
1739555008873 139.0209439674106 257
1739555008881 138.915452208368 258
1739555008889 138.81004999197515 259
1739555008897 138.70473584671367 260
1739555008907 138.59951109349242 261
1739555008915 138.4943742617269 262
1739555008924 138.389326671647 263
1739555008932 138.2843668536011 264
1739555008940 138.1794961271406 265
1739555008948 138.07471302354585 266
1739555008956 137.9700188616902 267
1739555008965 137.8654121737852 268
1739555008976 137.76089427802648 269
1739555008985 137.65646370755587 270
1739555008993 137.55212177989196 271
1739555009002 137.44786702910585 272
1739555009011 137.34370077203945 273
1739555009020 137.23962154369232 274
1739555009029 137.13563066023013 275
1739555009038 137.03172665758004 276
1739555009047 136.92791085123204 277
1739555009055 136.82418247221273 278
1739555009063 136.7205407526145 279
1739555009071 136.61698700691613 280
1739555009080 136.5135197733582 281
1739555009088 136.41014036574487 282
1739555009096 136.3068473232412 283
1739555009105 136.2036419589772 284
1739555009113 136.10052281304152 285
1739555009121 135.9974911978905 286
1739555009129 135.89454565453545 287
1739555009138 135.79168749475957 288
1739555009146 135.6889152604959 289
1739555009154 135.5862302628549 290
1739555009162 135.48363104469055 291
1739555009170 135.3811189164411 292
1739555009177 135.2786924218804 293
1739555009185 135.17635287077496 294
1739555009193 135.07409880781782 295
1739555009202 134.97193154210416 296
1739555009211 134.86984961924512 297
1739555009220 134.76785434766512 298
1739555009228 134.66594427389265 299
1739555009236 134.5641207056818 300
1739555009244 134.46238219047737 301
1739555009252 134.36073003536362 302
1739555009260 134.2591627887009 303
1739555009268 134.15768175690405 304
1739555009277 134.05628548924807 305
1739555009286 133.9549752914788 306
1739555009294 133.85374971378508 307
1739555009304 133.75261006124427 308
1739555009313 133.65155488495807 309
1739555009321 133.55058548933576 310
1739555009330 133.44970042639116 311
1739555009338 133.34890099986592 312
1739555009347 133.24818576268504 313
1739555009356 133.14755601792305 314
1739555009364 133.04701031941516 315
1739555009373 132.94654996956933 316
1739555009382 132.8461735231302 317
1739555009390 132.74588228183944 318
1739555009399 132.6456748013503 319
1739555009408 132.5455523827387 320
1739555009416 132.44551358256547 321
1739555009425 132.34555970124137 322
1739555009433 132.24568929623396 323
1739555009442 132.14590366728925 324
1739555009451 132.04620137278062 325
1739555009459 131.94658371178977 326
1739555009467 131.84704924359517 327
1739555009475 131.7475992666146 328
1739555009484 131.64823234103073 329
1739555009492 131.54894976459786 330
1739555009500 131.44975009840195 331
1739555009509 131.35063463953446 332
1739555009519 131.25160194998372 333
1739555009527 131.1526533261786 334
1739555009536 131.05378733100912 335
1739555009545 130.95500526024213 336
1739555009553 130.85630636018766 337
1739555009562 130.75768987819393 338
1739555009570 130.65915710903695 339
1739555009579 130.5607066178554 340
1739555009587 130.46233969876454 341
1739555009595 130.36405491780144 342
1739555009604 130.265853568421 343
1739555009613 130.16773421755795 344
1739555009622 130.06969815800724 345
1739555009630 129.97174395760044 346
1739555009639 129.8738729084729 347
1739555009647 129.7760835793522 348
1739555009656 129.67837726171464 349
1739555009664 129.5807525251829 350
1739555009673 129.4832106605747 351
1739555009681 129.38575023840687 352
1739555009690 129.2883725488391 353
1739555009698 129.19107616328154 354
1739555009706 129.0938623712362 355
1739555009719 128.99672974500575 356
1739555009727 128.899679573435 357
1739555009734 128.80271042971833 358
1739555009742 128.7058236020437 359
1739555009751 128.60901766449624 360
1739555009759 128.5122939046078 361
1739555009768 128.41565089735334 362
1739555009776 128.31908992960882 363
1739555009784 128.22260957723842 364
1739555009793 128.12621112646264 365
1739555009802 128.02989315403389 366
1739555009810 127.9336569455178 367
1739555009819 127.83750107855407 368
1739555009828 127.74142683805397 369
1739555009836 127.64543280254368 370
1739555009844 127.54952025628047 371
1739555009852 127.4536877786762 372
1739555009861 127.35793665333455 373
1739555009869 127.26226546055226 374
1739555009877 127.16667548327993 375
1739555009885 127.0711653026982 376
1739555009893 126.97573620110512 377
1739555009902 126.88038676056442 378
1739555009910 126.78511826272194 379
1739555009918 126.68992929052375 380
1739555009926 126.59482112496396 381
1739555009935 126.49979234987002 382
1739555009942 126.40484424558483 383
1739555009950 126.30997539681641 384
1739555009958 126.21518708325685 385
1739555009966 126.12047789049392 386
1739555009974 126.02584909756933 387
1739555009982 125.93129929094978 388
1739555009990 125.83682974902709 389
1739555009998 125.74243905914595 390
1739555010006 125.64812849904878 391
1739555010014 125.55389665695752 392
1739555010022 125.45974480996556 393
1739555010030 125.36567154717119 394
1739555010037 125.27167814501931 395
1739555010045 125.17776386463827 396
1739555010054 125.08392796816733 397
1739555010061 124.99017173108085 398
1739555010070 124.89649374466293 399
1739555010078 124.8028952837406 400
1739555010086 124.70937494047133 401
1739555010094 124.61593398903523 402
1739555010102 124.5225710224623 403
1739555010109 124.42928731428623 404
1739555010118 124.3360814584088 405
1739555010125 124.24295472771759 406
1739555010133 124.14990571698536 407
1739555010141 124.05693569845408 408
1739555010149 123.9640432677666 409
1739555010157 123.87122969651976 410
1739555010166 123.77849358122566 411
1739555010173 123.68583619283649 412
1739555010182 123.59325612873275 413
1739555010191 123.5007546592224 414
1739555010199 123.4083303825535 415
1739555010207 123.3159845683903 416
1739555010216 123.2237158158476 417
1739555010224 123.1315253939463 418
1739555010231 123.03941190266715 419
1739555010240 122.9473766103882 420
1739555010249 122.85541811795524 421
1739555010257 122.76353769310394 422
1739555010265 122.67173393754435 423
1739555010273 122.58000811837019 424
1739555010281 122.48835883815495 425
1739555010289 122.39678736335081 426
1739555010296 122.30529229739386 427
1739555010304 122.21387490609527 428
1739555010312 122.12253379375291 429
1739555010321 122.0312702255373 430
1739555010329 121.94008280660726 431
1739555010337 121.84897280149323 432
1739555010345 121.7579388162141 433
1739555010353 121.66698211466058 434
1739555010361 121.57610130371091 435
1739555010369 121.4852976466166 436
1739555010377 121.39456975111426 437
1739555010386 121.30391887981664 438
1739555010394 121.21334364131805 439
1739555010402 121.12284529759282 440
1739555010409 121.03242245809214 441
1739555010417 120.94207638415244 442
1739555010425 120.85180568608092 443
1739555010433 120.76161162457657 444
1739555010441 120.67149281080177 445
1739555010450 120.58145050481848 446
1739555010458 120.49148331864349 447
1739555010466 120.40159251170219 448
1739555010473 120.31177669686497 449
1739555010481 120.22203713292107 450
1739555010489 120.13237243359364 451
1739555010497 120.0427838570363 452
1739555010504 119.95327001782405 453
1739555010513 119.86383217347533 454
1739555010522 119.77446959948719 455
1739555010530 119.68518157234132 456
1739555010538 119.59596934860555 457
1739555010546 119.50683154497978 458
1739555010554 119.41776941739774 459
1739555010563 119.32878158340843 460
1739555010571 119.23986929831193 461
1739555010579 119.1510311805055 462
1739555010587 119.06226848465602 463
1739555010595 118.97357983000819 464
1739555010604 118.88496647059618 465
1739555010613 118.79642702651132 466
1739555010621 118.70796275115549 467
1739555010629 118.61957226546582 468
1739555010638 118.53125682221237 469
1739555010646 118.44301504317725 470
1739555010654 118.35484818049912 471
1739555010662 118.2667548568044 472
1739555010671 118.17873632360069 473
1739555010679 118.09079120435781 474
1739555010687 118.00292074995288 475
1739555010695 117.91512358469835 476
1739555010704 117.82740095884121 477
1739555010712 117.73975149753574 478
1739555010720 117.65217645039934 479
1739555010727 117.56467444342724 480
1739555010736 117.47724672560761 481
1739555010744 117.38989192377592 482
1739555010752 117.30261128629168 483
1739555010760 117.21540344082963 484
1739555010767 117.128269635121 485
1739555010776 117.04120849767921 486
1739555010784 116.95422127560757 487
1739555010792 116.86730659825727 488
1739555010804 116.78046571210423 489
1739555010812 116.69369724733664 490
1739555010820 116.60700244980347 491
1739555010827 116.52037995052906 492
1739555010835 116.43383099473587 493
1739555010843 116.34735421428368 494
1739555010851 116.2609508537688 495
1739555010859 116.17461954588563 496
1739555010867 116.08836153460486 497
1739555010875 116.00217545345468 498
1739555010883 115.91606254578058 499
