1739617959622 168.72090282371335 0
1739617959635 165.53682209266753 1
1739617959648 163.9195002869911 2
1739617959661 162.31052823643628 3
1739617959673 160.71748030237066 4
1739617959685 159.14016117210585 5
1739617959697 157.57841573467655 6
1739617959709 156.0320902202628 7
1739617959721 154.5010323782582 8
1739617959732 152.98509146131826 9
1739617959744 151.48411821052238 10
1739617959757 149.99796484067804 11
1739617959769 148.5264850257693 12
1739617959780 147.06953388454963 13
1739617959792 145.6269679662769 14
1739617959816 144.19864523658893 15
1739617959829 142.78442506351863 16
1739617959841 141.3841682036474 17
1739617959853 139.9977367883953 18
1739617959867 138.62499431044574 19
1739617959879 137.2658056103057 20
1739617959891 135.92003686299722 21
1739617959903 134.58755556488106 22
1739617959915 133.26823052061042 23
1739617959927 131.96193183021308 24
1739617959939 130.66853087630156 25
1739617959951 129.38790031140934 26
1739617959964 128.119914045452 27
1739617959976 126.86444723331235 28
1739617959988 125.62137626254804 29
1739617960001 124.39057874122079 30
1739617960013 123.17193348584524 31
1739617960025 121.9653205094574 32
1739617960037 120.7706210098005 33
1739617960049 119.58771735762771 34
1739617960061 118.41649308512018 35
1739617960072 117.25683287441964 36
1739617960084 116.10862254627399 37
1739617960096 114.97174904879517 38
1739617960108 113.84610044632804 39
1739617960121 112.73156590842895 40
1739617960133 111.62803569895354 41
1739617960145 110.53540116525176 42
1739617960157 109.45355472747 43
1739617960169 108.38238986795865 44
1739617960183 107.3218011207843 45
1739617960195 106.27168406134544 46
1739617960207 105.23193529609085 47
1739617960219 104.20245245233922 48
1739617960231 103.18313416819953 49
1739617960244 102.17388008259091 50
1739617960256 101.17459082536101 51
1739617960269 100.18516800750186 52
1739617960281 99.20551421146247 53
1739617960293 98.235532981557 54
1739617960305 97.27512881446768 55
1739617960317 96.32420714984144 56
1739617960329 95.38267436097946 57
1739617960341 94.45043774561856 58
1739617960353 93.52740551680373 59
1739617960365 92.61348679385064 60
1739617960377 91.70859159339753 61
1739617960389 90.8126308205453 62
1739617960401 89.92551626008522 63
1739617960413 89.04716056781315 64
1739617960425 88.1774772619296 65
1739617960437 87.3163807145246 66
1739617960448 86.4637861431467 67
1739617960460 85.61960960245544 68
1739617960472 84.78376797595564 69
1739617960484 83.95617896781403 70
1739617960496 83.13676109475614 71
1739617960508 82.32543367804347 72
1739617960520 81.5221168355298 73
1739617960532 80.7267314737959 74
1739617960544 79.93919928036192 75
1739617960558 79.15944271597667 76
1739617960570 78.38738500698318 77
1739617960582 77.6229501377593 78
1739617960593 76.86606284323328 79
1739617960606 76.11664860147303 80
1739617960618 75.37463362634875 81
1739617960630 74.63994486026772 82
1739617960642 73.91250996698115 83
1739617960654 73.19225732446182 84
1739617960665 72.47911601785204 85
1739617960677 71.7730158324815 86
1739617960688 71.07388724695376 87
1739617960700 70.38166142630108 88
1739617960712 69.696270215207 89
1739617960723 69.01764613129559 90
1739617960734 68.34572235848718 91
1739617960746 67.68043274041953 92
1739617960758 67.02171177393403 93
1739617960770 66.36949460262622 94
1739617960782 65.72371701046002 95
1739617960793 65.08431541544486 96
1739617960806 64.45122686337548 97
1739617960817 63.82438902163328 98
1739617960829 63.203740173049084 99
1739617960842 62.589219209826396 100
1739617960855 61.98076562752466 101
1739617960868 61.37831951910199 102
1739617960880 60.78182156901663 103
1739617960892 60.19121304738668 104
1739617960903 59.60643580420763 105
1739617960915 59.02743226362666 106
1739617960926 58.45414541827385 107
1739617960938 57.88651882364916 108
1739617960949 57.32449659256477 109
1739617960961 56.768023389642444 110
1739617960973 56.21704442586518 111
1739617960984 55.67150545318265 112
1739617960996 55.13135275916979 113
1739617961008 54.596533161738364 114
1739617961019 54.06699400390054 115
1739617961031 53.54268314858426 116
1739617961043 53.02354897349976 117
1739617961055 52.50954036605686 118
1739617961067 52.00060671833228 119
1739617961078 51.49669792208684 120
1739617961090 50.997764363831706 121
1739617961101 50.50375691994341 122
1739617961113 50.01462695182712 123
1739617961125 49.53032630112766 124
1739617961136 49.05080728498773 125
1739617961148 48.576022691353096 126
1739617961160 48.10592577432401 127
1739617961171 47.640470249552564 128
1739617961182 47.17961028968551 129
1739617961194 46.723300519852124 130
1739617961206 46.27149601319639 131
1739617961218 45.82415228645365 132
1739617961229 45.38122529557067 133
1739617961241 44.94267143136902 134
1739617961255 44.50844751525125 135
1739617961274 44.078510794949594 136
1739617961287 43.65281894031644 137
1739617961300 43.231330039156546 138
1739617961313 42.81400259310025 139
1739617961326 42.40079551351762 140
1739617961340 41.991668117472706 141
1739617961353 41.586580123717965 142
1739617961367 41.18549164872813 143
1739617961380 40.78836320277317 144
1739617961394 40.395155686030165 145
1739617961408 40.005830384733514 146
1739617961420 39.620348967363114 147
1739617961435 39.238673480870204 148
1739617961449 38.86076634694049 149
1739617961463 38.48659035829417 150
1739617961477 38.116108675022474 151
1739617961491 37.74928482096032 152
1739617961505 37.38608268009492 153
1739617961519 37.02646649300974 154
1739617961533 36.67040085336359 155
1739617961547 36.31785070440449 156
1739617961561 35.968781335517924 157
1739617961576 35.62315837880931 158
1739617961590 35.28094780571995 159
1739617961605 34.94211592367671 160
1739617961619 34.60662937277452 161
1739617961633 34.274455122491766 162
1739617961648 33.94556046843807 163
1739617961662 33.6199130291342 164
1739617961677 33.29748074282377 165
1739617961691 32.978231864316385 166
1739617961705 32.662134961862016 167
1739617961719 32.34915891405618 168
1739617961734 32.03927290677571 169
1739617961748 31.732446430144787 170
1739617961762 31.428649275530894 171
1739617961777 31.127851532570457 172
1739617961792 30.830023586223838 173
1739617961807 30.535136113859433 174
1739617961822 30.243160082366554 175
1739617961836 29.954066745296746 176
1739617961851 29.667827640033448 177
1739617961866 29.384414584989514 178
1739617961882 29.103799676832438 179
1739617961898 28.82595528773699 180
1739617961912 28.55085406266492 181
1739617961926 28.27846891667157 182
1739617961941 28.00877303223909 183
1739617961957 27.741739856635963 184
1739617961972 27.477343099302548 185
1739617961989 27.21555672926256 186
1739617962005 26.956354972560025 187
1739617962021 26.699712309721527 188
1739617962037 26.44560347324354 189
1739617962051 26.194003445104617 190
1739617962066 25.94488745430204 191
1739617962081 25.69823097441288 192
1739617962096 25.454009721179098 193
1739617962111 25.2121996501165 194
1739617962126 24.97277695414728 195
1739617962142 24.735718061255987 196
1739617962156 24.500999632168593 197
1739617962171 24.268598558054475 198
1739617962185 24.038491958251115 199
1739617962199 23.81065717801125 200
1739617962214 23.585071786272287 201
1739617962229 23.36171357344767 202
1739617962244 23.140560549240156 203
1739617962259 22.92159094047661 204
1739617962274 22.70478318896423 205
1739617962289 22.490115949367862 206
1739617962306 22.277568087108357 207
1739617962322 22.067118676281627 208
1739617962338 21.858746997598292 209
1739617962354 21.652432536343586 210
1739617962368 21.448154980357543 211
1739617962383 21.245894218034962 212
1739617962398 21.04563033634525 213
1739617962413 20.84734361887177 214
1739617962428 20.651014543870517 215
1739617962442 20.45662378234804 216
1739617962457 20.264152196158232 217
1739617962472 20.073580836118033 218
1739617962486 19.88489094014163 219
1739617962501 19.69806393139318 220
1739617962515 19.51308141645765 221
1739617962530 19.329925183529852 222
1739617962545 19.148577200621258 223
1739617962559 18.969019613784567 224
1739617962574 18.79123474535579 225
1739617962589 18.615205092213703 226
1739617962603 18.44091332405645 227
1739617962618 18.268342281695215 228
1739617962633 18.0974749753647 229
1739617962648 17.928294583050302 230
1739617962662 17.76078444883181 231
1739617962676 17.594928081243445 232
1739617962691 17.430709151650085 233
1739617962706 17.26811149263957 234
1739617962720 17.107119096430807 235
1739617962735 16.94771611329766 236
1739617962749 16.789886850008333 237
1739617962763 16.633615768280254 238
1739617962778 16.478887483250137 239
1739617962792 16.32568676195917 240
1739617962807 16.17399852185318 241
1739617962822 16.023807829297578 242
1739617962837 15.875099898107017 243
1739617962852 15.727860088089463 244
1739617962866 15.582073903604792 245
1739617962881 15.437726992137474 246
1739617962896 15.294805142883463 247
1739617962911 15.153294285350947 248
1739617962925 15.013180487974967 249
1739617962940 14.874449956745734 250
1739617962956 14.737089033850417 251
1739617962973 14.601084196328411 252
1739617962988 14.466422054739859 253
1739617963002 14.333089351847303 254
1739617963017 14.201072961310356 255
1739617963032 14.070359886393309 256
1739617963047 13.94093725868542 257
1739617963062 13.812792336833908 258
1739617963077 13.685912505289414 259
1739617963091 13.560285273063885 260
1739617963106 13.435898272500683 261
1739617963121 13.312739258056856 262
1739617963135 13.19079610509744 263
1739617963150 13.07005680870165 264
1739617963164 12.95050948248087 265
1739617963179 12.832142357408323 266
1739617963194 12.714943780660263 267
1739617963208 12.598902214468627 268
1739617963224 12.484006234985046 269
1739617963239 12.370244531155993 270
1739617963254 12.257605903609159 271
1739617963270 12.146079263550694 272
1739617963286 12.035653631673432 273
1739617963302 11.926318137075809 274
1739617963317 11.818062016191565 275
1739617963331 11.710874611729954 276
1739617963346 11.604745371626343 277
1739617963361 11.499663848003344 278
1739617963376 11.39561969614203 279
1739617963391 11.292602673463442 280
1739617963405 11.190602638520064 281
1739617963419 11.089609549997308 282
1739617963434 10.989613465724819 283
1739617963449 10.890604541697565 284
1739617963463 10.792573031106608 285
1739617963479 10.695509283379405 286
1739617963495 10.599403743229614 287
1739617963511 10.504246949716268 288
1739617963526 10.410029535312251 289
1739617963541 10.31674222498195 290
1739617963555 10.224375835268042 291
1739617963572 10.132921273387272 292
1739617963587 10.042369536335192 293
1739617963602 9.952711709999688 294
1739617963617 9.863938968283312 295
1739617963632 9.77604257223425 296
1739617963647 9.689013869185866 297
1739617963661 9.602844291904782 298
1739617963676 9.517525357747319 299
1739617963690 9.433048667824297 300
1739617963705 9.349405906174068 301
1739617963719 9.266588838943724 302
1739617963734 9.18458931357839 303
1739617963749 9.10339925801852 304
1739617963764 9.023010679905088 305
1739617963778 8.94341566579269 306
1739617963794 8.864606380370363 307
1739617963809 8.786575065690114 308
1739617963823 8.70931404040306 309
1739617963838 8.632815699003134 310
1739617963853 8.55707251107823 311
1739617963867 8.482077020568742 312
1739617963882 8.40782184503347 313
1739617963897 8.3342996749227 314
1739617963912 8.261503272858526 315
1739617963926 8.189425472922226 316
1739617963941 8.11805917994873 317
1739617963956 8.047397368828008 318
1739617963970 7.9774330838133745 319
1739617963985 7.908159437836612 320
1739617964000 7.8395696118298845 321
1739617964015 7.771656854054304 322
1739617964030 7.704414479435183 323
1739617964045 7.6378358689037675 324
1739617964059 7.571914468745566 325
1739617964074 7.506643789955034 326
1739617964088 7.4420174075966905 327
1739617964104 7.378028960172465 328
1739617964120 7.314672148995395 329
1739617964138 7.251940737569416 330
1739617964154 7.189828550975332 331
1739617964169 7.128329475262819 332
1739617964184 7.067437456848424 333
1739617964198 7.007146501919566 334
1739617964213 6.94745067584434 335
1739617964228 6.888344102587213 336
1739617964243 6.829820964130453 337
1739617964258 6.771875499901281 338
1739617964272 6.714502006204701 339
1739617964287 6.6576948356618795 340
1739617964301 6.601448396654121 341
1739617964316 6.545757152772311 342
1739617964331 6.49061562227179 343
1739617964345 6.436018377532618 344
1739617964360 6.381960044525162 345
1739617964375 6.328435302280988 346
1739617964389 6.275438882368924 347
1739617964404 6.222965568376344 348
1739617964421 6.1710101953955565 349
1739617964436 6.1195676495152584 350
1739617964452 6.068632867317007 351
1739617964467 6.0182008353767 352
1739617964482 5.9682665897709075 353
1739617964497 5.918825215588153 354
1739617964511 5.869871846444992 355
1739617964526 5.821401664006833 356
1739617964542 5.773409897513548 357
1739617964557 5.725891823309719 358
1739617964572 5.678842764379563 359
1739617964586 5.632258089886424 360
1739617964601 5.586133214716806 361
1739617964615 5.5404635990289295 362
1739617964630 5.4952447478057325 363
1739617964645 5.450472210412292 364
1739617964659 5.4061415801575885 365
1739617964674 5.362248493860672 366
1739617964688 5.318788631420994 367
1739617964702 5.275757715393102 368
1739617964717 5.233151510565444 369
1739617964731 5.190965823543381 370
1739617964745 5.149196502336297 371
1739617964759 5.1078394359487955 372
1739617964774 5.066890553975937 373
1739617964788 5.02634582620243 374
1739617964803 4.986201262205861 375
1739617964817 4.9464529109637505 376
1739617964831 4.9070968604645575 377
1739617964846 4.86812923732249 378
1739617964860 4.829546206396142 379
1739617964874 4.791343970410855 380
1739617964889 4.75351876958487 381
1739617964903 4.716066881259104 382
1739617964918 4.678984619530647 383
1739617964932 4.642268334889817 384
1739617964947 4.605914413860837 385
1739617964961 4.5699192786460445 386
1739617964976 4.5342793867736395 387
1739617964991 4.498991230748857 388
1739617965007 4.464051337708643 389
1739617965022 4.429456269079713 390
1739617965037 4.395202620239971 391
1739617965052 4.361287020183286 392
1739617965067 4.327706131187605 393
1739617965082 4.2944566484863 394
1739617965097 4.261535299942772 395
1739617965112 4.228938845728299 396
1739617965126 4.1966640780030176 397
1739617965141 4.164707820600088 398
1739617965156 4.133066928712945 399
1739617965171 4.101738288585701 400
1739617965186 4.070718817206518 401
1739617965200 4.040005462004076 402
1739617965215 4.009595200547018 403
1739617965229 3.9794850402463386 404
1739617965244 3.949672018060756 405
1739617965258 3.920153200204947 406
1739617965273 3.8909256818606948 407
1739617965287 3.861986586890886 408
1739617965302 3.8333330675563055 409
1739617965316 3.8049623042352594 410
1739617965331 3.7768715051459494 411
1739617965346 3.7490579060715943 412
1739617965361 3.7215187700882586 413
1739617965377 3.694251387295372 414
1739617965392 3.6672530745489245 415
1739617965406 3.6405211751972617 416
1739617965421 3.6140530588195166 417
1739617965436 3.5878461209666255 418
1739617965451 3.5618977829048877 419
1739617965466 3.5362054913620398 420
1739617965481 3.510766718275904 421
1739617965496 3.485578960545427 422
1739617965510 3.460639739784246 423
1739617965525 3.4359466020766654 424
1739617965539 3.4114971177360403 425
1739617965594 3.3872888810655404 426
1739617965610 3.363319510121295 427
1739617965627 3.3395866464778488 428
1739617965642 3.3160879549959694 429
1739617965658 3.292821123592713 430
1739617965674 3.269783863013783 431
1739617965690 3.246973906608119 432
1739617965706 3.22438901010474 433
1739617965722 3.2020269513917534 434
1739617965738 3.1798855302975593 435
1739617965754 3.1579625683742414 436
1739617965770 3.13625590868306 437
1739617965786 3.114763415582087 438
1739617965802 3.0934829745159225 439
1739617965818 3.072412491807498 440
1739617965832 3.051549894451926 441
1739617965847 3.030893129912396 442
1739617965861 3.0104401659180766 443
1739617965876 2.990188990264027 444
1739617965890 2.970137610613059 445
1739617965905 2.9502840542995714 446
1739617965920 2.930626368135333 447
1739617965934 2.911162618217162 448
1739617965948 2.8918908897365063 449
1739617965963 2.872809286790918 450
1739617965977 2.853915932197392 451
1739617965992 2.835208967307507 452
1739617966007 2.8166865518244495 453
1739617966021 2.798346863621809 454
1739617966036 2.780188098564168 455
1739617966051 2.7622084703294565 456
1739617966066 2.74440621023309 457
1739617966080 2.726779567053808 458
1739617966095 2.7093268068612524 459
1739617966109 2.692046212845239 460
1739617966124 2.6749360851467294 461
1739617966138 2.657994740690455 462
1739617966153 2.641220513019194 463
1739617966167 2.6246117521297005 464
1739617966181 2.608166824310242 465
1739617966195 2.5918841119797444 466
1739617966210 2.5757620135285215 467
1739617966227 2.559798943160568 468
1739617966243 2.5439933307374463 469
1739617966260 2.528343621623667 470
1739617966274 2.5128482765336364 471
1739617966289 2.4975057713800726 472
1739617966304 2.482314597123969 473
1739617966319 2.4672732596259976 474
1739617966334 2.452380279499405 475
1739617966350 2.437634191964338 476
1739617966365 2.423033546703629 477
1739617966380 2.4085769077200028 478
1739617966394 2.394262853194677 479
1739617966408 2.3800899753473685 480
1739617966423 2.3660568802976867 481
1739617966438 2.3521621879278927 482
1739617966453 2.338404531747012 483
1739617966467 2.324782558756278 484
1739617966481 2.31129492931593 485
1739617966496 2.2979403170133033 486
1739617966510 2.284717408532226 487
1739617966525 2.271624903523723 488
1739617966542 2.258661514477965 489
1739617966558 2.245825966597511 490
1739617966575 2.2331169976717904 491
1739617966590 2.220533357952819 492
1739617966605 2.208073810032156 493
1739617966619 2.1957371287190592 494
1739617966634 2.1835221009198555 495
1739617966648 2.171427525518504 496
1739617966663 2.1594522132583225 497
1739617966678 2.147594986624903 498
1739617966693 2.135854679730163 499
