1739557090874 2.592416898699428 0
1739557090914 8.531292686265038 1
1739557090953 13.459011290071546 2
1739557090996 5.1047534163136525 3
1739557091035 10.078213765028439 4
1739557091077 0.8287734541464719 5
1739557091117 0.4491108192361822 6
1739557091157 10.340607820676667 7
1739557091196 6.329817037586042 8
1739557091234 8.303910332808403 9
1739557091272 22.244393763044922 10
1739557091311 3.0799382219518106 11
1739557091349 0.8356729600945708 12
1739557091388 26.917796368229677 13
1739557091427 17.566174215128143 14
1739557091466 19.943841235298724 15
1739557091503 14.79641198193723 16
1739557091541 4.918579298473565 17
1739557091579 23.527382789076594 18
1739557091618 22.12672601864314 19
1739557091657 0.010777855729422211 20
1739557091695 0.7538126497280488 21
1739557091734 3.1798098061442186 22
1739557091772 3.8427629572084134 23
1739557091811 43.88085046430003 24
1739557091849 0.6569067816964324 25
1739557091888 41.35845654281478 26
1739557091926 0.4293087446668888 27
1739557091964 11.08478764754374 28
1739557092002 5.478489869596002 29
1739557092039 19.42559949010626 30
1739557092082 15.163564212653958 31
1739557092125 1.2340226000775643 32
1739557092167 0.7241404833599749 33
1739557092206 3.937499078690747 34
1739557092277 24.975739201421852 35
1739557092324 1.2063354753487838 36
1739557092370 35.827466004680566 37
1739557092412 6.400706137888279 38
1739557092453 1.3826241885500863 39
1739557092495 1.6056863884776964 40
1739557092537 11.548879054138313 41
1739557092578 6.960075287681976 42
1739557092620 1.63313003252747 43
1739557092662 6.633629421079797 44
1739557092704 37.18019643172878 45
1739557092745 1.193311875094058 46
1739557092788 1.44766581725498 47
1739557092826 9.03330769607129 48
1739557092864 0.09966654395530902 49
1739557092902 0.10066052501450537 50
1739557092941 0.10963122737191627 51
1739557092979 40.344870051355734 52
1739557093017 0.02616125835574885 53
1739557093055 14.280743641248792 54
1739557093094 4.900555714065893 55
1739557093132 3.9458456805857716 56
1739557093171 11.541481450171684 57
1739557093209 17.89038225875807 58
1739557093247 0.02397582132495074 59
1739557093285 1.677365665422526 60
1739557093328 13.585239897108114 61
1739557093372 1.6720120910617289 62
1739557093415 0.6668810027864978 63
1739557093456 0.9297902404266197 64
1739557093498 38.07346063201523 65
1739557093539 40.30147623284914 66
1739557093581 0.26577603343492745 67
1739557093623 81.45933940686271 68
1739557093665 0.36414497739925217 69
1739557093705 4.905718133532044 70
1739557093743 6.865783289867944 71
1739557093781 39.237608012099116 72
1739557093820 27.12623833681356 73
1739557093857 0.007413348911811369 74
1739557093895 11.886282838917303 75
1739557093934 1.3103725272877553 76
1739557093972 20.015861706034393 77
1739557094011 7.277332054304927 78
1739557094049 14.87854941669382 79
1739557094087 2.1867664807576057 80
1739557094125 0.9055607124908697 81
1739557094164 0.11793183818181238 82
1739557094202 0.24840147335907287 83
1739557094240 36.89236227581595 84
1739557094278 9.341421260331266 85
1739557094317 36.37307618974513 86
1739557094355 13.580905696850955 87
1739557094397 11.44747942455424 88
1739557094439 0.8580228563769043 89
1739557094481 15.310113533703918 90
1739557094521 0.053389342611982506 91
1739557094559 1.340834221605963 92
1739557094598 0.46776047289226913 93
1739557094637 1.099147184154327 94
1739557094675 2.4779362433151286 95
1739557094713 63.634413363252875 96
1739557094751 28.610750948516735 97
1739557094790 1.3055455744977988 98
1739557094829 0.05406325344252305 99
1739557094867 0.3900590647612944 100
1739557094905 1.6728566181799485 101
1739557094944 0.0005202900198834877 102
1739557094982 16.318005208743127 103
1739557095020 0.006372940668243786 104
1739557095059 3.71532778407475 105
1739557095097 3.2002033957788276 106
1739557095136 2.1223654943340846 107
1739557095173 3.235751149968533 108
1739557095211 21.546981296231884 109
1739557095249 0.04594635359985682 110
1739557095287 0.005347596090047346 111
1739557095326 12.654466012833375 112
1739557095364 5.344286496613483 113
1739557095402 3.0562276230919623 114
1739557095441 7.945489200676542 115
1739557095479 21.143750978475712 116
1739557095517 3.735059606559786 117
1739557095555 0.4497989813607321 118
1739557095593 10.299145489933627 119
1739557095632 13.880522822641643 120
1739557095671 5.944384385394559 121
1739557095708 13.040948574421067 122
1739557095747 0.8687599870042665 123
1739557095785 78.54797001286421 124
1739557095823 1.1706045976939852 125
1739557095862 5.632177945654408 126
1739557095900 10.994661653671153 127
1739557095939 2.707233969462265e-09 128
1739557095977 7.525496231672723 129
1739557096015 8.817211222998905 130
1739557096054 72.47557231511492 131
1739557096092 2.139427727162295 132
1739557096130 5.35743133118923 133
1739557096168 83.70278455471413 134
1739557096206 0.5986352016400209 135
1739557096245 1.6454211142492778 136
1739557096283 0.6168677474811906 137
1739557096321 0.10088414443614135 138
1739557096359 1.2331391436527126 139
1739557096397 0.7099587476129527 140
1739557096436 25.517002840745107 141
1739557096474 1.1276268370261526 142
1739557096515 3.602846567006259 143
1739557096558 0.0012470491774931448 144
1739557096599 1.370750388203878 145
1739557096637 11.09723328507824 146
1739557096677 5.119805329016766 147
1739557096715 5.211535095255499 148
1739557096754 13.706947300467867 149
1739557096792 4.112448084683005 150
1739557096830 4.7282933048965194 151
1739557096868 1.4589329367944748 152
1739557096907 0.00735509128769912 153
1739557096945 52.75604700956375 154
1739557096984 0.027655942372724 155
1739557097022 38.731676019438694 156
1739557097060 0.20107437763906225 157
1739557097098 39.0306734281897 158
1739557097135 3.629061257066444 159
1739557097174 73.20736632087083 160
1739557097212 37.253124562467555 161
1739557097251 5.4481079807809945 162
1739557097289 1.615208934252818 163
1739557097326 42.074565974288625 164
1739557097364 3.326535939548358 165
1739557097403 8.11522426845774 166
1739557097441 15.132271591828212 167
1739557097479 0.9677614677020067 168
1739557097518 19.427841870144835 169
1739557097556 19.469216873655668 170
1739557097594 4.651075632816335 171
1739557097632 16.635967683307886 172
1739557097671 4.875333306600656 173
1739557097709 2.16525262995259 174
1739557097747 15.280031356487726 175
1739557097785 21.88494995665341 176
1739557097823 11.240002564892121 177
1739557097861 8.912971782321097 178
1739557097899 1.0610858171099369 179
1739557097936 14.724183009595164 180
1739557097974 1.185290112647149 181
1739557098013 0.49992167130798054 182
1739557098051 0.36354152592518707 183
1739557098090 21.71061078338898 184
1739557098128 0.06613102579808633 185
1739557098166 0.574048303940468 186
1739557098205 1.943797740769492 187
1739557098243 2.9528155091197883 188
1739557098282 19.419476409138507 189
1739557098320 9.771531761987463 190
1739557098358 2.845233493844932 191
1739557098396 7.340766942659065 192
1739557098435 1.2795031914425874 193
1739557098473 0.15378063829266647 194
1739557098511 0.8684868739904108 195
1739557098549 6.968461851006797 196
1739557098588 35.40583846048303 197
1739557098627 6.167405618528429 198
1739557098667 0.39626158920621524 199
1739557098709 5.98083306959053 200
1739557098749 0.5852147931647922 201
1739557098788 0.030999092346286183 202
1739557098826 3.4004017528943677 203
1739557098864 0.22665038034786672 204
1739557098903 23.155189102308285 205
1739557098941 32.628648999843676 206
1739557098979 22.67325586490739 207
1739557099018 23.197132618409647 208
1739557099056 44.31002512587735 209
1739557099094 67.08543393949466 210
1739557099132 9.007058213309003 211
1739557099170 10.974304929788651 212
1739557099208 68.6298787366855 213
1739557099246 9.641031674803504 214
1739557099283 3.4662965472519787 215
1739557099321 5.183860030482664 216
1739557099359 7.483357588949292 217
1739557099397 8.119886829806156 218
1739557099436 14.121535755535545 219
1739557099473 0.8523658770042608 220
1739557099511 74.70834604355225 221
1739557099550 3.5626274564962537 222
1739557099589 3.8958812304789388 223
1739557099627 16.785265556039516 224
1739557099665 2.3013325760937335 225
1739557099703 16.392626336616537 226
1739557099742 20.481860153134413 227
1739557099780 10.099589241777352 228
1739557099818 25.54384741448321 229
1739557099856 11.632217599920436 230
1739557099894 23.838440922956632 231
1739557099933 30.537725598343467 232
1739557099970 33.28174809216232 233
1739557100008 33.091533780325065 234
1739557100046 3.2697601180338176 235
1739557100084 0.053113630287812665 236
1739557100123 22.00957902079795 237
1739557100161 3.8984763917431264 238
1739557100199 11.155627967005978 239
1739557100237 0.026262534562180573 240
1739557100275 42.0372494325287 241
1739557100312 1.0263171986562867 242
1739557100351 0.2223346413442084 243
1739557100389 14.115951991786408 244
1739557100427 16.338514314108952 245
1739557100465 3.366888646590014 246
1739557100503 22.729227366597012 247
1739557100541 1.6900654032451246 248
1739557100579 9.067328867276538 249
1739557100617 0.9851993824404158 250
1739557100655 5.598938231255224e-05 251
1739557100693 9.5707194761531 252
1739557100732 11.594159761634884 253
1739557100771 30.693184366814716 254
1739557100813 0.9547811232069975 255
1739557100853 27.61556578809101 256
1739557100892 1.2721430629729438 257
1739557100930 2.332934395957215 258
1739557100969 11.496485283120869 259
1739557101007 15.237636688682368 260
1739557101045 4.0013272104719855 261
1739557101083 0.013247005536014898 262
1739557101121 4.120614965768041 263
1739557101160 2.516521314878729 264
1739557101197 0.700187500328506 265
1739557101236 25.09887609732417 266
1739557101273 0.9715116140500497 267
1739557101311 17.92094435773037 268
1739557101349 4.877918883317429 269
1739557101387 23.12836956433747 270
1739557101425 20.59918429080542 271
1739557101463 8.701125502781522 272
1739557101501 28.299531453884644 273
1739557101539 1.3229193581325618 274
1739557101579 2.115903742412131 275
1739557101617 8.733565928321866 276
1739557101656 6.472786809767223 277
1739557101694 2.996556003958499 278
1739557101732 14.569033227751023 279
1739557101770 4.624653959097679 280
1739557101808 4.192193346770427 281
1739557101846 2.319392527257419 282
1739557101885 0.5196801509245231 283
1739557101923 0.27935498141275256 284
1739557101961 3.117218029355995 285
1739557102001 2.5996534638476394 286
1739557102040 0.7811465990650864 287
1739557102079 2.0439682985652174 288
1739557102117 21.74229679203237 289
1739557102156 26.516972439446167 290
1739557102195 45.70962306648319 291
1739557102233 10.158044609395818 292
1739557102271 0.07175710143788186 293
1739557102309 41.01778658088896 294
1739557102347 6.709992176808324 295
1739557102386 21.427151491577494 296
1739557102424 14.872196271553651 297
1739557102462 15.461124182225547 298
1739557102501 41.033478860508495 299
1739557102539 46.02891843820796 300
1739557102577 0.016025800172603903 301
1739557102615 12.951910423573727 302
1739557102654 0.23317361439507536 303
1739557102692 2.491719986345236 304
1739557102730 61.19931991407768 305
1739557102768 2.5014076359793687 306
1739557102807 4.4862937687982924 307
1739557102845 13.962004857587905 308
1739557102887 18.958019628713473 309
1739557102929 0.0227126890043231 310
1739557102970 0.8126367697045345 311
1739557103008 0.21377904151827162 312
1739557103046 57.76508082454112 313
1739557103084 0.5925329611706637 314
1739557103123 57.0138066601563 315
1739557103161 0.002197028677770722 316
1739557103200 0.5589684612736563 317
1739557103238 6.6619552014836705 318
1739557103276 18.113851969021887 319
1739557103314 0.837903290323296 320
1739557103352 3.5194093216647886 321
1739557103391 70.93044081542074 322
1739557103428 12.98995836828313 323
1739557103467 0.16519501975000125 324
1739557103505 0.9224515395471341 325
1739557103543 0.7589237008023768 326
1739557103581 22.254010430359646 327
1739557103620 5.5347838137158245 328
1739557103658 2.528807864872552 329
1739557103696 10.06597309682138 330
1739557103735 6.48563248047441 331
1739557103773 9.759222301548165 332
1739557103811 0.347288824962234 333
1739557103849 15.200762874394629 334
1739557103888 2.3275336271416154 335
1739557103926 0.0003312408600195157 336
1739557103964 20.43350941989421 337
1739557104002 3.212131010337367 338
1739557104041 13.846285298824855 339
1739557104080 0.00037336507189175775 340
1739557104119 0.3499864955241826 341
1739557104157 3.1470505904588886 342
1739557104196 0.5843088486855145 343
1739557104234 21.077563652149056 344
1739557104272 0.078587683559946 345
1739557104311 4.0912087081825765 346
1739557104349 47.89686959872174 347
1739557104387 10.681204606030484 348
1739557104425 12.827962476977817 349
1739557104463 0.46620566541508945 350
1739557104501 0.05335550231546593 351
1739557104539 6.005245131929317 352
1739557104577 2.9855461086645145 353
1739557104615 25.0735179601191 354
1739557104654 0.07143987745800408 355
1739557104692 0.5339598948603451 356
1739557104730 5.9844771463288655 357
1739557104768 2.9921922205491165 358
1739557104806 0.03780524859512434 359
1739557104844 0.8781142273347834 360
1739557104882 1.1919241683151929 361
1739557104921 0.19635845874965543 362
1739557104958 0.8760274922960606 363
1739557104998 1.028852505976849 364
1739557105039 11.138415593098223 365
1739557105081 8.340481817079098 366
1739557105120 5.105875337236863 367
1739557105158 2.138850538222578 368
1739557105196 0.5912473033511108 369
1739557105234 22.003089793357855 370
1739557105272 14.024302343203187 371
1739557105310 0.33014337791147913 372
1739557105348 10.081025235728909 373
1739557105386 8.270811328905156 374
1739557105425 0.0048512352914692825 375
1739557105463 0.7785715877616229 376
