1739613995943 164.87847314701162 0
1739613995954 167.00955461835153 1
1739613995965 155.38347779542943 2
1739613995975 156.6976496180827 3
1739613995986 159.40679324483523 4
1739613995997 155.28071391980123 5
1739613996034 158.52731343047822 6
1739613996054 152.768291425499 7
1739613996073 153.13336341376694 8
1739613996088 146.81098147488618 9
1739613996106 144.6212513518108 10
1739613996119 141.205115491732 11
1739613996141 137.2370200949545 12
1739613996152 139.07664088340445 13
1739613996164 137.55549634041176 14
1739613996176 133.9898906505275 15
1739613996187 130.39193945546492 16
1739613996198 129.48661487752298 17
1739613996209 127.44013914769104 18
1739613996220 127.42009173323324 19
1739613996232 123.02354455862294 20
1739613996243 122.88895212651727 21
1739613996254 123.56921952150695 22
1739613996265 117.98171397861425 23
1739613996276 119.70593844959478 24
1739613996288 116.16294625714606 25
1739613996298 113.816545788833 26
1739613996309 111.5209941277431 27
1739613996320 109.67084395039748 28
1739613996333 110.07022530852642 29
1739613996345 107.57154941582358 30
1739613996355 109.86289029266537 31
1739613996366 102.9997506289359 32
1739613996378 102.04867026296522 33
1739613996389 100.85349622789582 34
1739613996400 102.68679571358989 35
1739613996412 95.7128405385694 36
1739613996423 96.01834564268665 37
1739613996434 92.69397592928013 38
1739613996446 94.8751880018898 39
1739613996457 91.60991788752855 40
1739613996468 90.73785507129504 41
1739613996480 90.84363292369599 42
1739613996491 87.23473393718614 43
1739613996502 87.6800429566927 44
1739613996514 86.40917989952163 45
1739613996525 84.16589338344822 46
1739613996536 83.39365598329584 47
1739613996548 84.40889295929657 48
1739613996560 79.6669504421742 49
1739613996571 82.51191674901882 50
1739613996583 79.66134482140697 51
1739613996595 76.85034012903122 52
1739613996607 75.58391889521495 53
1739613996618 75.00819395345451 54
1739613996630 74.92442971676641 55
1739613996641 73.70978037798542 56
1739613996653 70.57697381089064 57
1739613996665 69.39556612943032 58
1739613996677 70.89769103766022 59
1739613996728 70.9172022192315 60
1739613996751 70.26950725924448 61
1739613996763 64.92464151066397 62
1739613996776 65.07910733200589 63
1739613996788 66.40931091842144 64
1739613996799 64.66685083311916 65
1739613996811 65.45977444282556 66
1739613996822 61.87068721636761 67
1739613996834 61.354574793956715 68
1739613996846 60.338102016729614 69
1739613996858 60.50278891742267 70
1739613996870 58.10072035621078 71
1739613996881 58.282630392008365 72
1739613996893 56.9960058008529 73
1739613996904 56.89851411658719 74
1739613996916 58.104740479731014 75
1739613996927 57.82221671119401 76
1739613996939 54.37793132902791 77
1739613996950 54.15377074846523 78
1739613996962 53.02027155020258 79
1739613996972 55.3184674329094 80
1739613996984 50.619486173298704 81
1739613996996 51.47558164327805 82
1739613997007 49.414427005318046 83
1739613997020 48.49481059294776 84
1739613997031 49.26942396408719 85
1739613997042 48.97849510669001 86
1739613997053 46.28050612388042 87
1739613997064 46.962492821685885 88
1739613997076 44.778619874461995 89
1739613997087 44.448549662652546 90
1739613997098 43.61678829499227 91
1739613997110 44.80274298641961 92
1739613997122 41.48791194653709 93
1739613997133 42.78219707254426 94
1739613997146 41.70445786898008 95
1739613997158 40.26204860782571 96
1739613997171 40.262122636471474 97
1739613997183 38.77409298318694 98
1739613997196 39.309034066912865 99
1739613997209 37.674787117564335 100
1739613997222 38.18193805098708 101
1739613997233 36.69311653404004 102
1739613997246 37.67635660001116 103
1739613997258 36.38215955807697 104
1739613997269 36.31832479916543 105
1739613997282 34.325721172192246 106
1739613997294 36.094405089665784 107
1739613997307 34.74525623304161 108
1739613997318 34.010292100812606 109
1739613997331 32.83144182775333 110
1739613997345 32.068670337493394 111
1739613997360 30.9109716355211 112
1739613997375 31.651761834213268 113
1739613997391 32.459190583069514 114
1739613997403 32.63382403323656 115
1739613997414 30.508328350012558 116
1739613997426 31.19299156447221 117
1739613997438 30.641803916949875 118
1739613997450 31.62017434364236 119
1739613997461 30.33058060676346 120
1739613997473 27.725719303558748 121
1739613997485 29.148727187574867 122
1739613997497 28.46546481987322 123
1739613997510 26.714996102663743 124
1739613997522 25.526232122577973 125
1739613997533 27.789771563629515 126
1739613997545 26.154291184312758 127
1739613997557 26.82601467898628 128
1739613997569 28.170781004055165 129
1739613997580 25.751818840748516 130
1739613997591 25.978863181571622 131
1739613997604 25.063180341891144 132
1739613997615 23.62557072338048 133
1739613997627 22.65445441032434 134
1739613997639 23.411104268770096 135
1739613997651 23.19274388282025 136
1739613997664 22.425155543038485 137
1739613997675 22.898463156891328 138
1739613997687 21.08049159676683 139
1739613997699 22.680381395986842 140
1739613997720 22.295409560166505 141
1739613997733 21.087178587291795 142
1739613997745 20.40135149927436 143
1739613997757 20.559272831195432 144
1739613997768 22.379432863599895 145
1739613997780 20.304853395791085 146
1739613997792 19.5072807172577 147
1739613997804 22.098515755825257 148
1739613997815 19.754603165775894 149
1739613997828 18.505186845294723 150
1739613997839 18.97954494162077 151
1739613997852 18.292812028108013 152
1739613997865 18.596633278744058 153
1739613997877 16.98399451370931 154
1739613997888 18.23316469783401 155
1739613997900 18.5410065230135 156
1739613997911 18.036734072667105 157
1739613997923 16.434001276598135 158
1739613997935 18.017031601468897 159
1739613997947 16.91885686904074 160
1739613997959 14.979065891924979 161
1739613997971 15.790380174839003 162
1739613997983 17.862768873069886 163
1739613997995 15.24403878990231 164
1739613998008 16.00231107206822 165
1739613998026 15.111997282394745 166
1739613998039 15.694651262285282 167
1739613998051 16.16947098108595 168
1739613998063 14.653030379316402 169
1739613998074 15.039515582145858 170
1739613998087 15.184542055915994 171
1739613998099 14.654009176917686 172
1739613998111 14.492980674394385 173
1739613998123 13.302924605532539 174
1739613998135 14.703066555653836 175
1739613998150 13.3992015945956 176
1739613998163 13.971428488639685 177
1739613998175 12.223613094330176 178
1739613998187 13.466227640386187 179
1739613998198 14.121496262677947 180
1739613998211 13.29986856343754 181
1739613998223 12.049047764018852 182
1739613998235 14.050983588977905 183
1739613998246 12.840507528207361 184
1739613998258 12.675114287339667 185
1739613998270 12.235944524829929 186
1739613998281 12.491763541337619 187
1739613998293 11.345696988622802 188
1739613998305 11.339546724405041 189
1739613998316 11.06537414536888 190
1739613998328 10.734433788232234 191
1739613998339 11.06132492007028 192
1739613998351 13.116297453522987 193
1739613998363 10.213997308905702 194
1739613998375 11.081108301411211 195
1739613998386 10.575145540741161 196
1739613998397 11.075539493323278 197
1739613998410 9.679168247524057 198
1739613998421 10.4435617686188 199
1739613998433 8.880467303362051 200
1739613998445 9.239631506045123 201
1739613998458 9.56561439575376 202
1739613998470 9.865521846015435 203
1739613998482 10.905261335654698 204
1739613998495 9.083273231117294 205
1739613998506 8.26218131391234 206
1739613998518 9.022872580706485 207
1739613998530 10.072806826918477 208
1739613998542 8.937343226154292 209
1739613998553 8.235638357540688 210
1739613998565 6.8372968073978795 211
1739613998577 9.280140950559703 212
1739613998588 9.300144338264712 213
1739613998600 7.814589231257575 214
1739613998612 9.023802736841924 215
1739613998624 8.502525556426377 216
1739613998635 6.024284677377413 217
1739613998647 9.833910819752521 218
1739613998669 6.9074433341048875 219
1739613998681 7.1736986333788515 220
1739613998693 7.768979357002275 221
1739613998706 8.286330913493842 222
1739613998718 7.177736791053124 223
1739613998730 6.85875102051972 224
1739613998742 7.853122019150173 225
1739613998754 6.633673244739488 226
1739613998765 7.922026271813198 227
1739613998778 5.942365918045134 228
1739613998791 6.721851186202826 229
1739613998802 7.260225020800641 230
1739613998814 6.366346396553365 231
1739613998826 6.3329613666254705 232
1739613998838 7.085662379218244 233
1739613998851 7.028976297544186 234
1739613998864 6.519143348202801 235
1739613998875 6.064173103201864 236
1739613998887 6.336383205770445 237
1739613998898 5.135888295670634 238
1739613998909 6.107226652975896 239
1739613998921 6.022635822124556 240
1739613998933 6.71729189130258 241
1739613998945 8.078562812231871 242
1739613998958 5.861782024855744 243
1739613998969 5.714425564109092 244
1739613998981 6.281767589799856 245
1739613998993 5.396979543642378 246
1739613999005 5.673688506351081 247
1739613999017 5.573589249917629 248
1739613999030 4.588537055871883 249
1739613999041 4.37834286271417 250
1739613999053 5.439050254141118 251
1739613999065 5.541339409895175 252
1739613999077 5.266602940555448 253
1739613999089 5.4078525375213795 254
1739613999101 5.181643203816629 255
1739613999114 5.210833127579716 256
1739613999126 5.435538730959797 257
1739613999138 5.136163103755029 258
1739613999150 4.453508517652806 259
1739613999162 4.880351610532908 260
1739613999174 4.735425130623461 261
1739613999185 4.874604388224387 262
1739613999197 5.308140760467088 263
1739613999209 3.9020482481386978 264
1739613999221 4.237378258685348 265
1739613999233 4.191655422317811 266
1739613999246 5.319543752146444 267
1739613999257 4.257574687569225 268
1739613999269 4.150245758015595 269
1739613999281 3.875741549967736 270
1739613999292 3.819523575485739 271
1739613999304 3.5200570940069373 272
1739613999315 4.3659853858850886 273
1739613999327 4.419031373495401 274
1739613999338 4.319445932944801 275
1739613999349 4.376016578530681 276
1739613999361 4.300891373720849 277
1739613999373 4.728559125857298 278
1739613999385 3.0303636095613378 279
1739613999397 3.4827599963096496 280
1739613999409 3.876283860658289 281
1739613999421 3.352356061963622 282
1739613999433 3.393555841641854 283
1739613999446 4.138341632912963 284
1739613999458 4.200087677910976 285
1739613999470 3.9066138163564887 286
1739613999481 3.417177736495352 287
1739613999493 3.2056989389028137 288
1739613999504 3.519087929466167 289
1739613999516 3.4915092787049353 290
1739613999529 3.007663526856781 291
1739613999540 3.7983206845306574 292
1739613999553 3.582176073348549 293
1739613999565 3.451620910216885 294
1739613999576 3.6441932232611087 295
1739613999589 3.792493659855872 296
1739613999601 3.407269268417241 297
1739613999623 2.977602796134459 298
1739613999635 3.1261481393576416 299
1739613999647 3.5347795807880082 300
1739613999660 3.0780788852999468 301
1739613999676 2.7062340004258147 302
1739613999687 3.4550655787065945 303
1739613999699 3.3014150401854145 304
1739613999711 2.554416352213222 305
1739613999723 2.610554447808556 306
1739613999735 3.538833902809425 307
1739613999747 3.0447713898648234 308
1739613999759 2.605978914306491 309
1739613999771 2.647579214362409 310
1739613999782 3.0268894252553356 311
1739613999794 2.7035345883194752 312
1739613999806 2.7235489696636135 313
1739613999817 2.8980589257709726 314
1739613999829 3.1425826523981883 315
1739613999841 2.7690157529731754 316
1739613999852 3.6319508254253874 317
1739613999863 3.4439148334753877 318
1739613999875 2.700672547352792 319
1739613999887 2.6843701185902056 320
1739613999898 2.6010619829268773 321
1739613999910 2.624568095135092 322
1739613999922 2.698336019932548 323
1739613999933 2.3972609553986084 324
1739613999945 2.648810424574155 325
1739613999956 2.138254083370168 326
1739613999968 2.643452189920144 327
1739613999980 2.8309063248999093 328
1739613999992 2.4852681731613924 329
1739614000003 2.0875877575752027 330
1739614000016 2.4624711621132347 331
1739614000028 2.707078285549359 332
1739614000040 2.2182311657848537 333
1739614000052 2.1757637491071757 334
1739614000064 1.920137529691463 335
1739614000076 2.418880573075988 336
1739614000088 2.801352219429371 337
1739614000100 2.415942208404907 338
1739614000112 2.3737768835284796 339
1739614000124 2.267839226932505 340
1739614000135 2.547548088406152 341
1739614000146 2.635596590239981 342
1739614000158 1.9984753117203964 343
1739614000169 2.706587798603601 344
1739614000180 2.4867867876020857 345
1739614000193 2.8197578670329704 346
1739614000205 1.9062009360911798 347
1739614000216 1.9034217108167015 348
1739614000229 3.1519294291290443 349
1739614000240 2.8915199609657503 350
1739614000251 1.8297907069927561 351
1739614000262 2.3468112306976496 352
1739614000273 2.344862084939082 353
1739614000286 2.3792706041558476 354
1739614000297 1.9374750282976054 355
1739614000309 2.2402408311871933 356
1739614000321 2.6355729780434003 357
1739614000334 2.1642703903607075 358
1739614000346 1.8269471830453499 359
1739614000357 2.298899562392472 360
1739614000368 1.7740266888143712 361
1739614000379 1.8898383284554943 362
1739614000393 2.3033669105528105 363
1739614000404 1.6002807242599444 364
1739614000415 2.3625839594782407 365
1739614000427 1.9838352716987344 366
1739614000438 1.7224737224480087 367
1739614000450 1.9110362222874586 368
1739614000462 1.4587516342580762 369
1739614000475 1.1507638522489967 370
1739614000487 2.207829746526457 371
1739614000500 1.3332557144421795 372
1739614000512 1.3527548475385724 373
1739614000524 1.5920635367645999 374
1739614000536 1.6156376764949376 375
1739614000548 1.9031108203552412 376
1739614000572 1.8707125433819596 377
1739614000585 1.8478340338136334 378
1739614000598 1.4571936777510819 379
1739614000611 1.9166852942481214 380
1739614000624 1.9492376979641806 381
1739614000636 1.6525956148293646 382
1739614000648 2.0480250375178195 383
1739614000660 1.6251437606144672 384
1739614000675 2.2156673106322082 385
1739614000687 1.6059141526572436 386
1739614000699 1.2562780585218254 387
1739614000711 1.7478447613733525 388
1739614000723 1.621832335532632 389
1739614000734 1.2051499766060403 390
1739614000747 1.9303883685975407 391
1739614000759 1.5725319885573024 392
1739614000771 1.179619853022614 393
1739614000782 1.5064382386985344 394
1739614000795 1.598293740646539 395
1739614000807 1.6858144048469688 396
1739614000818 1.5114770390100782 397
1739614000830 1.6809069150827212 398
1739614000843 1.3152060501556768 399
1739614000855 1.6832641818150578 400
1739614000867 2.0955892835488332 401
1739614000880 1.6968988229575526 402
1739614000892 1.2708383224375586 403
1739614000904 1.9321214256095305 404
1739614000915 1.2079987741592626 405
1739614000928 1.3290011872084433 406
1739614000940 2.0807663901243663 407
1739614000952 0.976527677289048 408
1739614000965 1.9288058231284668 409
1739614000977 1.102528319603331 410
1739614000990 1.5783143399726038 411
1739614001001 1.674362915175621 412
1739614001013 1.9316010265931722 413
1739614001025 1.458456278115377 414
1739614001037 1.3843350560495582 415
1739614001048 1.27420800473168 416
1739614001060 1.4997307953367092 417
1739614001072 1.6346732065966836 418
1739614001084 1.3675333597288415 419
1739614001097 0.9019555225188026 420
1739614001109 1.1314531660528908 421
1739614001121 1.6378076112953799 422
1739614001132 2.167045678778056 423
1739614001144 2.217034892853821 424
1739614001156 1.7714828011084713 425
1739614001168 1.2813547772024014 426
1739614001180 1.7658121989688234 427
1739614001192 1.2237591267865715 428
1739614001205 1.4127536515923032 429
1739614001216 1.1922690204613917 430
1739614001228 0.936023972751988 431
1739614001240 1.6019785721627913 432
1739614001253 1.0868644538373284 433
1739614001264 1.8355052815522783 434
1739614001276 0.7589332829893786 435
1739614001288 2.1949556373517107 436
1739614001300 1.642518054634941 437
1739614001312 1.2302078659546305 438
1739614001325 1.4140321525025112 439
1739614001337 1.8818004809673032 440
1739614001349 1.4766847920133441 441
1739614001362 1.7116697385712982 442
1739614001375 0.99152867955305 443
1739614001386 1.2120863865605342 444
1739614001398 1.649884245536838 445
1739614001409 1.631802480935325 446
1739614001422 1.921554294532357 447
1739614001434 1.7052741564338794 448
1739614001446 1.1800287758265087 449
1739614001459 1.7406599380480607 450
1739614001471 1.7229203654411422 451
1739614001483 1.2014187246862138 452
1739614001496 1.059116341100008 453
1739614001518 1.6566116908501705 454
1739614001531 1.871432316571603 455
1739614001543 1.32780739566939 456
1739614001557 1.817851705268815 457
1739614001569 1.2870012493458767 458
1739614001581 3.731280642053851 459
1739614001593 1.2714211177940078 460
1739614001604 0.9460265890652709 461
1739614001616 1.6569568241453831 462
1739614001628 1.658176922491021 463
1739614001639 1.3902663757416454 464
1739614001651 0.7492816671797702 465
1739614001662 1.2882004691968083 466
1739614001677 2.983280134244583 467
1739614001688 2.4447376913921106 468
1739614001700 1.1722065337248655 469
1739614001711 1.4893610317882158 470
1739614001724 1.055676803462656 471
1739614001735 1.9506395994393122 472
1739614001748 1.0345772310736705 473
1739614001760 0.9313213255942123 474
1739614001772 2.0362809461838656 475
1739614001784 0.8788359268246985 476
1739614001796 1.105850993182773 477
1739614001808 1.2805394431706407 478
1739614001820 0.7589180245179555 479
1739614001832 1.1971963586973144 480
1739614001844 1.3601013001522444 481
1739614001856 1.2133022114663223 482
1739614001868 1.1582885853695057 483
1739614001880 1.4075367243369081 484
1739614001893 0.8791358695488719 485
1739614001906 1.30867844605617 486
1739614001920 1.1751476087297936 487
1739614001935 0.7649344603156164 488
1739614001947 1.1220884505143618 489
1739614001962 1.2803200118551203 490
1739614001977 1.1879571234175774 491
1739614001990 1.2920631725607925 492
1739614002002 1.5093986209722368 493
1739614002013 1.950988953079947 494
1739614002025 0.9238086730136171 495
1739614002038 1.5205029945339987 496
1739614002050 0.9239047079385776 497
1739614002061 0.6922439655571186 498
1739614002073 1.2177194691867503 499
