1739556438677 167.6967334107878 0
1739556438687 171.77451737100543 1
1739556438698 159.04966565641914 2
1739556438709 160.94855308296852 3
1739556438719 154.98528503381934 4
1739556438729 154.82459518661742 5
1739556438739 158.33993172843938 6
1739556438749 154.48615796814292 7
1739556438759 150.19826293766238 8
1739556438768 149.15096221806988 9
1739556438778 149.80075523174872 10
1739556438788 143.32058793484865 11
1739556438798 138.06291393867394 12
1739556438808 136.28208197903544 13
1739556438818 133.95477987666885 14
1739556438828 134.57988347250878 15
1739556438838 135.18686784573418 16
1739556438849 127.1879014658173 17
1739556438860 128.3642387372357 18
1739556438871 126.58604741940665 19
1739556438882 124.10880600019492 20
1739556438893 124.00046771677995 21
1739556438902 120.61935365315696 22
1739556438912 117.39522781595397 23
1739556438922 118.09603798915825 24
1739556438932 113.85323152211551 25
1739556438942 112.63106993976058 26
1739556438952 113.59891662829715 27
1739556438962 110.13212369748773 28
1739556438971 114.72753240678792 29
1739556438981 107.97216595101236 30
1739556438991 107.61246334256707 31
1739556439001 105.16099969923283 32
1739556439011 100.46947707109759 33
1739556439021 103.26485423051172 34
1739556439031 103.41214622219668 35
1739556439041 97.2961906840839 36
1739556439051 96.03445935439397 37
1739556439062 94.51028206857518 38
1739556439072 93.81400956940915 39
1739556439083 93.67480626738813 40
1739556439093 92.59213555418307 41
1739556439103 88.8662684316206 42
1739556439113 90.06726149294083 43
1739556439124 87.62750677659915 44
1739556439134 84.78396786716117 45
1739556439144 86.63657620935435 46
1739556439154 84.16879802696754 47
1739556439164 81.69020430718024 48
1739556439174 81.90012165522697 49
1739556439184 80.19981569145867 50
1739556439194 78.48994088543428 51
1739556439205 78.56156545757612 52
1739556439215 79.6517957551948 53
1739556439225 74.77268279055939 54
1739556439235 71.17458379081478 55
1739556439246 74.6422062155919 56
1739556439256 76.77087094166008 57
1739556439266 71.34544442957387 58
1739556439276 69.61537052666559 59
1739556439286 69.62771386904197 60
1739556439297 70.37212605976961 61
1739556439307 67.05264639155871 62
1739556439320 67.80852466035876 63
1739556439330 65.8366857538423 64
1739556439340 63.59303372912179 65
1739556439350 65.54723695981822 66
1739556439361 64.70214308675624 67
1739556439371 61.43484539998753 68
1739556439381 62.415742020877744 69
1739556439391 60.84162519287348 70
1739556439401 60.61597045916856 71
1739556439411 57.27960467176293 72
1739556439421 57.509401170498634 73
1739556439432 57.84559976256247 74
1739556439442 57.335271174447314 75
1739556439451 55.666209047991615 76
1739556439462 54.24970263316619 77
1739556439472 53.9566962762303 78
1739556439482 52.57301891708059 79
1739556439492 52.99850464673358 80
1739556439503 49.42941205037831 81
1739556439513 50.18013669790314 82
1739556439523 50.97311286258549 83
1739556439533 49.92702025481366 84
1739556439543 48.59952311011621 85
1739556439553 48.617017920295936 86
1739556439563 46.28388393702412 87
1739556439573 47.424471697141016 88
1739556439583 45.34769048526068 89
1739556439592 44.95927608180452 90
1739556439602 44.970762789882436 91
1739556439612 46.13036588106365 92
1739556439621 45.454265869063846 93
1739556439631 41.699429983764624 94
1739556439641 42.0504027305255 95
1739556439652 41.95016091925564 96
1739556439662 41.04818781231262 97
1739556439671 40.817999801961875 98
1739556439681 38.403413910937935 99
1739556439690 39.17619285757916 100
1739556439700 39.29953510791281 101
1739556439710 39.063125890207445 102
1739556439719 37.18506924193439 103
1739556439729 37.39699232533357 104
1739556439738 39.46442842408844 105
1739556439748 37.767083314845316 106
1739556439757 35.33350957316768 107
1739556439768 36.20655052508037 108
1739556439778 36.42552847517564 109
1739556439787 35.45614122204296 110
1739556439797 34.78179116129598 111
1739556439806 34.484620901819355 112
1739556439816 33.57886096895805 113
1739556439825 32.768225942876136 114
1739556439835 32.25296642754905 115
1739556439845 32.62126070911255 116
1739556439854 32.09230045950582 117
1739556439864 30.65319067077472 118
1739556439874 32.03395311640468 119
1739556439917 31.13959894193991 120
1739556439935 29.27986726761136 121
1739556439946 30.093832738099294 122
1739556439957 28.099450575493773 123
1739556439968 28.09466055923761 124
1739556439979 28.984079138673184 125
1739556439989 27.35831748081623 126
1739556440000 27.185892070158985 127
1739556440010 28.196726271813517 128
1739556440023 26.687746950208584 129
1739556440035 25.870213740667054 130
1739556440047 26.836546017420034 131
1739556440058 26.587319154965154 132
1739556440068 26.79751273274021 133
1739556440079 26.500475309571442 134
1739556440090 25.683983233352873 135
1739556440103 23.743416718902726 136
1739556440114 25.097167364819942 137
1739556440125 24.02642924778745 138
1739556440135 24.000727038965778 139
1739556440145 22.651754124330235 140
1739556440155 22.83294354704443 141
1739556440165 22.221685138633404 142
1739556440175 25.913032623496772 143
1739556440185 22.662411910973265 144
1739556440195 22.412288680997268 145
1739556440205 21.197317423859257 146
1739556440215 20.67226412190994 147
1739556440225 22.05821576803879 148
1739556440234 22.041721712705055 149
1739556440244 20.555778965692674 150
1739556440254 19.455428641589357 151
1739556440265 21.64750148104414 152
1739556440275 20.55705819101316 153
1739556440285 20.69808017989939 154
1739556440295 19.378744567234488 155
1739556440305 19.28137569416423 156
1739556440315 18.97478231043245 157
1739556440328 18.55603306671919 158
1739556440338 18.345389335498613 159
1739556440349 19.510722787724962 160
1739556440360 18.38598830533774 161
1739556440369 18.80702433461884 162
1739556440380 16.936071666506802 163
1739556440389 16.469263522035465 164
1739556440400 16.893506495495654 165
1739556440410 16.895063869176994 166
1739556440420 16.355584167762746 167
1739556440430 17.67939602503581 168
1739556440440 15.758994240550047 169
1739556440450 16.201447071723713 170
1739556440461 16.600867101492096 171
1739556440471 17.741113943429408 172
1739556440481 16.114743000270913 173
1739556440491 16.324199483603028 174
1739556440500 14.402866049891582 175
1739556440510 14.343480199394643 176
1739556440520 14.078340866035623 177
1739556440529 14.9434788014796 178
1739556440539 14.186279538305824 179
1739556440550 13.622228475598414 180
1739556440560 13.730947284536056 181
1739556440570 14.514443457933265 182
1739556440580 14.590534655898358 183
1739556440590 13.146290909728835 184
1739556440600 12.981294939052153 185
1739556440610 11.942618725827298 186
1739556440620 12.817942332781008 187
1739556440630 13.46513103727879 188
1739556440639 12.054078685870227 189
1739556440649 11.811482646459178 190
1739556440659 10.888811712395285 191
1739556440669 11.622994494673177 192
1739556440679 12.754303857846466 193
1739556440689 12.844057641722696 194
1739556440699 12.563088451104438 195
1739556440709 10.398936486678167 196
1739556440719 10.643011736841869 197
1739556440729 10.064498145432292 198
1739556440739 12.457158716287925 199
1739556440749 10.690031196008032 200
1739556440758 10.845340150136309 201
1739556440769 11.481061548901103 202
1739556440779 10.676057809469803 203
1739556440788 10.028794346217056 204
1739556440798 10.947202144314469 205
1739556440808 11.839910851766119 206
1739556440818 12.247273946902407 207
1739556440828 10.200942976839325 208
1739556440837 10.23568738803532 209
1739556440847 9.067527702359651 210
1739556440856 8.700148374935525 211
1739556440866 8.603867644940316 212
1739556440877 9.927778010498436 213
1739556440886 9.049716745836925 214
1739556440897 10.738260713853697 215
1739556440906 9.499068914980004 216
1739556440916 9.751482768104822 217
1739556440925 9.714685662206167 218
1739556440934 8.47305755500196 219
1739556440944 8.941817252373514 220
1739556440953 9.503038207509405 221
1739556440963 8.556185893760226 222
1739556440973 9.965922830441382 223
1739556440983 8.471709486341405 224
1739556440993 7.881448933535303 225
1739556441002 8.54583386208194 226
1739556441013 8.874565355013077 227
1739556441022 7.53672734024316 228
1739556441032 6.42312942129052 229
1739556441041 9.255068127357896 230
1739556441050 8.7130454608621 231
1739556441060 8.669768384426007 232
1739556441070 7.356396218877254 233
1739556441080 7.923751969238547 234
1739556441089 6.9058829243269315 235
1739556441099 7.171886163833348 236
1739556441108 7.465681197654056 237
1739556441117 7.360675543217598 238
1739556441127 7.80456821550298 239
1739556441137 8.346983840925033 240
1739556441146 6.983202881314765 241
1739556441156 7.859911712087057 242
1739556441167 6.631679429469651 243
1739556441176 8.70156334145832 244
1739556441185 7.386266113659146 245
1739556441195 6.218523691257537 246
1739556441205 7.401598372938698 247
1739556441214 6.904470359966697 248
1739556441224 7.247298052440035 249
1739556441233 6.210990836739843 250
1739556441243 6.568384831428346 251
1739556441252 6.0055390452305275 252
1739556441261 6.413394943077816 253
1739556441271 6.147168125158243 254
1739556441281 6.440949056121769 255
1739556441291 6.21443304685059 256
1739556441301 7.426599654281823 257
1739556441310 5.182243882269179 258
1739556441320 6.542851472533551 259
1739556441332 5.539429721253003 260
1739556441340 4.872568787892044 261
1739556441350 6.490867428019635 262
1739556441359 6.490332088827475 263
1739556441369 5.629292038358314 264
1739556441378 4.97211477395416 265
1739556441388 5.781336720124643 266
1739556441398 5.595196396403181 267
1739556441408 5.425239972342228 268
1739556441417 5.744862143415786 269
1739556441426 6.174048317554893 270
1739556441435 6.1220956932047494 271
1739556441445 5.628861068701662 272
1739556441455 5.287048128531092 273
1739556441465 4.417315734636467 274
1739556441475 4.7733494291623995 275
1739556441485 4.188864244004764 276
1739556441494 5.473580015249464 277
1739556441503 5.120950016746449 278
1739556441513 5.2450484771056285 279
1739556441523 5.560922536654721 280
1739556441532 4.715896814444324 281
1739556441541 5.432578942219281 282
1739556441549 4.070790020717688 283
1739556441559 3.8158140461576187 284
1739556441569 4.752071204197356 285
1739556441579 5.073717048205621 286
1739556441589 4.3007077419581075 287
1739556441599 5.4131293754802705 288
1739556441609 4.559449785745054 289
1739556441619 4.123211472876125 290
1739556441628 4.210576249566503 291
1739556441637 5.040872499859267 292
1739556441647 4.430578952158657 293
1739556441657 4.667456236828487 294
1739556441667 4.73680639880576 295
1739556441676 4.6459781611448765 296
1739556441686 4.799039508541702 297
1739556441696 4.541888353723053 298
1739556441706 4.719088454236561 299
1739556441716 4.5482202724819025 300
1739556441726 3.526091927341573 301
1739556441736 4.581749252624355 302
1739556441745 3.419394249918551 303
1739556441755 3.2974609183931722 304
1739556441764 4.167986717957571 305
1739556441774 4.512362184698495 306
1739556441784 3.8873508736412354 307
1739556441794 3.678031806771701 308
1739556441804 3.4791237040118705 309
1739556441813 3.6566287344184665 310
1739556441823 5.094586990099396 311
1739556441832 4.021744057541693 312
1739556441841 3.560284809405245 313
1739556441851 3.664135236181887 314
1739556441860 3.6290093840428375 315
1739556441870 5.093081626184354 316
1739556441881 3.8135197528743117 317
1739556441891 3.95533488800127 318
1739556441901 3.537481507969373 319
1739556441911 4.384928459299518 320
1739556441920 3.42681090606163 321
1739556441930 3.629743773801627 322
1739556441939 3.6082495426663854 323
1739556441948 4.021080588457424 324
1739556441958 4.360379200036409 325
1739556441967 3.5963617079203174 326
1739556441977 4.548082084654005 327
1739556441987 3.226136301104538 328
1739556441997 3.5937382132945994 329
1739556442006 4.546886301858217 330
1739556442016 3.6851287331957487 331
1739556442025 3.064301022786411 332
1739556442034 2.7041168129907653 333
1739556442044 4.084194809190579 334
1739556442053 3.202832251223669 335
1739556442062 3.126695214839641 336
1739556442072 3.032075099715408 337
1739556442082 2.731714318969731 338
1739556442092 3.0514089218597973 339
1739556442101 3.2962750643628875 340
1739556442112 3.0782569147795793 341
1739556442122 3.272056916067451 342
1739556442131 3.0106134032994714 343
1739556442142 2.9858719212912677 344
1739556442155 3.1343470534026268 345
1739556442165 3.0329203710968353 346
1739556442175 2.9182143303741723 347
1739556442185 3.0094890226100843 348
1739556442196 4.6674387295182855 349
1739556442206 3.0162563055838207 350
1739556442217 3.1813443169886595 351
1739556442227 2.5430514456133286 352
1739556442237 4.22309235695533 353
1739556442246 2.713269787834736 354
1739556442257 3.6178830835461233 355
1739556442267 2.773291722671096 356
1739556442277 2.8874601280797063 357
1739556442287 2.384170644489447 358
1739556442298 2.0379854210147252 359
1739556442308 2.6762229649678746 360
1739556442318 3.25021297408538 361
1739556442330 2.8313957314339775 362
1739556442340 2.6830358088873054 363
1739556442350 2.9068091022888387 364
1739556442359 3.2288131365336237 365
1739556442368 2.2639390318400445 366
1739556442378 3.21524232829954 367
1739556442387 2.7760617957129976 368
1739556442397 2.9412836766738493 369
1739556442407 3.011936352172013 370
1739556442417 2.9166860728215083 371
1739556442426 3.1082483592840506 372
1739556442435 2.675373396354291 373
1739556442445 2.559861433049034 374
1739556442454 4.433995249497683 375
1739556442465 2.6443224144192468 376
1739556442474 2.526149555020844 377
1739556442483 2.4935469385746187 378
1739556442494 2.4682897252510276 379
1739556442504 2.7961382200947624 380
1739556442513 2.3177620093197184 381
1739556442522 2.916446758873195 382
1739556442532 2.4774371824814487 383
1739556442541 2.173155612477888 384
1739556442550 2.5964212115334635 385
1739556442561 1.9546394850180036 386
1739556442570 2.3206425556805788 387
1739556442580 3.4909561391757378 388
1739556442590 2.5872335589999973 389
1739556442599 2.239493775344171 390
1739556442609 2.2456894091394104 391
1739556442619 3.188814204458421 392
1739556442628 1.8746859386605235 393
1739556442637 1.935207573890499 394
1739556442647 1.85291677423132 395
1739556442657 1.866350343107478 396
1739556442666 2.3886336480024837 397
1739556442676 2.29997661820106 398
1739556442686 2.7428502285782512 399
1739556442696 1.6147170783102391 400
1739556442706 2.4371106018778863 401
1739556442716 2.789782601868214 402
1739556442725 2.0468197274737507 403
1739556442734 2.1297908697517305 404
1739556442744 2.52717744655836 405
1739556442753 2.34701128094353 406
1739556442763 2.7833272361853827 407
1739556442773 1.9217969342148344 408
1739556442782 2.900790775935977 409
1739556442792 1.7506636823479815 410
1739556442802 2.449394173824924 411
1739556442812 2.328872575710754 412
1739556442822 1.6086619588316973 413
1739556442831 2.075950359946549 414
1739556442840 2.4105040718041266 415
1739556442849 2.209638104363162 416
1739556442859 2.2402375319174017 417
1739556442868 2.396428886845062 418
1739556442878 2.3607641017496146 419
1739556442887 2.725724761080896 420
1739556442897 2.595613288415554 421
1739556442906 2.244042618326415 422
1739556442916 2.304254217433891 423
1739556442925 2.201091622980956 424
1739556442935 1.9278474913113413 425
1739556442945 1.6346494168990153 426
1739556442954 3.8287615068382252 427
1739556442963 1.8434530997573426 428
1739556442973 2.04709770793589 429
1739556442983 2.514254055095114 430
1739556442993 1.7368517424616672 431
1739556443002 2.0831229482084335 432
1739556443012 3.287614383263311 433
1739556443022 2.479528664579305 434
1739556443032 1.960507171338335 435
1739556443041 2.5042164810537013 436
1739556443050 1.449477308298901 437
1739556443060 2.1453416181823957 438
1739556443069 1.749477236022008 439
1739556443079 1.381797042815687 440
1739556443089 1.8884409236238895 441
1739556443098 1.836519614657548 442
1739556443109 2.713027994214334 443
1739556443118 1.7784690659398878 444
1739556443128 1.6084972023528064 445
1739556443137 2.0756924555028435 446
1739556443147 2.1639293129307946 447
1739556443157 1.8601316274961006 448
1739556443166 2.0658312059863673 449
1739556443176 1.995640184922119 450
1739556443185 1.4217954365723142 451
1739556443195 2.7006884755793976 452
1739556443204 2.341398201165091 453
1739556443215 2.2066737855326886 454
1739556443225 2.22137310546009 455
1739556443234 1.7179454689406033 456
1739556443244 1.9230791472173594 457
1739556443254 2.0184371813436592 458
1739556443263 2.9420631197126585 459
1739556443273 1.7366905881945636 460
1739556443283 2.1970732946996896 461
1739556443292 1.7177613413142705 462
1739556443302 2.3654236063532608 463
1739556443312 2.303029389473896 464
1739556443322 2.141844241509863 465
1739556443331 2.4650377969022803 466
1739556443341 2.0706230265217855 467
1739556443351 2.5390918987740974 468
1739556443360 1.4786210147196863 469
1739556443369 1.936569347281003 470
1739556443379 2.0504625804290915 471
1739556443388 1.3354816698361085 472
1739556443397 1.9541590664703647 473
1739556443407 1.802318336522798 474
1739556443417 2.298979418178989 475
1739556443427 1.7014515140109132 476
1739556443435 2.710534257689509 477
1739556443445 2.898384019767377 478
1739556443454 2.251396027588888 479
1739556443464 1.67094568015093 480
1739556443473 1.727988548760541 481
1739556443483 1.7717998737463878 482
1739556443492 2.6820647767274846 483
1739556443502 2.5395816132562024 484
1739556443512 2.067317000733481 485
1739556443522 1.8610072369171344 486
1739556443532 1.6867308417112172 487
1739556443542 4.132676922964634 488
1739556443551 2.537978535966038 489
1739556443561 1.7161289934185735 490
1739556443570 1.9997513788005803 491
1739556443580 1.955517403734285 492
1739556443589 1.702683324452635 493
1739556443599 2.353261390720005 494
1739556443608 2.1549790889160105 495
1739556443618 1.4120409585582003 496
1739556443628 2.120604291133663 497
1739556443637 1.6179834674800753 498
1739556443647 1.5041267457042502 499
