1739553767682 169.21235122945856 0
1739553767690 169.19905339577312 1
1739553767699 169.1857569574527 2
1739553767707 169.17246191433955 3
1739553767714 169.15916826627594 4
1739553767721 169.1458760131043 5
1739553767728 169.1325851546668 6
1739553767737 169.11929569080598 7
1739553767745 169.10600762136406 8
1739553767752 169.0927209461835 9
1739553767760 169.0794356651066 10
1739553767771 169.06615177797593 11
1739553767779 169.0528692846339 12
1739553767787 169.03958818492293 13
1739553767796 169.02630847868548 14
1739553767803 169.01303016576415 15
1739553767810 168.99975324600138 16
1739553767818 168.9864777192397 17
1739553767827 168.97320358532167 18
1739553767836 168.95993084408988 19
1739553767843 168.94665949538702 20
1739553767851 168.93338953905553 21
1739553767859 168.92012097493813 22
1739553767868 168.90685380287744 23
1739553767876 168.8935880227162 24
1739553767888 168.88032363429699 25
1739553767899 168.86706063746254 26
1739553767908 168.8537990320557 27
1739553767918 168.84053881791905 28
1739553767927 168.82727999489543 29
1739553767935 168.81402256282755 30
1739553767944 168.80076652155827 31
1739553767952 168.78751187093047 32
1739553767961 168.77425861078683 33
1739553767969 168.76100674097032 34
1739553767978 168.74775626132376 35
1739553767985 168.73450717169007 36
1739553767992 168.7212594719122 37
1739553768000 168.70801316183295 38
1739553768008 168.69476824129535 39
1739553768015 168.68152471014238 40
1739553768022 168.668282568217 41
1739553768034 168.6550418153622 42
1739553768042 168.64180245142103 43
1739553768052 168.62856447623653 44
1739553768063 168.61532788965172 45
1739553768072 168.6020926915097 46
1739553768081 168.58885888165358 47
1739553768093 168.57562645992644 48
1739553768102 168.56239542617143 49
1739553768111 168.5491657802317 50
1739553768120 168.53593752195042 51
1739553768130 168.52271065117085 52
1739553768139 168.50948516773605 53
1739553768150 168.49626107148933 54
1739553768162 168.48303836227393 55
1739553768171 168.4698170399331 56
1739553768180 168.45659710431013 57
1739553768189 168.4433785552484 58
1739553768200 168.43016139259106 59
1739553768210 168.41694561618152 60
1739553768219 168.40373122586323 61
1739553768231 168.3905182214794 62
1739553768241 168.37730660287355 63
1739553768250 168.364096369889 64
1739553768261 168.35088752236925 65
1739553768271 168.3376800601577 66
1739553768282 168.3244739830979 67
1739553768300 168.31126929103323 68
1739553768309 168.29806598380722 69
1739553768319 168.28486406126345 70
1739553768330 168.2716635232454 71
1739553768340 168.25846436959662 72
1739553768351 168.24526660016073 73
1739553768363 168.23207021478132 74
1739553768372 168.218875213302 75
1739553768383 168.2056815955664 76
1739553768393 168.19248936141813 77
1739553768403 168.1792985107009 78
1739553768412 168.16610904325844 79
1739553768422 168.1529209589344 80
1739553768434 168.1397342575725 81
1739553768443 168.12654893901657 82
1739553768453 168.11336500311026 83
1739553768463 168.10018244969734 84
1739553768472 168.0870012786217 85
1739553768481 168.07382148972715 86
1739553768491 168.06064308285752 87
1739553768501 168.0474660578566 88
1739553768509 168.03429041456832 89
1739553768517 168.02111615283658 90
1739553768525 168.00794327250523 91
1739553768534 167.99477177341828 92
1739553768542 167.98160165541964 93
1739553768549 167.96843291835322 94
1739553768561 167.9552655620631 95
1739553768569 167.94209958639323 96
1739553768579 167.92893499118762 97
1739553768588 167.9157717762903 98
1739553768598 167.90260994154542 99
1739553768607 167.889449486797 100
1739553768616 167.87629041188904 101
1739553768625 167.86313271666583 102
1739553768636 167.84997640097137 103
1739553768645 167.83682146464992 104
1739553768652 167.82366790754548 105
1739553768662 167.81051572950236 106
1739553768671 167.79736493036478 107
1739553768681 167.78421550997692 108
1739553768692 167.77106746818302 109
1739553768705 167.75792080482736 110
1739553768714 167.74477551975423 111
1739553768725 167.7316316128079 112
1739553768735 167.71848908383265 113
1739553768743 167.70534793267288 114
1739553768753 167.69220815917296 115
1739553768763 167.67906976317715 116
1739553768773 167.66593274452998 117
1739553768781 167.65279710307578 118
1739553768792 167.63966283865898 119
1739553768801 167.62652995112398 120
1739553768809 167.61339844031534 121
1739553768817 167.6002683060775 122
1739553768824 167.58713954825492 123
1739553768835 167.5740121666922 124
1739553768843 167.56088616123387 125
1739553768852 167.54776153172438 126
1739553768862 167.53463827800837 127
1739553768872 167.52151639993042 128
1739553768882 167.50839589733525 129
1739553768896 167.4952767700673 130
1739553768904 167.48215901797136 131
1739553768912 167.46904264089198 132
1739553768919 167.45592763867398 133
1739553768928 167.44281401116197 134
1739553768936 167.42970175820068 135
1739553768944 167.4165908796349 136
1739553768952 167.40348137530933 137
1739553768963 167.39037324506876 138
1739553768972 167.37726648875798 139
1739553768984 167.3641611062218 140
1739553768995 167.35105709730513 141
1739553769004 167.3379544618527 142
1739553769014 167.32485319970942 143
1739553769028 167.31175331072023 144
1739553769039 167.29865479472997 145
1739553769050 167.28555765158356 146
1739553769061 167.27246188112602 147
1739553769072 167.25936748320217 148
1739553769085 167.24627445765717 149
1739553769098 167.23318280433585 150
1739553769107 167.22009252308334 151
1739553769117 167.2070036137446 152
1739553769128 167.1939160761647 153
1739553769137 167.18082991018872 154
1739553769146 167.16774511566177 155
1739553769155 167.15466169242887 156
1739553769167 167.1415796403353 157
1739553769176 167.12849895922602 158
1739553769185 167.11541964894627 159
1739553769196 167.10234170934132 160
1739553769205 167.08926514025623 161
1739553769214 167.0761899415363 162
1739553769223 167.0631161130267 163
1739553769234 167.05004365457276 164
1739553769243 167.03697256601967 165
1739553769251 167.02390284721278 166
1739553769262 167.01083449799737 167
1739553769271 166.9977675182188 168
1739553769279 166.98470190772235 169
1739553769290 166.97163766635342 170
1739553769301 166.9585747939574 171
1739553769309 166.9455132903797 172
1739553769318 166.93245315546568 173
1739553769328 166.91939438906084 174
1739553769336 166.90633699101062 175
1739553769344 166.8932809611604 176
1739553769353 166.88022629935583 177
1739553769363 166.86717300544228 178
1739553769371 166.85412107926538 179
1739553769381 166.84107052067063 180
1739553769392 166.82802132950357 181
1739553769402 166.81497350560977 182
1739553769411 166.80192704883493 183
1739553769420 166.78888195902456 184
1739553769432 166.77583823602436 185
1739553769442 166.76279587967997 186
1739553769451 166.74975488983702 187
1739553769463 166.73671526634132 188
1739553769521 166.72367700903843 189
1739553769533 166.71064011777412 190
1739553769544 166.69760459239424 191
1739553769555 166.68457043274444 192
1739553769568 166.67153763867051 193
1739553769578 166.65850621001834 194
1739553769587 166.64547614663365 195
1739553769598 166.6324474483623 196
1739553769607 166.61942011505025 197
1739553769616 166.6063941465432 198
1739553769628 166.59336954268716 199
1739553769637 166.58034630332804 200
1739553769647 166.56732442831168 201
1739553769655 166.55430391748413 202
1739553769666 166.54128477069128 203
1739553769674 166.52826698777918 204
1739553769684 166.51525056859376 205
1739553769695 166.50223551298112 206
1739553769705 166.48922182078715 207
1739553769714 166.4762094918581 208
1739553769724 166.46319852603995 209
1739553769734 166.45018892317876 210
1739553769743 166.43718068312063 211
1739553769752 166.4241738057118 212
1739553769764 166.41116829079837 213
1739553769774 166.39816413822643 214
1739553769783 166.38516134784226 215
1739553769793 166.37215991949202 216
1739553769802 166.35915985302194 217
1739553769811 166.34616114827816 218
1739553769820 166.33316380510712 219
1739553769831 166.320167823355 220
1739553769839 166.30717320286806 221
1739553769847 166.29417994349265 222
1739553769855 166.28118804507508 223
1739553769866 166.26819750746174 224
1739553769874 166.25520833049896 225
1739553769883 166.2422205140331 226
1739553769894 166.22923405791062 227
1739553769904 166.2162489619779 228
1739553769913 166.20326522608136 229
1739553769922 166.19028285006755 230
1739553769931 166.17730183378282 231
1739553769939 166.1643221770737 232
1739553769947 166.1513438797868 233
1739553769955 166.1383669417685 234
1739553769965 166.12539136286546 235
1739553769974 166.1124171429242 236
1739553769982 166.09944428179128 237
1739553769990 166.0864727793133 238
1739553770000 166.07350263533704 239
1739553770009 166.06053384970886 240
1739553770017 166.04756642227565 241
1739553770028 166.03460035288393 242
1739553770038 166.0216356413805 243
1739553770047 166.00867228761203 244
1739553770057 165.99571029142518 245
1739553770066 165.98274965266683 246
1739553770074 165.96979037118368 247
1739553770082 165.95683244682243 248
1739553770089 165.94387587943004 249
1739553770098 165.9309206688532 250
1739553770106 165.9179668149388 251
1739553770114 165.90501431753373 252
1739553770122 165.8920631764848 253
1739553770129 165.8791133916389 254
1739553770138 165.86616496284302 255
1739553770146 165.85321788994398 256
1739553770155 165.84027217278881 257
1739553770166 165.82732781122442 258
1739553770175 165.8143848050978 259
1739553770184 165.80144315425602 260
1739553770194 165.788502858546 261
1739553770205 165.77556391781482 262
1739553770215 165.76262633190953 263
1739553770227 165.74969010067724 264
1739553770238 165.736755223965 265
1739553770247 165.72382170161987 266
1739553770258 165.71088953348905 267
1739553770268 165.69795871941972 268
1739553770277 165.68502925925893 269
1739553770292 165.67210115285394 270
1739553770303 165.65917440005188 271
1739553770313 165.6462490007001 272
1739553770323 165.6333249546457 273
1739553770333 165.620402261736 274
1739553770341 165.60748092181822 275
1739553770351 165.59456093473972 276
1739553770362 165.5816423003478 277
1739553770371 165.5687250184897 278
1739553770381 165.55580908901283 279
1739553770391 165.54289451176456 280
1739553770401 165.5299812865922 281
1739553770410 165.51706941334328 282
1739553770418 165.50415889186507 283
1739553770430 165.4912497220051 284
1739553770439 165.47834190361078 285
1739553770449 165.46543543652956 286
1739553770459 165.452530320609 287
1739553770470 165.43962655569655 288
1739553770479 165.4267241416397 289
1739553770487 165.41382307828613 290
1739553770497 165.40092336548327 291
1739553770507 165.38802500307872 292
1739553770515 165.3751279909201 293
1739553770526 165.362232328855 294
1739553770535 165.3493380167311 295
1739553770543 165.33644505439602 296
1739553770551 165.32355344169744 297
1739553770562 165.31066317848297 298
1739553770571 165.29777426460046 299
1739553770579 165.28488669989744 300
1739553770587 165.27200048422185 301
1739553770596 165.25911561742132 302
1739553770605 165.2462320993437 303
1739553770613 165.2333499298367 304
1739553770621 165.2204691087482 305
1739553770632 165.20758963592598 306
1739553770640 165.19471151121797 307
1739553770647 165.18183473447198 308
1739553770655 165.16895930553588 309
1739553770664 165.1560852242576 310
1739553770672 165.143212490485 311
1739553770681 165.13034110406613 312
1739553770689 165.11747106484884 313
1739553770702 165.1046023726812 314
1739553770711 165.09173502741112 315
1739553770720 165.07886902888666 316
1739553770730 165.06600437695582 317
1739553770740 165.0531410714666 318
1739553770748 165.0402791122672 319
1739553770756 165.02741849920554 320
1739553770766 165.01455923212987 321
1739553770776 165.00170131088822 322
1739553770785 164.98884473532874 323
1739553770796 164.97598950529957 324
1739553770806 164.9631356206489 325
1739553770816 164.95028308122494 326
1739553770829 164.93743188687586 327
1739553770838 164.92458203744988 328
1739553770847 164.9117335327953 329
1739553770856 164.89888637276033 330
1739553770866 164.88604055719327 331
1739553770875 164.87319608594242 332
1739553770884 164.86035295885603 333
1739553770896 164.84751117578256 334
1739553770905 164.83467073657027 335
1739553770914 164.82183164106755 336
1739553770921 164.8089938891228 337
1739553770930 164.7961574805844 338
1739553770938 164.78332241530083 339
1739553770947 164.7704886931204 340
1739553770954 164.75765631389172 341
1739553770965 164.74482527746315 342
1739553770975 164.73199558368327 343
1739553770985 164.71916723240057 344
1739553770996 164.70634022346354 345
1739553771005 164.69351455672077 346
1739553771013 164.6806902320208 347
1739553771020 164.6678672492122 348
1739553771029 164.65504560814367 349
1739553771038 164.6422253086637 350
1739553771047 164.62940635062103 351
1739553771054 164.61658873386423 352
1739553771063 164.60377245824205 353
1739553771071 164.59095752360312 354
1739553771078 164.5781439297962 355
1739553771087 164.56533167666996 356
1739553771099 164.55252076407322 357
1739553771108 164.53971119185468 358
1739553771118 164.5269029598631 359
1739553771126 164.51409606794738 360
1739553771134 164.50129051595624 361
1739553771142 164.4884863037386 362
1739553771149 164.4756834311432 363
1739553771157 164.462881898019 364
1739553771167 164.45008170421488 365
1739553771175 164.4372828495797 366
1739553771183 164.42448533396242 367
1739553771193 164.41168915721198 368
1739553771202 164.39889431917732 369
1739553771211 164.38610081970745 370
1739553771219 164.37330865865133 371
1739553771231 164.36051783585793 372
1739553771239 164.34772835117644 373
1739553771248 164.33494020445576 374
1739553771255 164.32215339554503 375
1739553771264 164.30936792429327 376
1739553771272 164.29658379054962 377
1739553771280 164.28380099416324 378
1739553771287 164.2710195349832 379
1739553771299 164.2582394128587 380
1739553771307 164.2454606276389 381
1739553771316 164.23268317917297 382
1739553771323 164.21990706731015 383
1739553771332 164.20713229189965 384
1739553771340 164.1943588527907 385
1739553771349 164.18158674983263 386
1739553771356 164.16881598287466 387
1739553771367 164.1560465517661 388
1739553771376 164.14327845635626 389
1739553771385 164.13051169649447 390
1739553771396 164.11774627203016 391
1739553771404 164.1049821828126 392
1739553771412 164.09221942869115 393
1739553771419 164.07945800951538 394
1739553771428 164.06669792513455 395
1739553771436 164.05393917539814 396
1739553771444 164.04118176015567 397
1739553771452 164.02842567925654 398
1739553771461 164.01567093255034 399
1739553771469 164.0029175198865 400
1739553771477 163.99016544111453 401
1739553771486 163.97741469608405 402
1739553771497 163.9646652846446 403
1739553771507 163.95191720664573 404
1739553771516 163.93917046193712 405
1739553771526 163.9264250503683 406
1739553771535 163.91368097178895 407
1739553771544 163.90093822604874 408
1739553771552 163.8881968129973 409
1739553771559 163.87545673248434 410
1739553771568 163.8627179843596 411
1739553771575 163.84998056847274 412
1739553771584 163.83724448467353 413
1739553771591 163.82450973281175 414
1739553771600 163.8117763127372 415
1739553771607 163.7990442242996 416
1739553771616 163.78631346734883 417
1739553771627 163.7735840417347 418
1739553771636 163.76085594730705 419
1739553771644 163.74812918391575 420
1739553771652 163.7354037514107 421
1739553771661 163.72267964964178 422
1739553771669 163.70995687845894 423
1739553771676 163.6972354377121 424
1739553771683 163.68451532725123 425
1739553771692 163.6717965469263 426
1739553771701 163.65907909658728 427
1739553771709 163.64636297608416 428
1739553771717 163.63364818526708 429
1739553771726 163.62093472398593 430
1739553771735 163.6082225920909 431
1739553771743 163.59551178943198 432
1739553771750 163.5828023158593 433
1739553771758 163.57009417122302 434
1739553771770 163.55738735537324 435
1739553771779 163.54468186816007 436
1739553771788 163.53197770943376 437
1739553771796 163.51927487904445 438
1739553771805 163.50657337684228 439
1739553771813 163.4938732026776 440
1739553771820 163.4811743564006 441
1739553771829 163.4684768378615 442
1739553771837 163.45578064691063 443
1739553771844 163.44308578339817 444
1739553771851 163.43039224717458 445
1739553771860 163.4177000380901 446
1739553771868 163.40500915599515 447
1739553771876 163.39231960074 448
1739553771884 163.37963137217506 449
1739553771896 163.36694447015077 450
1739553771907 163.3542588945175 451
1739553771916 163.34157464512566 452
1739553771926 163.32889172182584 453
1739553771934 163.31621012446837 454
1739553771942 163.30352985290375 455
1739553771950 163.2908509069825 456
1739553771960 163.27817328655524 457
1739553771968 163.2654969914724 458
1739553771978 163.25282202158456 459
1739553771985 163.2401483767423 460
1739553771994 163.2274760567962 461
1739553772002 163.2148050615969 462
1739553772010 163.202135390995 463
1739553772018 163.18946704484122 464
1739553772029 163.17680002298613 465
1739553772038 163.1641343252804 466
1739553772046 163.15146995157482 467
1739553772055 163.13880690172007 468
1739553772064 163.1261451755669 469
1739553772072 163.113484772966 470
1739553772081 163.10082569376817 471
1739553772089 163.08816793782427 472
1739553772098 163.075511504985 473
1739553772106 163.0628563951012 474
1739553772113 163.05020260802374 475
1739553772120 163.03755014360348 476
1739553772130 163.0248990016913 477
1739553772139 163.0122491821381 478
1739553772147 162.99960068479479 479
1739553772158 162.98695350951223 480
1739553772168 162.97430765614143 481
1739553772177 162.96166312453335 482
1739553772187 162.94901991453895 483
1739553772197 162.93637802600927 484
1739553772206 162.92373745879524 485
1739553772215 162.91109821274802 486
1739553772224 162.89846028771854 487
1739553772234 162.8858236835579 488
1739553772244 162.87318840011727 489
1739553772254 162.86055443724769 490
1739553772264 162.84792179480027 491
1739553772273 162.83529047262616 492
1739553772281 162.82266047057655 493
1739553772289 162.81003178850253 494
1739553772301 162.79740442625538 495
1739553772310 162.78477838368627 496
1739553772319 162.7721536606465 497
1739553772330 162.7595302569872 498
1739553772338 162.74690817255967 499
