1739617488431 146.0415116079182 0
1739617488445 125.1481605627165 1
1739617488460 106.69481582163533 2
1739617488477 92.82782751647228 3
1739617488492 82.4584602465538 4
1739617488508 70.34018411934116 5
1739617488525 58.37995973630701 6
1739617488541 51.99759207959233 7
1739617488557 45.67957049582216 8
1739617488572 37.944131485909885 9
1739617488586 31.65621331462954 10
1739617488601 27.45630246707707 11
1739617488615 25.564586460283657 12
1739617488630 23.535793962018833 13
1739617488644 19.017009195086718 14
1739617488659 15.731637273257862 15
1739617488675 12.992858513994745 16
1739617488690 13.058764312704815 17
1739617488704 11.126360592760019 18
1739617488717 8.902915376188789 19
1739617488731 8.13875876997374 20
1739617488744 7.082398162664435 21
1739617488759 5.41171848580531 22
1739617488773 5.742726461404289 23
1739617488787 4.822326175397402 24
1739617488801 4.119162224229201 25
1739617488814 4.80433906740323 26
1739617488827 3.4670230994684026 27
1739617488840 3.353027230250071 28
1739617488853 2.8273695529653606 29
1739617488866 3.0907669585582958 30
1739617488879 2.2519290122790174 31
1739617488892 2.5777647503339662 32
1739617488906 1.8457168118944172 33
1739617488920 0.929121879851455 34
1739617488934 2.0916799454062875 35
1739617488949 0.9600160749070012 36
1739617488964 1.4732403954776705 37
1739617488977 1.473107824866825 38
1739617488989 1.6065743300948043 39
1739617489001 2.0504818081807703 40
1739617489014 1.0928084990513613 41
1739617489027 1.4393383280422554 42
1739617489041 1.051176546853797 43
1739617489054 0.6394284057597747 44
1739617489068 1.4963367625095705 45
1739617489081 1.761390004016857 46
1739617489094 1.1546187354421928 47
1739617489107 0.5930993474076832 48
1739617489120 0.6117671899392306 49
1739617489133 1.479958364207593 50
1739617489145 1.059064867740297 51
1739617489158 1.0047418491585476 52
1739617489170 0.9763027263523802 53
1739617489183 0.9595047945109157 54
1739617489195 0.838338728605877 55
1739617489207 0.9121151989160736 56
1739617489220 1.4238516718934349 57
1739617489232 1.0172327680182172 58
1739617489245 0.7394264783662241 59
1739617489257 0.8934860403356177 60
1739617489270 1.3760004361361644 61
1739617489282 0.899998910926365 62
1739617489294 1.2191829659871098 63
1739617489307 0.8090079433367585 64
1739617489320 1.25333034856524 65
1739617489332 0.8293072120834032 66
1739617489345 0.8728612924363816 67
1739617489357 0.6328148499131165 68
1739617489371 1.178919777529275 69
1739617489384 1.4789623496844597 70
1739617489396 0.971956626492646 71
1739617489412 0.8522521625626374 72
1739617489425 1.3599299710335766 73
1739617489439 1.057983667351284 74
1739617489451 0.739841722791357 75
1739617489464 0.8884164962590038 76
1739617489476 0.819627650173971 77
1739617489488 0.5764065307319476 78
1739617489501 1.564856709638742 79
1739617489513 0.6416515197199707 80
1739617489526 0.704331378032753 81
1739617489538 1.6306872241667754 82
1739617489551 0.9214115897262951 83
1739617489563 0.6096234692838352 84
1739617489575 0.9218687237438393 85
1739617489588 1.1508448582521837 86
1739617489600 0.9298355753260452 87
1739617489612 1.0349670500309367 88
1739617489625 0.7595511713472459 89
1739617489641 1.1455417001541184 90
1739617489658 0.9186501312037797 91
1739617489675 0.9655075613448816 92
1739617489689 0.9554193895342697 93
1739617489702 0.8490510045292107 94
1739617489715 1.0015518928328047 95
1739617489728 1.0818679513178509 96
1739617489741 0.6570635840078415 97
1739617489755 1.4454797885953676 98
1739617489768 0.9186750418735007 99
1739617489780 1.2408899188089944 100
1739617489792 1.2864068328449272 101
1739617489805 1.127013921582203 102
1739617489817 0.8012858308110613 103
1739617489829 0.7544204090325178 104
1739617489841 0.6665968341779367 105
1739617489853 0.603699961128026 106
1739617489866 1.697939506525462 107
1739617489878 0.38830278983983746 108
1739617489890 0.8665508657263455 109
1739617489902 0.7391548801150369 110
1739617489914 0.9529225895222789 111
1739617489926 0.8719237766330153 112
1739617489939 1.1567992257775355 113
1739617489951 0.7820235017193804 114
1739617489964 0.8220107140471891 115
1739617489976 1.0027801148947997 116
1739617489988 1.005854060067342 117
1739617490001 0.5698904419029935 118
1739617490013 0.729124780265266 119
1739617490025 1.0700557985566592 120
1739617490040 1.0170266756346402 121
1739617490055 1.0677749112224961 122
1739617490068 0.7433384206652842 123
1739617490081 0.8607567676589912 124
1739617490093 0.8992367235248753 125
1739617490105 1.1403136492662347 126
1739617490118 1.1029564237647262 127
1739617490130 1.147475504394503 128
1739617490142 0.9504582362873386 129
1739617490154 0.8542798601889295 130
1739617490167 1.010243129417131 131
1739617490179 0.8018115345517075 132
1739617490191 0.7092417928045307 133
1739617490204 0.7921275315578086 134
1739617490216 0.7556117661808122 135
1739617490228 1.3962507759260563 136
1739617490241 0.6692279194961941 137
1739617490259 2.0318603957802215 138
1739617490275 0.5577393634668341 139
1739617490289 0.984471977304687 140
1739617490303 0.9157536945821103 141
1739617490317 0.8101126343710822 142
1739617490330 0.6248493923676808 143
1739617490344 0.9438307949361947 144
1739617490357 1.1500165988994469 145
1739617490371 1.1051363916057828 146
1739617490384 0.8658236707722703 147
1739617490397 0.7597414857911898 148
1739617490413 0.8763552902784021 149
1739617490432 1.450548451823913 150
1739617490451 0.5524561545688134 151
1739617490469 0.577699251603166 152
1739617490525 1.310999305934176 153
1739617490544 0.4995631695851333 154
1739617490561 1.030017777786649 155
1739617490578 0.8012097955954512 156
1739617490595 0.5393548259302435 157
1739617490613 0.9702826120359918 158
1739617490628 0.833907349319814 159
1739617490644 0.7497824385283852 160
1739617490660 1.004993674143436 161
1739617490675 0.5598014289438656 162
1739617490692 1.118011294485063 163
1739617490707 0.5995804189142528 164
1739617490722 1.4343547128831198 165
1739617490737 1.6218517320487582 166
1739617490751 0.7016647183194913 167
1739617490765 1.1164698046127324 168
1739617490779 0.8370652104058423 169
1739617490793 2.5282756916133007 170
1739617490806 1.395699161453288 171
1739617490819 0.9784405398409951 172
1739617490832 0.6299755069961652 173
1739617490845 0.5800509343617106 174
1739617490859 1.2791564265485416 175
1739617490872 0.6882320526917601 176
1739617490885 1.1088961584940982 177
1739617490898 0.6122529620157949 178
1739617490911 1.0617160640510293 179
1739617490925 0.9017249842499638 180
1739617490938 0.9213197254246066 181
1739617490951 1.2647289795354026 182
1739617490964 0.7007493056565857 183
1739617490978 1.2872287120397763 184
1739617490991 1.0247071722691437 185
1739617491005 0.7386387614766545 186
1739617491023 0.6629322438325161 187
1739617491037 0.374010375466074 188
1739617491052 1.5463778946273283 189
1739617491068 0.6647904305932486 190
1739617491083 0.6550950873190688 191
1739617491098 0.8408963597077109 192
1739617491113 1.3112626420229814 193
1739617491127 0.7502279023655991 194
1739617491140 0.7562500900292701 195
1739617491153 0.6682302768979832 196
1739617491166 1.1032106334337315 197
1739617491179 1.2299102919103273 198
1739617491192 0.8404437009039715 199
1739617491205 0.6430901623056873 200
1739617491217 1.1027831007508428 201
1739617491229 0.817891740315641 202
1739617491241 0.7559435736245005 203
1739617491254 0.7258931658738558 204
1739617491266 0.7425642553268331 205
1739617491279 1.2476890639074008 206
1739617491291 1.259831510316392 207
1739617491303 0.9773624035771352 208
1739617491315 0.9453656975468698 209
1739617491327 0.6464060380455146 210
1739617491340 0.5580541583536505 211
1739617491352 1.0019433212815978 212
1739617491364 0.842505596601027 213
1739617491376 0.8890892274564157 214
1739617491389 0.7856432734450047 215
1739617491401 0.5593133741532759 216
1739617491417 0.906210205016916 217
1739617491432 0.9190703864709152 218
1739617491447 0.861764295555879 219
1739617491461 1.4651041814804013 220
1739617491476 0.6946371323527988 221
1739617491491 0.8536594107209907 222
1739617491508 0.616387214368594 223
1739617491530 1.2836868976739555 224
1739617491546 0.9006818323908291 225
1739617491562 1.806066962874009 226
1739617491577 1.5745827278279678 227
1739617491592 0.9104832671724506 228
1739617491611 1.0316218983602343 229
1739617491626 0.764133551803937 230
1739617491640 1.0755657945597834 231
1739617491654 1.1763120328573093 232
1739617491669 0.884053449747082 233
1739617491682 0.746513068836823 234
1739617491696 0.7722674354813925 235
1739617491709 1.2450620811269917 236
1739617491722 0.7318173723644804 237
1739617491736 0.8685433284582776 238
1739617491753 0.8427543207972022 239
1739617491768 0.8945260636606135 240
1739617491782 0.8418738299412737 241
1739617491795 0.6890904035913166 242
1739617491808 1.3374933785976426 243
1739617491822 0.5855869199150568 244
1739617491835 1.0239661624401037 245
1739617491848 0.6088946340838381 246
1739617491861 0.9581990016135934 247
1739617491874 1.661097988867828 248
1739617491887 1.0867468228560602 249
1739617491900 0.7019930655786232 250
1739617491913 0.8951128864356795 251
1739617491927 0.7826933832080422 252
1739617491940 1.5481204597790847 253
1739617491953 0.9876066162819959 254
1739617491970 0.7304518724973604 255
1739617491987 0.7099651879445178 256
1739617492003 1.1475245189094887 257
1739617492019 0.848784927733562 258
1739617492044 0.6041135968391679 259
1739617492078 1.212004306932139 260
1739617492101 0.5749640482904079 261
1739617492121 0.8381989255039762 262
1739617492142 1.3661419690587366 263
1739617492160 0.5821762860608604 264
1739617492176 0.6516556009641815 265
1739617492193 1.5462386313917569 266
1739617492208 0.7868203859340046 267
1739617492223 0.5264984482242465 268
1739617492241 0.7682477631780728 269
1739617492256 1.0050335711229406 270
1739617492274 1.293074011103967 271
1739617492290 0.9481747724736911 272
1739617492305 0.803052033423852 273
1739617492320 1.1893627612282522 274
1739617492337 0.5298684245847525 275
1739617492354 0.8091172788132647 276
1739617492373 1.195478232074912 277
1739617492390 0.7337700194427598 278
1739617492407 1.4594761777807879 279
1739617492423 0.7801836912224336 280
1739617492438 1.3347317414890036 281
1739617492452 1.3775475237338193 282
1739617492466 0.6519740158118779 283
1739617492480 0.586183116131382 284
1739617492493 0.821077906785652 285
1739617492507 0.7373189973421176 286
1739617492520 0.9391013104128004 287
1739617492533 0.8273044324401758 288
1739617492546 1.3444008339681754 289
1739617492559 0.8834754536841488 290
1739617492572 0.6974185468715655 291
1739617492586 0.917119010736405 292
1739617492599 0.5720334339514919 293
1739617492612 0.8915653370292596 294
1739617492625 0.9116837675462742 295
1739617492638 0.9872820031633076 296
1739617492651 1.0344393415324291 297
1739617492664 0.9405896898861024 298
1739617492677 0.936078701992284 299
1739617492690 0.9647566308004748 300
1739617492703 0.8783412864597703 301
1739617492715 0.9762397939392367 302
1739617492727 0.8397339850218676 303
1739617492742 0.5063642513312173 304
1739617492754 0.7231748459221853 305
1739617492767 1.0179870014551984 306
1739617492779 1.636990304284957 307
1739617492791 1.2106669849729728 308
1739617492803 0.8350560430560907 309
1739617492816 0.9222454639912432 310
1739617492828 1.203209809498051 311
1739617492840 1.4972928939932806 312
1739617492852 0.9979138756935165 313
1739617492866 1.185905747446612 314
1739617492879 1.0341263211328613 315
1739617492891 0.6812581375224154 316
1739617492904 0.7879273569337713 317
1739617492916 0.9294072505362124 318
1739617492928 0.9927017285342218 319
1739617492940 0.796701902495333 320
1739617492953 1.0179367890569775 321
1739617492965 0.7926446408282688 322
1739617492977 1.068786869111886 323
1739617492989 0.6084505442123327 324
1739617493002 0.7719641029493024 325
1739617493014 0.7276404495415248 326
1739617493027 0.9190878850666278 327
1739617493039 0.596298870907117 328
1739617493051 0.8200163889893035 329
1739617493063 1.2667205029986635 330
1739617493075 0.7833384811714174 331
1739617493088 1.0622822767443525 332
1739617493159 0.7436724432963445 333
1739617493175 0.38030796296210484 334
1739617493190 0.7148808669386498 335
1739617493205 0.6003609491142969 336
1739617493221 1.274485312405816 337
1739617493237 1.010762325368275 338
1739617493252 0.8005519368511357 339
1739617493272 1.2306924439667588 340
1739617493289 0.9242098136931872 341
1739617493306 0.9312526664198487 342
1739617493323 0.9401773776618757 343
1739617493338 0.9256176371188579 344
1739617493354 0.8258903734000015 345
1739617493369 0.9020881036895523 346
1739617493382 0.5783529355703283 347
1739617493395 0.8162457402367234 348
1739617493409 0.5157180367524171 349
1739617493422 0.734840258018184 350
1739617493439 0.8637963882671092 351
1739617493453 0.5249056047364828 352
1739617493466 0.503602111693371 353
1739617493480 0.9208727105529839 354
1739617493494 0.662709982556789 355
1739617493507 1.2298854337310812 356
1739617493520 0.846676804263725 357
1739617493535 0.9743062767516091 358
1739617493550 1.116229695789009 359
1739617493565 1.0900735597498705 360
1739617493580 0.6995546360557263 361
1739617493595 0.7951609562322536 362
1739617493612 0.7442499198136866 363
1739617493629 0.5079398225934962 364
1739617493647 1.3971677250758554 365
1739617493663 0.6236638366269028 366
1739617493679 0.7071978720842971 367
1739617493694 0.91440452735933 368
1739617493710 1.0520518060350081 369
1739617493725 0.7008796661588504 370
1739617493740 1.4623403365131737 371
1739617493756 2.4485495029580187 372
1739617493770 0.7261363708469051 373
1739617493783 0.7262623850715582 374
1739617493796 0.8893276498652816 375
1739617493810 0.8974684775871372 376
1739617493823 0.5757286680351872 377
1739617493836 1.1077899381373122 378
1739617493849 0.800345814047325 379
1739617493863 0.9352560521080149 380
1739617493876 0.7954056735148886 381
1739617493889 0.9196086631872883 382
1739617493903 0.741684164258859 383
1739617493916 1.307530349697663 384
1739617493929 0.800269841418989 385
1739617493942 0.9209000927024052 386
1739617493955 1.0266065987231798 387
1739617493968 0.7685380879928142 388
1739617493983 0.9734730873393604 389
1739617493998 0.9838902332106384 390
1739617494012 0.9886328686821101 391
1739617494026 0.8483586875121351 392
1739617494039 1.322644186303878 393
1739617494052 0.7805624782128855 394
1739617494067 0.8605269109649484 395
1739617494111 0.5868061306934595 396
1739617494142 0.8695179871915109 397
1739617494158 0.4827499571837599 398
1739617494174 0.8311433391199129 399
1739617494189 0.9691497429360715 400
1739617494204 0.9138534357037809 401
1739617494219 0.6515529974139899 402
1739617494233 1.0485854667943846 403
1739617494248 0.8589639366031792 404
1739617494263 0.5470449070480903 405
1739617494277 0.7738790636613764 406
1739617494292 0.9778365555752002 407
1739617494305 0.4659674623457746 408
1739617494318 1.6563372510356387 409
1739617494331 1.1429361542048837 410
1739617494344 0.8909548637387535 411
1739617494358 0.8188215521046525 412
1739617494373 0.8265056341341649 413
1739617494387 0.7835732878769912 414
1739617494400 0.8624144078156735 415
1739617494413 0.9231696669774478 416
1739617494427 1.5202022907262318 417
1739617494443 0.613412725614278 418
1739617494460 0.6927126096099618 419
1739617494474 0.825054775981183 420
1739617494488 1.059469092047833 421
1739617494501 1.3480693526014138 422
1739617494516 1.0048213570464377 423
1739617494530 0.8745415251327329 424
1739617494543 0.4099203045318319 425
1739617494556 0.6426905718467367 426
1739617494570 0.636284698919804 427
1739617494584 0.9290013120776459 428
1739617494597 1.0739989531446292 429
1739617494611 1.022134314677845 430
1739617494626 0.6097016101639655 431
1739617494640 0.8636566114303663 432
1739617494653 0.5489181727516188 433
1739617494666 0.9898286151069415 434
1739617494679 0.6186005793083914 435
1739617494692 0.5002718476040132 436
1739617494705 1.8608196723079167 437
1739617494718 0.7812846607717077 438
1739617494731 0.7737800148463281 439
1739617494744 1.0256920665165585 440
1739617494757 1.378126743721573 441
1739617494771 0.6654835435268991 442
1739617494784 1.8679023196238744 443
1739617494797 0.8286325395715247 444
1739617494809 0.901739879130239 445
1739617494821 0.9693031094858737 446
1739617494833 0.667138867599114 447
1739617494845 1.0296902834927117 448
1739617494857 1.0135559621169692 449
1739617494870 0.8647358151844999 450
1739617494882 0.8118047378634641 451
1739617494894 1.2249435659312005 452
1739617494906 0.5520911467056432 453
1739617494918 1.5882509528971964 454
1739617494930 0.7559638171742236 455
1739617494942 0.983949307130301 456
1739617494955 0.8758977915046351 457
1739617494967 0.8652475023754854 458
1739617494979 0.896120291818001 459
1739617494991 0.5540699969151521 460
1739617495003 1.4107181327628937 461
1739617495015 1.0350621664167565 462
1739617495028 0.6588823450890862 463
1739617495044 1.03762910299352 464
1739617495061 1.3689125932423447 465
1739617495082 0.7515575739119104 466
1739617495096 0.7106561045305194 467
1739617495111 0.8468007293111669 468
1739617495125 1.1982298866716767 469
1739617495139 0.7381115641226047 470
1739617495156 0.7685850951032058 471
1739617495170 0.6977581668846753 472
1739617495184 0.9780490128528759 473
1739617495197 0.6108738690908344 474
1739617495210 0.6279710417408141 475
1739617495223 0.6670585822073141 476
1739617495236 0.8057541136530202 477
1739617495250 1.2797464794355964 478
1739617495269 0.6942633262258313 479
1739617495283 0.6089912331183368 480
1739617495296 0.49442872072890476 481
1739617495309 1.4311644579586211 482
1739617495323 0.8372381296985981 483
1739617495336 0.6978915158136576 484
1739617495349 0.6543998130522347 485
1739617495362 0.7143740093535665 486
1739617495376 0.9214088464494078 487
1739617495389 0.7837195653712006 488
1739617495402 0.9044593594734383 489
1739617495415 1.4410735349653903 490
1739617495428 0.7424419721055284 491
1739617495441 0.7814476911487181 492
1739617495453 0.9971730722985997 493
1739617495465 0.6994106360725204 494
1739617495477 0.7678773527155317 495
1739617495490 1.0027604434648363 496
1739617495502 0.8974465517735857 497
1739617495514 0.6520103840103697 498
1739617495526 1.162494000220978 499
