1739615169978 0.1094405164971606 0
1739615170019 4.370096525704271 1
1739615170062 0.11366733095181071 2
1739615170113 0.7836006498050502 3
1739615170154 3.0059609747658573 4
1739615170195 0.033004957284861594 5
1739615170234 1.9507756196506862 6
1739615170274 2.1163574101614056 7
1739615170314 0.5777314746123284 8
1739615170353 0.020453611538439366 9
1739615170393 2.4298180665751743 10
1739615170433 2.7466394061260506 11
1739615170473 0.4663268409637072 12
1739615170514 0.3961124155033022 13
1739615170554 0.01992375455376488 14
1739615170594 0.3515648284148287 15
1739615170633 0.4937136652848989 16
1739615170673 1.261443344581326 17
1739615170714 0.026705740345762084 18
1739615170754 1.5832131358403887 19
1739615170794 2.8098803633385487 20
1739615170833 0.0022944467749057 21
1739615170872 2.8441804099619636 22
1739615170912 0.7314506147142127 23
1739615170952 0.3877522787503421 24
1739615170991 5.735172814894418 25
1739615171032 2.417942857623105 26
1739615171072 3.3334385444640686 27
1739615171112 0.08988871714503617 28
1739615171152 0.21609429358007107 29
1739615171199 0.03658090775584891 30
1739615171255 14.577061791229614 31
1739615171316 0.029055879314928913 32
1739615171358 0.043705118476344625 33
1739615171399 0.6147292870545417 34
1739615171442 0.4318046796665635 35
1739615171484 0.039967390694286446 36
1739615171524 0.01839033062595688 37
1739615171564 2.3361713345423314 38
1739615171604 2.5029464191789152 39
1739615171646 1.78708027224872 40
1739615171687 0.10760853949710475 41
1739615171729 9.47576688940562e-06 42
1739615171769 2.824596276676936 43
1739615171809 0.5291534412540638 44
1739615171849 4.819143937427589 45
1739615171890 1.0184880649167032 46
1739615171931 0.0009564067099928829 47
1739615171972 15.661062435859078 48
1739615172014 0.013464193679718801 49
1739615172054 4.638692169416042 50
1739615172094 0.0003618457220242212 51
1739615172133 1.0183756030671796 52
1739615172173 2.1449274232669966 53
1739615172213 0.05361668221309976 54
1739615172252 0.051215967981591407 55
1739615172292 2.156647492050263 56
1739615172331 0.39781007173126737 57
1739615172371 6.65374431726216 58
1739615172410 6.284833805365204 59
1739615172450 0.5340332021873493 60
1739615172490 3.838566127552172 61
1739615172529 0.3320707214322502 62
1739615172569 0.3614038015557496 63
1739615172609 3.6618783034347167 64
1739615172649 0.6609177784466069 65
1739615172689 0.25253142834327297 66
1739615172729 0.3870662474804275 67
1739615172768 1.8293348486694567 68
1739615172807 0.1973000848927062 69
1739615172848 0.0007705204039478825 70
1739615172887 0.12523269566103248 71
1739615172928 5.534034659294051 72
1739615172968 1.5473351283638757 73
1739615173008 4.71019429517757 74
1739615173049 2.5563840824612285 75
1739615173091 0.021810731490088806 76
1739615173130 0.2781296318924215 77
1739615173170 0.0019264390725374965 78
1739615173212 1.7180140239350148 79
1739615173251 0.0015617854712766715 80
1739615173291 1.0209151622108787 81
1739615173330 0.15517761883459677 82
1739615173371 1.6301160658464997 83
1739615173447 1.2594257406903946 84
1739615173488 0.6334547551329781 85
1739615173529 0.000554500887645098 86
1739615173569 0.5742513982623236 87
1739615173609 1.0154746599057278 88
1739615173649 1.122978461856644 89
1739615173688 0.010617234420022603 90
1739615173728 0.8435283614315937 91
1739615173768 2.790551851653486 92
1739615173807 2.5163686583909795 93
1739615173847 0.00899732174412699 94
1739615173887 1.0552114167967876 95
1739615173927 0.7316661496477437 96
1739615173966 0.17848369246811632 97
1739615174005 2.482194785184091 98
1739615174045 0.6031238655551823 99
1739615174084 0.517047396637462 100
1739615174124 0.38541212562567867 101
1739615174165 2.495259941603868 102
1739615174205 3.204199562353452 103
1739615174244 0.6927821007496838 104
1739615174286 0.12123977659743009 105
1739615174325 0.00021383850530135511 106
1739615174366 0.8947486067578937 107
1739615174405 0.5468884008200117 108
1739615174445 3.1476407836354303 109
1739615174484 0.5584678761450907 110
1739615174524 1.935606769230328 111
1739615174565 5.664419281971856 112
1739615174605 0.6534514778398977 113
1739615174645 7.194983834058551 114
1739615174684 1.0074958778057312 115
1739615174724 0.5479591530836709 116
1739615174763 0.10344340061176112 117
1739615174803 0.49543319387579215 118
1739615174842 0.31575794202203633 119
1739615174882 0.037060769609396714 120
1739615174921 1.3286583011513982 121
1739615174962 0.19581276961645788 122
1739615175002 1.0845389730543593 123
1739615175043 2.916604740806389 124
1739615175084 0.16020717734445758 125
1739615175123 2.9074014119602722 126
1739615175163 0.20756754068186017 127
1739615175205 2.7230239621057373 128
1739615175244 2.8574489321760232 129
1739615175284 0.06518827442150456 130
1739615175324 1.5349720304084105 131
1739615175363 0.20546384656433325 132
1739615175402 2.575783958924136 133
1739615175441 3.6822721105890808 134
1739615175481 0.31340353850197805 135
1739615175521 0.1866381110343029 136
1739615175560 0.8247359464410804 137
1739615175600 0.0590487287290697 138
1739615175640 0.026936666107777844 139
1739615175679 0.45578033513336313 140
1739615175719 0.12582538584680342 141
1739615175758 0.6408445484672438 142
1739615175799 1.3940935337604163 143
1739615175838 0.21569607084110945 144
1739615175878 2.7265948523081325 145
1739615175917 0.28870595924261105 146
1739615175957 0.4145754436631208 147
1739615175996 4.2562521757278065 148
1739615176036 0.03411794945694659 149
1739615176076 5.7097847833109325 150
1739615176115 1.4445905723921735 151
1739615176155 1.653694269893152 152
1739615176196 0.7826586744193514 153
1739615176236 0.35320043856097155 154
1739615176276 6.875270723745628 155
1739615176316 0.7153802099774882 156
1739615176355 0.11783707243583837 157
1739615176397 0.0005764271337757336 158
1739615176436 1.3039574340423554 159
1739615176477 0.004747843496045203 160
1739615176516 0.7847407657447133 161
1739615176555 0.08581755057106605 162
1739615176595 0.5055792086792775 163
1739615176634 2.7278900665457924 164
1739615176673 1.557188390570263 165
1739615176713 0.26585820827867485 166
1739615176798 0.017212294122635932 167
1739615176837 2.8063396971435126 168
1739615176877 0.40896838709169014 169
1739615176918 1.9476685220079442 170
1739615176957 0.003018647663495591 171
1739615176997 0.44213767850328234 172
1739615177037 0.7657116310278284 173
1739615177076 0.34268084445667085 174
1739615177116 0.8113246659821463 175
1739615177155 15.02388380954402 176
1739615177197 4.365508590203779 177
1739615177236 0.8577324671728703 178
1739615177275 8.202063692588174 179
1739615177315 0.03030661472399327 180
1739615177357 0.5280842252337371 181
1739615177397 1.3769772516983283 182
1739615177436 0.48303976729749387 183
1739615177475 0.8161980877093211 184
1739615177517 0.515931165742654 185
1739615177557 0.8545239231274013 186
1739615177596 0.9819170982121046 187
1739615177636 1.1139085893425664 188
1739615177675 0.8582789591214837 189
1739615177715 0.034522435559820604 190
1739615177757 0.986934688364191 191
1739615177798 0.27861488585455657 192
1739615177837 1.235176362358418 193
1739615177876 0.6302902129859406 194
1739615177916 5.990057279951588 195
1739615177955 0.49445145274192953 196
1739615177995 0.24390097254975587 197
1739615178034 0.2687601277340737 198
1739615178074 1.1500291002974323 199
1739615178114 4.574085827209001 200
1739615178153 0.5272809549480937 201
1739615178192 0.13770783442293127 202
1739615178232 1.0667215524906235 203
1739615178272 0.029273510618397863 204
1739615178311 0.7797023927760216 205
1739615178350 1.1481479156088492 206
1739615178389 0.8645222412505997 207
1739615178429 0.2035806205633605 208
1739615178469 2.1901422030222156e-05 209
1739615178510 0.04604996292743289 210
1739615178549 1.5626325889048855 211
1739615178588 0.0487095922814123 212
1739615178628 0.02716191434567392 213
1739615178668 0.4339259911525754 214
1739615178708 0.25928000771103155 215
1739615178748 2.6138027956845615 216
1739615178787 0.29953082490338256 217
1739615178827 2.7788278803737376 218
1739615178866 2.865627993517116 219
1739615178906 0.16773804620428645 220
1739615178945 0.8195764175832841 221
1739615178985 0.05909162524142867 222
1739615179024 0.734626678747317 223
1739615179063 0.0018044923122120654 224
1739615179103 0.04202007250978567 225
1739615179143 0.30294917150749845 226
1739615179182 0.407199614133019 227
1739615179222 0.4875082088159784 228
1739615179262 5.6166577305678915 229
1739615179302 0.49581364096585073 230
1739615179342 0.7784104132022043 231
1739615179381 0.7787119344762097 232
1739615179421 0.7870165851404386 233
1739615179461 0.2554464527844046 234
1739615179500 0.7246641971823116 235
1739615179540 1.9032766519173716 236
1739615179579 0.19295359632172507 237
1739615179618 1.1681604790929092 238
1739615179658 0.01610060609149971 239
1739615179698 0.007233675465206972 240
1739615179738 2.0070407768750727 241
1739615179777 0.24552441931849886 242
1739615179816 0.23491487237741035 243
1739615179856 0.011430062708238962 244
1739615179895 0.2656749401927614 245
1739615179935 0.001883872168845964 246
1739615179974 0.23089442492583104 247
1739615180014 0.14054811447116844 248
1739615180053 2.3377603999782477 249
1739615180093 0.09839151200506695 250
1739615180132 0.021067575434527662 251
1739615180172 2.4009925359939954 252
1739615180211 0.026526212290265 253
1739615180251 1.2504114626186658 254
1739615180291 2.5226905408195546e-05 255
1739615180330 2.2610670766286574 256
1739615180370 0.3316588450281534 257
1739615180409 0.3488595446270351 258
1739615180449 0.01005703628196068 259
1739615180489 0.38636365255526084 260
1739615180529 0.5599146135712066 261
1739615180569 1.2401380896616894 262
1739615180608 6.680669954874556e-06 263
1739615180648 0.2150322751340427 264
1739615180688 0.13681031803645058 265
1739615180728 0.4020271241948115 266
1739615180768 0.07223715220286879 267
1739615180807 0.3921950715655907 268
1739615180847 0.4993566482634071 269
1739615180886 0.0220339143927697 270
1739615180926 0.767406083135566 271
1739615180965 0.2227014659121372 272
1739615181005 2.558962257110985 273
1739615181045 2.0660212078924993 274
1739615181084 0.025383534711647223 275
1739615181124 0.010045622691939222 276
1739615181164 0.0009394590715154503 277
1739615181203 3.289605635216371 278
1739615181243 0.09815722477421175 279
1739615181282 2.530818499950163 280
1739615181321 0.08507806063453845 281
1739615181361 7.890090958049328 282
1739615181401 0.005154805238424716 283
1739615181440 2.0403548016537894 284
1739615181480 1.6128858972140188 285
1739615181519 0.07463442554375058 286
1739615181561 0.03969681907983264 287
1739615181601 2.219741023440019 288
1739615181642 0.35167294002813243 289
1739615181682 0.07286597352906993 290
1739615181722 0.11178547501020711 291
1739615181763 1.2812871046722742 292
1739615181802 9.754099308102802 293
1739615181841 9.125896306495592 294
1739615181881 0.00014248026621910723 295
1739615181920 0.5778299193080816 296
1739615181960 0.4293770158389095 297
1739615181999 0.3442572341052967 298
1739615182039 4.701329638231939 299
1739615182079 0.14244036260611462 300
1739615182118 0.003982455953263513 301
1739615182158 0.009846556764030137 302
1739615182198 6.877478995226471 303
1739615182237 0.10506827069623166 304
1739615182276 1.0285812033158017 305
1739615182315 3.4555740177238965 306
1739615182355 0.7521985595327894 307
1739615182394 22.00712832452389 308
1739615182433 0.9917739761663954 309
1739615182472 2.0690601293429136 310
1739615182511 0.8377898795808433 311
1739615182550 0.8257584461231523 312
1739615182590 14.254759257926036 313
1739615182629 0.6889897432073083 314
1739615182668 2.747099875234382 315
1739615182707 1.2480133650295255 316
1739615182748 1.4139072812427487 317
1739615182788 1.1096271586507989 318
1739615182827 0.014193267304443615 319
1739615182867 0.034895943710896445 320
1739615182908 0.7528100628043171 321
1739615182948 0.00392032368283972 322
1739615182987 0.6769638492848173 323
1739615183026 0.003192264172425892 324
1739615183066 8.464731532586018 325
1739615183106 0.157487200009471 326
1739615183145 0.735106230337869 327
1739615183185 0.00241486980722095 328
1739615183225 0.3006803013736849 329
1739615183264 0.3215643774400534 330
1739615183303 0.7791754966831708 331
1739615183343 3.073517372397975 332
1739615183383 0.0833635174721318 333
1739615183421 0.17091102779184797 334
1739615183461 0.20551766629144166 335
1739615183501 4.285296752356142 336
1739615183541 0.011753588135373829 337
1739615183580 0.9987976684125248 338
1739615183620 0.2913375608305653 339
1739615183660 7.7225723176775665 340
1739615183699 0.12188152786965527 341
1739615183738 2.1032716094432784 342
1739615183778 2.906644725245606 343
1739615183817 0.7470191548304033 344
1739615183856 2.3128026910213904 345
1739615183896 0.3844876420604301 346
1739615183935 0.6005294480479099 347
1739615183975 0.12798469998711878 348
1739615184015 0.3354119949599112 349
1739615184054 1.2128738814552962 350
1739615184094 0.23827197422040372 351
1739615184133 0.8865152478481231 352
1739615184172 1.900465121133124 353
1739615184212 0.007194252515121248 354
1739615184251 0.2262391733296841 355
1739615184291 0.8545941304951347 356
1739615184331 2.6194034628892613 357
1739615184371 0.027951014016542063 358
1739615184411 0.1952187777050436 359
1739615184451 0.04928449155917682 360
1739615184491 1.0755770154230486 361
1739615184530 3.2440842539064265 362
1739615184570 1.7814048227076318 363
1739615184610 4.366313463391259 364
1739615184649 0.08431308381069766 365
1739615184689 0.0005311973160881542 366
1739615184728 0.014841827659910305 367
1739615184768 0.6300124338278286 368
1739615184809 0.03532219648372831 369
1739615184849 1.6314101285688127 370
1739615184889 0.031623956865391434 371
1739615184928 0.03815533478554493 372
1739615184967 5.750314778187355 373
1739615185008 1.1634097451723284 374
1739615185048 0.13406712397765014 375
1739615185087 0.12711299459868483 376
1739615185127 6.890824518969295 377
1739615185166 0.3215400800217859 378
1739615185206 0.43723248450252694 379
1739615185245 11.156026035179254 380
1739615185284 3.4177258104877484 381
1739615185323 0.09940563068658577 382
1739615185363 1.9875253330137925 383
1739615185402 2.651580367609206 384
1739615185442 0.7018775002195391 385
1739615185481 0.1266957451903521 386
1739615185520 0.0383732760435397 387
1739615185560 0.6900176425615806 388
1739615185599 0.18007940439212794 389
1739615185639 7.2892820292340765 390
1739615185679 0.0008817581566702047 391
1739615185718 0.10241365709103971 392
1739615185758 0.08103983510538693 393
1739615185797 3.0117628162032886 394
1739615185837 0.23405232056869182 395
1739615185876 0.8375488143737939 396
1739615185916 0.8765372059013106 397
1739615185955 0.17297581435579182 398
1739615185994 2.237218410080814 399
1739615186034 4.841914791419578 400
1739615186074 0.5947680958460533 401
1739615186113 0.5555766000658221 402
1739615186154 1.3101175406523078 403
1739615186194 1.6732368129076718 404
1739615186234 14.81262221477618 405
1739615186273 0.051886210413489495 406
1739615186312 0.059008231900178794 407
1739615186352 0.566846430731171 408
1739615186392 8.286004397608789 409
1739615186432 0.07623022423052084 410
1739615186471 0.1021969071614404 411
1739615186510 0.04814419265295445 412
1739615186550 4.175835483110206 413
1739615186589 0.687017143104199 414
1739615186629 1.0052367203775439 415
1739615186668 0.8234890998606121 416
1739615186708 0.6982398770808813 417
1739615186748 0.0006905250189978199 418
1739615186788 0.043162851472831526 419
1739615186827 0.13378539880213922 420
1739615186867 4.0438550125081165e-05 421
1739615186907 0.9214673257453934 422
1739615186947 0.36070531132111183 423
1739615186987 0.4134843480749887 424
1739615187028 0.004391568036209678 425
1739615187067 1.1113471003589144 426
1739615187106 0.188752245604304 427
1739615187146 0.6330267490046769 428
1739615187185 0.2693967920806275 429
1739615187224 0.1952611446114126 430
1739615187264 0.0274700953832528 431
1739615187303 0.03356247612016944 432
1739615187343 1.357481061552626 433
1739615187383 1.128397966894596 434
1739615187423 3.637881139692381 435
1739615187463 5.6952144591389 436
1739615187502 0.010260380611648282 437
1739615187544 1.9081626274706118 438
1739615187584 0.07235294161135399 439
1739615187624 0.058291182943386005 440
1739615187665 2.2838963393224354 441
1739615187704 4.351167086209707 442
1739615187745 1.388773955057377 443
1739615187785 1.7846581616111592 444
1739615187825 0.07519750861751062 445
1739615187865 0.0013208597875385604 446
1739615187906 0.9987882921245754 447
1739615187946 0.4423271663768274 448
1739615187986 0.03514000801044003 449
1739615188025 0.006617207482487132 450
1739615188065 0.13878132590835152 451
1739615188105 0.22370060478170237 452
1739615188145 1.2842187497075883 453
1739615188184 0.45349336773060916 454
1739615188224 0.2769629870555521 455
1739615188263 6.814339415920252 456
1739615188302 0.5724145661749239 457
1739615188343 0.39105345225223415 458
1739615188382 0.16155795730775777 459
1739615188422 0.5228550877336473 460
1739615188462 8.858416612448517 461
1739615188500 0.4019299083069326 462
1739615188540 2.5452372388428968 463
1739615188580 2.3161878266548652 464
1739615188619 0.22821479397312447 465
1739615188658 0.0005809232414996162 466
1739615188698 0.34096495799495413 467
1739615188738 0.3807155912747902 468
1739615188777 0.9453445610332751 469
1739615188816 0.7561976246226111 470
1739615188855 1.8050980164242878e-06 471
1739615188895 0.24767597818050796 472
1739615188935 0.7905526326906864 473
1739615188975 3.7442556376448657 474
1739615189014 0.45679251599013265 475
1739615189054 1.4090308526615118 476
1739615189095 0.960415107296944 477
1739615189135 4.157881590245306 478
1739615189175 0.14942014798241257 479
1739615189215 0.9382082625187276 480
1739615189254 0.7406959120140325 481
1739615189294 0.014740961388641581 482
1739615189333 0.25088180696483503 483
1739615189373 0.26799528567745684 484
1739615189412 1.6083682020873846 485
1739615189482 0.5224693210653601 486
1739615189522 0.06374251130139458 487
1739615189562 0.07094866107324527 488
1739615189601 2.1825885273608407 489
1739615189640 0.4527201018961366 490
1739615189680 0.1794035998099228 491
1739615189719 0.2027089952903424 492
1739615189759 0.0002418714557485491 493
1739615189798 5.511061043912638 494
1739615189838 0.6959716453936413 495
1739615189879 0.2837568342685097 496
1739615189919 0.19750130981165298 497
1739615189964 0.13402497459725055 498
1739615190006 0.9692512602505153 499
