1739613805651 172.71663924601498 0
1739613805662 169.5513921723581 1
1739613805675 166.43899398765802 2
1739613805686 173.09939436360287 3
1739613805697 166.44922397528254 4
1739613805708 164.02300560897012 5
1739613805720 160.2683280729881 6
1739613805731 162.90487978832044 7
1739613805741 165.37441994025286 8
1739613805752 168.14589410237642 9
1739613805762 158.43753239213737 10
1739613805773 163.49474710784855 11
1739613805784 169.4077166342768 12
1739613805794 163.29621257103412 13
1739613805805 161.85002817013049 14
1739613805815 157.6721338468232 15
1739613805826 159.68516860378872 16
1739613805838 158.68608841790288 17
1739613805849 160.8918364010459 18
1739613805860 159.2688608362195 19
1739613805870 165.90728092240175 20
1739613805880 157.14240382759198 21
1739613805890 156.0534842826136 22
1739613805900 158.60600719137537 23
1739613805911 152.07105373795162 24
1739613805921 160.95147663425644 25
1739613805932 156.16828114834735 26
1739613805942 156.11646837468078 27
1739613805952 155.5087448130271 28
1739613805962 154.79018902049506 29
1739613805973 161.02226063851043 30
1739613805984 152.51312898882085 31
1739613805998 151.6453506471396 32
1739613806012 161.36553102733072 33
1739613806033 156.28075472780753 34
1739613806046 155.78141116433514 35
1739613806058 155.21430329287637 36
1739613806071 152.03124739373965 37
1739613806086 151.43982855233236 38
1739613806099 151.06465053622452 39
1739613806112 151.1578028078876 40
1739613806125 148.5455164551924 41
1739613806137 150.24068061227902 42
1739613806150 146.1553629075038 43
1739613806166 144.65882327331474 44
1739613806179 145.7338273376258 45
1739613806193 149.96620325919514 46
1739613806210 146.48585851691786 47
1739613806223 150.53593551246237 48
1739613806235 148.62981300911756 49
1739613806250 147.0503067370402 50
1739613806267 147.61582217534388 51
1739613806279 145.5061502195963 52
1739613806291 148.1735178689537 53
1739613806307 146.09197434247193 54
1739613806321 147.6827330990861 55
1739613806334 144.77147273421855 56
1739613806348 145.58519570094512 57
1739613806362 145.83729973096345 58
1739613806379 138.49883925667424 59
1739613806392 140.85540658591842 60
1739613806404 148.0448957940419 61
1739613806417 139.41401195850406 62
1739613806430 141.15709927970119 63
1739613806443 143.2099387775232 64
1739613806456 137.27796351481248 65
1739613806473 140.32773393995333 66
1739613806486 139.58831452329042 67
1739613806499 141.574602478608 68
1739613806511 138.05276614767558 69
1739613806524 140.0836158598313 70
1739613806537 139.88169971815168 71
1739613806558 137.82910388855734 72
1739613806570 138.9214722740454 73
1739613806583 134.87370929491004 74
1739613806596 132.5554382999193 75
1739613806610 135.43338671989702 76
1739613806623 136.81651315883687 77
1739613806645 139.48908470873673 78
1739613806658 134.50867612590122 79
1739613806670 133.19291346574155 80
1739613806682 134.27932481768937 81
1739613806695 132.93871481036578 82
1739613806707 134.00780994154368 83
1739613806721 129.9821182535664 84
1739613806734 132.00582967964073 85
1739613806750 133.24924135057046 86
1739613806762 129.1587189362763 87
1739613806775 133.15785748459902 88
1739613806788 130.11631900462714 89
1739613806802 135.04453370191607 90
1739613806814 131.02883190094212 91
1739613806833 133.87054356033124 92
1739613806847 129.55050915775857 93
1739613806861 128.7550539159238 94
1739613806873 129.50393386153223 95
1739613806896 127.92968282397811 96
1739613806909 127.39966040168852 97
1739613806922 129.12072718039755 98
1739613806935 132.69682844715425 99
1739613806951 128.82707407522693 100
1739613806977 128.14898689263683 101
1739613806990 125.94374242184 102
1739613807003 125.67184191481884 103
1739613807016 125.03117566490623 104
1739613807031 125.77700114730706 105
1739613807042 124.31833538805918 106
1739613807054 120.91305772672605 107
1739613807064 123.11382523015892 108
1739613807074 122.68808457787108 109
1739613807085 122.2652214399179 110
1739613807095 121.21707974796942 111
1739613807106 121.4105752961801 112
1739613807117 121.91595573062796 113
1739613807128 123.11575779624864 114
1739613807138 121.26144244747468 115
1739613807149 122.02218168317262 116
1739613807159 122.26437677570453 117
1739613807170 118.01757916764366 118
1739613807181 120.24509087868884 119
1739613807191 122.04472747528462 120
1739613807202 123.52574015243137 121
1739613807212 122.21384531590536 122
1739613807223 119.16055610951122 123
1739613807233 118.99565179274047 124
1739613807243 118.95134308918135 125
1739613807254 117.60429237535513 126
1739613807265 116.16735569164577 127
1739613807276 118.50890466314699 128
1739613807287 115.95775924372721 129
1739613807298 116.09224705970074 130
1739613807308 118.16014078964321 131
1739613807318 113.4457479051734 132
1739613807329 113.43901922023765 133
1739613807339 116.9838616561928 134
1739613807350 119.58087596532546 135
1739613807360 113.14612461022075 136
1739613807371 117.89724814527598 137
1739613807382 113.57381093900382 138
1739613807392 112.74106700677247 139
1739613807403 117.23373279701455 140
1739613807414 115.01764991461731 141
1739613807424 114.03648521667851 142
1739613807436 115.87068363802491 143
1739613807446 114.84846772233503 144
1739613807457 109.83930498465887 145
1739613807467 112.83556273855386 146
1739613807478 107.87926809627946 147
1739613807488 111.20033768994523 148
1739613807498 111.76321370046703 149
1739613807508 110.12693611981744 150
1739613807519 110.61358567512495 151
1739613807529 111.42376441042279 152
1739613807540 110.32077273678443 153
1739613807551 111.11115260662447 154
1739613807561 112.8215577950249 155
1739613807572 109.00451832843721 156
1739613807583 109.02277579362477 157
1739613807593 109.26274729831408 158
1739613807604 109.17674417349755 159
1739613807614 106.42078469049748 160
1739613807625 108.37139060722288 161
1739613807635 105.3071627036313 162
1739613807645 105.68211584375815 163
1739613807656 108.7907511753905 164
1739613807667 109.25875130254398 165
1739613807677 106.83244286279246 166
1739613807688 103.70035909233734 167
1739613807699 103.33260039544484 168
1739613807709 103.53950841944162 169
1739613807720 106.77602480274804 170
1739613807735 105.82642657355396 171
1739613807745 105.98128646293507 172
1739613807757 106.75156188453475 173
1739613807767 101.88717389506137 174
1739613807778 103.03075332827652 175
1739613807791 102.62677138630978 176
1739613807802 101.91475777332062 177
1739613807813 104.69299949684459 178
1739613807823 99.30303290006819 179
1739613807834 102.47360822131677 180
1739613807844 106.85021114377768 181
1739613807855 101.32433588947052 182
1739613807866 99.59291652280247 183
1739613807876 102.98894016168764 184
1739613807888 100.65905662857122 185
1739613807899 94.81109568397905 186
1739613807916 96.38661450722252 187
1739613807932 100.32723476507462 188
1739613807942 104.48664442583838 189
1739613807953 100.30900105892346 190
1739613807967 98.54675292424878 191
1739613807981 98.12130227832259 192
1739613807998 98.08410722289808 193
1739613808011 97.71203495903242 194
1739613808026 96.57555770535774 195
1739613808041 102.65533071023192 196
1739613808053 95.94511553604852 197
1739613808082 97.49709219084842 198
1739613808094 96.51284950507811 199
1739613808106 96.63981238604059 200
1739613808120 97.04153686606882 201
1739613808135 95.2576896218782 202
1739613808147 96.48567379425285 203
1739613808162 96.1429903302518 204
1739613808174 95.8974014932758 205
1739613808188 90.90717367536242 206
1739613808202 93.85403288410231 207
1739613808216 95.08208574792536 208
1739613808229 97.24291481836023 209
1739613808242 97.08470627702896 210
1739613808270 92.60028649835685 211
1739613808282 92.46604479319134 212
1739613808293 91.77481823325768 213
1739613808304 93.26008073671457 214
1739613808319 92.28664366906753 215
1739613808332 88.90657958960642 216
1739613808347 95.83914874066647 217
1739613808357 92.1911423160251 218
1739613808368 89.60634502015282 219
1739613808379 91.89599126311738 220
1739613808390 93.87888196657235 221
1739613808401 94.73205116794583 222
1739613808412 91.93805867852674 223
1739613808423 89.45083706115872 224
1739613808433 88.33711139577281 225
1739613808444 90.40575490187383 226
1739613808454 88.82061253492192 227
1739613808466 88.01554098576034 228
1739613808476 85.19751652112915 229
1739613808487 84.15301746487614 230
1739613808498 85.41571265053406 231
1739613808508 88.55335613203331 232
1739613808519 90.72902358008677 233
1739613808529 87.13022323511706 234
1739613808541 86.83354712822974 235
1739613808553 85.50615889013112 236
1739613808563 87.57283969281552 237
1739613808574 85.5129750539711 238
1739613808585 87.60245561576102 239
1739613808595 87.63870001795397 240
1739613808606 88.09470870060716 241
1739613808617 86.86643504845381 242
1739613808627 87.16156111994978 243
1739613808638 84.3372788793398 244
1739613808649 84.25826125697235 245
1739613808660 85.34861044495307 246
1739613808673 87.8214506476417 247
1739613808686 86.24492763644655 248
1739613808701 87.89310618810903 249
1739613808714 86.24101022294649 250
1739613808726 83.71459689201922 251
1739613808752 82.98965543917079 252
1739613808766 85.92482726337713 253
1739613808777 83.67915075870319 254
1739613808789 86.8975707087265 255
1739613808801 82.11834715923911 256
1739613808819 78.87697862964811 257
1739613808836 82.3868936911804 258
1739613808850 83.73162065580256 259
1739613808872 82.39479937831288 260
1739613808889 81.3917590494573 261
1739613808903 83.52633524721165 262
1739613808917 80.87613839914273 263
1739613808931 83.11124152031005 264
1739613808953 81.44626456314678 265
1739613808969 82.11165556897406 266
1739613808981 86.07283955046229 267
1739613808992 79.32962233771448 268
1739613809005 81.9051194496524 269
1739613809022 80.46635373110287 270
1739613809039 79.67965619149477 271
1739613809054 80.07843681835966 272
1739613809065 80.10506792738806 273
1739613809075 77.92799295807869 274
1739613809086 76.96580407792081 275
1739613809096 80.83124752541639 276
1739613809107 82.65753342854035 277
1739613809117 79.44566697559083 278
1739613809128 78.51898484984673 279
1739613809140 78.1624902468375 280
1739613809151 78.41265896337372 281
1739613809161 81.40127430839911 282
1739613809172 79.31297032784525 283
1739613809182 80.2904599230591 284
1739613809193 79.57909527768832 285
1739613809204 79.01462410992997 286
1739613809214 79.06167618779148 287
1739613809224 78.03520057426543 288
1739613809235 78.69679432377224 289
1739613809245 78.8793237435684 290
1739613809256 79.61659430085793 291
1739613809267 76.9318884625026 292
1739613809277 72.90051615492703 293
1739613809288 76.73140015666898 294
1739613809298 72.28715734915143 295
1739613809308 76.42490198648142 296
1739613809319 75.39716995672431 297
1739613809329 77.19717245488378 298
1739613809340 71.90398897169698 299
1739613809351 75.16929906557166 300
1739613809361 75.3619836958515 301
1739613809372 71.51856822529015 302
1739613809382 69.93442921003962 303
1739613809393 73.22201472733326 304
1739613809403 73.91153482710071 305
1739613809414 73.49697430800198 306
1739613809424 69.8358154868853 307
1739613809435 69.71280229670212 308
1739613809445 72.14138695190366 309
1739613809455 72.71669336208664 310
1739613809465 72.93742016504834 311
1739613809476 71.8527979012281 312
1739613809486 73.33522925079335 313
1739613809497 72.9852133479257 314
1739613809507 74.9753857723204 315
1739613809518 74.00075387304781 316
1739613809528 74.51825426530175 317
1739613809539 69.49057415661615 318
1739613809551 69.81321375837796 319
1739613809561 65.66981638366823 320
1739613809573 69.48726964365645 321
1739613809583 72.26515339928143 322
1739613809594 75.19250975171809 323
1739613809604 70.11810495280943 324
1739613809615 71.25462375688639 325
1739613809625 65.31449004684151 326
1739613809636 70.26952969886344 327
1739613809647 67.830973338837 328
1739613809657 67.08727925679658 329
1739613809669 73.56903125939262 330
1739613809680 67.36967937328633 331
1739613809690 64.45741371599279 332
1739613809701 69.49192910250474 333
1739613809712 69.20425705041175 334
1739613809722 62.42313156502014 335
1739613809734 64.54036041966903 336
1739613809744 74.14707335989199 337
1739613809755 66.63302882958772 338
1739613809765 71.86877774732386 339
1739613809776 67.14147331820931 340
1739613809786 69.90919261646889 341
1739613809805 67.03740226150933 342
1739613809817 64.95890850054442 343
1739613809829 67.13653504630587 344
1739613809840 70.42369307536327 345
1739613809851 66.40360673108879 346
1739613809861 69.84520679366845 347
1739613809871 65.363484581482 348
1739613809881 67.25390661498567 349
1739613809891 64.29196966252883 350
1739613809903 63.16777051584329 351
1739613809915 61.737052736073494 352
1739613809926 59.73266921792024 353
1739613809937 63.70637103754784 354
1739613809947 62.20764223390509 355
1739613809957 64.70791375416951 356
1739613809968 68.81994573275972 357
1739613809979 70.93351057344123 358
1739613809990 66.41420056313082 359
1739613810001 68.05032642671468 360
1739613810012 61.92986752176919 361
1739613810023 66.43327119324115 362
1739613810033 59.487399594251386 363
1739613810043 62.70503372776108 364
1739613810054 61.18027540751109 365
1739613810064 66.4055915891315 366
1739613810076 66.08638212092379 367
1739613810087 62.51128881361127 368
1739613810097 63.73153051256632 369
1739613810107 62.52489161102131 370
1739613810118 59.9928123106092 371
1739613810128 71.28258519538294 372
1739613810139 57.73056057126466 373
1739613810150 62.7318622567457 374
1739613810161 59.275125618204136 375
1739613810171 60.56614065651597 376
1739613810182 64.39023498467841 377
1739613810193 60.712479904912904 378
1739613810204 56.04066346311171 379
1739613810215 55.404073291092516 380
1739613810226 61.46730878622625 381
1739613810239 60.58519191587052 382
1739613810250 60.14785831879261 383
1739613810261 60.30954390328272 384
1739613810271 59.34026591304591 385
1739613810282 56.50187709351895 386
1739613810292 61.10490887217455 387
1739613810302 58.988572939102994 388
1739613810312 60.59020946572323 389
1739613810323 54.79341918647335 390
1739613810333 57.89379372404789 391
1739613810344 62.85093200815606 392
1739613810355 59.98439277187082 393
1739613810365 63.33731870874749 394
1739613810376 55.99713222610323 395
1739613810386 61.13874726807704 396
1739613810396 57.801784284591754 397
1739613810406 61.13586764398365 398
1739613810417 61.157144224786755 399
1739613810427 57.088634123413364 400
1739613810437 61.22249653011389 401
1739613810448 62.8675968842082 402
1739613810458 54.76387648839233 403
1739613810469 57.985434515459026 404
1739613810480 61.02943291048092 405
1739613810490 52.99000939279851 406
1739613810501 55.85882234387852 407
1739613810511 53.963824201550246 408
1739613810522 56.631386921158175 409
1739613810532 54.53221756863657 410
1739613810543 53.615427886687606 411
1739613810554 56.12275727959296 412
1739613810565 59.366414356199286 413
1739613810575 54.484287418026604 414
1739613810586 59.776025156582534 415
1739613810597 59.13853390810733 416
1739613810607 57.88943103582616 417
1739613810618 56.16189486829709 418
1739613810628 53.47456406147775 419
1739613810639 60.47117884150576 420
1739613810650 57.05832948913483 421
1739613810660 55.596298598905044 422
1739613810671 57.38597547652348 423
1739613810681 54.62941885590959 424
1739613810692 56.528176952913334 425
1739613810707 55.424544533557615 426
1739613810722 59.4096990707083 427
1739613810734 55.46153139130665 428
1739613810754 52.49760597863643 429
1739613810768 53.42637408048101 430
1739613810780 57.75831236070047 431
1739613810790 58.681440263619805 432
1739613810801 51.88825229226126 433
1739613810812 48.02850901778043 434
1739613810822 53.73214479668044 435
1739613810832 57.18550775944101 436
1739613810843 58.14526141440056 437
1739613810854 51.25445199889107 438
1739613810864 51.47788323514151 439
1739613810874 54.779636050477805 440
1739613810885 49.94516043582487 441
1739613810895 55.199453000197884 442
1739613810905 50.64196406143504 443
1739613810915 56.21783607753373 444
1739613810925 52.47704467008134 445
1739613810936 50.44045563519906 446
1739613810947 57.07118809536321 447
1739613810957 56.31652177849634 448
1739613810967 48.18159081558035 449
1739613810977 57.79773928249965 450
1739613810988 61.260332367243606 451
1739613810998 48.04229165592172 452
1739613811008 51.28738407153194 453
1739613811018 52.54796708751096 454
1739613811029 53.86336745342351 455
1739613811039 53.39650288065349 456
1739613811050 60.08105594901257 457
1739613811060 48.1111057949915 458
1739613811072 49.918558535029796 459
1739613811083 43.72685363442842 460
1739613811093 54.52742995062918 461
1739613811105 50.933828709578954 462
1739613811116 47.66668122747651 463
1739613811126 56.50522823459892 464
1739613811137 45.39012287291214 465
1739613811147 51.637689199379764 466
1739613811158 53.76708172753291 467
1739613811168 49.16859836198627 468
1739613811179 48.708993413261595 469
1739613811189 53.88657229857731 470
1739613811200 47.254760432052414 471
1739613811211 52.70391018162693 472
1739613811222 48.41428978904312 473
1739613811233 47.07092803128361 474
1739613811243 48.234630947451045 475
1739613811254 48.64742565035602 476
1739613811264 50.951030977140334 477
1739613811275 47.29190082950699 478
1739613811286 44.588706796435616 479
1739613811296 48.786081651861096 480
1739613811307 46.242195730415965 481
1739613811317 48.48901680439305 482
1739613811327 46.88849417019492 483
1739613811338 44.61048182382337 484
1739613811348 45.777622466215824 485
1739613811359 48.63537508069344 486
1739613811369 49.20514919238215 487
1739613811381 54.138343331025936 488
1739613811391 50.326306301372064 489
1739613811402 50.05353176328559 490
1739613811412 46.3613259083093 491
1739613811423 49.810998342399564 492
1739613811434 48.984910237702145 493
1739613811445 48.580910298914105 494
1739613811455 48.107479416486235 495
1739613811467 47.497993489450536 496
1739613811477 45.86835199925086 497
1739613811487 39.43569887937703 498
1739613811498 48.820144702624255 499
