1739613367573 0.916830997289197 0
1739613367611 0.7452766400032844 1
1739613367649 15.699445343077151 2
1739613367686 0.015191570118328782 3
1739613367723 0.44847716118456726 4
1739613367761 0.21260963885426898 5
1739613367799 0.978045486236637 6
1739613367836 0.0414265242335629 7
1739613367874 1.3646177470634422 8
1739613367912 0.018414779397465702 9
1739613367949 0.7008605047373943 10
1739613367988 0.022505086121030516 11
1739613368024 8.2432747878124e-06 12
1739613368062 0.1549311117616798 13
1739613368108 0.3555529316179902 14
1739613368147 0.0020393669091596216 15
1739613368183 0.6924845180001797 16
1739613368220 0.3405504462256153 17
1739613368256 0.5621689741908106 18
1739613368295 0.12993674297369215 19
1739613368332 0.5669269020788523 20
1739613368368 0.9719280792800733 21
1739613368404 1.03033663372454 22
1739613368441 0.41727171620073333 23
1739613368480 0.01596389000832171 24
1739613368517 0.01627159221431426 25
1739613368554 0.2959138363348463 26
1739613368591 0.3444224458027202 27
1739613368629 2.6629034701169965 28
1739613368667 0.0017691217120133472 29
1739613368703 0.48616564648620775 30
1739613368740 0.02060555188302396 31
1739613368780 4.2617171441518416 32
1739613368819 0.3789452113478582 33
1739613368855 7.131535279474753 34
1739613368892 0.47511489424043196 35
1739613368931 0.15383965050031922 36
1739613368974 0.1511441425789005 37
1739613369012 1.5781756410883296 38
1739613369051 1.2754631162339078 39
1739613369096 2.1578991586642644 40
1739613369133 0.03432661149343065 41
1739613369169 0.36427456210082404 42
1739613369205 0.08562987516057811 43
1739613369240 0.05318403328754007 44
1739613369277 0.2044097502932933 45
1739613369315 5.0300111469541235 46
1739613369351 0.30229258948333687 47
1739613369387 0.001186523773527474 48
1739613369423 0.11678239402442774 49
1739613369460 0.6966684324364592 50
1739613369495 0.23859745557729645 51
1739613369531 0.028622383337089007 52
1739613369568 1.0719616705667048 53
1739613369604 0.3726193566659995 54
1739613369640 0.41313000193851185 55
1739613369677 0.23280171968015426 56
1739613369713 0.24996776269940005 57
1739613369749 0.5118661984939933 58
1739613369785 0.6862073721912237 59
1739613369821 0.4455303038625393 60
1739613369857 1.5884450303014925 61
1739613369893 0.9809678509602817 62
1739613369930 0.05391220207088277 63
1739613369965 2.545248845503151 64
1739613370001 0.19714152911444174 65
1739613370046 1.200236721414164 66
1739613370083 0.7327890603498638 67
1739613370120 0.23036321894924638 68
1739613370158 0.2977241627878629 69
1739613370198 0.8184492650150882 70
1739613370237 0.00035793924472155117 71
1739613370274 0.2566283080809068 72
1739613370314 0.0688852285115833 73
1739613370351 0.6426824604463134 74
1739613370389 1.648824687642084 75
1739613370428 1.205123083810561 76
1739613370467 0.034789410937003454 77
1739613370506 1.8281542058520899 78
1739613370546 2.550395367170388 79
1739613370585 0.35657301223688587 80
1739613370623 1.6179262715427858 81
1739613370663 1.9385640597909792 82
1739613370700 5.27433170491097 83
1739613370736 1.9029957061680076 84
1739613370773 0.5131719668291709 85
1739613370811 2.091338513771609 86
1739613370849 0.026278233256981236 87
1739613370885 0.9123138653913535 88
1739613370930 0.061842452087297335 89
1739613370967 9.31841404250758 90
1739613371004 2.420073987312686 91
1739613371041 0.013814398557897109 92
1739613371079 5.445575803669797 93
1739613371116 2.829234095562429 94
1739613371152 0.6588257552422674 95
1739613371189 0.17910124339554398 96
1739613371226 0.3421620390635985 97
1739613371264 0.051229669133473495 98
1739613371301 0.10032064138784602 99
1739613371337 0.01137980846887533 100
1739613371374 0.42425191252436867 101
1739613371413 0.024530194526026762 102
1739613371450 0.013710022642662781 103
1739613371487 0.024890010720985106 104
1739613371525 0.22273781993968741 105
1739613371562 4.021763772655778 106
1739613371600 3.86449065114506 107
1739613371636 0.4059128449187397 108
1739613371673 0.022430945215073758 109
1739613371712 0.007105351646065693 110
1739613371749 0.11904740926566186 111
1739613371785 0.013989852562601891 112
1739613371823 2.038790090721416 113
1739613371870 0.0012299118476954852 114
1739613371908 0.4888452452141835 115
1739613371947 0.07125097933791295 116
1739613371984 0.02216378625381577 117
1739613372021 0.32671686737418876 118
1739613372059 3.872852765926118 119
1739613372097 0.23404452180683036 120
1739613372134 1.4964343150764219 121
1739613372171 0.2829459504721602 122
1739613372209 0.6813936733970312 123
1739613372246 0.8057373289944794 124
1739613372284 0.8326446450392171 125
1739613372320 4.587030213837995 126
1739613372357 0.2643127465215964 127
1739613372394 3.950351760191446 128
1739613372432 1.0075175377958123 129
1739613372469 0.9373495590113909 130
1739613372506 0.8418390102551639 131
1739613372544 0.002292342697333422 132
1739613372581 0.0369300255676123 133
1739613372619 0.000903590686061502 134
1739613372656 0.06957147213612955 135
1739613372693 1.4084845297731525 136
1739613372730 0.06464770208802549 137
1739613372768 0.8403736149777413 138
1739613372814 0.14600534637868606 139
1739613372851 5.196072227499755 140
1739613372888 0.7841949548193384 141
1739613372925 1.5021851610691257 142
1739613372965 0.015128881940894524 143
1739613373001 7.25944059781232 144
1739613373038 0.3412429392493305 145
1739613373075 0.6770337698361536 146
1739613373113 0.15321219578855277 147
1739613373150 0.5292041521968675 148
1739613373186 15.776452141488786 149
1739613373223 0.7544614562323889 150
1739613373261 0.8760973160619839 151
1739613373299 0.2890107438901517 152
1739613373335 0.904989311079925 153
1739613373371 0.024513846376985123 154
1739613373408 4.836593258619695 155
1739613373446 1.6802238140890853 156
1739613373483 0.013171544476111432 157
1739613373520 2.8836664748217165 158
1739613373557 0.06016252663734352 159
1739613373594 1.194775759642437 160
1739613373630 4.746961042804542 161
1739613373666 2.458749493032379 162
1739613373702 0.23733320930171448 163
1739613373745 0.5865005828377087 164
1739613373781 1.9996160533449658 165
1739613373817 0.21624051445381698 166
1739613373853 0.1427963905314293 167
1739613373891 0.35777349140653286 168
1739613373927 0.017000467033971577 169
1739613373967 0.7573809132797124 170
1739613374005 0.4377426694637395 171
1739613374044 0.11712892630286884 172
1739613374084 0.013052817865558435 173
1739613374122 0.6064981839180262 174
1739613374162 0.07488384136663721 175
1739613374201 0.46379016805347106 176
1739613374239 2.0752211960871065 177
1739613374278 4.704369698149513 178
1739613374317 0.0008776149446031766 179
1739613374355 0.5366869971234628 180
1739613374393 0.1456349151013732 181
1739613374433 0.17779489958131728 182
1739613374471 0.3158755686062697 183
1739613374510 0.3887319300041488 184
1739613374550 0.9086606988576069 185
1739613374587 1.9700435546569748 186
1739613374635 0.07641041368542553 187
1739613374673 1.6104828353622909 188
1739613374714 1.1179814808967197 189
1739613374751 0.008320040598982838 190
1739613374788 0.5261939285175121 191
1739613374826 0.5683666884697787 192
1739613374866 0.1038184748199211 193
1739613374905 1.8296155193364654 194
1739613374944 0.39857957417596407 195
1739613374983 1.6451610257247353 196
1739613375022 0.2707507790926137 197
1739613375060 0.840052704951338 198
1739613375098 0.08750682735220022 199
1739613375135 3.2274066639114465 200
1739613375172 10.461582165526856 201
1739613375209 0.41207987682159375 202
1739613375247 8.03952116083504 203
1739613375283 0.0009481903781716037 204
1739613375322 1.228681011238264 205
1739613375360 0.3040966348815857 206
1739613375397 0.5234282666368241 207
1739613375434 0.18985820213449306 208
1739613375471 0.3302922951654323 209
1739613375510 1.141086386938473 210
1739613375557 0.23611826899879132 211
1739613375595 0.9763776082131593 212
1739613375632 1.0598998600429426e-07 213
1739613375670 7.625034917843153e-05 214
1739613375707 3.230032066148935 215
1739613375744 0.48962239138507657 216
1739613375783 0.012152233933124455 217
1739613375820 0.4930662968835929 218
1739613375857 1.0744788250543962 219
1739613375895 1.0717045772583362 220
1739613375932 0.027390143270953373 221
1739613375970 0.5457740933707073 222
1739613376009 0.058218265526980326 223
1739613376047 0.10805393114531774 224
1739613376083 0.2151174740420382 225
1739613376120 0.007461277111485798 226
1739613376158 0.24741076497366932 227
1739613376196 0.04963652245708907 228
1739613376233 1.2178774071474263 229
1739613376269 1.4613653515090232 230
1739613376306 16.933201063098892 231
1739613376344 0.19392424860489227 232
1739613376381 0.5956693702143226 233
1739613376418 0.03841187410386448 234
1739613376464 0.09031613697055647 235
1739613376501 0.5383280070902005 236
1739613376537 0.0004144602096476639 237
1739613376574 0.605282929433858 238
1739613376612 1.3814741226844505 239
1739613376649 0.5104265827101722 240
1739613376685 5.518002218785612 241
1739613376722 0.5868448082150617 242
1739613376758 1.2519465369400964 243
1739613376796 0.18752761585164945 244
1739613376833 2.217295656977181 245
1739613376870 0.023740951368212065 246
1739613376906 0.04278188253817315 247
1739613376944 0.3363755405881466 248
1739613376982 0.2517782772135243 249
1739613377020 0.12156056157098864 250
1739613377057 0.27746749644231977 251
1739613377095 1.4570403927232118 252
1739613377132 0.04659913183819285 253
1739613377169 0.8297648665042818 254
1739613377205 0.7222369052388107 255
1739613377243 0.8585632782992396 256
1739613377282 1.440945992249666 257
1739613377319 2.845760329219479 258
1739613377356 0.08485499675726252 259
1739613377403 2.236767649811063 260
1739613377442 0.5468248063537824 261
1739613377480 0.3816224215259815 262
1739613377516 0.9588634680105765 263
1739613377553 2.8289674334327346 264
1739613377593 1.2945078917599817 265
1739613377633 0.04504532976414117 266
1739613377672 0.46219659816759284 267
1739613377711 1.9153357426676307 268
1739613377751 3.2236362230307023 269
1739613377791 0.05034067880766812 270
1739613377832 2.141966973531731 271
1739613377869 0.385975709878737 272
1739613377910 0.2005823209561138 273
1739613377948 6.247712266286308 274
1739613377985 0.14277289950169392 275
1739613378023 2.1565875692464523e-05 276
1739613378063 0.7768933650407724 277
1739613378101 0.07188875211732242 278
1739613378140 0.3111013785197443 279
1739613378180 0.5299137759147108 280
1739613378219 0.8405305143531139 281
1739613378265 1.6729318891425329 282
1739613378303 0.6521888447025666 283
1739613378339 0.15435249279422114 284
1739613378377 0.3156840426737959 285
1739613378414 0.3725120017169884 286
1739613378451 0.1117930126749249 287
1739613378488 1.3624471520038486 288
1739613378525 0.006104181127284378 289
1739613378563 0.46184386770023855 290
1739613378687 0.5503336181647563 291
1739613378727 0.32932059378031475 292
1739613378766 0.6813964113995021 293
1739613378804 0.10353533938793713 294
1739613378844 0.26284977707233426 295
1739613378883 0.1120600691303273 296
1739613378922 0.6587979151819555 297
1739613378961 14.337332479458368 298
1739613379000 1.811034833847212 299
1739613379048 1.0287722810098736 300
1739613379086 2.148703288369378 301
1739613379126 1.4395876535037277 302
1739613379165 0.02831872742654322 303
1739613379204 0.026115694457631598 304
1739613379243 0.5074169008392746 305
1739613379283 1.1855113912878872 306
1739613379323 1.180932263173902 307
1739613379364 0.49276074133875825 308
1739613379401 4.1685739082414806 309
1739613379437 1.4539274933273116 310
1739613379474 0.4525817328369057 311
1739613379512 0.6515124273575424 312
1739613379549 0.0025970122656951027 313
1739613379586 0.49304319740162866 314
1739613379623 1.5123229543107444 315
1739613379661 2.1876031182235534 316
1739613379700 0.20583327115750885 317
1739613379739 4.887778670500854 318
1739613379778 1.128167512118499 319
1739613379817 9.762592247493787e-05 320
1739613379856 0.4632234794453461 321
1739613379895 2.54921237173526 322
1739613379933 0.1552468672017388 323
1739613379979 0.48777230620312256 324
1739613380017 1.1507074904581014 325
1739613380054 0.12873496157113337 326
1739613380091 0.21639340378965993 327
1739613380128 8.62120244138723 328
1739613380166 0.470758029707548 329
1739613380203 0.0029069742978298932 330
1739613380242 0.14894178338459593 331
1739613380280 1.1316760748003711 332
1739613380317 0.6033421871999225 333
1739613380354 0.47732907491785015 334
1739613380392 1.8608307481607382 335
1739613380429 0.12815165233518813 336
1739613380467 0.028412093474458992 337
1739613380504 0.9730600919431566 338
1739613380541 1.3162625818873985 339
1739613380579 3.4240144421892724 340
1739613380616 5.214200858228343 341
1739613380653 1.1961578801405526 342
1739613380690 0.36285570809002254 343
1739613380727 1.9921365265285589 344
1739613380765 1.018995408950625 345
1739613380802 4.111070832070426e-05 346
1739613380839 0.4532317502947897 347
1739613380876 0.002519710510677196 348
1739613380925 0.10937107913190618 349
1739613380963 0.9396857605806435 350
1739613381000 2.227124150640308 351
1739613381036 0.006170706162614945 352
1739613381072 0.013015519603060344 353
1739613381108 0.0070088566208470265 354
1739613381145 0.37932284228956764 355
1739613381182 0.5310428194775108 356
1739613381218 2.1458629903793858 357
1739613381255 0.8418811525289795 358
1739613381292 0.0008919909999901905 359
1739613381330 0.0048798267459446406 360
1739613381367 0.9172290809570254 361
1739613381403 1.8928098223980827 362
1739613381442 0.2569847054830844 363
1739613381479 0.1405266854815924 364
1739613381516 1.4827999415697097 365
1739613381553 0.5466457578346492 366
1739613381590 0.3993841362384234 367
1739613381628 0.0194532860708146 368
1739613381665 0.8882475426147916 369
1739613381701 0.5239963593557634 370
1739613381739 0.0006352813063767102 371
1739613381777 1.1413653347224357 372
1739613381821 0.6221052243544708 373
1739613381862 0.6516512391284439 374
1739613381898 0.27010927292665843 375
1739613381935 0.13758812987313915 376
1739613381972 2.4835765102157987 377
1739613382010 0.49442541922439187 378
1739613382048 2.848759819446276 379
1739613382085 0.44326554964331644 380
1739613382121 1.9688057253127134 381
1739613382158 0.0003217878230363169 382
1739613382195 4.73489940303308 383
1739613382231 0.43228451183369104 384
1739613382267 0.29593981131573155 385
1739613382303 3.995924432601072 386
1739613382339 0.007722277761949451 387
1739613382376 4.836357723088422 388
1739613382412 0.02346549202329868 389
1739613382448 0.05211322646618795 390
1739613382484 1.9873051842850125 391
1739613382519 1.176878956395775 392
1739613382555 0.5360119962683284 393
1739613382591 0.08006293003982205 394
1739613382627 0.3395926749864477 395
1739613382662 1.8743706135371085 396
1739613382699 0.0025687827376962517 397
1739613382736 0.06871075196115026 398
1739613382780 0.08548215664641386 399
1739613382817 0.18776999380096282 400
1739613382854 0.38070831313366893 401
1739613382889 0.098821557132209 402
1739613382926 0.14597170470254664 403
1739613382967 1.582974640583632 404
1739613383005 0.03615876114556296 405
1739613383045 4.78610642660853 406
1739613383085 3.418592190863672 407
1739613383124 0.41841665470775324 408
1739613383164 0.3405757279306372 409
1739613383201 0.49291244643534615 410
1739613383238 0.21639771812859196 411
1739613383276 0.12525926906559479 412
1739613383314 0.14331665486152392 413
1739613383352 0.129271803626061 414
1739613383392 0.03884200028220556 415
1739613383430 0.625324934465236 416
1739613383466 1.999564667030739 417
1739613383508 1.924448649557349 418
1739613383546 0.5657155613215841 419
1739613383581 1.3398550829830933 420
1739613383616 0.48387079613455847 421
1739613383651 0.04934369711650811 422
1739613383686 3.285845146558219 423
1739613383721 0.42856114878726237 424
1739613383757 0.8024758401104691 425
1739613383793 3.2424147000142733 426
1739613383828 1.227907316977825 427
1739613383863 0.7021542290240949 428
1739613383899 0.0026269454618093697 429
1739613383934 0.017870279232737804 430
1739613383969 0.21262470364174216 431
1739613384007 0.4829668330383039 432
1739613384042 2.9037498213284456 433
1739613384077 0.0001480447612678731 434
1739613384112 0.305716354456695 435
1739613384149 3.3224046754992495e-05 436
1739613384183 0.5904432079485965 437
1739613384219 0.3721424531855894 438
1739613384254 0.13580571661570306 439
1739613384288 0.07922742434276106 440
1739613384324 0.12102763232036967 441
1739613384359 0.9175255727297992 442
1739613384394 0.22610895990890992 443
1739613384429 1.1136982555020767 444
1739613384465 0.8477956292794993 445
1739613384500 1.971376154224961 446
1739613384535 4.1585575506291415 447
1739613384569 0.33492401938492966 448
1739613384604 1.050055511415947 449
1739613384640 0.4260349262774861 450
1739613384675 0.15578034380224431 451
1739613384709 1.364216946040763 452
1739613384744 37.68334180638569 453
1739613384778 2.4841899922168184e-09 454
1739613384813 0.40171180125895856 455
1739613384847 0.058881701628541235 456
1739613384882 1.7333113956720576 457
1739613384917 0.17835562466902433 458
1739613384951 0.06824010299525123 459
1739613384986 0.7551165117141762 460
1739613385020 1.2724795834846128 461
1739613385056 0.0010966475877751988 462
1739613385091 2.2656590608481166 463
1739613385125 2.446221084930449 464
1739613385161 0.48969131231657725 465
1739613385196 1.6846107126836867 466
1739613385231 1.7758204155117565 467
1739613385267 0.4099678906880385 468
1739613385302 0.3833104611886919 469
1739613385336 3.2183231580703873 470
1739613385371 0.5087934916346323 471
1739613385406 0.3822258567200656 472
1739613385441 1.9011478650128004 473
1739613385476 0.3031649802851248 474
1739613385511 0.8680067515838816 475
1739613385546 0.04988831182427671 476
1739613385582 0.0020692636699728615 477
1739613385616 0.19438089180405313 478
1739613385651 0.008775145013783557 479
1739613385685 0.5787626357592567 480
1739613385720 1.9965340223210597 481
1739613385755 0.34189755377085246 482
1739613385790 0.7540443609338265 483
1739613385825 1.3681499295516946 484
1739613385861 2.254613292692762 485
1739613385896 0.39329239647234593 486
1739613385931 1.5728958860342344 487
1739613385966 1.921133301847237 488
1739613386001 0.38858662579094194 489
1739613386036 0.5121006526472484 490
1739613386071 0.040673924797031 491
1739613386105 1.8525735933649787 492
1739613386140 5.216059622870485 493
1739613386175 3.5768790998264515 494
1739613386211 0.038083767558740704 495
1739613386246 0.31136445814584307 496
1739613386281 0.24103497984370062 497
1739613386316 0.1328002953358024 498
1739613386351 0.2656289499027628 499
