1739557125708 131.3259374458324 0
1739557125747 98.91934589828752 1
1739557125785 85.22279777003672 2
1739557125824 83.91326242721772 3
1739557125863 15.004549770293002 4
1739557125902 74.25740800035263 5
1739557125941 32.4881677679301 6
1739557125980 5.799866676468909 7
1739557126019 3.882308236653169 8
1739557126061 7.241332416078046 9
1739557126105 111.81027258698937 10
1739557126147 0.20989636368168826 11
1739557126191 1.0771747616690772 12
1739557126234 14.54943471171912 13
1739557126281 7.239779316381204 14
1739557126329 0.4199519605203413 15
1739557126377 0.02092076179676674 16
1739557126426 1.1233579208080395 17
1739557126474 5.860590477282473 18
1739557126523 3.352219509805829 19
1739557126573 0.636732453988765 20
1739557126630 72.35065479499046 21
1739557126684 0.006048733161436109 22
1739557126739 6.122840434605528 23
1739557126787 0.599700421994138 24
1739557126835 0.023233331569104888 25
1739557126881 2.617194904104242 26
1739557126960 37.128487922384295 27
1739557127015 8.571107438234227 28
1739557127065 1.4356791238864075 29
1739557127113 1.8442015237457796 30
1739557127160 82.82934258442208 31
1739557127207 49.46816994996932 32
1739557127255 2.870633391515837 33
1739557127297 4.733853354719651 34
1739557127340 7.574207061303681 35
1739557127381 24.20332845851641 36
1739557127423 0.4579185047883362 37
1739557127465 3.04161966056326 38
1739557127507 1.6531231784284615 39
1739557127548 7.373161246791309 40
1739557127588 4.217572040335884 41
1739557127626 33.79804180891169 42
1739557127664 24.358487126285382 43
1739557127707 1.0421149960669702 44
1739557127745 13.44534765790999 45
1739557127784 0.46086175056150763 46
1739557127823 25.91215269343063 47
1739557127861 16.73281250784656 48
1739557127900 8.327476855618835 49
1739557127938 6.738343311164226 50
1739557127976 6.306362752670111 51
1739557128014 17.434945931282684 52
1739557128053 3.1590123569877067 53
1739557128091 1.1657746773878281 54
1739557128130 0.3439560761207124 55
1739557128168 6.695883942774605 56
1739557128206 2.7008972248172163 57
1739557128245 2.4359610686880413 58
1739557128282 9.74293640212143 59
1739557128321 87.47640137945523 60
1739557128361 2.1113763441588724 61
1739557128400 0.05161281204112032 62
1739557128439 3.5332430603302707 63
1739557128479 16.58944109563471 64
1739557128518 3.3592821825476706 65
1739557128556 23.957985820200022 66
1739557128594 7.182045766584387 67
1739557128633 14.892419958972145 68
1739557128671 17.112491519661507 69
1739557128710 23.049629434966835 70
1739557128748 1.8311633187464993 71
1739557128786 67.0408529877131 72
1739557128825 71.91534236091675 73
1739557128863 1.5379083208828708 74
1739557128901 2.5240178244895457 75
1739557128940 52.5097125809924 76
1739557128978 1.9670803099935539 77
1739557129017 18.639783159277307 78
1739557129056 10.42156454258048 79
1739557129093 0.36051314130204454 80
1739557129132 0.10226919151471658 81
1739557129170 3.1500076344233974 82
1739557129208 0.006761799382483219 83
1739557129247 15.55142410911295 84
1739557129290 6.2190581657348565 85
1739557129333 8.597522124682863 86
1739557129377 12.202300826793241 87
1739557129426 1.8417760512538996 88
1739557129474 0.7321132458451605 89
1739557129518 4.288703348987059 90
1739557129560 7.639436339574969 91
1739557129602 4.0262981633978825 92
1739557129643 0.6766671735989279 93
1739557129686 6.1924333970049785 94
1739557129728 11.943663551946267 95
1739557129770 10.829645901233448 96
1739557129811 4.8574618221031125 97
1739557129853 5.449160421409271 98
1739557129895 10.847143436050436 99
1739557129935 16.906726414397436 100
1739557129973 22.368277890272147 101
1739557130011 3.3079158183036226 102
1739557130050 5.269082300728967 103
1739557130088 2.163486755691906 104
1739557130126 2.13668052390255 105
1739557130165 16.261949541524718 106
1739557130203 43.14524517008978 107
1739557130242 0.2840238469808942 108
1739557130281 43.763371201764116 109
1739557130319 23.467633865989388 110
1739557130357 1.6480812278929031 111
1739557130396 24.6705431863243 112
1739557130434 35.573437762075116 113
1739557130473 9.19629735773065 114
1739557130515 11.986789577645121 115
1739557130558 0.43467164641030653 116
1739557130601 0.009268332948307053 117
1739557130649 9.567202839820194 118
1739557130698 4.813654784666468 119
1739557130749 7.965557544749487 120
1739557130803 3.867583502771148 121
1739557130859 1.63641423169988 122
1739557130914 31.45513082823239 123
1739557130970 13.818059613262752 124
1739557131025 2.856498573651669 125
1739557131081 5.319612501161181 126
1739557131134 3.2008124162523965 127
1739557131188 8.29123244738159 128
1739557131241 2.821217782294126 129
1739557131292 11.490319055279365 130
1739557131339 0.030360790212350684 131
1739557131386 6.636061578391641 132
1739557131432 0.031628098844600334 133
1739557131479 16.655802090675106 134
1739557131526 8.504920523346296 135
1739557131567 15.402528565775595 136
1739557131609 26.6442159822477 137
1739557131651 7.6579576571368175 138
1739557131693 0.04918222542582304 139
1739557131736 1.7268691913809142 140
1739557131777 7.547067446101174 141
1739557131818 2.533404288083777 142
1739557131860 1.1113526770874416 143
1739557131900 4.499906348912267 144
1739557131939 2.736665199241343 145
1739557131977 11.77280826242949 146
1739557132016 6.9942969217520945 147
1739557132056 18.059241971247086 148
1739557132095 0.9304159779387794 149
1739557132133 12.535490674627123 150
1739557132172 2.7680061484114047 151
1739557132211 13.812280444554373 152
1739557132249 0.0060498807712606704 153
1739557132288 0.15707868172041412 154
1739557132325 3.1826971416147405 155
1739557132363 0.0036612846409649377 156
1739557132402 17.675345358104494 157
1739557132440 8.334661820320246 158
1739557132479 60.011602828488954 159
1739557132517 5.009018409796731 160
1739557132555 17.739804372771534 161
1739557132594 3.350160743855418 162
1739557132633 0.5372344811685268 163
1739557132672 9.256585681605957 164
1739557132712 2.3478845518923865 165
1739557132752 0.11193371503980477 166
1739557132791 14.428694466283636 167
1739557132831 4.775990878831589 168
1739557132870 50.03095428615118 169
1739557132909 14.59686356513248 170
1739557132948 5.381642248132582 171
1739557132988 3.0875356535566283 172
1739557133026 16.808953272556895 173
1739557133067 0.2984159946374426 174
1739557133107 0.5521173408770723 175
1739557133144 1.1444552651526176 176
1739557133183 0.4941823621516483 177
1739557133223 0.09624518819800322 178
1739557133262 2.200314416431695 179
1739557133302 10.3662993052285 180
1739557133340 8.517783224812412 181
1739557133378 0.04028011010067306 182
1739557133418 3.0906193396818917 183
1739557133457 8.95445739826819 184
1739557133495 34.23431564325304 185
1739557133535 11.886956644977088 186
1739557133573 2.8457356722263842 187
1739557133613 2.1819418698990543 188
1739557133651 0.18929136796954066 189
1739557133689 24.65604016219764 190
1739557133728 0.03373836577999541 191
1739557133766 1.3715979716683344 192
1739557133805 2.119998595471403 193
1739557133843 1.306536109792309 194
1739557133881 13.814695606109336 195
1739557133920 0.004937193513391515 196
1739557133958 9.895553639449135 197
1739557133996 7.049847568503532 198
1739557134035 10.720144137908157 199
1739557134073 5.619330448711762 200
1739557134112 19.04587562981194 201
1739557134150 0.03285877085540786 202
1739557134188 0.1644315779143448 203
1739557134226 17.586510591658588 204
1739557134265 1.9261754959105988 205
1739557134303 0.3290717965126997 206
1739557134342 25.06728450370131 207
1739557134380 10.891836959195395 208
1739557134419 0.6365581940039945 209
1739557134457 5.002659281086424 210
1739557134495 16.249682925884066 211
1739557134534 0.15715509028663105 212
1739557134572 7.131614876864274 213
1739557134610 51.59520933020765 214
1739557134649 1.215517786832419 215
1739557134687 0.6761963828345778 216
1739557134726 1.377132443602824 217
1739557134766 10.838244926090075 218
1739557134805 34.31099884033702 219
1739557134844 6.457829019790758 220
1739557134882 2.6438768597174023 221
1739557134920 14.609594277275036 222
1739557134959 1.9379585758797155 223
1739557134997 30.42500261188316 224
1739557135036 5.703602756643819 225
1739557135074 0.21471737238937832 226
1739557135113 0.3793417281721641 227
1739557135151 1.495932170359848 228
1739557135189 5.565621278219053 229
1739557135227 8.804415146410456 230
1739557135266 5.980912590235485 231
1739557135304 3.4320738941137847 232
1739557135343 1.616786526954259 233
1739557135381 1.4173858271653337 234
1739557135419 35.16430254920095 235
1739557135458 2.947025923484295 236
1739557135496 5.471798494230741 237
1739557135534 12.442697525839954 238
1739557135573 12.489060889949199 239
1739557135611 12.616172721763608 240
1739557135650 6.468880035669611 241
1739557135688 25.171367171377103 242
1739557135726 12.610351227407275 243
1739557135765 0.15401385810728346 244
1739557135804 0.003693589155202063 245
1739557135842 10.2884967534186 246
1739557135880 9.305277075809288 247
1739557135919 18.73829940368536 248
1739557135958 16.423900237111358 249
1739557135996 0.2092912899469681 250
1739557136034 0.05867349404208196 251
1739557136073 12.39944242980582 252
1739557136111 0.0844189990961233 253
1739557136149 9.081482200221911 254
1739557136188 36.963789620521645 255
1739557136226 1.252642429020327 256
1739557136264 14.137387504118228 257
1739557136302 12.25604675890384 258
1739557136339 0.9844274801358919 259
1739557136378 35.45365492060231 260
1739557136415 8.178214360551017 261
1739557136451 14.931801159699312 262
1739557136491 12.947381167450512 263
1739557136528 1.0466718921993117 264
1739557136566 10.022036224303427 265
1739557136604 1.320554129343875 266
1739557136642 11.570553334914141 267
1739557136680 7.011938514728436 268
1739557136717 46.54071936533794 269
1739557136754 1.2338885311600722 270
1739557136793 13.994166578661622 271
1739557136830 4.1517724834457495 272
1739557136869 0.0016429580990841449 273
1739557136908 0.4946744987316837 274
1739557136947 11.94489715731204 275
1739557136985 12.50645311565027 276
1739557137024 1.2059276136997765 277
1739557137062 0.135879048428999 278
1739557137100 8.757816018794381 279
1739557137139 0.08937796068560151 280
1739557137177 1.3872246642769812 281
1739557137216 16.56941546180952 282
1739557137254 10.274270079904047 283
1739557137293 0.12153510777571752 284
1739557137331 5.705682701196816 285
1739557137369 6.816862600180913 286
1739557137407 2.2416901490272183 287
1739557137445 0.6309207680334257 288
1739557137483 12.279846804731804 289
1739557137521 0.00254203645386918 290
1739557137559 0.008828148953788046 291
1739557137597 7.923481139492934 292
1739557137634 3.763656181335372 293
1739557137672 1.0033317131657056 294
1739557137710 12.637629105295542 295
1739557137747 11.876568281250584 296
1739557137785 0.2104940651021076 297
1739557137823 32.45728111104954 298
1739557137861 6.195568268285759 299
1739557137899 2.2110934528685604 300
1739557137937 1.0477352075143493 301
1739557137974 2.16677998352402 302
1739557138012 16.70585894005819 303
1739557138049 1.541707202111331 304
1739557138087 4.709823652457666 305
1739557138124 0.20600782592527467 306
1739557138162 0.46540762518743733 307
1739557138199 24.125973665074035 308
1739557138238 0.7028101990740552 309
1739557138276 3.7924829119615286 310
1739557138313 0.7977668365565551 311
1739557138351 14.7718987721545 312
1739557138388 0.45435296090195315 313
1739557138426 1.8041739742541867 314
1739557138464 29.034359217166887 315
1739557138502 0.6128621938591885 316
1739557138539 6.171427103203336 317
1739557138577 85.07424357500632 318
1739557138615 0.07516543967216252 319
1739557138653 9.32893488478993 320
1739557138690 5.954107741461677 321
1739557138728 7.103075453292452 322
1739557138766 2.1415698952142432 323
1739557138804 0.7271669447081455 324
1739557138842 1.251882088542172 325
1739557138879 9.337188248190696 326
1739557138917 0.013287339435920104 327
1739557138956 0.08218373466035546 328
1739557138995 15.596421797731518 329
1739557139034 11.319116924928245 330
1739557139072 3.622472387448991 331
1739557139111 8.275220095280378 332
1739557139150 0.05143657510932632 333
1739557139189 0.24454131805346815 334
1739557139228 10.788972777765986 335
1739557139266 9.979408773096267 336
1739557139305 7.021357179187225 337
1739557139343 5.515256279141053 338
1739557139382 12.090116773839455 339
1739557139421 1.0955484793753512 340
1739557139460 7.484820556163924 341
1739557139498 0.0326618140971969 342
1739557139537 5.6874618437117315 343
1739557139575 6.047578268724143 344
1739557139613 0.0602738975009493 345
1739557139651 14.302112619837933 346
1739557139690 48.26920935055527 347
1739557139728 47.28808002589138 348
1739557139766 4.333602053604054 349
1739557139804 1.730790717228681 350
1739557139842 24.454854693336284 351
1739557139880 2.8043795499280604 352
1739557139919 0.022488398667006262 353
1739557139957 0.06033674032076768 354
1739557139996 23.185254560626998 355
1739557140035 7.170673640044407 356
1739557140076 0.8545063647754796 357
1739557140114 10.829604180266136 358
1739557140152 0.07729855994235228 359
1739557140190 5.557699975238259 360
1739557140229 4.4463867759138225 361
1739557140267 29.002452035514462 362
1739557140305 1.424652819279514 363
1739557140344 21.511921626624094 364
1739557140382 4.192072435805635 365
1739557140420 1.1391392800847955 366
1739557140459 15.210214990204392 367
1739557140497 3.409734710508862 368
1739557140536 15.813185882126806 369
1739557140574 5.611703299789852 370
1739557140612 15.786716052041909 371
1739557140651 20.39137456071634 372
1739557140690 0.6710151845415488 373
1739557140728 0.24274263925819775 374
1739557140767 2.6056920048961754 375
1739557140805 1.8477694526307116 376
1739557140843 15.936552119152498 377
1739557140882 0.1405154306228662 378
1739557140920 5.828729377856006 379
1739557140959 7.424451240290798 380
1739557140997 1.175597032511039 381
1739557141035 0.9300491988236547 382
1739557141074 10.575471815670848 383
1739557141113 3.752861892359215 384
1739557141152 3.8743475044593096 385
1739557141190 16.211187790002338 386
1739557141228 2.52022436237739 387
1739557141267 2.05812991865823 388
1739557141305 10.388305998200446 389
1739557141343 23.304200435428218 390
1739557141381 0.3378876940660239 391
1739557141419 2.8287113662131462 392
1739557141458 0.18007323551653245 393
1739557141496 2.710910652441895 394
1739557141535 84.26896131134583 395
1739557141573 0.04848479415822542 396
1739557141611 14.543229403299009 397
1739557141649 0.6199450441666701 398
1739557141688 0.10007619009320265 399
1739557141726 8.731535097710946 400
1739557141765 3.9459240341963766 401
1739557141802 14.888497522427757 402
1739557141840 17.318770648370535 403
1739557141877 0.012215232975436563 404
1739557141914 1.818486675865 405
1739557141952 0.022132916616559865 406
1739557141990 2.0659489964153352 407
1739557142027 43.78896554008909 408
1739557142065 42.48358227732963 409
1739557142103 0.05678489372870534 410
1739557142140 2.087250717085221 411
1739557142179 37.66507606430547 412
1739557142217 1.421503393397707 413
1739557142254 2.249143135162314 414
1739557142292 1.2102054963421292 415
1739557142329 2.241520454382849 416
1739557142367 11.78527805339565 417
1739557142404 29.0416181036683 418
1739557142442 51.063803786249046 419
1739557142481 2.2873366688057217 420
1739557142518 28.80970964498424 421
1739557142556 3.1895968946823205 422
1739557142595 4.7875176037601594 423
1739557142633 0.6974956801885036 424
1739557142671 0.07466813714180723 425
1739557142709 11.979442784967945 426
1739557142747 2.762157145039055 427
1739557142785 6.7681413038048355 428
1739557142824 3.696182193467218 429
1739557142861 0.058739739779686335 430
1739557142898 4.116564725935765 431
1739557142936 1.0170268024427644 432
1739557142974 0.04543723864049308 433
1739557143012 1.3270053072151216 434
1739557143050 12.694312460607096 435
1739557143088 13.605807819278056 436
1739557143126 0.952919783067745 437
1739557143163 10.98491067264509 438
1739557143202 0.8728268180640346 439
1739557143241 7.906604298782966 440
1739557143280 14.718711895941125 441
1739557143318 1.139512353367554 442
1739557143357 94.92876269180422 443
1739557143396 38.539390550678675 444
1739557143434 4.731444404969358 445
1739557143471 27.33125091587912 446
1739557143510 17.17792897699399 447
1739557143549 23.63094881801571 448
1739557143587 1.0717138012223766 449
1739557143626 0.03240520482607435 450
1739557143663 51.05745879713 451
1739557143702 17.479434384784778 452
1739557143740 1.0414994364764538 453
1739557143777 6.507887218689813 454
1739557143816 7.865787321661867 455
1739557143853 0.046150865240624235 456
1739557143890 4.183222868791281 457
1739557143928 51.0535218758441 458
1739557143965 0.9441929209115038 459
1739557144003 5.266728991417369 460
1739557144041 7.409914191116984 461
1739557144078 3.914671813692276 462
1739557144116 5.2061800318415346 463
1739557144154 2.2510451386020978 464
1739557144191 16.890254183880607 465
1739557144229 0.3787345051445977 466
1739557144266 0.4723355443981551 467
1739557144304 33.57844220713495 468
1739557144342 27.643661746625042 469
1739557144379 0.16316060092284085 470
1739557144418 32.78491333327359 471
1739557144455 0.03854553612800517 472
1739557144493 15.694708488343743 473
1739557144531 6.878284163314735 474
1739557144568 3.2248048952119643 475
1739557144606 43.07318161307162 476
1739557144644 5.355734856832083 477
1739557144682 6.285033497635959 478
1739557144721 15.903354762738392 479
1739557144758 7.969109858101958 480
1739557144795 2.191043971729304 481
1739557144833 0.8558839423585586 482
1739557144871 1.3187255751134408 483
1739557144908 22.581915455833663 484
1739557144946 10.771783176522833 485
1739557144983 0.36741327639316496 486
1739557145021 18.90678611071992 487
1739557145059 35.79886117710254 488
1739557145096 47.461345899827805 489
1739557145134 4.933376360794435 490
1739557145172 0.2602368544067614 491
1739557145209 8.417183722532986 492
1739557145248 0.014387716020242265 493
1739557145285 3.478033614424755 494
1739557145323 82.32044666188149 495
1739557145362 2.0852303456863086 496
1739557145400 0.6825496679118819 497
1739557145439 2.7495211683452716 498
1739557145477 32.10885095277775 499
