1739615995370 168.69272426611442 0
1739615995384 168.68610512953816 1
1739615995397 168.67956582811496 2
1739615995409 168.67318503079542 3
1739615995422 168.66672540297705 4
1739615995434 168.66026606173418 5
1739615995447 168.6538070052022 6
1739615995460 168.64734823336835 7
1739615995471 168.6408897462197 8
1739615995484 168.63443154374332 9
1739615995497 168.6279736259263 10
1739615995510 168.62151599275577 11
1739615995522 168.61505864421875 12
1739615995535 168.60860158030246 13
1739615995548 168.60214480099393 14
1739615995560 168.59568830628018 15
1739615995572 168.5892320961485 16
1739615995585 168.58277617058582 17
1739615995598 168.57632052957933 18
1739615995610 168.56986517311606 19
1739615995621 168.56341010118317 20
1739615995634 168.5569553137678 21
1739615995648 168.55050081085693 22
1739615995660 168.54404659243778 23
1739615995673 168.5375926584974 24
1739615995685 168.53113900902292 25
1739615995697 168.52468564400144 26
1739615995709 168.51823256342 27
1739615995721 168.51177976726584 28
1739615995733 168.50532725552594 29
1739615995746 168.49887502818743 30
1739615995758 168.4924230852375 31
1739615995770 168.4859714266632 32
1739615995782 168.47952005245165 33
1739615995795 168.47306896259 34
1739615995807 168.46661815706526 35
1739615995820 168.46016763586456 36
1739615995832 168.45371739897513 37
1739615995845 168.44726744638396 38
1739615995857 168.44081777807824 39
1739615995869 168.43436839404504 40
1739615995882 168.42791929427145 41
1739615995895 168.42147047874465 42
1739615995907 168.41502194745175 43
1739615995919 168.40857370037983 44
1739615995932 168.40212573751603 45
1739615995944 168.3956780588474 46
1739615995957 168.38923066436118 47
1739615995969 168.3827835540444 48
1739615995982 168.37633672788425 49
1739615995995 168.36989018586772 50
1739615996006 168.36344392798205 51
1739615996019 168.35699795421434 52
1739615996032 168.35055226455168 53
1739615996044 168.34410685898118 54
1739615996057 168.33766173749004 55
1739615996068 168.33121690006533 56
1739615996081 168.32477234669415 57
1739615996093 168.3183280773637 58
1739615996105 168.311884092061 59
1739615996118 168.30544039077327 60
1739615996130 168.29899697348762 61
1739615996142 168.2925538401911 62
1739615996156 168.28611099087095 63
1739615996168 168.27966842551422 64
1739615996181 168.27322614410804 65
1739615996193 168.2667841466396 66
1739615996205 168.26034243309599 67
1739615996217 168.25390100346434 68
1739615996230 168.2474598577317 69
1739615996241 168.2410189958854 70
1739615996255 168.23457841791242 71
1739615996267 168.2281381237999 72
1739615996279 168.221698113535 73
1739615996292 168.2152583871049 74
1739615996303 168.2088189444967 75
1739615996326 168.20237978569745 76
1739615996338 168.19594091069447 77
1739615996351 168.18950231947468 78
1739615996363 168.18306401202543 79
1739615996377 168.17662598833368 80
1739615996389 168.17018824838667 81
1739615996402 168.16375079217147 82
1739615996414 168.15731361967534 83
1739615996427 168.15087673088527 84
1739615996439 168.1444401257885 85
1739615996451 168.13800380437212 86
1739615996463 168.1315677666233 87
1739615996476 168.1251320125292 88
1739615996488 168.11869654207692 89
1739615996501 168.11226135525365 90
1739615996514 168.1058264520465 91
1739615996525 168.0993918324426 92
1739615996538 168.09295749642914 93
1739615996550 168.0865234439932 94
1739615996563 168.08008967512197 95
1739615996576 168.07365618980265 96
1739615996589 168.0672229880223 97
1739615996602 168.0607900697681 98
1739615996614 168.05435743502719 99
1739615996626 168.04792508378677 100
1739615996639 168.04149301603394 101
1739615996653 168.03506123175583 102
1739615996665 168.02862973093963 103
1739615996678 168.0221985135725 104
1739615996689 168.0157675796416 105
1739615996701 168.009336929134 106
1739615996714 168.00290656203694 107
1739615996726 167.99647647833754 108
1739615996738 167.99004667802296 109
1739615996750 167.9836171610804 110
1739615996763 167.97718792749694 111
1739615996776 167.97075897725975 112
1739615996788 167.964330310356 113
1739615996800 167.95790192677293 114
1739615996813 167.95147382649756 115
1739615996825 167.9450460095171 116
1739615996837 167.93861847581874 117
1739615996850 167.93219122538966 118
1739615996862 167.92576425821693 119
1739615996874 167.91933757428777 120
1739615996887 167.91291117358938 121
1739615996899 167.9064850561088 122
1739615996912 167.90005922183335 123
1739615996924 167.89363367075006 124
1739615996937 167.8872084028462 125
1739615996950 167.8807834181088 126
1739615996962 167.87435871652517 127
1739615996975 167.86793429808236 128
1739615996987 167.86151016276764 129
1739615996999 167.85508631056814 130
1739615997012 167.848662741471 131
1739615997024 167.84223945546339 132
1739615997037 167.8358164525325 133
1739615997049 167.8293937326655 134
1739615997062 167.82297129584953 135
1739615997074 167.8165491420718 136
1739615997086 167.81012727131946 137
1739615997099 167.8037056835797 138
1739615997113 167.79728437883966 139
1739615997130 167.79086335708655 140
1739615997143 167.7844426183075 141
1739615997155 167.77802216248978 142
1739615997167 167.77160198962042 143
1739615997180 167.76518209968665 144
1739615997192 167.75876249267571 145
1739615997204 167.75234316857473 146
1739615997217 167.7459241273709 147
1739615997230 167.73950536905136 148
1739615997243 167.73308689360334 149
1739615997254 167.72666870101398 150
1739615997267 167.72025079127047 151
1739615997280 167.71383316436004 152
1739615997292 167.70741582026977 153
1739615997304 167.70099875898694 154
1739615997328 167.69458198049867 155
1739615997341 167.68816548479214 156
1739615997353 167.68174927185459 157
1739615997366 167.6753333416731 158
1739615997379 167.66891769423503 159
1739615997390 167.6625023295274 160
1739615997403 167.65608724753744 161
1739615997416 167.64967244825235 162
1739615997428 167.64325793165935 163
1739615997439 167.63684369774555 164
1739615997453 167.6304297464982 165
1739615997465 167.62401607790449 166
1739615997478 167.61760269195153 167
1739615997489 167.61118958862662 168
1739615997501 167.60477676791683 169
1739615997514 167.59836422980953 170
1739615997526 167.5919519742917 171
1739615997538 167.58554000135067 172
1739615997551 167.57912831097357 173
1739615997563 167.57271690314766 174
1739615997577 167.56630577786004 175
1739615997588 167.55989493509801 176
1739615997601 167.55348437484867 177
1739615997613 167.54707409709928 178
1739615997626 167.54066410183702 179
1739615997638 167.53425438904904 180
1739615997652 167.5278449587226 181
1739615997664 167.52143581084485 182
1739615997676 167.51502694540304 183
1739615997688 167.5086183623843 184
1739615997701 167.5022100617759 185
1739615997713 167.49580204356502 186
1739615997726 167.48939430773885 187
1739615997737 167.48298685428458 188
1739615997750 167.4765796831894 189
1739615997763 167.4701727944406 190
1739615997774 167.46376618802526 191
1739615997787 167.45735986393066 192
1739615997799 167.45095382214402 193
1739615997811 167.44454806265247 194
1739615997824 167.43814258544327 195
1739615997836 167.43173739050363 196
1739615997849 167.42533247782072 197
1739615997862 167.41892784738178 198
1739615997873 167.41252349917403 199
1739615997886 167.4061194331846 200
1739615997899 167.39971564940078 201
1739615997912 167.39331214780978 202
1739615997925 167.38690892839873 203
1739615997937 167.38050599115496 204
1739615997949 167.37410333606556 205
1739615997961 167.3677009631178 206
1739615997974 167.36129887229893 207
1739615997986 167.35489706359607 208
1739615997998 167.34849553699652 209
1739615998011 167.34209429248747 210
1739615998024 167.3356933300561 211
1739615998036 167.32929264968968 212
1739615998048 167.32289225137538 213
1739615998061 167.31649213510045 214
1739615998073 167.3100923008521 215
1739615998085 167.3036927486175 216
1739615998099 167.29729347838392 217
1739615998110 167.29089449013858 218
1739615998123 167.28449578386866 219
1739615998135 167.27809735956143 220
1739615998147 167.2716992172041 221
1739615998160 167.26530135678385 222
1739615998172 167.25890377828793 223
1739615998185 167.25250648170362 224
1739615998198 167.24610946701804 225
1739615998210 167.23971273421841 226
1739615998223 167.2333162832921 227
1739615998235 167.22692011422617 228
1739615998248 167.22052422700793 229
1739615998260 167.21412862162464 230
1739615998272 167.20773329806343 231
1739615998284 167.20133825631157 232
1739615998306 167.19494349635633 233
1739615998318 167.18854901818486 234
1739615998331 167.18215482178442 235
1739615998343 167.17576090714226 236
1739615998355 167.16936727424564 237
1739615998368 167.16297392308172 238
1739615998382 167.15658085363776 239
1739615998394 167.15018806590103 240
1739615998407 167.1437955598587 241
1739615998419 167.13740333549802 242
1739615998431 167.13101139280622 243
1739615998444 167.1246197317706 244
1739615998456 167.11822835237828 245
1739615998468 167.1118372546166 246
1739615998480 167.10544643847274 247
1739615998493 167.09905590393396 248
1739615998506 167.09266565098747 249
1739615998518 167.0862756796205 250
1739615998531 167.07988598982038 251
1739615998543 167.07349658157423 252
1739615998555 167.0671074548694 253
1739615998568 167.06071860969303 254
1739615998581 167.05433004603242 255
1739615998594 167.04794176387475 256
1739615998607 167.04155376320736 257
1739615998619 167.03516604401742 258
1739615998631 167.02877860629218 259
1739615998642 167.02239145001894 260
1739615998659 167.01600457518487 261
1739615998671 167.0096179817772 262
1739615998683 167.00323166978328 263
1739615998695 166.9968456391903 264
1739615998708 166.99045988998546 265
1739615998720 166.98407442215606 266
1739615998732 166.97768923568938 267
1739615998744 166.9713043305726 268
1739615998756 166.96491970679298 269
1739615998768 166.9585353643378 270
1739615998780 166.95215130319428 271
1739615998793 166.94576752334973 272
1739615998804 166.93938402479134 273
1739615998817 166.93300080750635 274
1739615998829 166.92661787148202 275
1739615998841 166.92023521670572 276
1739615998853 166.91385284316453 277
1739615998866 166.90747075084582 278
1739615998878 166.90108893973678 279
1739615998890 166.8947074098247 280
1739615998902 166.8883261610968 281
1739615998915 166.88194519354042 282
1739615998927 166.8755645071427 283
1739615998938 166.86918410189105 284
1739615998950 166.86280397777256 285
1739615998962 166.85642413477458 286
1739615998974 166.85004457288443 287
1739615998986 166.8436652920892 288
1739615998998 166.8372862923763 289
1739615999010 166.83090757373296 290
1739615999022 166.82452913614637 291
1739615999035 166.81815097960384 292
1739615999047 166.81177310409268 293
1739615999060 166.8053955096001 294
1739615999072 166.79901819611337 295
1739615999084 166.79264116361975 296
1739615999097 166.7862644121065 297
1739615999109 166.77988794156093 298
1739615999121 166.77351175197026 299
1739615999134 166.7671358433218 300
1739615999146 166.76076021560277 301
1739615999159 166.75438486880046 302
1739615999171 166.74800980290212 303
1739615999183 166.74163501789505 304
1739615999196 166.73526051376652 305
1739615999209 166.72888629050385 306
1739615999221 166.72251234809414 307
1739615999234 166.71613868652483 308
1739615999257 166.70976530578315 309
1739615999270 166.70339220585632 310
1739615999282 166.69701938673165 311
1739615999295 166.69064684839645 312
1739615999307 166.68427459083796 313
1739615999319 166.67790261404343 314
1739615999331 166.67153091800014 315
1739615999345 166.66515950269542 316
1739615999356 166.65878836811652 317
1739615999369 166.65241751425071 318
1739615999382 166.64604694108525 319
1739615999395 166.6396766486075 320
1739615999406 166.63330663680463 321
1739615999418 166.62693690566394 322
1739615999430 166.62056745517282 323
1739615999443 166.6141982853184 324
1739615999454 166.60782939608808 325
1739615999467 166.60146078746908 326
1739615999479 166.59509245944872 327
1739615999492 166.5887244120142 328
1739615999504 166.5823566451529 329
1739615999517 166.57598915885208 330
1739615999530 166.56962195309902 331
1739615999542 166.563255027881 332
1739615999553 166.55688838318525 333
1739615999566 166.5505220189992 334
1739615999579 166.54415593531004 335
1739615999591 166.53779013210504 336
1739615999604 166.5314246093715 337
1739615999617 166.52505936709676 338
1739615999629 166.5186944052681 339
1739615999640 166.51232972387277 340
1739615999653 166.50596532289808 341
1739615999667 166.49960120233132 342
1739615999680 166.49323736215976 343
1739615999692 166.48687380237075 344
1739615999704 166.48051052295156 345
1739615999717 166.47414752388946 346
1739615999730 166.4677848051718 347
1739615999742 166.46142236678577 348
1739615999754 166.45506020871878 349
1739615999766 166.44869833095802 350
1739615999779 166.4423367334909 351
1739615999790 166.43597541630464 352
1739615999803 166.42961437938658 353
1739615999816 166.423253622724 354
1739615999828 166.41689314630415 355
1739615999841 166.4105329501144 356
1739615999853 166.40417303414205 357
1739615999864 166.39781339837435 358
1739615999876 166.39145404279867 359
1739615999888 166.38509496740227 360
1739615999900 166.3787361721724 361
1739615999913 166.37237765709648 362
1739615999924 166.36601942216174 363
1739615999936 166.3596614673555 364
1739615999949 166.35330379266503 365
1739615999961 166.3469463980777 366
1739615999973 166.34058928358078 367
1739615999986 166.3342324491616 368
1739615999998 166.32787589480742 369
1739616000011 166.32151962050563 370
1739616000025 166.31516362624342 371
1739616000037 166.30880791200818 372
1739616000050 166.30245247778723 373
1739616000062 166.29609732356786 374
1739616000074 166.28974244933738 375
1739616000087 166.28338785508308 376
1739616000100 166.2770335407923 377
1739616000112 166.27067950645232 378
1739616000125 166.2643257520505 379
1739616000137 166.2579722775741 380
1739616000150 166.25161908301052 381
1739616000164 166.245266168347 382
1739616000184 166.23891353357087 383
1739616000198 166.23256117866944 384
1739616000211 166.22620910363005 385
1739616000224 166.21985730844006 386
1739616000236 166.21350579308665 387
1739616000248 166.20715455755726 388
1739616000261 166.20080360183917 389
1739616000272 166.19445292591973 390
1739616000285 166.1881025297862 391
1739616000297 166.1817524134259 392
1739616000310 166.17540257682623 393
1739616000322 166.16905301997448 394
1739616000334 166.16270374285793 395
1739616000345 166.15635474546394 396
1739616000357 166.15000602777982 397
1739616000370 166.14365758979295 398
1739616000382 166.13730943149054 399
1739616000394 166.13096155286004 400
1739616000407 166.12461395388868 401
1739616000419 166.11826663456384 402
1739616000431 166.1119195948728 403
1739616000444 166.10557283480298 404
1739616000456 166.09922635434162 405
1739616000469 166.09288015347607 406
1739616000482 166.08653423219366 407
1739616000494 166.08018859048175 408
1739616000505 166.07384322832766 409
1739616000518 166.06749814571867 410
1739616000530 166.06115334264214 411
1739616000542 166.05480881908548 412
1739616000555 166.04846457503595 413
1739616000567 166.04212061048085 414
1739616000580 166.03577692540756 415
1739616000592 166.0294335198034 416
1739616000604 166.02309039365576 417
1739616000618 166.01674754695193 418
1739616000631 166.0104049796792 419
1739616000644 166.00406269182497 420
1739616000655 165.9977206833766 421
1739616000670 165.99137895432136 422
1739616000683 165.98503750464667 423
1739616000696 165.97869633433976 424
1739616000707 165.97235544338804 425
1739616000720 165.9660148317789 426
1739616000733 165.95967449949958 427
1739616000745 165.95333444653744 428
1739616000758 165.9469946728799 429
1739616000770 165.9406551785142 430
1739616000783 165.93431596342774 431
1739616000796 165.9279770276079 432
1739616000807 165.92163837104195 433
1739616000819 165.91529999371724 434
1739616000832 165.90896189562122 435
1739616000844 165.90262407674115 436
1739616000856 165.89628653706436 437
1739616000868 165.88994927657822 438
1739616000880 165.8836122952701 439
1739616000893 165.8772755931273 440
1739616000905 165.87093917013723 441
1739616000917 165.86460302628723 442
1739616000929 165.85826716156458 443
1739616000942 165.85193157595674 444
1739616000954 165.845596269451 445
1739616000967 165.8392612420347 446
1739616000980 165.83292649369523 447
1739616000992 165.82659202441994 448
1739616001005 165.82025783419613 449
1739616001018 165.8139239230112 450
1739616001030 165.8075902908525 451
1739616001043 165.8012569377074 452
1739616001055 165.79492386356324 453
1739616001067 165.78859106840738 454
1739616001080 165.78225855222715 455
1739616001092 165.77592631500994 456
1739616001105 165.76959435674314 457
1739616001117 165.76326267741402 458
1739616001140 165.75693127701004 459
1739616001152 165.7506001555185 460
1739616001165 165.74426931292678 461
1739616001177 165.73793874922222 462
1739616001190 165.73160846439222 463
1739616001202 165.7252784584241 464
1739616001214 165.71894873130526 465
1739616001227 165.71261928302303 466
1739616001240 165.70629011356482 467
1739616001251 165.69996122291792 468
1739616001264 165.6936326110698 469
1739616001276 165.68730427800776 470
1739616001288 165.68097622371914 471
1739616001300 165.67464844819136 472
1739616001313 165.66832095141183 473
1739616001325 165.6619937333678 474
1739616001337 165.6556667940467 475
1739616001349 165.6493401334359 476
1739616001361 165.6430137515228 477
1739616001375 165.63668764829472 478
1739616001388 165.63036182373907 479
1739616001400 165.62403627784323 480
1739616001414 165.61771101059452 481
1739616001426 165.61138602198034 482
1739616001438 165.60506131198804 483
1739616001450 165.59873688060506 484
1739616001462 165.5924127278187 485
1739616001474 165.58608885361642 486
1739616001487 165.57976525798549 487
1739616001499 165.57344194091337 488
1739616001512 165.56711890238745 489
1739616001524 165.56079614239502 490
1739616001536 165.55447366092352 491
1739616001549 165.54815145796033 492
1739616001561 165.5418295334928 493
1739616001573 165.53550788750832 494
1739616001586 165.5291865199943 495
1739616001599 165.5228654309381 496
1739616001611 165.5165446203271 497
1739616001624 165.51022408814868 498
1739616001636 165.5039038343902 499
