1739556510528 169.21235122945856 0
1739556510539 169.07939830575216 1
1739556510549 168.94757654610382 2
1739556510559 168.81587252061726 3
1739556510568 168.6842868731237 4
1739556510577 168.55281874255044 5
1739556510586 168.42146877247865 6
1739556510595 168.29023610249175 7
1739556510605 168.15912137592105 8
1739556510615 168.02812373300512 9
1739556510629 167.89724381682555 10
1739556510638 167.7664807682754 11
1739556510648 167.63583523018627 12
1739556510658 167.50530634410504 13
1739556510668 167.37489475261344 14
1739556510677 167.24459959791116 15
1739556510686 167.11442152233033 16
1739556510696 166.9843596687227 17
1739556510705 166.85441467917065 18
1739556510717 166.72458569717708 19
1739556510728 166.59487336457494 20
1739556510739 166.46527682551735 21
1739556510749 166.33579672158785 22
1739556510759 166.20643219758918 23
1739556510768 166.0771838948552 24
1739556510777 165.94805095883765 25
1739556510786 165.81903403062086 26
1739556510796 165.69013225630457 27
1739556510805 165.56134627672367 28
1739556510815 165.4326756118822 29
1739556510824 165.30411978246283 30
1739556510833 165.17567942892694 31
1739556510843 165.04735369899035 32
1739556510852 164.91914323286497 33
1739556510861 164.79104717891207 34
1739556510870 164.6630661770942 35
1739556510880 164.5351993764171 36
1739556510889 164.4074474165941 37
1739556510899 164.2798094472745 38
1739556510909 164.15228610792263 39
1739556510918 164.0248765488305 40
1739556510928 163.8975814092134 41
1739556510937 163.77039984000544 42
1739556510947 163.64333248017277 43
1739556510956 163.51637848129087 44
1739556510966 163.38953848207674 45
1739556510975 163.2628116347464 46
1739556510984 163.13619857776806 47
1739556510994 163.00969846399715 48
1739556511003 162.88331193165317 49
1739556511013 162.7570381342304 50
1739556511022 162.63087770969946 51
1739556511031 162.50482981219284 52
1739556511040 162.37889507943225 53
1739556511050 162.2530726661875 54
1739556511059 162.1273632099317 55
1739556511068 162.00176623632578 56
1739556511077 161.87628127169992 57
1739556511087 161.75090895315446 58
1739556511096 161.6256484370488 59
1739556511105 161.50050036023472 60
1739556511115 161.37546387970602 61
1739556511125 161.2505396320661 62
1739556511133 161.12572677494248 63
1739556511143 161.00102594469007 64
1739556511152 160.87643629956946 65
1739556511161 160.75195847568705 66
1739556511170 160.6275916319357 67
1739556511179 160.5033364041735 68
1739556511188 160.3791919519246 69
1739556511197 160.25515891079897 70
1739556511206 160.13123644095137 71
1739556511216 160.00742517774336 72
1739556511225 159.88372428195981 73
1739556511234 159.760134388714 74
1739556511243 159.63665465941983 75
1739556511252 159.51328572894252 76
1739556511262 159.39002675932431 77
1739556511271 159.2668783851824 78
1739556511281 159.1438397691865 79
1739556511290 159.02091154570584 80
1739556511300 158.89809287803686 81
1739556511310 158.7753844003009 82
1739556511319 158.652785643711 83
1739556511329 158.53029614013994 84
1739556511338 158.40791652333758 85
1739556511348 158.28564595816354 86
1739556511357 158.16348507811986 87
1739556511366 158.04143304869038 88
1739556511375 157.91949050312928 89
1739556511384 157.79765660754373 90
1739556511394 157.6759319949403 91
1739556511403 157.5543158320487 92
1739556511412 157.4328087516278 93
1739556511421 157.31140992102905 94
1739556511431 157.19011997276388 95
1739556511440 157.06893807480475 96
1739556511449 156.94786485941552 97
1739556511458 156.82689949518902 98
1739556511467 156.70604261414152 99
1739556511477 156.58529338548536 100
1739556511486 156.4646524409896 101
1739556511495 156.34411895048513 102
1739556511504 156.22369354549372 103
1739556511514 156.10337539646434 104
1739556511523 155.98316513467137 105
1739556511532 155.86306193118102 106
1739556511542 155.74306641702051 107
1739556511551 155.62317776387252 108
1739556511560 155.5033966025171 109
1739556511569 155.38372246961686 110
1739556511578 155.26415490248473 111
1739556511587 155.14469453153055 112
1739556511597 155.02534052997436 113
1739556511606 154.9060935279791 114
1739556511616 154.7869526993788 115
1739556511625 154.66791867408924 116
1739556511638 154.54899062655747 117
1739556511647 154.43016918645267 118
1739556511656 154.31145352883408 119
1739556511666 154.192844283124 120
1739556511675 154.07434062499325 121
1739556511684 153.95594318361748 122
1739556511694 153.83765113527835 123
1739556511704 153.7194651089047 124
1739556511714 153.60138428138828 125
1739556511725 153.4834092814114 126
1739556511740 153.36553928647515 127
1739556511750 153.24777492501516 128
1739556511760 153.13011537514114 129
1739556511769 153.01256126504228 130
1739556511778 152.8951117734361 131
1739556511787 152.77776752826537 132
1739556511797 152.6605277088547 133
1739556511806 152.54339294290043 134
1739556511815 152.4263624103336 135
1739556511825 152.30943673860423 136
1739556511834 152.19261546972405 137
1739556511844 152.07589814634557 138
1739556511853 151.95928539555013 139
1739556511863 151.84277639878079 140
1739556511872 151.7263717828727 141
1739556511882 151.6100707298727 142
1739556511892 151.4938738663698 143
1739556511901 151.37778037501394 144
1739556511910 151.2617908821481 145
1739556511920 151.14590457102437 146
1739556511929 151.03012206773997 147
1739556511938 150.91444255614846 148
1739556511948 150.7988666621012 149
1739556511958 150.68339357005252 150
1739556511967 150.568023905608 151
1739556511977 150.452756853822 152
1739556511986 150.3375930400544 153
1739556511996 150.2225316499589 154
1739556512005 150.10757330864973 155
1739556512014 149.99271720237917 156
1739556512024 149.8779639560158 157
1739556512033 149.76331275640982 158
1739556512042 149.6487642281843 159
1739556512052 149.53431755878648 160
1739556512061 149.419973372594 161
1739556512070 149.30573085765062 162
1739556512080 149.19159063808846 163
1739556512089 149.07755190254693 164
1739556512099 148.96361527491297 165
1739556512108 148.84978030283372 166
1739556512118 148.73604653458767 167
1739556512127 148.62241459369434 168
1739556512136 148.50888367027866 169
1739556512145 148.39545438761502 170
1739556512154 148.28212593642135 171
1739556512164 148.16889893972706 172
1739556512173 148.05577258884244 173
1739556512182 147.94274750655188 174
1739556512191 147.8298228847574 175
1739556512200 147.71699934599846 176
1739556512209 147.60427608276797 177
1739556512218 147.49165371736052 178
1739556512229 147.37913144285932 179
1739556512240 147.2667098813142 180
1739556512251 147.1543882263977 181
1739556512261 147.0421670999151 182
1739556512271 146.9300456961277 183
1739556512281 146.818024636596 184
1739556512291 146.70610311616954 185
1739556512300 146.5942817561642 186
1739556512310 146.48255975201678 187
1739556512319 146.37093772479872 188
1739556512329 146.25941487053348 189
1739556512338 146.14799181004807 190
1739556512348 146.0366677399518 191
1739556512357 145.92544328082738 192
1739556512367 145.8143179854687 193
1739556512376 145.70329140729262 194
1739556512385 145.59236416651558 195
1739556512394 145.4815354612083 196
1739556512404 145.3708059113432 197
1739556512413 145.26017471557438 198
1739556512422 145.1496424936301 199
1739556512432 145.03920844474717 200
1739556512441 144.9288731884099 201
1739556512451 144.81863592443702 202
1739556512460 144.70849727206894 203
1739556512470 144.59845643170564 204
1739556512479 144.48851402234362 205
1739556512488 144.37866924496348 206
1739556512497 144.26892271831795 207
1739556512507 144.15927364396734 208
1739556512516 144.0497226404208 209
1739556512525 143.94026890981783 210
1739556512534 143.83091307042378 211
1739556512544 143.7216543249567 212
1739556512553 143.6124932914383 213
1739556512562 143.50342917316442 214
1739556512572 143.39446258791332 215
1739556512581 143.28559273955773 216
1739556512591 143.1768202456326 217
1739556512600 143.06814431058694 218
1739556512610 142.95956555171236 219
1739556512619 142.85108317403356 220
1739556512628 142.7426977945988 221
1739556512638 142.63440897162536 222
1739556512649 142.5262162639437 223
1739556512658 142.41812028823767 224
1739556512667 142.31012025096763 225
1739556512676 142.2022167685744 226
1739556512686 142.09440904809156 227
1739556512695 141.9866977057168 228
1739556512704 141.87908194905626 229
1739556512713 141.77156239406474 230
1739556512722 141.66413824892007 231
1739556512733 141.55681012933422 232
1739556512743 141.4495772440562 233
1739556512753 141.34244020855516 234
1739556512762 141.23539823215043 235
1739556512772 141.12845193006856 236
1739556512781 141.0216005121986 237
1739556512791 140.91484459352438 238
1739556512800 140.80818338450402 239
1739556512809 140.70161749987875 240
1739556512818 140.5951461506751 241
1739556512827 140.48876995139184 242
1739556512836 140.38248811362303 243
1739556512846 140.2763012516251 244
1739556512855 140.17020857755904 245
1739556512864 140.06421070543902 246
1739556512874 139.95830684799225 247
1739556512883 139.85249761899064 248
1739556512892 139.74678258160498 249
1739556512901 139.64116129961053 250
1739556512910 139.53563438641652 251
1739556512920 139.43020105616233 252
1739556512929 139.32486192201506 253
1739556512937 139.219616198678 254
1739556512947 139.1144644990763 255
1739556512957 139.00940603847638 256
1739556512966 138.90444142956153 257
1739556512976 138.79956988816065 258
1739556512985 138.6947920267152 259
1739556512994 138.59010706161595 260
1739556513004 138.4855156050626 261
1739556513013 138.38101687400703 262
1739556513023 138.27661148040727 263
1739556513032 138.1722986417757 264
1739556513042 138.0680789698288 265
1739556513052 137.96395168263862 266
1739556513062 137.85991739168026 267
1739556513071 137.75597531558478 268
1739556513080 137.65212606558586 269
1739556513090 137.54836886087304 270
1739556513099 137.44470431243866 271
1739556513109 137.3411316400299 272
1739556513118 137.23765145439796 273
1739556513127 137.13426297584707 274
1739556513136 137.0309668148872 275
1739556513146 136.927762192379 276
1739556513155 136.82464971859133 277
1739556513164 136.72162896191477 278
1739556513173 136.61869949133543 279
1739556513182 136.51586191676114 280
1739556513192 136.4131154604401 281
1739556513201 136.31046073203927 282
1739556513211 136.2078969543609 283
1739556513220 136.10542473683114 284
1739556513229 136.0030433028056 285
1739556513238 135.90075326146976 286
1739556513248 135.79855383673183 287
1739556513257 135.69644563753667 288
1739556513266 135.59442788834454 289
1739556513275 135.49250119785975 290
1739556513285 135.39066479109385 291
1739556513294 135.28891927651074 292
1739556513303 135.18726387967266 293
1739556513313 135.08569920880305 294
1739556513322 134.9842244900142 295
1739556513331 134.88284033128932 296
1739556513341 134.7815459592899 297
1739556513350 134.68034198175906 298
1739556513359 134.5792276259069 299
1739556513369 134.4782034992364 300
1739556513379 134.37726882950574 301
1739556513388 134.27642422397778 302
1739556513397 134.1756689109581 303
1739556513406 134.0750034974696 304
1739556513415 133.9744272123645 305
1739556513425 133.87394066242587 306
1739556513433 133.77354342116206 307
1739556513442 133.67323506266814 308
1739556513451 133.57301619336786 309
1739556513461 133.4728860434769 310
1739556513470 133.37284521917937 311
1739556513481 133.27289295123526 312
1739556513490 133.17302984558916 313
1739556513500 133.07325513354476 314
1739556513510 132.97356942080717 315
1739556513519 132.87397193922314 316
1739556513528 132.77446329425834 317
1739556513537 132.67504271830194 318
1739556513547 132.57571081658028 319
1739556513556 132.47646682202426 320
1739556513565 132.37731133962106 321
1739556513575 132.2782436028426 322
1739556513584 132.17926421643693 323
1739556513593 132.08037241441636 324
1739556513602 131.9815688012899 325
1739556513611 131.88285261160974 326
1739556513620 131.78422444964585 327
1739556513630 131.68568355048947 328
1739556513641 131.58723051817176 329
1739556513650 131.48886458832243 330
1739556513660 131.39058636473382 331
1739556513670 131.29239508357352 332
1739556513679 131.1942913483951 333
1739556513688 131.09627439590332 334
1739556513698 130.99834482941318 335
1739556513707 130.9005022274511 336
1739556513716 130.80274616912155 337
1739556513725 130.70507725738207 338
1739556513734 130.6074947302771 339
1739556513743 130.5099991905258 340
1739556513753 130.41258987670767 341
1739556513762 130.31526739130345 342
1739556513771 130.21803097342683 343
1739556513780 130.1208812253205 344
1739556513790 130.0238173866316 345
1739556513799 129.92684005936474 346
1739556513808 129.8299484837001 347
1739556513817 129.7331432614041 348
1739556513825 129.6364236331894 349
1739556513834 129.5397902005844 350
1739556513844 129.44324220483335 351
1739556513852 129.34678024722692 352
1739556513862 129.25040356954034 353
1739556513871 129.15411277282647 354
1739556513881 129.057907099391 355
1739556513891 128.9617871500491 356
1739556513900 128.8657521676362 357
1739556513909 128.76980275272982 358
1739556513918 128.67393814869456 359
1739556513927 128.5781589558705 360
1739556513936 128.48246441815058 361
1739556513945 128.38685513563755 362
1739556513954 128.29133035275223 363
1739556513963 128.19589066935993 364
1739556513971 128.10053533040872 365
1739556513981 128.0052649355267 366
1739556513991 127.91007906849669 367
1739556514001 127.81497731367013 368
1739556514010 127.71996027031976 369
1739556514019 127.6250271847086 370
1739556514028 127.5301786558723 371
1739556514037 127.4354139305989 372
1739556514046 127.34073360768716 373
1739556514055 127.24613693444941 374
1739556514065 127.15162450944761 375
1739556514074 127.05719558051788 376
1739556514085 126.96285074598535 377
1739556514094 126.86858925420925 378
1739556514103 126.77441170327812 379
1739556514112 126.6803173420736 380
1739556514120 126.58630676844763 381
1739556514130 126.49237923180378 382
1739556514140 126.3985353297575 383
1739556514149 126.3047743122335 384
1739556514158 126.21109677661097 385
1739556514167 126.11750197333515 386
1739556514177 126.02399049954889 387
1739556514187 125.93056160621744 388
1739556514196 125.83721589024745 389
1739556514205 125.74395260312355 390
1739556514215 125.65077234151617 391
1739556514224 125.55767435742874 392
1739556514233 125.4646592472957 393
1739556514242 125.3717262636385 394
1739556514251 125.2788760026557 395
1739556514260 125.18610805294863 396
1739556514269 125.09342200367892 397
1739556514278 125.00081845069177 398
1739556514287 124.90829664780078 399
1739556514297 124.81585719061545 400
1739556514306 124.72349933346523 401
1739556514315 124.63122367172411 402
1739556514325 124.53902946023683 403
1739556514334 124.44691729414183 404
1739556514342 124.35488642879858 405
1739556514352 124.26293745911 406
1739556514365 124.17106964094974 407
1739556514375 124.07928356898537 408
1739556514384 123.98757849960393 409
1739556514393 123.89595502723783 410
1739556514402 123.80441240878686 411
1739556514412 123.71295123844834 412
1739556514421 123.62157077363428 413
1739556514430 123.53027160830695 414
1739556514439 123.43905300038996 415
1739556514449 123.34791554361063 416
1739556514459 123.25685849640352 417
1739556514469 123.16588245226116 418
1739556514478 123.07498667012841 419
1739556514487 122.98417174326308 420
1739556514497 122.89343693111984 421
1739556514507 122.80278282672171 422
1739556514516 122.7122086900326 423
1739556514525 122.62171511384093 424
1739556514534 122.53130169147344 425
1739556514543 122.44096801680877 426
1739556514552 122.35071468228398 427
1739556514562 122.26054094913286 428
1739556514571 122.17044740955821 429
1739556514581 122.08043332530069 430
1739556514590 121.99049928832896 431
1739556514599 121.90064456089007 432
1739556514609 121.81086973471851 433
1739556514618 121.72117407256714 434
1739556514627 121.63155816593638 435
1739556514637 121.54202127808432 436
1739556514650 121.45256400027743 437
1739556514659 121.36318559627837 438
1739556514669 121.27388665711973 439
1739556514679 121.18466644706818 440
1739556514688 121.09552555692255 441
1739556514697 121.00646325145287 442
1739556514706 120.91748012122434 443
1739556514716 120.82857543150973 444
1739556514726 120.73974977264068 445
1739556514735 120.65100241039214 446
1739556514745 120.56233393486227 447
1739556514754 120.47374361232758 448
1739556514763 120.3852320326529 449
1739556514772 120.29679846261567 450
1739556514782 120.20844349184745 451
1739556514791 120.12016638762606 452
1739556514800 120.03196773934987 453
1739556514810 119.94384681479646 454
1739556514819 119.85580420313114 455
1739556514828 119.76783950263095 456
1739556514837 119.67995231211619 457
1739556514845 119.59214322040302 458
1739556514855 119.50441149651553 459
1739556514864 119.41675772903703 460
1739556514873 119.3291811874893 461
1739556514882 119.2416824602229 462
1739556514891 119.1542608172567 463
1739556514901 119.06691684670862 464
1739556514910 118.97964981909402 465
1739556514919 118.89246032229823 466
1739556514928 118.8053476273326 467
1739556514937 118.71831232184995 468
1739556514946 118.63135367735688 469
1739556514954 118.54447228127395 470
1739556514963 118.45766740560246 471
1739556514973 118.37093963753068 472
1739556514983 118.28428824955404 473
1739556514992 118.19771382862868 474
1739556515001 118.11121564774353 475
1739556515010 118.02479429362268 476
1739556515019 117.938449039748 477
1739556515028 117.85218047261161 478
1739556515037 117.76598786618777 479
1739556515047 117.67987180673673 480
1739556515056 117.59383156872448 481
1739556515064 117.50786773817953 482
1739556515073 117.42197959005905 483
1739556515083 117.33616771015987 484
1739556515092 117.25043137392979 485
1739556515101 117.16477116693405 486
1739556515111 117.07918669229835 487
1739556515120 116.99367755368293 488
1739556515128 116.90824433630632 489
1739556515137 116.8228863168398 490
1739556515146 116.73760408027059 491
1739556515155 116.65239690375844 492
1739556515163 116.56726537205941 493
1739556515172 116.48220876282126 494
1739556515181 116.3972276605688 495
1739556515190 116.31232134343728 496
1739556515200 116.2274903957205 497
1739556515209 116.14273409604044 498
1739556515218 116.05805302846 499
