1739618135733 168.78811518586733 0
1739618135747 168.77110828364667 1
1739618135760 168.75441705893232 2
1739618135773 168.73772747884058 3
1739618135785 168.72103955882073 4
1739618135798 168.70435329870708 5
1739618135810 168.6876686983343 6
1739618135822 168.6709857575375 7
1739618135835 168.65430447615142 8
1739618135847 168.6376248540111 9
1739618135860 168.6209468909515 10
1739618135873 168.6042705868076 11
1739618135885 168.58759594141435 12
1739618135897 168.57092295460674 13
1739618135910 168.55425162621987 14
1739618135922 168.53758195608873 15
1739618135934 168.52091394404837 16
1739618135947 168.5042475899339 17
1739618135959 168.4875828935804 18
1739618135972 168.47091985482288 19
1739618135985 168.4542584734966 20
1739618135997 168.43759874943666 21
1739618136009 168.42094068247812 22
1739618136021 168.40428427245627 23
1739618136032 168.3876295192062 24
1739618136044 168.3709764225632 25
1739618136058 168.35432498236247 26
1739618136070 168.3376751984392 27
1739618136082 168.32102707062867 28
1739618136095 168.30438059876616 29
1739618136107 168.28773578268695 30
1739618136119 168.2710926222263 31
1739618136131 168.25445111721962 32
1739618136142 168.2378112675021 33
1739618136153 168.22117307290927 34
1739618136165 168.20453653327635 35
1739618136177 168.1879016484388 36
1739618136190 168.17126841823202 37
1739618136204 168.15463684249136 38
1739618136216 168.13800692105232 39
1739618136227 168.12137865375033 40
1739618136239 168.10475204042086 41
1739618136251 168.08812708089937 42
1739618136340 168.0715037750214 43
1739618136354 168.05488212262244 44
1739618136368 168.03826212353798 45
1739618136382 168.0216437776036 46
1739618136395 168.00502708465487 47
1739618136410 167.98841204452737 48
1739618136423 167.97179865705672 49
1739618136437 167.9551869220785 50
1739618136450 167.93857683942832 51
1739618136463 167.92196840894186 52
1739618136477 167.90536163045482 53
1739618136490 167.88875650380277 54
1739618136504 167.8721530288215 55
1739618136518 167.85555120534667 56
1739618136530 167.83895103321402 57
1739618136542 167.8223525122593 58
1739618136554 167.80575564231827 59
1739618136568 167.78916042322672 60
1739618136581 167.77256685482038 61
1739618136593 167.7559749369351 62
1739618136606 167.73938466940677 63
1739618136618 167.72279605207112 64
1739618136631 167.70620908476408 65
1739618136643 167.68962376732148 66
1739618136655 167.67304009957925 67
1739618136668 167.65645808137327 68
1739618136680 167.63987771253946 69
1739618136693 167.6232989929138 70
1739618136705 167.6067219223322 71
1739618136717 167.59014650063062 72
1739618136730 167.5735727276451 73
1739618136743 167.55700060321163 74
1739618136756 167.5404301271662 75
1739618136769 167.52386129934484 76
1739618136781 167.50729411958372 77
1739618136794 167.49072858771873 78
1739618136806 167.47416470358615 79
1739618136818 167.4576024670219 80
1739618136830 167.4410418778622 81
1739618136842 167.42448293594316 82
1739618136854 167.40792564110095 83
1739618136866 167.3913699931717 84
1739618136878 167.37481599199162 85
1739618136890 167.35826363739693 86
1739618136902 167.34171292922383 87
1739618136914 167.32516386730853 88
1739618136927 167.30861645148727 89
1739618136939 167.29207068159639 90
1739618136952 167.27552655747212 91
1739618136965 167.2589840789507 92
1739618136978 167.24244324586854 93
1739618136990 167.22590405806196 94
1739618137002 167.20936651536724 95
1739618137013 167.1928306176208 96
1739618137025 167.176296364659 97
1739618137037 167.15976375631826 98
1739618137051 167.14323279243496 99
1739618137064 167.12670347284555 100
1739618137075 167.11017579738643 101
1739618137087 167.09364976589413 102
1739618137099 167.0771253782051 103
1739618137110 167.0606026341558 104
1739618137122 167.04408153358278 105
1739618137133 167.02756207632254 106
1739618137145 167.01104426221164 107
1739618137156 166.99452809108664 108
1739618137168 166.97801356278407 109
1739618137180 166.96150067714063 110
1739618137192 166.9449894339928 111
1739618137204 166.92847983317722 112
1739618137216 166.91197187453065 113
1739618137227 166.8954655578896 114
1739618137238 166.87896088309085 115
1739618137250 166.86245784997098 116
1739618137263 166.8459564583668 117
1739618137281 166.82945670811498 118
1739618137294 166.81295859905228 119
1739618137306 166.79646213101546 120
1739618137318 166.77996730384118 121
1739618137330 166.7634741173664 122
1739618137342 166.74698257142776 123
1739618137354 166.7304926658622 124
1739618137365 166.71400440050652 125
1739618137376 166.69751777519753 126
1739618137389 166.68103278977216 127
1739618137401 166.66454944406723 128
1739618137412 166.64806773791966 129
1739618137424 166.63158767116641 130
1739618137435 166.61510924364433 131
1739618137447 166.59863245519043 132
1739618137459 166.5821573056417 133
1739618137471 166.565683794835 134
1739618137482 166.5492119226075 135
1739618137494 166.53274168879602 136
1739618137505 166.51627309323774 137
1739618137517 166.49980613576966 138
1739618137528 166.4833408162288 139
1739618137540 166.46687713445226 140
1739618137552 166.4504150902772 141
1739618137563 166.43395468354063 142
1739618137575 166.41749591407975 143
1739618137587 166.40103878173167 144
1739618137599 166.38458328633357 145
1739618137611 166.36812942772252 146
1739618137622 166.3516772057359 147
1739618137634 166.3352266202108 148
1739618137646 166.31877767098442 149
1739618137658 166.30233035789402 150
1739618137671 166.28588468077695 151
1739618137683 166.26944063947036 152
1739618137694 166.2529982338116 153
1739618137707 166.23655746363795 154
1739618137719 166.22011832878673 155
1739618137731 166.20368082909533 156
1739618137744 166.18724496440103 157
1739618137756 166.17081073454122 158
1739618137768 166.15437813935335 159
1739618137780 166.13794717867466 160
1739618137792 166.12151785234278 161
1739618137804 166.105090160195 162
1739618137817 166.08866410206878 163
1739618137829 166.07223967780163 164
1739618137841 166.05581688723103 165
1739618137853 166.03939573019449 166
1739618137865 166.02297620652948 167
1739618137877 166.00655831607352 168
1739618137889 165.99014205866422 169
1739618137901 165.9737274341391 170
1739618137913 165.95731444233576 171
1739618137926 165.94090308309174 172
1739618137938 165.92449335624474 173
1739618137950 165.90808526163232 174
1739618137962 165.8916787990922 175
1739618137974 165.87527396846198 176
1739618137987 165.85887076957928 177
1739618138000 165.84246920228196 178
1739618138012 165.82606926640756 179
1739618138024 165.80967096179387 180
1739618138038 165.7932742882786 181
1739618138051 165.77687924569963 182
1739618138065 165.76048583389456 183
1739618138078 165.7440940527013 184
1739618138091 165.72770390195763 185
1739618138103 165.71131538150135 186
1739618138116 165.69492849117032 187
1739618138128 165.67854323080232 188
1739618138141 165.66215960023533 189
1739618138153 165.64577759930717 190
1739618138165 165.62939722785572 191
1739618138180 165.61301848571895 192
1739618138192 165.59664137273484 193
1739618138208 165.58026588874128 194
1739618138220 165.56389203357617 195
1739618138233 165.54751980707758 196
1739618138245 165.53114920908354 197
1739618138259 165.51478023943199 198
1739618138271 165.49841289796095 199
1739618138283 165.48204718450853 200
1739618138296 165.46568309891273 201
1739618138308 165.44932064101172 202
1739618138321 165.4329598106435 203
1739618138333 165.41660060764625 204
1739618138345 165.40024303185808 205
1739618138357 165.38388708311706 206
1739618138369 165.36753276126151 207
1739618138381 165.35118006612942 208
1739618138394 165.3348289975591 209
1739618138405 165.31847955538876 210
1739618138418 165.30213173945657 211
1739618138431 165.2857855496008 212
1739618138443 165.2694409856597 213
1739618138455 165.25309804747152 214
1739618138467 165.23675673487463 215
1739618138479 165.2204170477072 216
1739618138491 165.20407898580768 217
1739618138502 165.18774254901436 218
1739618138514 165.17140773716557 219
1739618138526 165.15507455009973 220
1739618138537 165.13874298765518 221
1739618138549 165.12241304967029 222
1739618138560 165.10608473598356 223
1739618138572 165.0897580464334 224
1739618138583 165.0734329808582 225
1739618138595 165.05710953909647 226
1739618138607 165.04078772098669 227
1739618138619 165.0244675263674 228
1739618138630 165.00814895507708 229
1739618138642 164.9918320069542 230
1739618138653 164.9755166818374 231
1739618138665 164.9592029795652 232
1739618138678 164.9428908999761 233
1739618138690 164.9265804429089 234
1739618138702 164.91027160820198 235
1739618138713 164.8939643956941 236
1739618138726 164.8776588052239 237
1739618138737 164.86135483662997 238
1739618138749 164.84505248975103 239
1739618138760 164.82875176442576 240
1739618138772 164.8124526604929 241
1739618138784 164.7961551777911 242
1739618138795 164.77985931615916 243
1739618138807 164.7635650754358 244
1739618138819 164.7472724554598 245
1739618138830 164.73098145606997 246
1739618138842 164.71469207710516 247
1739618138853 164.69840431840402 248
1739618138865 164.68211817980554 249
1739618138876 164.6658336611485 250
1739618138888 164.64955076227176 251
1739618138900 164.6332694830143 252
1739618138911 164.6169898232149 253
1739618138923 164.60071178271255 254
1739618138935 164.5844353613461 255
1739618138947 164.5681605589546 256
1739618138959 164.55188737537694 257
1739618138973 164.53561581045213 258
1739618138988 164.51934586401916 259
1739618139002 164.50307753591701 260
1739618139017 164.48681082598475 261
1739618139031 164.47054573406137 262
1739618139044 164.45428225998606 263
1739618139061 164.43802040359773 264
1739618139078 164.42176016473553 265
1739618139098 164.4055015432386 266
1739618139114 164.3892445389461 267
1739618139130 164.37298915169706 268
1739618139144 164.35673538133065 269
1739618139158 164.34048322768615 270
1739618139175 164.32423269060263 271
1739618139192 164.30798376991933 272
1739618139206 164.2917364654755 273
1739618139220 164.27549077711035 274
1739618139233 164.2592467046631 275
1739618139247 164.24300424797306 276
1739618139260 164.2267634068795 277
1739618139272 164.21052418122176 278
1739618139285 164.1942865708391 279
1739618139298 164.17805057557086 280
1739618139310 164.1618161952564 281
1739618139322 164.14558342973504 282
1739618139335 164.1293522788462 283
1739618139347 164.11312274242928 284
1739618139378 164.09689482032368 285
1739618139481 164.08066851236887 286
1739618139522 164.06444381840421 287
1739618139557 164.0482207382692 288
1739618139595 164.03199927180333 289
1739618139621 164.01577941884608 290
1739618139675 163.99956117923693 291
1739618139699 163.9833445528154 292
1739618139728 163.96712953942108 293
1739618139753 163.9509161388935 294
1739618139774 163.93470435107224 295
1739618139800 163.91849417579687 296
1739618139824 163.90228561290698 297
1739618139851 163.8860786622422 298
1739618139876 163.86987332364214 299
1739618139901 163.8536695969465 300
1739618139929 163.83746748199496 301
1739618139960 163.82126697862714 302
1739618139986 163.80506808668275 303
1739618140008 163.78887080600157 304
1739618140031 163.7726751364232 305
1739618140053 163.75648107778753 306
1739618140071 163.74028862993424 307
1739618140090 163.7240977927031 308
1739618140109 163.70790856593393 309
1739618140128 163.69172094946657 310
1739618140161 163.67553494314078 311
1739618140183 163.65935054679645 312
1739618140205 163.64316776027343 313
1739618140226 163.62698658341156 314
1739618140247 163.6108070160508 315
1739618140272 163.594629058031 316
1739618140295 163.57845270919205 317
1739618140315 163.56227796937395 318
1739618140333 163.54610483841665 319
1739618140351 163.52993331616005 320
1739618140371 163.51376340244423 321
1739618140394 163.49759509710915 322
1739618140422 163.4814283999948 323
1739618140443 163.46526331094125 324
1739618140466 163.4490998297885 325
1739618140486 163.43293795637672 326
1739618140506 163.41677769054587 327
1739618140536 163.40061903213604 328
1739618140561 163.38446198098748 329
1739618140584 163.3683065369402 330
1739618140607 163.35215269983436 331
1739618140632 163.3360004695102 332
1739618140655 163.31984984580774 333
1739618140681 163.30370082856732 334
1739618140704 163.2875534176291 335
1739618140731 163.27140761283331 336
1739618140754 163.25526341402016 337
1739618140779 163.2391208210299 338
1739618140802 163.22297983370285 339
1739618140823 163.20684045187926 340
1739618140843 163.19070267539945 341
1739618140864 163.17456650410372 342
1739618140883 163.1584319378324 343
1739618140902 163.14229897642588 344
1739618140921 163.12616761972453 345
1739618140940 163.11003786756862 346
1739618140959 163.0939097197987 347
1739618140979 163.07778317625508 348
1739618140998 163.06165823677827 349
1739618141018 163.0455349012086 350
1739618141041 163.0294131693867 351
1739618141063 163.01329304115288 352
1739618141097 162.99717451634777 353
1739618141123 162.98105759481172 354
1739618141154 162.96494227638541 355
1739618141174 162.94882856090928 356
1739618141193 162.93271644822397 357
1739618141214 162.91660593817002 358
1739618141243 162.90049703058799 359
1739618141263 162.8843897253185 360
1739618141284 162.86828402220215 361
1739618141303 162.85217992107962 362
1739618141323 162.83607742179154 363
1739618141340 162.81997652417857 364
1739618141357 162.80387722808143 365
1739618141374 162.7877795333408 366
1739618141392 162.77168343979736 367
1739618141409 162.75558894729184 368
1739618141426 162.7394960556651 369
1739618141442 162.7234047647577 370
1739618141458 162.70731507441062 371
1739618141474 162.69122698446458 372
1739618141491 162.67514049476037 373
1739618141507 162.6590556051388 374
1739618141523 162.64297231544074 375
1739618141539 162.62689062550706 376
1739618141554 162.61081053517862 377
1739618141570 162.5947320442963 378
1739618141585 162.5786551527011 379
1739618141601 162.56257986023377 380
1739618141616 162.54650616673533 381
1739618141632 162.53043407204675 382
1739618141648 162.51436357600903 383
1739618141664 162.49829467846308 384
1739618141678 162.48222737924993 385
1739618141693 162.4661616782106 386
1739618141708 162.4500975751861 387
1739618141722 162.43403507001753 388
1739618141737 162.4179741625459 389
1739618141752 162.40191485261235 390
1739618141768 162.3858571400579 391
1739618141784 162.36980102472367 392
1739618141798 162.3537465064509 393
1739618141812 162.33769358508053 394
1739618141827 162.3216422604539 395
1739618141842 162.3055925324121 396
1739618141857 162.2895444007964 397
1739618141872 162.27349786544787 398
1739618141887 162.2574529262078 399
1739618141901 162.2414095829175 400
1739618141915 162.22536783541813 401
1739618141930 162.20932768355098 402
1739618141945 162.19328912715733 403
1739618141960 162.1772521660785 404
1739618141975 162.16121680015578 405
1739618141990 162.14518302923057 406
1739618142005 162.12915085314407 407
1739618142020 162.1131202717378 408
1739618142035 162.09709128485306 409
1739618142050 162.08106389233134 410
1739618142065 162.06503809401391 411
1739618142141 162.04901388974227 412
1739618142158 162.03299127935784 413
1739618142174 162.01697026270213 414
1739618142191 162.00095083961656 415
1739618142207 161.9849330099426 416
1739618142224 161.96891677352187 417
1739618142241 161.95290213019575 418
1739618142257 161.93688907980587 419
1739618142276 161.92087762219376 420
1739618142294 161.90486775720098 421
1739618142315 161.8888594846691 422
1739618142332 161.87285280443976 423
1739618142348 161.85684771635457 424
1739618142365 161.84084422025506 425
1739618142381 161.82484231598303 426
1739618142397 161.80884200338008 427
1739618142415 161.7928432822879 428
1739618142432 161.7768461525481 429
1739618142456 161.76085061400252 430
1739618142473 161.7448566664928 431
1739618142491 161.7288643098607 432
1739618142507 161.71287354394804 433
1739618142524 161.6968843685965 434
1739618142540 161.6808967836479 435
1739618142557 161.6649107889441 436
1739618142573 161.64892638432684 437
1739618142589 161.63294356963797 438
1739618142604 161.61696234471938 439
1739618142620 161.60098270941293 440
1739618142634 161.5850046635605 441
1739618142649 161.56902820700395 442
1739618142664 161.5530533395853 443
1739618142678 161.53708006114636 444
1739618142693 161.52110837152912 445
1739618142708 161.50513827057557 446
1739618142722 161.48916975812762 447
1739618142737 161.47320283402732 448
1739618142752 161.4572374981167 449
1739618142767 161.44127375023777 450
1739618142781 161.4253115902325 451
1739618142796 161.40935101794304 452
1739618142811 161.3933920332114 453
1739618142826 161.37743463587972 454
1739618142841 161.36147882579002 455
1739618142856 161.3455246027845 456
1739618142872 161.3295719667053 457
1739618142890 161.31362091739453 458
1739618142912 161.29767145469432 459
1739618142935 161.28172357844696 460
1739618142954 161.26577728849455 461
1739618142972 161.24983258467933 462
1739618142991 161.23388946684355 463
1739618143010 161.21794793482945 464
1739618143028 161.20200798847932 465
1739618143047 161.18606962763536 466
1739618143066 161.17013285213986 467
1739618143083 161.1541976618352 468
1739618143100 161.1382640565637 469
1739618143118 161.12233203616768 470
1739618143136 161.10640160048948 471
1739618143154 161.09047274937146 472
1739618143171 161.07454548265605 473
1739618143189 161.0586198001856 474
1739618143206 161.0426957018025 475
1739618143224 161.02677318734933 476
1739618143241 161.01085225666841 477
1739618143261 160.99493290960223 478
1739618143279 160.97901514599326 479
1739618143297 160.96309896568405 480
1739618143316 160.94718436851704 481
1739618143332 160.93127135433483 482
1739618143347 160.91535992297995 483
1739618143361 160.8994500742949 484
1739618143376 160.8835418081223 485
1739618143391 160.86763512430468 486
1739618143405 160.85173002268473 487
1739618143421 160.835826503105 488
1739618143436 160.81992456540823 489
1739618143451 160.80402420943696 490
1739618143467 160.7881254350339 491
1739618143481 160.77222824204176 492
1739618143496 160.7563326303032 493
1739618143512 160.74043859966093 494
1739618143527 160.72454614995775 495
1739618143545 160.70865528103633 496
1739618143563 160.69276599273945 497
1739618143599 160.6768782849099 498
1739618143616 160.66099215739047 499
