1739556994360 39.46664290863533 0
1739556994400 2.0788897009146585 1
1739556994438 0.7436068948550985 2
1739556994476 22.72780709787105 3
1739556994515 2.528930587672334 4
1739556994556 0.19768285511489925 5
1739556994595 3.0460397265749095 6
1739556994637 8.008109634048482 7
1739556994681 2.9440714314662357 8
1739556994724 0.14129359876474834 9
1739556994766 0.04068885662292742 10
1739556994808 2.425231318011442 11
1739556994845 2.372051837946526 12
1739556994886 2.1838904085099498 13
1739556994926 36.16851027850374 14
1739556994965 6.710419868507814 15
1739556995006 7.30315430985157 16
1739556995043 9.468572087629807 17
1739556995082 58.467031469956325 18
1739556995121 0.797914177111564 19
1739556995162 11.382044747157458 20
1739556995201 16.0574017636442 21
1739556995240 6.154355600433648 22
1739556995278 4.276584038488917 23
1739556995318 4.763231373653854 24
1739556995356 24.246765526897878 25
1739556995395 34.25949021682202 26
1739556995435 6.6573052242903055 27
1739556995473 7.689045109585296 28
1739556995512 0.12843541165985725 29
1739556995552 46.651374827451974 30
1739556995595 50.43550574888016 31
1739556995637 0.257040667067972 32
1739556995679 9.929922610720546 33
1739556995719 0.7615142770127844 34
1739556995757 1.1695391908712853 35
1739556995795 4.6088098970498885 36
1739556995834 32.6110162269981 37
1739556995873 0.07333474484980489 38
1739556995941 1.865879025898485 39
1739556995983 4.193109434352763 40
1739556996025 6.89144947655274 41
1739556996067 13.853309738391905 42
1739556996108 34.232700427683554 43
1739556996150 31.672270509137206 44
1739556996192 3.3663378653816483 45
1739556996233 0.025957574781839503 46
1739556996275 0.32274130401525103 47
1739556996317 62.02905984722172 48
1739556996358 0.09596132042760872 49
1739556996400 1.0272004795160932 50
1739556996442 3.3445722094246393 51
1739556996481 0.17165750212074415 52
1739556996519 5.003638238717672 53
1739556996558 18.05175368464767 54
1739556996596 1.4896515262839158 55
1739556996635 8.251891743546128 56
1739556996678 5.164911664142012 57
1739556996719 44.556568433687545 58
1739556996762 6.823664996525721 59
1739556996801 11.641408492644945 60
1739556996841 1.5476082709469692 61
1739556996879 4.57274825496106 62
1739556996917 76.55787978406696 63
1739556996957 7.065555363545512 64
1739556996995 19.120247476509007 65
1739556997033 7.946922211556991 66
1739556997073 33.30466905050786 67
1739556997110 4.5446715359596555 68
1739556997149 9.060173717828917 69
1739556997187 10.777647287626522 70
1739556997226 11.661184178133327 71
1739556997265 1.883066190475557 72
1739556997303 1.0505717736133362 73
1739556997342 1.1478185243093273 74
1739556997380 45.13021374273172 75
1739556997418 0.20393333162326094 76
1739556997458 4.903164945147458 77
1739556997496 8.532157089012188 78
1739556997535 1.6449249119619611 79
1739556997576 3.2907635167071407 80
1739556997615 8.012606500118215 81
1739556997654 30.27523374596781 82
1739556997693 8.664085559983201 83
1739556997731 1.460057935969942 84
1739556997771 3.4690536521131556 85
1739556997808 0.06923773654485434 86
1739556997847 12.425540135146287 87
1739556997886 50.496578624381456 88
1739556997924 36.1421674642019 89
1739556997963 6.541770794905653 90
1739556998003 30.14259053200655 91
1739556998041 3.7927251069749244 92
1739556998081 3.138071839621126 93
1739556998119 2.0029254590027152 94
1739556998158 23.272089057009065 95
1739556998196 0.2310662913316766 96
1739556998234 1.266809805755216 97
1739556998274 13.259733260718662 98
1739556998312 9.912182603124675 99
1739556998351 1.6501648579319044 100
1739556998389 0.10325049543649312 101
1739556998427 1.7144240116252252 102
1739556998466 14.507896411443964 103
1739556998505 1.1696178195901124 104
1739556998544 18.85141951966749 105
1739556998583 50.315930629630415 106
1739556998622 13.89722916739627 107
1739556998660 9.076314903750662 108
1739556998700 32.637159906779864 109
1739556998739 16.198398605871215 110
1739556998779 9.781959830720421 111
1739556998821 1.0688995241121837 112
1739556998863 22.377001505278944 113
1739556998905 20.69853188016421 114
1739556998943 8.005937372127667 115
1739556998982 33.99040110894262 116
1739556999021 1.6966622478146949 117
1739556999059 1.1728897462251373 118
1739556999098 19.02393122095294 119
1739556999137 7.124655989502004 120
1739556999176 9.295182761033255 121
1739556999215 3.6735096335076105 122
1739556999253 6.616615430490655 123
1739556999293 0.5315456840778023 124
1739556999331 0.04567692409634463 125
1739556999369 0.09255821289127306 126
1739556999409 0.7950037955383743 127
1739556999447 0.1111013145979819 128
1739556999484 4.876523360172709 129
1739556999522 0.025108286803636658 130
1739556999561 4.771937783993264 131
1739556999600 0.0033821776551181764 132
1739556999638 3.159610488602677 133
1739556999677 2.756641110091078 134
1739556999716 6.6122136757956715 135
1739556999755 7.022621684329667 136
1739556999792 53.7445669888003 137
1739556999831 3.8780014174669635 138
1739556999869 10.024109892069246 139
1739556999909 19.880391478136236 140
1739556999948 5.532826142664169 141
1739556999986 1.4920160782424017 142
1739557000025 0.13096172680449583 143
1739557000063 5.4427537305769995 144
1739557000102 7.758740780934489 145
1739557000141 0.8927660592044615 146
1739557000179 5.529295682947868 147
1739557000219 0.6102572380304885 148
1739557000256 8.31382974265333 149
1739557000294 34.260696579596264 150
1739557000333 8.929950212556205 151
1739557000371 22.210864216686627 152
1739557000409 0.7227906591576521 153
1739557000449 3.9170202974810024 154
1739557000487 2.0893778869002824 155
1739557000526 2.1055052781833967 156
1739557000563 11.644625274925344 157
1739557000601 3.6534027013544157 158
1739557000641 9.93539243561345 159
1739557000678 18.70934196457229 160
1739557000717 44.36762343067086 161
1739557000756 3.3403134488581014 162
1739557000794 8.806736040771524 163
1739557000832 0.22441293547308108 164
1739557000871 0.027581259028482193 165
1739557000913 20.308848294101846 166
1739557000956 0.2329657785332974 167
1739557000997 3.75266673635562 168
1739557001037 12.565161173160329 169
1739557001076 1.1682917628918479 170
1739557001115 1.3957512651874817 171
1739557001153 8.796850755897387 172
1739557001190 3.988592477670542 173
1739557001230 0.02183468808604139 174
1739557001268 42.64099859646216 175
1739557001307 0.6201520958464146 176
1739557001346 32.853816278382595 177
1739557001383 0.0005149687258333086 178
1739557001422 2.289310427330822 179
1739557001461 2.9815232872564112 180
1739557001498 1.456812294925705 181
1739557001537 23.9599581028983 182
1739557001575 4.01798141320704 183
1739557001613 8.972083966173107 184
1739557001652 0.19313247770543204 185
1739557001690 3.482405048639083 186
1739557001729 13.377266619942672 187
1739557001767 8.219265636241943 188
1739557001805 33.97565873072018 189
1739557001843 7.4342892717189715 190
1739557001883 3.3487777350223777 191
1739557001920 3.5275519496779557 192
1739557001959 0.08201084300959788 193
1739557001997 58.37212307717821 194
1739557002036 0.11156045386730577 195
1739557002074 64.80947848568829 196
1739557002112 8.669720373961741 197
1739557002152 4.597483521805865 198
1739557002190 14.242125459532966 199
1739557002229 0.7928378437010645 200
1739557002267 1.9865610543939622 201
1739557002305 30.40103940536281 202
1739557002343 12.976297095020646 203
1739557002381 17.924582401103017 204
1739557002419 16.686461832888845 205
1739557002458 14.208595680945507 206
1739557002496 0.9473397245502301 207
1739557002535 3.3214178303106516 208
1739557002573 26.474048395946436 209
1739557002611 2.7729863889408706 210
1739557002650 0.5736107935246898 211
1739557002688 2.80933038319774 212
1739557002726 9.350114597930995 213
1739557002765 0.924986819732076 214
1739557002803 0.5653023602572784 215
1739557002840 7.006857040897258 216
1739557002880 3.990110053319633 217
1739557002917 16.01758428628944 218
1739557002955 0.612904395841415 219
1739557002994 0.0046789332303319945 220
1739557003034 3.706800332569933 221
1739557003076 29.544772757235755 222
1739557003118 9.294938504358374 223
1739557003159 1.7506430839058345 224
1739557003197 10.091572525079389 225
1739557003235 22.026525960982497 226
1739557003274 0.23163960499136996 227
1739557003311 112.49129757365495 228
1739557003349 18.17295250072684 229
1739557003388 4.254652249215506 230
1739557003426 15.461591644400901 231
1739557003466 4.732662135928947 232
1739557003504 5.58386658383202 233
1739557003541 9.8828805824609 234
1739557003580 2.2445697173288885 235
1739557003617 8.10858678616529 236
1739557003655 9.042492940006884 237
1739557003695 0.13871134043187325 238
1739557003732 0.2773143313798968 239
1739557003770 3.8737280204544664 240
1739557003808 4.415703196635866 241
1739557003846 24.402364710606484 242
1739557003885 0.14745746801121634 243
1739557003923 5.096014715124564 244
1739557003961 15.44232620063194 245
1739557004000 2.1132486221159423 246
1739557004039 5.127875065891024 247
1739557004077 1.1890365039459503 248
1739557004115 6.996237231426822 249
1739557004154 1.2468211590383933 250
1739557004193 1.6242862865548657 251
1739557004231 0.005413123750820484 252
1739557004269 18.775597568452195 253
1739557004308 29.35461812619366 254
1739557004346 0.31901944244309255 255
1739557004384 0.8108188296978712 256
1739557004423 0.4346099388822981 257
1739557004461 8.274314050717352 258
1739557004499 0.04344421075117441 259
