1739616839681 131.076540412193 0
1739616839718 76.08617816935738 1
1739616839753 55.39498997114987 2
1739616839788 51.87305160317574 3
1739616839821 30.784387893402815 4
1739616839856 21.206411401716938 5
1739616839893 14.777511855883535 6
1739616839929 13.437222058143146 7
1739616839966 4.502863445366094 8
1739616840003 13.100586285854599 9
1739616840042 2.11214582782568 10
1739616840083 0.18755384175882145 11
1739616840123 0.9678421257702884 12
1739616840172 0.05829679826984209 13
1739616840216 0.9708383464887953 14
1739616840260 0.04040782957640078 15
1739616840307 0.9309712961499541 16
1739616840354 0.8757303337422256 17
1739616840400 5.86703840762959 18
1739616840444 0.888264715677664 19
1739616840489 0.5785699380530821 20
1739616840532 0.06244667958330331 21
1739616840576 0.11120815029481419 22
1739616840620 1.542094083384172 23
1739616840664 0.09029612903761199 24
1739616840708 1.6162167571727861 25
1739616840751 0.27866989215443977 26
1739616840794 0.26210274538291356 27
1739616840838 1.0322087063943832 28
1739616840885 0.03724223593727778 29
1739616840930 0.5043470842941967 30
1739616840973 0.1664964091535142 31
1739616841017 0.04413410016116873 32
1739616841060 0.06458998214185219 33
1739616841104 0.40764019438483157 34
1739616841147 0.02272210269687021 35
1739616841191 2.522778987041468 36
1739616841243 0.10651227681787818 37
1739616841286 1.0192462555503359 38
1739616841331 5.779000637651919 39
1739616841374 1.446507075660893 40
1739616841417 1.666136253843492 41
1739616841456 0.14889087876090962 42
1739616841494 0.7783010336015443 43
1739616841532 0.13437808615652055 44
1739616841568 1.7385072056541593 45
1739616841604 2.0025868129502395 46
1739616841640 3.785736889559342 47
1739616841676 0.5176333107870685 48
1739616841712 0.15772820288250802 49
1739616841745 3.165946506705029 50
1739616841779 0.20260446532489476 51
1739616841812 0.11263254607336493 52
1739616841845 4.420628906324201 53
1739616841878 1.6416940670476579 54
1739616841911 0.03638049003089233 55
1739616841944 0.00014586342390292536 56
1739616841977 0.011090889727734605 57
1739616842010 0.4399293154181379 58
1739616842043 3.3220061906775267 59
1739616842076 0.19920161138203377 60
1739616842109 0.11799230591103102 61
1739616842142 0.13357546715731358 62
1739616842175 0.2699046396842728 63
1739616842208 0.849614260688228 64
1739616842242 0.1721383516558722 65
1739616842275 0.7428638068090553 66
1739616842308 0.5177961611238644 67
1739616842341 0.02238718996819893 68
1739616842376 1.7331267755429585 69
1739616842410 0.815396659033567 70
1739616842443 0.6644240751894617 71
1739616842476 1.1357330930978056 72
1739616842509 1.7896204289300366 73
1739616842542 0.44980441115584474 74
1739616842576 0.022850451296011848 75
1739616842609 2.358455227823395 76
1739616842642 2.4311331682681256 77
1739616842675 1.0380019352838947 78
1739616842709 0.03750119217825838 79
1739616842742 0.4545823460213159 80
1739616842775 0.990896388582061 81
1739616842809 0.5468383423761416 82
1739616842842 0.0009357434783560848 83
1739616842875 2.537173654273615 84
1739616842908 1.9700982062867698 85
1739616842941 0.4543228647210019 86
1739616842977 1.201115100812149 87
1739616843013 0.000272166757072349 88
1739616843046 0.3845367036500149 89
1739616843079 0.0007530216597806286 90
1739616843113 1.3839056372871799 91
1739616843146 0.5468399033449536 92
1739616843179 1.3887415180058211 93
1739616843212 0.004153942092781698 94
1739616843245 0.1556860901237763 95
1739616843279 0.0026627295947767794 96
1739616843312 0.02527261257360655 97
1739616843345 2.529384988689703 98
1739616843378 1.5284549392770268 99
1739616843411 0.04052045506299902 100
1739616843444 0.8054730101990807 101
1739616843477 0.4541992400204672 102
1739616843510 0.09041376063031017 103
1739616843543 0.8998600413358848 104
1739616843576 0.0918150221020002 105
1739616843609 2.3637295513351417 106
1739616843642 0.026442662532659252 107
1739616843675 0.19119259783641898 108
1739616843709 1.331277239375944 109
1739616843742 0.5631206896908937 110
1739616843774 0.18585831989556675 111
1739616843807 0.5262195376059042 112
1739616843840 0.928067946367988 113
1739616843875 0.12373006960994838 114
1739616843908 13.980652792519253 115
1739616843941 2.428915208370277 116
1739616843975 1.0073126225164195 117
1739616844008 0.06609021351111839 118
1739616844041 0.47223902564427217 119
1739616844074 0.4152844358539769 120
1739616844108 1.1001894264589258 121
1739616844142 1.8834017104425458 122
1739616844183 0.056749956991380655 123
1739616844224 0.0011917738618350824 124
1739616844267 2.5350374567011666 125
1739616844309 0.7170674125123893 126
1739616844353 2.640069893553907 127
1739616844393 0.10512575812434154 128
1739616844432 0.19686938731004763 129
1739616844472 0.19802681604700278 130
1739616844513 4.852823796359239 131
1739616844553 0.08297108341264924 132
1739616844593 1.2979889037898555 133
1739616844630 0.6528494460680041 134
1739616844667 0.07432124326584441 135
1739616844702 0.07311824218761487 136
1739616844738 0.5003508918226284 137
1739616844774 0.09826454026990596 138
1739616844807 2.0275279353990756 139
1739616844841 4.079900505874375 140
1739616844874 0.0568542593538648 141
1739616844907 0.5675186327250447 142
1739616844940 0.12439016303548811 143
1739616844973 0.584979419865186 144
1739616845006 0.6568731931202146 145
1739616845039 0.46331651527987144 146
1739616845072 0.0014105930106981818 147
1739616845108 1.5676475569433896 148
1739616845141 4.732252917582721 149
1739616845174 0.07876924729917284 150
1739616845242 0.635037247453767 151
1739616845282 0.4515364384216086 152
1739616845320 0.0018237854851157883 153
1739616845360 0.43252238653584796 154
1739616845397 0.14756646620242203 155
1739616845436 0.0017392482662601397 156
1739616845473 0.09184692402660656 157
1739616845509 1.6662373067949217 158
1739616845546 1.2433733202832062 159
1739616845582 0.0848814529844432 160
1739616845618 1.2956046235050986 161
1739616845654 1.1287036090298903 162
1739616845689 2.9868996593229302 163
1739616845722 2.7816526367506578 164
1739616845755 1.0164775624088875 165
1739616845790 0.0003853105866730107 166
1739616845826 0.33687135803478563 167
1739616845863 0.9362273842299358 168
1739616845899 0.06598820995403581 169
1739616845933 5.444039934576277 170
1739616845968 0.17651063222263672 171
1739616846006 1.659023581935709 172
1739616846047 0.21243815229450294 173
1739616846087 0.05851667917348076 174
1739616846137 3.3722050681897047 175
1739616846183 0.1743130177297455 176
1739616846226 0.025921582602383187 177
1739616846270 0.0026405854964216048 178
1739616846310 0.024783735639576757 179
1739616846350 0.03460006619484559 180
1739616846389 0.5551874814264531 181
1739616846428 0.054893752726826096 182
1739616846463 2.4651900853479076 183
1739616846499 1.21430073322144 184
1739616846534 0.11123861822770412 185
1739616846571 0.00017793896809063922 186
1739616846610 0.11460477447943833 187
1739616846651 0.033216864744392664 188
1739616846694 1.313852575399302 189
1739616846738 0.7569379382407085 190
1739616846782 0.4183630223249348 191
1739616846826 2.4560458328390546 192
1739616846869 1.9758919387231544 193
1739616846911 0.10454687174279777 194
1739616846949 2.328457040568076 195
1739616846988 0.009858055500497186 196
1739616847027 0.019545976447777353 197
1739616847065 0.03402267911120483 198
1739616847101 1.8466194000196774 199
1739616847137 0.4864251871661389 200
1739616847174 0.16411493760596793 201
1739616847209 6.348263926112608e-06 202
1739616847246 1.6459601119217113 203
1739616847282 0.38420451606869627 204
1739616847316 0.3076705334605452 205
1739616847349 1.1862307536147203 206
1739616847383 0.5117619070285571 207
1739616847416 11.979045779600117 208
1739616847449 0.26692670092406634 209
1739616847482 0.00035097443244770643 210
1739616847515 0.6223521580215972 211
1739616847549 0.8433625674079825 212
1739616847582 0.28222837384675803 213
1739616847618 0.0006116357307211726 214
1739616847688 0.5842990151262342 215
1739616847728 2.5675101398913815 216
1739616847766 0.008915339799325612 217
1739616847803 0.11403019160989239 218
1739616847840 1.8381558296469334 219
1739616847877 1.4051429727880775 220
1739616847914 0.19960874170333512 221
1739616847951 2.6992247004927887 222
1739616847989 0.0004059327964701253 223
1739616848025 0.16031915719372086 224
1739616848059 0.22930087080196032 225
1739616848095 0.854573608320665 226
1739616848130 0.2537988957426951 227
1739616848164 0.17192912620761946 228
1739616848200 0.10776615096622405 229
1739616848300 0.3795484995611052 230
1739616848348 0.031238506837486586 231
1739616848393 8.920656882659369 232
1739616848434 0.9028724797679397 233
1739616848474 0.6229039470897455 234
1739616848520 0.22288182387672675 235
1739616848565 2.1003624676999517 236
1739616848610 0.4863434306581059 237
1739616848657 0.3606011505969488 238
1739616848708 0.015617827175220592 239
1739616848765 0.8210538268546052 240
1739616848825 0.015940910683724212 241
1739616848970 4.1674900586450007e-05 242
1739616849038 4.170498107326504 243
1739616849125 1.0345802768563583 244
1739616849196 0.9035610867471393 245
1739616849274 1.8751898447811828 246
1739616849350 0.033709821065047635 247
1739616849419 1.3084102817746803 248
1739616849497 0.4996159990078145 249
1739616849559 0.5820076799501362 250
1739616849621 0.024513378318460177 251
1739616849676 0.027533254036671395 252
1739616849730 1.1935552200704895 253
1739616849783 0.2684405076770571 254
1739616849830 0.024223122642818423 255
1739616849874 0.00282632805407957 256
1739616849919 0.8163846654981949 257
1739616849963 0.04797307286675486 258
1739616850008 0.5917751884339972 259
1739616850054 0.1517131776516944 260
1739616850098 0.31796447010585943 261
1739616850143 0.34906881748475405 262
1739616850188 0.899071114520216 263
1739616850233 0.5630849372945481 264
1739616850277 0.2101584736195735 265
1739616850317 4.257661961921064 266
1739616850358 0.4095841339264742 267
1739616850400 1.3214440841732906 268
1739616850440 0.43482562327064933 269
1739616850477 0.00991428914604881 270
1739616850514 1.066982107859893 271
1739616850552 0.3504173569238496 272
1739616850589 1.4705000800506964 273
1739616850626 0.06787804792890512 274
1739616850663 0.028287522763165856 275
1739616850697 1.5478878362443562 276
1739616850731 0.15674264860788834 277
1739616850766 1.6946840481648553 278
1739616850800 0.5152144783780628 279
1739616850836 0.1080313692778643 280
1739616850873 0.0074410000349874016 281
1739616850909 0.5001092509712508 282
1739616850945 0.8442364652756147 283
1739616850982 4.243161274939411 284
1739616851017 0.4363250680373341 285
1739616851054 0.42905048460057155 286
1739616851089 1.1970143871722938 287
1739616851127 2.0103077487152903 288
1739616851166 2.6559997829774127 289
1739616851203 1.4283352169603685 290
1739616851240 0.0084474577491453 291
1739616851277 1.466314101910277 292
1739616851312 0.16344555366903518 293
1739616851354 0.3073307366484465 294
1739616851392 0.04118360814873382 295
1739616851428 0.07357325166564402 296
1739616851464 1.850645812203053 297
1739616851499 0.2738400099415449 298
1739616851535 6.786840187423837 299
1739616851571 0.014344308222527288 300
1739616851608 0.40745234064896113 301
1739616851645 0.6183122386646323 302
1739616851683 0.4593387395266341 303
1739616851718 0.08778342883826248 304
1739616851755 0.08236519787341477 305
1739616851790 2.159188174185231 306
1739616851826 0.45084932410681156 307
1739616851862 0.1452789103321114 308
1739616851899 0.542981140311671 309
1739616851935 1.5090897048225311 310
1739616851971 2.3951849965586764 311
1739616852006 1.1165935833120137 312
1739616852042 0.0012244260589593383 313
1739616852077 2.600483208708982 314
1739616852113 0.23930383377593037 315
1739616852149 0.06499007294895102 316
1739616852185 0.16353861105445003 317
1739616852220 0.022974791366623195 318
1739616852255 0.21399778337102682 319
1739616852292 0.4916920664708723 320
1739616852363 0.19899445994575288 321
1739616852403 0.6421956750226626 322
1739616852443 2.1240205780378063 323
1739616852486 0.11775287898470885 324
1739616852530 0.7286643691002471 325
1739616852571 0.08510236508477421 326
1739616852610 0.01935155077817946 327
1739616852650 0.4667407234643368 328
1739616852690 0.8828322935626902 329
1739616852726 0.019390463720777535 330
1739616852764 2.090973519467337 331
1739616852801 1.701248065054996 332
1739616852838 0.7576887644592178 333
1739616852875 1.2471793893551189 334
1739616852914 0.07278951744927133 335
1739616852953 0.4645006456956164 336
1739616852990 0.019964616405469007 337
1739616853027 0.03016933193448124 338
1739616853065 0.3473948862517229 339
