1739556648050 169.67081858212285 0
1739556648059 169.53672485316534 1
1739556648068 169.47149981607953 2
1739556648077 169.40541923640484 3
1739556648086 169.3393684276189 4
1739556648095 169.27334716766563 5
1739556648103 169.20735544300504 6
1739556648112 169.14139324005419 7
1739556648120 169.07546054523635 8
1739556648129 169.00955734498135 9
1739556648137 168.94368362572513 10
1739556648146 168.87783937391006 11
1739556648155 168.81202457598488 12
1739556648163 168.74623921840455 13
1739556648172 168.68048328763044 14
1739556648180 168.6147567701302 15
1739556648189 168.5490596523778 16
1739556648198 168.48339192085348 17
1739556648207 168.4177535620439 18
1739556648217 168.35214456244194 19
1739556648228 168.2865649085468 20
1739556648240 168.221014586864 21
1739556648250 168.15549358390527 22
1739556648259 168.09000188618876 23
1739556648270 168.02453948023893 24
1739556648279 167.95910635258633 25
1739556648287 167.893702489768 26
1739556648296 167.82832787832717 27
1739556648305 167.7629825048134 28
1739556648314 167.69766635578247 29
1739556648324 167.6323794177964 30
1739556648333 167.56712167742361 31
1739556648343 167.5018931212388 32
1739556648352 167.43669373582264 33
1739556648362 167.37152350776245 34
1739556648371 167.30638242365157 35
1739556648380 167.2412704700897 36
1739556648390 167.1761876336827 37
1739556648400 167.1111339010428 38
1739556648410 167.04610925878833 39
1739556648419 166.98111369354407 40
1739556648428 166.91614719194084 41
1739556648437 166.85120974061576 42
1739556648446 166.78630132621225 43
1739556648455 166.72142193537996 44
1739556648464 166.65657155477464 45
1739556648473 166.59175017105838 46
1739556648483 166.52695777089946 47
1739556648492 166.4621943409725 48
1739556648500 166.39745986795808 49
1739556648510 166.33275433854325 50
1739556648519 166.26807773942113 51
1739556648529 166.2034300572911 52
1739556648539 166.13881127885873 53
1739556648548 166.07422139083576 54
1739556648557 166.00966037994024 55
1739556648566 165.94512911378965 56
1739556648576 165.8806253766152 57
1739556648585 165.8161517981458 58
1739556648595 165.7517057223393 59
1739556648604 165.68728977846712 60
1739556648614 165.6229013110244 61
1739556648624 165.55854294877014 62
1739556648633 165.49421203673646 63
1739556648642 165.42991120317024 64
1739556648652 165.3656377936404 65
1739556648661 165.30139443588172 66
1739556648670 165.23717847599974 67
1739556648679 165.17299254121747 68
1739556648689 165.10883397817673 69
1739556648698 165.04470541358904 70
1739556648707 164.98060419463224 71
1739556648715 164.9165329475065 72
1739556648725 164.85248901992546 73
1739556648734 164.7884750375783 74
1739556648743 164.72448834871412 75
1739556648751 164.66053157851124 76
1739556648761 164.5966020757541 77
1739556648770 164.53270246511045 78
1739556648779 164.46883009589956 79
1739556648787 164.40498759227896 80
1739556648796 164.34117230410277 81
1739556648805 164.27738685501816 82
1739556648814 164.21362859541387 83
1739556648823 164.1499001484272 84
1739556648832 164.0861988649811 85
1739556648842 164.0225273677032 86
1739556648852 163.9588830080504 87
1739556648861 163.89526840814096 88
1739556648870 163.83168179798338 89
1739556648880 163.76812272594813 90
1739556648889 163.7045933740121 91
1739556648898 163.6410910950168 92
1739556648908 163.57761850981208 93
1739556648917 163.5141729717176 94
1739556648926 163.45075710107463 95
1739556648934 163.38736825173558 96
1739556648943 163.32400904353338 97
1739556648952 163.2606768308531 98
1739556648961 163.1973742330194 99
1739556648970 163.1340986049497 100
1739556648979 163.07085256546083 101
1739556648987 163.0076343468943 102
1739556648996 162.94444349826134 103
1739556649005 162.8812821988034 104
1739556649014 162.81814780481835 105
1739556649023 162.75504293385825 106
1739556649033 162.69196494269752 107
1739556649043 162.62891644838123 108
1739556649052 162.56589480821484 109
1739556649061 162.5029026387366 110
1739556649070 162.43993729778296 111
1739556649079 162.37700140138548 112
1739556649088 162.31409318385369 113
1739556649098 162.25121219473905 114
1739556649107 162.1883606109755 115
1739556649115 162.12553579177617 116
1739556649124 162.06274035191123 117
1739556649134 161.9999716510691 118
1739556649144 161.9372323035142 119
1739556649153 161.8745196694647 120
1739556649162 161.81183636267943 121
1739556649171 161.749179743906 122
1739556649180 161.686552426398 123
1739556649189 161.6239526464275 124
1739556649198 161.5613799540848 125
1739556649207 161.4988365240019 126
1739556649216 161.43631971829967 127
1739556649226 161.3738321489733 128
1739556649235 161.3113711786176 129
1739556649247 161.24893941872332 130
1739556649260 161.1865342324136 131
1739556649275 161.1241582306749 132
1739556649285 161.06180877715838 133
1739556649294 160.99948848234652 134
1739556649303 160.93719558446872 135
1739556649313 160.87492963415247 136
1739556649322 160.8126928037339 137
1739556649361 160.75048245823373 138
1739556649372 160.68830120687926 139
1739556649383 160.62614641516382 140
1739556649392 160.56402069181175 141
1739556649401 160.50192140284327 142
1739556649411 160.43985115647953 143
1739556649420 160.3778073192676 144
1739556649430 160.31579249892576 145
1739556649439 160.25380406252748 146
1739556649449 160.19184461728872 147
1739556649458 160.1299124037458 148
1739556649467 160.06800697315916 149
1739556649476 160.00613049515835 150
1739556649485 159.94428033818193 151
1739556649495 159.88245910819464 152
1739556649504 159.82066417410616 153
1739556649513 159.75889814137952 154
1739556649523 159.6971583794496 155
1739556649533 159.63544749327804 156
1739556649542 159.5737628528247 157
1739556649551 159.51210706255 158
1739556649561 159.45047836493606 159
1739556649570 159.38887631177707 160
1739556649579 159.32730307041942 161
1739556649589 159.26575601218462 162
1739556649598 159.2042377402849 163
1739556649607 159.14274562651167 164
1739556649617 159.08128227357685 165
1739556649627 159.01984505379562 166
1739556649636 158.95843656937964 167
1739556649646 158.89705419316786 168
1739556649655 158.83570052687188 169
1739556649665 158.77437381491464 170
1739556649675 158.71307360962237 171
1739556649684 158.65180207606403 172
1739556649693 158.5905565884364 173
1739556649702 158.5293397472064 174
1739556649712 158.4681489270394 175
1739556649721 158.40698672790313 176
1739556649731 158.34585052498545 177
1739556649741 158.28474291775518 178
1739556649750 158.22366128192243 179
1739556649760 158.1626082164572 180
1739556649769 158.10158196771778 181
1739556649778 158.04058208856114 182
1739556649787 157.97961074178448 183
1739556649797 157.91866530445228 184
1739556649806 157.85774837429292 185
1739556649815 157.79685732883826 186
1739556649825 157.73599476531874 187
1739556649835 157.67515806178733 188
1739556649845 157.61434981497683 189
1739556649854 157.55356740346105 190
1739556649864 157.49281342347533 191
1739556649873 157.43208612330812 192
1739556649882 157.37138505634545 193
1739556649892 157.31071238311858 194
1739556649901 157.25006548355208 195
1739556649910 157.18944695264278 196
1739556649920 157.12885417078135 197
1739556649929 157.06828973246803 198
1739556649939 157.00775101861308 199
1739556649948 156.9472406232204 200
1739556649957 156.88675592771978 201
1739556649967 156.82629952561885 202
1739556649976 156.7658687988666 203
1739556649985 156.70546634047471 204
1739556649995 156.64509040100666 205
1739556650003 156.5847405344719 206
1739556650012 156.5244188987304 207
1739556650021 156.46412287707784 208
1739556650030 156.40385506129107 209
1739556650038 156.34361283513024 210
1739556650048 156.28339878987717 211
1739556650058 156.22321030981 212
1739556650067 156.16304998571573 213
1739556650076 156.10291520239022 214
1739556650085 156.0428085501258 215
1739556650094 155.98272828140466 216
1739556650102 155.9226739507621 217
1739556650112 155.86264771380465 218
1739556650120 155.80264695667137 219
1739556650129 155.74267426842283 220
1739556650140 155.68272703566134 221
1739556650150 155.62280784695363 222
1739556650159 155.5629140894187 223
1739556650168 155.50304835112956 224
1739556650178 155.4432080197217 225
1739556650186 155.3833956827748 226
1739556650196 155.32360959468474 227
1739556650208 155.26384931051103 228
1739556650217 155.20411698361255 229
1739556650226 155.14441000296412 230
1739556650234 155.08473095491695 231
1739556650244 155.02507722890795 232
1739556650253 154.96545141079565 233
1739556650263 154.9058508905323 234
1739556650273 154.8462782534841 235
1739556650282 154.7867308901183 236
1739556650291 154.7272113853089 237
1739556650300 154.66771713003803 238
1739556650309 154.6082507086877 239
1739556650317 154.54881037790946 240
1739556650326 154.4893956933804 241
1739556650335 154.43000880580973 242
1739556650346 154.3706471075148 243
1739556650358 154.31131318165288 244
1739556650367 154.25200442100186 245
1739556650377 154.19272340822798 246
1739556650386 154.13346753662276 247
1739556650395 154.07423938836146 248
1739556650404 154.0150363572492 249
1739556650413 153.95586102497046 250
1739556650422 153.89671165007928 251
1739556650432 153.83758778877365 252
1739556650441 153.7784915895274 253
1739556650450 153.71942044747732 254
1739556650461 153.6603769430863 255
1739556650470 153.60135847195048 256
1739556650480 153.5423676140428 257
1739556650489 153.48340176547174 258
1739556650498 153.42446350572064 259
1739556650507 153.36555023141 260
1739556650517 153.30666452153366 261
1739556650527 153.24780463654307 262
1739556650536 153.1889701331556 263
1739556650545 153.13016315761533 264
1739556650553 153.0713811078711 265
1739556650563 153.0126265616982 266
1739556650573 152.95389691750347 267
1739556650581 152.89519475257356 268
1739556650591 152.8365174658262 269
1739556650600 152.7778676340598 270
1739556650609 152.71924265670265 271
1739556650618 152.660645110065 272
1739556650627 152.60207325649037 273
1739556650635 152.54352665321414 274
1739556650645 152.48500744425635 275
1739556650654 152.42651303037027 276
1739556650664 152.36804598665046 277
1739556650673 152.30960371430695 278
1739556650684 152.251188787947 279
1739556650693 152.19279860929018 280
1739556650701 152.13443575245662 281
1739556650710 152.07609761967518 282
1739556650719 152.0177867845791 283
1739556650728 151.95950064990635 284
1739556650737 151.9012417888034 285
1739556650746 151.8430084658441 286
1739556650755 151.78480023887397 287
1739556650765 151.72661924929133 288
1739556650775 151.66846290115492 289
1739556650784 151.6103337663993 290
1739556650793 151.55222924953847 291
1739556650802 151.49415192202108 292
1739556650811 151.43609918886915 293
1739556650820 151.3780736210457 294
1739556650828 151.32007262408038 295
1739556650837 151.26209876845073 296
1739556650847 151.2041503206119 297
1739556650856 151.14622683892387 298
1739556650866 151.08833046257328 299
1739556650875 151.03045859840702 300
1739556650884 150.97261381569388 301
1739556650893 150.91479352173474 302
1739556650902 150.8570002853138 303
1739556650912 150.7992315142385 304
1739556650920 150.74148977680863 305
1739556650929 150.68377248133805 306
1739556650938 150.6260821956422 307
1739556650948 150.5684171880523 308
1739556650958 150.51077701744157 309
1739556650966 150.4531638207904 310
1739556650975 150.3955750077264 311
1739556650985 150.33801314485945 312
1739556650993 150.28047564226995 313
1739556651002 150.22296506608416 314
1739556651011 150.16547882688795 315
1739556651020 150.10801949032427 316
1739556651029 150.05058446748404 317
1739556651038 149.99317632352722 318
1739556651047 149.93579247004953 319
1739556651056 149.8784354717282 320
1739556651066 149.82110359910573 321
1739556651075 149.76379641165983 322
1739556651084 149.70651604377034 323
1739556651093 149.6492599083424 324
1739556651102 149.59203056885133 325
1739556651111 149.5348254386537 326
1739556651120 149.47764708074277 327
1739556651129 149.4204929089788 328
1739556651138 149.36336548587326 329
1739556651147 149.30626222578985 330
1739556651156 149.24918569075868 331
1739556651166 149.1921341531872 332
1739556651175 149.13510717306298 333
1739556651184 149.07810688257203 334
1739556651193 149.02113069738405 335
1739556651202 148.96418117833016 336
1739556651211 148.9072557415303 337
1739556651220 148.8503569473346 338
1739556651229 148.7934822123655 339
1739556651238 148.73663409649265 340
1739556651248 148.67981001684055 341
1739556651257 148.62301253279847 342
1739556651266 148.5662399186343 343
1739556651280 148.50949173484386 344
1739556651288 148.45277011142466 345
1739556651297 148.39607246680384 346
1739556651305 148.33940135917487 347
1739556651314 148.2827542074138 348
1739556651322 148.22613356923455 349
1739556651331 148.16953686401413 350
1739556651340 148.11296664898722 351
1739556651349 148.05642034403158 352
1739556651357 147.99990050590284 353
1739556651366 147.94340455497922 354
1739556651376 147.8869350475375 355
1739556651386 147.83049026003772 356
1739556651395 147.77406975357482 357
1739556651404 147.71767565556658 358
1739556651413 147.66130538769002 359
1739556651422 147.60496150502948 360
1739556651431 147.54864142970942 361
1739556651440 147.49234771633607 362
1739556651449 147.43607778753326 363
1739556651457 147.37983419742943 364
1739556651466 147.32361436914772 365
1739556651475 147.26742085633873 366
1739556651484 147.21125193731194 367
1739556651493 147.15510717366735 368
1739556651502 147.09898869064645 369
1739556651511 147.0428939126676 370
1739556651519 146.98682539219226 371
1739556651528 146.93078055408483 372
1739556651537 146.87476195033 373
1739556651546 146.81876700629041 374
1739556651556 146.76279827347392 375
1739556651564 146.7068531777411 376
1739556651573 146.65093427012346 377
1739556651583 146.59503983077462 378
1739556651592 146.53916942179825 379
1739556651601 146.48332516626516 380
1739556651610 146.42750449132762 381
1739556651619 146.37170994683095 382
1739556651629 146.31593896037236 383
1739556651637 146.26019408132152 384
1739556651647 146.20447273777253 385
1739556651656 146.14877747861948 386
1739556651665 146.09310573245313 387
1739556651674 146.03746004769235 388
1739556651684 145.98183785342408 389
1739556651692 145.9262416975923 390
1739556651701 145.87066986252435 391
1739556651710 145.8151219109174 392
1739556651719 145.7595999632833 393
1739556651728 145.70410144999676 394
1739556651738 145.648628917819 395
1739556651747 145.59317979756838 396
1739556651756 145.53775663553193 397
1739556651766 145.4823568630232 398
1739556651775 145.4269830258552 399
1739556651785 145.37163255583653 400
1739556651794 145.31630799830629 401
1739556651803 145.26100763742545 402
1739556651812 145.20573103639157 403
1739556651821 145.15048031355775 404
1739556651830 145.09525290201685 405
1739556651839 145.0400513459285 406
1739556651848 144.98487307882795 407
1739556651856 144.92972064440178 408
1739556651866 144.87459147667914 409
1739556651875 144.81948811887386 410
1739556651884 144.76440800550878 411
1739556651893 144.709353679325 412
1739556651902 144.65432342631198 413
1739556651912 144.59931681016636 414
1739556651921 144.54433594708794 415
1739556651930 144.48937827288054 416
1739556651939 144.4344463291088 417
1739556651948 144.37953755201752 418
1739556651957 144.32465448269954 419
1739556651965 144.2697945578925 420
1739556651975 144.21496031821744 421
1739556651984 144.16014920090436 422
1739556651993 144.10536374610302 423
1739556652001 144.0506013915355 424
1739556652011 143.99586467688033 425
1739556652020 143.9411518902821 426
1739556652028 143.88646259602558 427
1739556652038 143.8317989077721 428
1739556652047 143.77715826452075 429
1739556652056 143.72254320477705 430
1739556652066 143.6679511679798 431
1739556652075 143.61338469216406 432
1739556652085 143.55884121725978 433
1739556652094 143.5043232808318 434
1739556652103 143.44982832330086 435
1739556652112 143.39535888176184 436
1739556652121 143.34091324617722 437
1739556652131 143.2864909813276 438
1739556652140 143.23209419873297 439
1739556652150 143.17772034008757 440
1739556652159 143.12337194131635 441
1739556652168 143.06904644455216 442
1739556652177 143.01474638525056 443
1739556652186 142.9604692060342 444
1739556652196 142.90621744188977 445
1739556652205 142.8519885359294 446
1739556652214 142.79778502267087 447
1739556652222 142.74360434571574 448
1739556652231 142.6894490391132 449
1739556652241 142.63531739496838 450
1739556652249 142.5812089786461 451
1739556652258 142.52712589914202 452
1739556652267 142.47306560132716 453
1739556652276 142.41903061808446 454
1739556652288 142.365018394722 455
1739556652297 142.3110314636547 456
1739556652306 142.25706727067904 457
1739556652314 142.2031283477424 458
1739556652323 142.14921214112914 459
1739556652332 142.0953211823193 460
1739556652341 142.0414537652252 461
1739556652350 141.98760945570433 462
1739556652359 141.93379036062294 463
1739556652369 141.87999392753164 464
1739556652377 141.82622268674692 465
1739556652386 141.7724740862554 466
1739556652396 141.71875065590686 467
1739556652405 141.66504984417494 468
1739556652414 141.61137418044305 469
1739556652423 141.55772111367142 470
1739556652431 141.50409317277732 471
1739556652440 141.4504886534754 472
1739556652449 141.39690712211456 473
1739556652459 141.34335068343685 474
1739556652470 141.28981678766542 475
1739556652480 141.23630796255696 476
1739556652490 141.18282165876934 477
1739556652500 141.12936040359392 478
1739556652509 141.07592164817413 479
1739556652518 141.0225079193362 480
1739556652528 140.96911666870892 481
1739556652537 140.91575042265345 482
1739556652546 140.86240663328394 483
1739556652556 140.8090878264966 484
1739556652566 140.75579230013045 485
1739556652576 140.70251962111337 486
1739556652586 140.64927189168327 487
1739556652596 140.5960465652133 488
1739556652605 140.54284616644273 489
1739556652614 140.489668149178 490
1739556652624 140.43651503769422 491
1739556652633 140.3833842862821 492
1739556652643 140.33027841875298 493
1739556652652 140.27719488988126 494
1739556652662 140.2241362230148 495
1739556652671 140.17110071778438 496
1739556652680 140.11808794160603 497
1739556652690 140.06509999460542 498
1739556652700 140.0121343328126 499
