1739553017227 35.30418154875177 0
1739553017260 37.36343388363169 1
1739553017293 34.924273810315015 2
1739553017327 8.663172773940508 3
1739553017360 9.570195874675223 4
1739553017392 17.362841543328972 5
1739553017424 69.79707474816718 6
1739553017455 53.21237695414173 7
1739553017489 28.51978822143693 8
1739553017520 32.10533396123471 9
1739553017551 105.92281915389952 10
1739553017582 6.078047931174092 11
1739553017615 4.979017347931929 12
1739553017647 31.751417854644984 13
1739553017679 1.6275309959285802 14
1739553017710 2.2217420020690803 15
1739553017742 47.514088255996015 16
1739553017775 19.62187151273779 17
1739553017806 50.76040540429597 18
1739553017837 26.689131490246474 19
1739553017870 49.20854377062878 20
1739553017903 20.062935824518757 21
1739553017934 22.890551730866072 22
1739553017965 26.78583387097188 23
1739553017997 4.892633766952675 24
1739553018030 10.584768399931457 25
1739553018062 41.66244207205047 26
1739553018093 7.216679685466915 27
1739553018125 53.925536257092794 28
1739553018157 8.737360024833059 29
1739553018189 54.35898521490867 30
1739553018220 77.94571160662177 31
1739553018252 27.07510170265746 32
1739553018284 20.606891780885697 33
1739553018317 105.4741298386499 34
1739553018350 39.07632462837804 35
1739553018382 57.49928576355975 36
1739553018415 2.6968373931199277 37
1739553018448 9.410759905326506 38
1739553018479 5.759410356268227 39
1739553018513 35.007799760930205 40
1739553018546 27.9484008357529 41
1739553018580 7.24912930032017 42
1739553018612 20.00598780364236 43
1739553018645 15.087630272838991 44
1739553018678 13.891262198029388 45
1739553018711 47.64165939789439 46
1739553018744 3.308059505559348 47
1739553018777 79.04089928376874 48
1739553018810 43.56999748802044 49
1739553018842 66.2121318269439 50
1739553018874 71.18209993843305 51
1739553018905 2.1746098599096335 52
1739553018939 18.520034892994246 53
1739553018971 44.1171334823392 54
1739553019002 8.933940422654553 55
1739553019035 20.256974708467666 56
1739553019068 34.18507649163655 57
1739553019101 73.42348186220609 58
1739553019133 61.71270690828761 59
1739553019164 49.10950584842578 60
1739553019197 28.66093952926678 61
1739553019230 15.48292601885554 62
1739553019261 27.1724903379381 63
1739553019293 31.71612746201976 64
1739553019327 26.55662138538985 65
1739553019360 44.29786730541895 66
1739553019393 70.08619939495333 67
1739553019426 35.84485640714949 68
1739553019460 22.90480984965761 69
1739553019494 13.826728258772489 70
1739553019527 4.575163648362787 71
1739553019559 37.809136304097265 72
1739553019592 47.33177278359722 73
1739553019625 6.225935411985298 74
1739553019657 38.10570962761497 75
1739553019689 12.100272958515404 76
1739553019723 11.357031608127047 77
1739553019756 13.46462037648305 78
1739553019788 11.08469109894634 79
1739553019819 81.60380926190136 80
1739553019851 0.3260974704007877 81
1739553019885 46.43383869533889 82
1739553019917 45.65082723376171 83
1739553019950 16.65490548040203 84
1739553019981 14.608367506643026 85
1739553020016 39.37543350163703 86
1739553020048 14.085191032630332 87
1739553020081 25.258077354734564 88
1739553020114 20.547321524555382 89
1739553020147 48.05192412665196 90
1739553020180 24.6053538657412 91
1739553020212 5.006572575641782 92
1739553020244 18.411154886734405 93
1739553020278 1.9570107647587967 94
1739553020310 27.649178704429954 95
1739553020344 71.86335764824454 96
1739553020376 17.377907930744296 97
1739553020409 1.5859341185070073 98
1739553020442 45.86010731559165 99
1739553020475 0.15841745216157666 100
1739553020507 62.1928254946351 101
1739553020541 25.03671304851552 102
1739553020574 41.653990853051496 103
1739553020606 18.68352527099668 104
1739553020637 28.619866837860684 105
1739553020669 54.08398003758576 106
1739553020701 28.773390027935083 107
1739553020734 15.67231528183986 108
1739553020766 75.22113449075266 109
1739553020799 56.33135410582129 110
1739553020831 27.50156226224538 111
1739553020864 31.41735617794754 112
1739553020895 20.77256729718832 113
1739553020928 12.72477938262453 114
1739553020988 32.88102287680688 115
1739553021021 3.6962619177321945 116
1739553021054 47.06696694568747 117
1739553021087 41.5335431115318 118
1739553021118 28.7318265083797 119
1739553021150 43.02240751068084 120
1739553021182 17.42697259365714 121
1739553021216 16.269541135141395 122
1739553021249 49.15819008980924 123
1739553021281 33.47970725050852 124
1739553021312 2.350870579202787 125
1739553021347 5.749439908675007 126
1739553021379 1.8337641740027952 127
1739553021410 5.778990433559662 128
1739553021442 16.824240835635546 129
1739553021475 1.1354969429751325 130
1739553021507 38.29117032985325 131
1739553021539 29.179024393328056 132
1739553021572 1.5138014796391253 133
1739553021605 14.318795725101854 134
1739553021637 9.69245026446667 135
1739553021669 2.302598852647298 136
1739553021701 41.230228385108205 137
1739553021734 30.79999337636748 138
1739553021765 11.196033623984375 139
1739553021797 6.578639673608732 140
1739553021829 35.69253963177235 141
1739553021862 25.62109169000915 142
1739553021895 11.807477745071152 143
1739553021927 52.550026490798395 144
1739553021959 16.411625205100883 145
1739553021992 13.063707274622908 146
1739553022024 11.57015177761055 147
1739553022057 46.024184437988986 148
1739553022088 7.294944789840566 149
1739553022118 3.3413709103164524 150
1739553022152 39.08143096270648 151
1739553022185 52.905625120504105 152
1739553022217 9.438127433901636 153
1739553022248 14.95175164018477 154
1739553022281 26.17123345008044 155
1739553022314 1.4879930187814843 156
1739553022347 20.919142783942327 157
1739553022379 40.79421948068557 158
1739553022413 5.458525775989115 159
1739553022446 63.664804734009905 160
1739553022479 49.42061967882619 161
1739553022511 35.58216111983705 162
1739553022544 9.454077150287105 163
1739553022577 2.4349986562792654 164
1739553022610 15.60240377790359 165
1739553022641 83.76668499984522 166
1739553022674 20.26476623133823 167
1739553022706 66.22301263319547 168
1739553022739 6.35121291938614 169
1739553022771 9.659874045701413 170
1739553022804 79.820024281266 171
1739553022836 25.419367188100882 172
1739553022868 42.91657427321603 173
1739553022899 22.19847762726404 174
1739553022933 23.44080678350844 175
1739553022965 18.828661450462707 176
1739553022996 35.49724663784296 177
1739553023027 70.01603827997472 178
1739553023060 26.39140963124761 179
1739553023093 1.5599145274617383 180
1739553023125 7.208118840279936 181
1739553023157 14.231089818020829 182
1739553023189 10.398574071282086 183
1739553023222 3.373309987507291 184
1739553023254 25.071816211762236 185
1739553023286 17.70720560016294 186
1739553023320 4.130074541401764 187
1739553023353 13.07279632149246 188
1739553023384 81.24103363867253 189
1739553023416 53.15784564133265 190
1739553023448 28.364441035943436 191
1739553023482 42.08560556976444 192
1739553023514 37.359712101337855 193
1739553023548 55.155464544582436 194
1739553023580 47.22813360664735 195
1739553023614 1.5795075356458765 196
1739553023647 25.90861464660621 197
1739553023679 6.982536740013143 198
1739553023711 6.944555229316432 199
1739553023744 34.84775244294978 200
1739553023778 29.71709078318999 201
1739553023810 68.17020919459635 202
1739553023842 46.94559158505081 203
1739553023875 83.45807293396393 204
1739553023907 7.77807033922346 205
1739553023938 39.239296118429614 206
1739553023969 76.94664281388437 207
1739553024002 10.066326049976261 208
1739553024034 49.32195181334635 209
1739553024065 37.59351775779184 210
1739553024097 38.02175602719453 211
1739553024129 9.918445367126639 212
1739553024161 113.28024721757512 213
1739553024192 32.23164869280734 214
1739553024224 13.635147524780557 215
1739553024257 8.258711079919975 216
1739553024289 2.4262926422983027 217
1739553024322 1.3713361128469352 218
1739553024354 121.80737338340303 219
1739553024385 8.210697902324013 220
1739553024419 27.40431052320391 221
1739553024450 1.5723623342712054 222
1739553024483 62.03287688418351 223
1739553024514 45.81728571297255 224
1739553024550 5.131044857695198 225
1739553024581 56.36203273215247 226
1739553024613 0.11908242715478481 227
1739553024643 44.36332557679316 228
1739553024676 30.40889360717861 229
1739553024708 6.254368439702508 230
1739553024740 40.620669335671096 231
1739553024772 20.029732003379586 232
1739553024804 49.24190021097901 233
1739553024837 25.76396801705258 234
1739553024868 81.62896606667708 235
1739553024900 6.9638357512743925 236
1739553024932 18.195388982920722 237
1739553024963 9.925833419648132 238
1739553024995 1.2762973515370086 239
1739553025026 42.243015027877846 240
1739553025059 37.72143864334936 241
1739553025092 60.42644669351979 242
1739553025124 32.53918915749166 243
1739553025155 13.040025821622407 244
1739553025188 58.441837771488004 245
1739553025220 24.916819657630917 246
1739553025251 70.13367088214287 247
1739553025283 5.781360019498423 248
1739553025317 11.217872376287307 249
1739553025349 78.07674884668036 250
1739553025381 10.470996192660019 251
1739553025413 11.806136895725242 252
1739553025445 45.03978697340277 253
1739553025479 14.177033903328796 254
1739553025512 7.512519556216913 255
1739553025544 21.19737461236483 256
1739553025576 0.16793421528300229 257
1739553025610 5.077565233068023 258
1739553025643 22.130481803124333 259
1739553025674 64.67190292981448 260
1739553025705 4.713980363052276 261
1739553025739 66.13970181272639 262
1739553025771 8.811330145315274 263
1739553025803 4.815421029758628 264
1739553025834 26.838375366186344 265
1739553025867 7.287855152015882 266
1739553025899 71.68939097302112 267
1739553025930 90.38921582167872 268
1739553025962 36.433981820129105 269
1739553025995 48.12022279670304 270
1739553026028 55.36828330775905 271
1739553026060 9.46784920928562 272
1739553026092 6.7415410761621075 273
1739553026125 82.32889081169458 274
1739553026157 11.114076971333201 275
1739553026188 55.788269145012855 276
1739553026220 16.652394659973545 277
1739553026250 102.39959853763096 278
1739553026284 28.251288846203003 279
1739553026316 10.198100272443677 280
1739553026348 71.21562999088759 281
1739553026381 21.0776849823287 282
1739553026416 32.26475642794901 283
1739553026448 1.3673608811894962 284
1739553026479 63.994345697171404 285
1739553026511 10.639258555683421 286
1739553026543 10.642038803439455 287
1739553026576 4.213935715172726 288
1739553026608 45.93948589771643 289
1739553026640 62.32473167020729 290
1739553026672 22.853406349908465 291
1739553026704 31.39689597276062 292
1739553026736 35.8034009686452 293
1739553026768 2.232261609803973 294
1739553026801 30.297401321600365 295
1739553026832 35.46051649308935 296
1739553026863 32.91219069621597 297
1739553026895 32.15048922067685 298
1739553026930 53.36296631238116 299
1739553026962 47.555172153777455 300
1739553026994 16.599121921316744 301
1739553027026 12.36806704622699 302
1739553027058 8.93891686278143 303
1739553027090 17.902685069447383 304
1739553027122 6.408168731487587 305
1739553027154 15.547811760059318 306
1739553027187 23.78382322497936 307
1739553027219 5.764221899995289 308
1739553027251 5.019094570895649 309
1739553027283 27.565872035575683 310
1739553027314 39.38529278729391 311
1739553027347 51.21305600637662 312
1739553027380 16.96786949961778 313
1739553027412 49.864991915735835 314
1739553027443 26.810078070447847 315
1739553027476 4.6085627714476765 316
1739553027509 12.471459090270677 317
1739553027543 17.551478506667994 318
1739553027575 52.97552458918997 319
1739553027608 0.6094899198677852 320
1739553027640 16.070661372150866 321
1739553027674 7.495694451081222 322
1739553027707 29.71849418816163 323
1739553027741 14.31354042357274 324
1739553027772 18.54065242145472 325
1739553027804 19.04277763648421 326
1739553027836 20.987592039657446 327
1739553027869 42.28824332648103 328
1739553027901 28.507957311410088 329
1739553027934 31.267515546628637 330
1739553027966 65.80929304426854 331
1739553027999 21.342392831438982 332
1739553028031 58.273518170402596 333
1739553028063 4.380532425762471 334
1739553028094 33.30394916853355 335
1739553028128 24.941461533853094 336
1739553028160 6.026830585921439 337
1739553028192 24.782138378443054 338
1739553028224 18.196471824431846 339
1739553028258 16.55500992724031 340
1739553028290 72.04645381764911 341
1739553028323 0.007988660052889784 342
1739553028354 47.893756573886755 343
1739553028388 41.11205939937488 344
1739553028420 61.59497492669427 345
1739553028451 35.14578981566616 346
1739553028482 16.215026634966147 347
1739553028535 14.440319529087674 348
1739553028568 5.143202400557989 349
1739553028603 2.854373753314967 350
1739553028635 28.471301516730225 351
1739553028670 32.03064195022692 352
1739553028703 31.915711014740534 353
1739553028736 14.208854978596156 354
1739553028768 27.296578999332002 355
1739553028802 24.816104634863695 356
1739553028833 2.1896426414277093 357
1739553028866 6.734237548346033 358
1739553028897 4.314436455936435 359
1739553028929 9.620635337835866 360
1739553028962 21.392639148309552 361
1739553028994 14.768538332545006 362
1739553029026 12.87157280993255 363
1739553029059 3.9911536021475134 364
1739553029091 43.58035081337027 365
1739553029125 8.321683433776617 366
1739553029158 25.449090409563727 367
1739553029192 21.086469646156928 368
1739553029225 36.34805758994234 369
1739553029258 68.59255267516204 370
1739553029290 9.570887695284732 371
1739553029324 37.29583295432611 372
1739553029356 4.329279476499197 373
1739553029389 51.67246828322902 374
1739553029421 9.465566531720388 375
1739553029454 64.67196423292326 376
1739553029487 7.747269405744576 377
1739553029520 29.124883289634166 378
1739553029553 60.92806631157068 379
1739553029586 90.98165481179898 380
1739553029618 70.78994126447748 381
1739553029649 28.099751838011123 382
1739553029681 10.572877226082294 383
1739553029713 39.59913050181785 384
1739553029746 3.8621481737185417 385
1739553029778 11.813745253024587 386
1739553029810 3.5444195403510785 387
1739553029842 31.351467247374643 388
1739553029874 70.3868592765694 389
1739553029907 54.479250605329874 390
1739553029939 30.49516924686704 391
1739553029971 70.04931781650609 392
1739553030004 57.333110635107744 393
1739553030035 14.617007005371336 394
1739553030066 9.305489445880205 395
1739553030098 13.076948291490126 396
1739553030131 20.080341387685962 397
1739553030163 35.73768527710523 398
1739553030194 2.4812456949749517 399
1739553030226 14.26099193449385 400
1739553030259 10.129872350449842 401
1739553030291 35.31574489103682 402
1739553030323 11.893628302567913 403
1739553030356 39.10534240982277 404
1739553030390 22.04698841293952 405
1739553030422 31.579309246735345 406
1739553030455 23.355669134524778 407
1739553030487 18.185618431623983 408
1739553030519 28.431877022560684 409
1739553030551 37.59551586923941 410
1739553030583 64.03599819760385 411
1739553030615 10.11114503997593 412
1739553030646 34.730069718732594 413
1739553030679 1.81299728039647 414
1739553030711 4.523249854840457 415
1739553030742 14.787043932220014 416
1739553030773 18.23066709203567 417
1739553030806 6.940806456904345 418
1739553030838 1.1958449878140092 419
1739553030869 0.9930741895818261 420
1739553030901 12.35322995521355 421
1739553030933 74.6869790522773 422
1739553030965 16.590099333727462 423
1739553030996 10.886522111021034 424
1739553031029 2.151826581659005 425
1739553031062 22.055530046857154 426
1739553031094 0.6420914206415247 427
1739553031126 35.362188917057836 428
1739553031158 45.73160230358391 429
1739553031191 33.906620251218406 430
1739553031223 38.59979015110567 431
1739553031255 48.75874146056324 432
1739553031286 47.64988139027258 433
1739553031320 40.7272523676083 434
1739553031353 4.688304542362621 435
1739553031387 8.73716732911401 436
1739553031419 6.979523002370984 437
1739553031452 47.108537249577026 438
1739553031484 62.14246341517936 439
1739553031515 21.115045341188743 440
1739553031546 13.554498802974898 441
1739553031578 10.559503017008147 442
1739553031612 35.242484050324116 443
1739553031644 28.879054286981933 444
1739553031676 1.1543332314571217 445
1739553031708 50.324662547534516 446
1739553031739 35.894000122278406 447
1739553031772 45.40508436744924 448
1739553031804 2.4742546629407087 449
1739553031836 22.04216930779194 450
1739553031869 5.514023967436167 451
1739553031901 73.87402684643106 452
1739553031932 10.912196593478678 453
1739553031963 31.322085996858625 454
1739553031996 11.42314539969287 455
1739553032027 39.601331253369615 456
1739553032059 26.50000207864571 457
1739553032091 82.69043629423517 458
1739553032123 9.324496775614577 459
1739553032156 2.462149809963375 460
1739553032189 18.30406561809296 461
1739553032221 49.0725281858345 462
1739553032254 1.3827498495964428 463
1739553032286 9.51295601012031 464
1739553032319 10.041667031887496 465
1739553032352 1.5644830541174553 466
1739553032385 34.678351418042766 467
1739553032418 31.07428771646463 468
1739553032450 18.703092062808725 469
1739553032482 66.19151517223314 470
1739553032513 46.78258763088449 471
1739553032547 28.941389116111843 472
1739553032579 42.17745266228847 473
1739553032611 14.94908715377244 474
1739553032642 24.03883145917134 475
1739553032675 28.918130789917107 476
1739553032706 9.798395907245252 477
1739553032739 43.62677386197427 478
1739553032771 12.479485729684505 479
1739553032804 20.286950881139937 480
1739553032836 8.729900136650196 481
1739553032867 39.807530065525725 482
1739553032898 11.287303252802394 483
1739553032932 77.79080108568768 484
1739553032963 38.940352549551825 485
1739553032995 11.353700854382291 486
1739553033027 35.575682462003066 487
1739553033059 46.49616955807237 488
1739553033091 25.879755783044416 489
1739553033123 10.621070512550816 490
1739553033154 40.28083316217196 491
1739553033187 23.617820668707804 492
1739553033220 31.324689344449908 493
1739553033252 46.057754693675875 494
1739553033284 7.322456693485388 495
1739553033318 46.139355804803245 496
1739553033349 25.890299632069134 497
1739553033381 17.280039967668632 498
1739553033413 14.23283257768828 499
