1739553051418 23.648622930428957 0
1739553051451 14.030744166058524 1
1739553051483 17.591076576206866 2
1739553051516 24.917057076439438 3
1739553051548 7.530116942434634 4
1739553051581 69.92223020690702 5
1739553051615 20.322789439295107 6
1739553051647 74.78936073785404 7
1739553051678 8.754137391566417 8
1739553051710 77.79529441188649 9
1739553051742 36.49598668175934 10
1739553051774 47.73920644446738 11
1739553051805 35.30157762403242 12
1739553051836 20.27600772048521 13
1739553051870 47.53419658443563 14
1739553051902 9.495639249250015 15
1739553051935 27.967565238395885 16
1739553051966 45.71226369503004 17
1739553051998 6.726365473808557 18
1739553052031 0.09968249250586622 19
1739553052062 27.357156932741464 20
1739553052093 27.772858492256084 21
1739553052126 9.416249904955713 22
1739553052157 3.054931701761898 23
1739553052188 31.339626128477807 24
1739553052220 9.06700418806169 25
1739553052253 23.41079503685749 26
1739553052285 37.83646786947826 27
1739553052317 4.452123751601807 28
1739553052349 58.642737491970706 29
1739553052384 82.64527653532507 30
1739553052415 3.13920096718811 31
1739553052448 31.304921887570416 32
1739553052480 10.543580900624034 33
1739553052513 21.2200270171231 34
1739553052546 1.359871473826899 35
1739553052578 8.299247759170337 36
1739553052610 4.164422574022507 37
1739553052643 44.15528900453459 38
1739553052676 46.66584904083604 39
1739553052708 1.457548138045662 40
1739553052741 10.391205938261098 41
1739553052773 20.995071978532234 42
1739553052809 76.589456800448 43
1739553052840 13.711968272957721 44
1739553052871 17.179343049482288 45
1739553052902 56.40584909312751 46
1739553052935 2.4134551792939387 47
1739553052966 78.12342353101542 48
1739553052998 51.42501267713568 49
1739553053028 5.69856709064728 50
1739553053061 48.622345405823644 51
1739553053093 6.701032480455958 52
1739553053125 29.387666811742626 53
1739553053157 50.40168728758394 54
1739553053190 6.463961806517062 55
1739553053222 31.643027462059326 56
1739553053254 57.99462398491713 57
1739553053286 46.55391742746386 58
1739553053321 45.3022757363799 59
1739553053353 61.88773473571143 60
1739553053385 18.365888068214847 61
1739553053416 50.78224855612181 62
1739553053449 20.140834862852866 63
1739553053481 29.271340516491637 64
1739553053515 21.126385844372283 65
1739553053548 28.93280166532838 66
1739553053580 31.080684515924588 67
1739553053612 39.540032765072056 68
1739553053644 42.93384582023283 69
1739553053675 20.1985952384201 70
1739553053707 10.105219184656287 71
1739553053738 16.06554547544165 72
1739553053769 15.844611025122678 73
1739553053800 9.26285042572083 74
1739553053832 67.88965288644272 75
1739553053864 35.87644061539961 76
1739553053896 70.48943629559133 77
1739553053927 35.03905196606612 78
1739553053959 57.61760103270177 79
1739553053992 23.2556993935132 80
1739553054024 17.747209382298767 81
1739553054057 5.003410767210361 82
1739553054088 49.97327204950737 83
1739553054121 11.467659802429589 84
1739553054153 41.743452374308305 85
1739553054185 11.367078793725089 86
1739553054217 17.063141615243282 87
1739553054249 45.81604571214146 88
1739553054281 16.95158769635942 89
1739553054313 62.4339693040334 90
1739553054345 18.4363847842636 91
1739553054378 69.90681255479996 92
1739553054411 32.43847344744581 93
1739553054443 29.182191588400098 94
1739553054475 15.239875095077986 95
1739553054508 31.058410632598424 96
1739553054540 50.5037481704815 97
1739553054571 5.203309733468518 98
1739553054601 48.6416949225753 99
1739553054634 77.95231828996403 100
1739553054667 34.29171567974812 101
1739553054700 19.08187620965354 102
1739553054732 13.748335423384624 103
1739553054763 3.528594019671283 104
1739553054796 43.93532817764251 105
1739553054829 20.153505563006764 106
1739553054861 27.306878467293867 107
1739553054893 21.843903045407046 108
1739553054928 6.189765138207944 109
1739553054960 20.163600158971942 110
1739553054991 8.104441169424353 111
1739553055022 38.90212345176932 112
1739553055055 37.54983666752343 113
1739553055087 5.770285546738139 114
1739553055120 20.967676240121236 115
1739553055152 66.07054133237054 116
1739553055185 70.86187800090202 117
1739553055219 10.788005004694675 118
1739553055251 15.592686806174756 119
1739553055282 67.45331490705328 120
1739553055317 24.57122257994317 121
1739553055350 27.2682280751098 122
1739553055382 19.631701455373012 123
1739553055414 49.131849561763204 124
1739553055447 85.30293726358406 125
1739553055480 28.540869809573334 126
1739553055512 12.814610331628106 127
1739553055543 10.46852837550488 128
1739553055577 74.60572456809045 129
1739553055609 26.633336984547807 130
1739553055642 10.015577876311454 131
1739553055673 31.251592903949934 132
1739553055706 35.36999281700683 133
1739553055739 78.10480347007093 134
1739553055771 71.66992935448421 135
1739553055804 3.8868411089948243 136
1739553055835 19.714483413608708 137
1739553055870 18.915015687228333 138
1739553055901 5.40679781481779 139
1739553055934 1.549229250912808 140
1739553055966 15.326241247349333 141
1739553056002 42.47024453268299 142
1739553056033 32.974535310479475 143
1739553056066 24.671717827730674 144
1739553056099 67.51976181647859 145
1739553056134 0.013877462433516006 146
1739553056167 41.85073851402476 147
1739553056201 26.63005122280989 148
1739553056236 21.531346094828187 149
1739553056270 25.125233013771783 150
1739553056302 63.95803424179242 151
1739553056335 45.633929828632816 152
1739553056369 2.0011150149346864 153
1739553056403 25.304535088192946 154
1739553056435 62.862631517349236 155
1739553056467 13.855919737534862 156
1739553056500 50.046984265795224 157
1739553056536 38.7209639497 158
1739553056567 120.14054112816224 159
1739553056600 16.153895793510355 160
1739553056633 37.26246099671929 161
1739553056667 79.2587567583949 162
1739553056701 13.793308883286764 163
1739553056733 17.20395629467236 164
1739553056766 10.747526750396249 165
1739553056801 32.47836924863048 166
1739553056833 34.007587639027356 167
1739553056866 21.884452691455305 168
1739553056899 66.00339129171064 169
1739553056936 53.250909459368515 170
1739553056967 6.942486735797285 171
1739553057000 17.79702791892456 172
1739553057034 70.82535640230064 173
1739553057069 29.748499629747577 174
1739553057103 2.353004618536271 175
1739553057134 30.54746539392963 176
1739553057166 65.3606847410951 177
1739553057202 28.58149780096209 178
1739553057233 26.74255743395986 179
1739553057266 5.303001945038882 180
1739553057299 14.220479740927122 181
1739553057334 67.57496176056117 182
1739553057365 17.8016515723754 183
1739553057398 0.5471185288519455 184
1739553057430 40.8436763038733 185
1739553057464 33.03943383839676 186
1739553057497 10.466318734189464 187
1739553057559 15.716045171857607 188
1739553057593 42.45834748882555 189
1739553057627 23.439114666249385 190
1739553057660 13.957364218551753 191
1739553057692 39.93681145887353 192
1739553057725 9.88870541234307 193
1739553057757 6.289349298701518 194
1739553057790 84.16042835995631 195
1739553057822 2.6399628811719973 196
1739553057854 2.5111789027443607 197
1739553057886 9.538162068446782 198
1739553057920 12.106041740530987 199
1739553057951 45.2160099775991 200
1739553057985 49.578463654356085 201
1739553058018 28.795651288806376 202
1739553058051 26.631858974563162 203
1739553058083 46.274874147314435 204
1739553058117 48.01763303979544 205
1739553058176 45.12737652438904 206
1739553058211 41.344763264123785 207
1739553058246 20.915946050275018 208
1739553058279 25.424866486503706 209
1739553058313 36.74335240185182 210
1739553058346 35.17156758725417 211
1739553058380 49.23929613140045 212
1739553058413 3.074739443146947 213
1739553058446 65.82458589772558 214
1739553058478 108.89182233857319 215
1739553058512 48.47018309227897 216
1739553058545 31.80909193627011 217
1739553058578 19.726178742867464 218
1739553058611 10.147070457176664 219
1739553058645 18.167046925165256 220
1739553058678 25.92128514882135 221
1739553058711 5.050733335671496 222
1739553058743 10.816001464475665 223
1739553058777 23.57655828175138 224
1739553058810 43.113315758827376 225
1739553058843 26.14266427705765 226
1739553058876 10.737233502441667 227
1739553058911 16.34453864772935 228
1739553058944 9.924300982689253 229
1739553058976 37.74722608268158 230
1739553059009 28.710127472325805 231
1739553059043 42.16509563676526 232
1739553059076 9.3974134762401 233
1739553059109 10.545741875409751 234
1739553059142 35.91220904744382 235
1739553059176 14.783160703284164 236
1739553059210 10.871872953540743 237
1739553059243 21.896126974686176 238
1739553059275 1.2309740259651558 239
1739553059313 15.949922801607416 240
1739553059346 8.897020727468162 241
1739553059379 67.65840710184321 242
1739553059411 75.20064082166603 243
1739553059446 9.513888076516967 244
1739553059478 34.35620184117557 245
1739553059512 19.695387702184796 246
1739553059544 29.774040349549274 247
1739553059576 10.445128004396414 248
1739553059610 43.51872764338067 249
1739553059643 67.71762586705563 250
1739553059676 89.8169587736281 251
1739553059709 35.00343384290284 252
1739553059743 29.69359511745659 253
1739553059775 85.93056045587818 254
1739553059809 43.491064954234446 255
1739553059841 5.629819303732539 256
1739553059875 15.667787990454835 257
1739553059908 20.658999537969837 258
1739553059940 63.952697680989424 259
1739553059973 4.818910115112543 260
1739553060007 35.0135642861526 261
1739553060040 41.665923072637895 262
1739553060072 14.101013212048274 263
1739553060106 10.851304690786161 264
1739553060140 41.47974261685095 265
1739553060172 9.248559082569512 266
1739553060206 81.23232241462009 267
1739553060238 20.23497685217667 268
1739553060272 9.319653493557315 269
1739553060306 32.434684503944844 270
1739553060338 20.86696255288188 271
1739553060370 23.023401388406448 272
1739553060402 9.497572402996823 273
1739553060436 14.42468701907512 274
1739553060468 36.64948254200566 275
1739553060500 17.560374408879344 276
1739553060536 16.545777295234124 277
1739553060569 29.442676692553057 278
1739553060602 7.896002578025978 279
1739553060635 70.66007697853532 280
1739553060670 37.92687954246567 281
1739553060704 60.58916764827998 282
1739553060737 83.2318368657104 283
1739553060769 20.292681764639003 284
1739553060799 59.21416390868075 285
1739553060835 15.570996979121354 286
1739553060868 9.274809352752701 287
1739553060900 27.32115658720251 288
1739553060935 15.329433296177019 289
1739553060968 5.779031643098347 290
1739553060999 4.653161521943922 291
1739553061033 48.599949658195655 292
1739553061065 56.10329338800748 293
1739553061101 8.927221977741617 294
1739553061133 11.182511076441134 295
1739553061168 41.589975218533624 296
1739553061204 6.444196930097132 297
1739553061237 14.677880856310027 298
1739553061270 83.58781066081308 299
1739553061304 15.987163659626749 300
1739553061339 56.42365899344302 301
1739553061372 12.913511263463192 302
1739553061405 0.8445410082217998 303
1739553061437 21.990513984895898 304
1739553061470 40.000305001051686 305
1739553061503 56.97517548287189 306
1739553061534 16.450359022802136 307
1739553061567 4.894633877144576 308
1739553061599 43.18696858630869 309
1739553061636 53.480881069841885 310
1739553061670 34.949877423364576 311
1739553061702 33.26268041229315 312
1739553061736 39.02435198685261 313
1739553061769 13.658301016974686 314
1739553061801 52.29282377627049 315
1739553061833 11.769309281399854 316
1739553061866 41.56452919840274 317
1739553061900 13.97086724280319 318
1739553061934 4.630582152732949 319
1739553061968 20.93567310610718 320
1739553061998 7.38504888415193 321
1739553062034 60.51128277318548 322
1739553062066 39.79835259593869 323
1739553062098 52.85190694953638 324
1739553062131 14.070333915561848 325
1739553062165 22.12773716298351 326
1739553062197 42.77124470070983 327
1739553062230 12.034248506703836 328
1739553062262 46.477982231345905 329
1739553062294 4.197596061488335 330
1739553062328 7.422305319083653 331
1739553062362 11.675740881336209 332
1739553062395 84.53357041882728 333
1739553062429 9.599914509251715 334
1739553062462 7.155460465194241 335
1739553062494 47.22464554807404 336
1739553062526 43.1601775251906 337
1739553062559 26.62432557678741 338
1739553062592 78.40878092855945 339
1739553062624 57.246713328443185 340
1739553062657 37.377592857787036 341
1739553062690 27.17080794145632 342
1739553062723 103.16396125899122 343
1739553062756 26.270776830520344 344
1739553062787 41.98065946900943 345
1739553062821 61.02965793990725 346
1739553062853 4.834798887828262 347
1739553062886 16.549916106083167 348
1739553062917 27.481350140953328 349
1739553062950 26.76482767236506 350
1739553062982 26.097351869609703 351
1739553063014 18.80526327744059 352
1739553063046 40.889275597814915 353
1739553063080 18.409398511857002 354
1739553063113 68.13372034129148 355
1739553063146 54.56323546535469 356
1739553063178 69.5488797507348 357
1739553063213 44.4353162495641 358
1739553063245 27.17899300417763 359
1739553063277 9.70959710007782 360
1739553063310 9.481149673441791 361
1739553063344 4.527255427942844 362
1739553063378 3.5413835825707256 363
1739553063411 23.22265496600206 364
1739553063444 47.000338849538345 365
1739553063478 11.19483600967437 366
1739553063511 5.7224019163494715 367
1739553063543 8.535175850062203 368
1739553063575 56.10156497340752 369
1739553063609 44.54935806561715 370
1739553063642 31.755296721266713 371
1739553063674 49.531783706950186 372
1739553063705 5.015712455994206 373
1739553063738 44.51873036235936 374
1739553063770 54.22975682708264 375
1739553063803 49.66419134911506 376
1739553063835 4.502605602542105 377
1739553063869 5.520147776093244 378
1739553063902 37.04837510740492 379
1739553063934 20.93049490836559 380
1739553063966 91.26264620232783 381
1739553063997 12.719679848561103 382
1739553064033 18.374151694583325 383
1739553064064 6.101334736917601 384
1739553064097 43.39010668304582 385
1739553064129 23.113174961971342 386
1739553064162 24.763548596923158 387
1739553064195 56.18979812663222 388
1739553064230 16.405221101279402 389
1739553064265 9.078992440449806 390
1739553064300 23.15770244696638 391
1739553064334 16.874526825450676 392
1739553064366 21.998846492970753 393
1739553064398 57.9892275797063 394
1739553064432 11.159348047544869 395
1739553064464 7.870584003132236 396
1739553064496 1.9907464285803849 397
1739553064529 17.64103205625705 398
1739553064563 9.424459797227067 399
1739553064596 4.603094569152929 400
1739553064629 1.4435319685457004 401
1739553064662 17.307119235555174 402
1739553064696 72.7400051419253 403
1739553064731 8.146641835883873 404
1739553064763 36.173321442453066 405
1739553064795 38.44963317373651 406
1739553064829 66.31217106933875 407
1739553064862 42.15938388393067 408
1739553064895 8.599902004510424 409
1739553064928 26.76027698258397 410
1739553064963 48.596022151795815 411
1739553064995 31.90142134734955 412
1739553065029 53.491790328381576 413
1739553065061 31.76310453367745 414
1739553065095 2.183986451153533 415
1739553065128 6.4119863387844545 416
1739553065161 11.367463384026177 417
1739553065193 12.145348429684116 418
1739553065230 17.260682575111193 419
1739553065262 35.1642707241083 420
1739553065295 33.749241681145676 421
1739553065327 25.041508389338944 422
1739553065362 3.7498473254388935 423
1739553065395 88.67803338742073 424
1739553065429 75.83613062696234 425
1739553065461 1.6575543691075638 426
1739553065495 37.74341391402626 427
1739553065528 9.087120156503397 428
1739553065560 43.78383492574948 429
1739553065592 54.35461662468883 430
1739553065626 21.024983720873834 431
1739553065659 8.666301269265645 432
1739553065691 3.3178982460378825 433
1739553065724 5.321914335639997 434
1739553065759 28.340275412768406 435
1739553065791 24.34944640164081 436
1739553065823 23.79123266061045 437
1739553065854 11.475352762927455 438
1739553065887 5.233108340186264 439
1739553065920 21.449265747808873 440
1739553065953 51.77064187008801 441
1739553065985 43.63808129545461 442
1739553066018 42.51649667869642 443
1739553066050 1.4184302507084967 444
1739553066082 10.413082667692526 445
1739553066114 6.768530981329399 446
1739553066148 7.069982420729378 447
1739553066180 47.92288322314303 448
1739553066214 7.927473824146298 449
1739553066246 12.466118149881487 450
1739553066280 7.211844953274658 451
1739553066313 12.206359715407038 452
1739553066346 64.65076496007738 453
1739553066377 84.41906945843787 454
1739553066410 42.05638485059194 455
1739553066443 8.574867379299155 456
1739553066475 14.932528456246768 457
1739553066507 4.474833811766495 458
1739553066539 9.237806403042459 459
1739553066572 1.598879495249886 460
1739553066604 16.41804538428509 461
1739553066636 7.012847601457254 462
1739553066668 48.598708193273126 463
1739553066701 5.632379306681685 464
1739553066732 24.358129574123563 465
1739553066764 8.62533795856277 466
1739553066795 26.269584415272682 467
1739553066830 39.039593319718385 468
1739553066861 36.73328833481451 469
1739553066892 16.22477800599805 470
1739553066925 18.764177359172418 471
1739553066957 38.8435914919885 472
1739553066988 34.47769062412098 473
1739553067021 25.244181369843638 474
1739553067053 8.321474350423584 475
1739553067085 50.3836939844878 476
1739553067117 63.38784164728271 477
1739553067149 26.527287857812073 478
1739553067180 78.78453045112066 479
1739553067214 86.95490637221874 480
1739553067247 11.594010376783 481
1739553067279 30.579486282206094 482
1739553067312 29.106898387577324 483
1739553067346 13.441053736180281 484
1739553067378 62.02562918502493 485
1739553067410 44.9774249649215 486
1739553067442 7.541699888180355 487
1739553067475 48.92079231408812 488
1739553067508 15.182411846689513 489
1739553067540 72.08867041692405 490
1739553067571 46.24567563838429 491
1739553067604 2.1472539615858053 492
1739553067636 77.33377589285196 493
1739553067668 22.945213423691147 494
1739553067700 29.678748617535266 495
1739553067731 46.466191226411205 496
1739553067764 16.627046651202498 497
1739553067795 32.16524227483526 498
1739553067826 29.654558709185917 499
