1739616542534 4.872510511032425 0
1739616542567 43.809997496801834 1
1739616542599 19.743580667687272 2
1739616542632 1.5216402989984006 3
1739616542664 0.15430508918493993 4
1739616542710 7.369974544440138 5
1739616542753 5.804705651898292 6
1739616542795 1.6516136214354407 7
1739616542828 29.903242464152886 8
1739616542860 4.88951178756818 9
1739616542892 3.9704531257063014 10
1739616542924 59.485639275754174 11
1739616542956 23.69649753438474 12
1739616542988 2.9627888495315817 13
1739616543020 0.4862481151291975 14
1739616543053 4.8513829703007 15
1739616543086 20.000986661870233 16
1739616543119 4.405024847936774 17
1739616543151 20.97349418434028 18
1739616543183 4.884431159787996 19
1739616543216 3.693015423156626 20
1739616543248 1.2110725879126312 21
1739616543280 0.12075527138616107 22
1739616543313 31.033706239529064 23
1739616543346 28.704844765986117 24
1739616543378 4.4994671611535235 25
1739616543410 9.939623753681527 26
1739616543443 0.1062609522266372 27
1739616543475 8.78222951581405 28
1739616543507 38.20753400327644 29
1739616543540 1.6089308496491972 30
1739616543572 0.15472733161865568 31
1739616543604 44.07793058059358 32
1739616543636 0.33954194110600144 33
1739616543668 25.497333995704153 34
1739616543700 0.405764780429129 35
1739616543733 5.962041708222837 36
1739616543766 43.20384393934412 37
1739616543798 36.540718705382844 38
1739616543830 0.029635143647056116 39
1739616543863 6.250058277477957 40
1739616543895 14.473468487520588 41
1739616543927 7.416761544553766 42
1739616543958 5.185528544577329 43
1739616543991 17.204079709511234 44
1739616544023 2.21989419082949 45
1739616544055 10.681611601460222 46
1739616544087 2.9255036752658685 47
1739616544119 2.807011175143797 48
1739616544152 17.623021593022266 49
1739616544185 0.9510297854949786 50
1739616544220 0.011293234368354553 51
1739616544253 31.05986515239897 52
1739616544285 0.9094360780690394 53
1739616544317 19.612737753232125 54
1739616544350 0.0007477021853340455 55
1739616544383 1.1428747019891627 56
1739616544415 7.198768064032785 57
1739616544448 2.2801146216118555 58
1739616544480 0.6085613963335534 59
1739616544512 7.672996750906965 60
1739616544544 1.612302852878534 61
1739616544576 6.680163627315221 62
1739616544608 0.45765862733296453 63
1739616544640 10.917427620029043 64
1739616544672 34.10312158611704 65
1739616544705 0.31531937251516784 66
1739616544737 13.702849104067182 67
1739616544769 0.3454327178617265 68
1739616544801 0.2159990054814668 69
1739616544834 1.239685117445802 70
1739616544866 0.3992085410495442 71
1739616544898 22.463760986319993 72
1739616544930 10.66245151441532 73
1739616544962 4.792715637935252 74
1739616544994 27.603956157852863 75
1739616545026 7.267085949979767 76
1739616545059 6.132029217426576 77
1739616545090 3.7218522121371147 78
1739616545123 43.92229287943404 79
1739616545155 1.3387547176439083 80
1739616545187 13.451432669269412 81
1739616545219 4.19186164439756 82
1739616545251 0.14724890710834215 83
1739616545284 0.003929538737031274 84
1739616545316 1.6790427605467215 85
1739616545348 2.4576357330810232 86
1739616545381 17.38703001024852 87
1739616545413 22.791161246274278 88
1739616545445 0.8522948122385471 89
1739616545477 0.05115699854923436 90
1739616545510 6.879938607369782 91
1739616545542 3.921545731717596 92
1739616545575 0.07502372548862098 93
1739616545607 0.6620151056178915 94
1739616545640 1.1957231344052355 95
1739616545673 2.1628386228390157 96
1739616545705 0.3379177421436316 97
1739616545737 2.3686463095241725 98
1739616545769 16.068520043219824 99
1739616545801 12.62860407578346 100
1739616545833 1.6473720932751814 101
1739616545865 5.224323251661035 102
1739616545897 1.223117357721025 103
1739616545929 0.0056539185371727065 104
1739616545962 0.5380482775219559 105
1739616545994 6.586451377576071 106
1739616546026 5.039056285435756 107
1739616546058 9.159704515961401 108
1739616546090 12.266534608331662 109
1739616546122 10.918936026111052 110
1739616546160 2.3442196055866735 111
1739616546221 18.258828930076866 112
1739616546253 0.3360193269226654 113
1739616546286 0.002119468893697415 114
1739616546320 2.582321461806691 115
1739616546352 0.05579612219957906 116
1739616546385 4.532347106043817 117
1739616546417 0.43634424031949154 118
1739616546449 0.3856702205011996 119
1739616546482 4.749019680636494 120
1739616546514 0.6036866259484448 121
1739616546547 54.51185039776777 122
1739616546579 39.50391343843042 123
1739616546611 2.6379237216659934 124
1739616546643 2.2279120969544395 125
1739616546675 1.5554979406417728 126
1739616546707 0.24776347799656348 127
1739616546740 0.6217806822101564 128
1739616546772 15.62056676471521 129
1739616546804 0.20966798546613183 130
1739616546837 10.458501441319735 131
1739616546869 2.555792650362111 132
1739616546901 34.22220315300495 133
1739616546933 38.3231834971191 134
1739616546965 62.29735182042473 135
1739616546998 6.57568214205809 136
1739616547031 4.733318589317008 137
1739616547063 0.9082500832667721 138
1739616547096 5.516841147570303 139
1739616547128 7.487901690622648 140
1739616547159 1.7949470660343363 141
1739616547192 48.18539894941319 142
1739616547224 12.296622552162132 143
1739616547256 4.311665174146064 144
1739616547289 40.65496649277326 145
1739616547321 0.36361109550505744 146
1739616547353 7.815831130507354 147
1739616547386 1.1518683270595265 148
1739616547418 2.4230138945444 149
1739616547451 0.9022938360110077 150
1739616547483 4.50816991995542 151
1739616547514 0.0527711385915482 152
1739616547547 6.371278594188628 153
1739616547579 19.380573784857596 154
1739616547611 4.2145689701339775 155
1739616547643 20.161662802610238 156
1739616547677 3.126000133363569 157
