1739553501300 157.60739007253133 0
1739553501309 146.4919954118885 1
1739553501317 142.04497274491092 2
1739553501327 132.11443653650124 3
1739553501334 125.51435084187324 4
1739553501367 122.53215322203542 5
1739553501444 117.85549460580474 6
1739553501451 110.40358001550717 7
1739553501460 103.21396912747255 8
1739553501469 96.99214577671093 9
1739553501477 96.31274311485959 10
1739553501484 92.19273095725578 11
1739553501492 92.5460062339197 12
1739553501500 84.59157576151638 13
1739553501509 82.76051133778743 14
1739553501519 79.6266990281285 15
1739553501530 71.15538602897678 16
1739553501539 73.11346563236864 17
1739553501548 68.87878583732828 18
1739553501558 68.14294365082917 19
1739553501567 69.38814241241018 20
1739553501575 62.67235992431822 21
1739553501583 62.03473966983076 22
1739553501592 54.97742862356979 23
1739553501602 57.602925902864726 24
1739553501611 56.50530025641943 25
1739553501620 55.577131451798415 26
1739553501629 52.40660921269851 27
1739553501637 52.99548228663232 28
1739553501646 48.94171845993033 29
1739553501653 46.14475960235129 30
1739553501664 45.423333819250374 31
1739553501673 45.163525419495855 32
1739553501681 44.854505046934136 33
1739553501689 46.71989962194499 34
1739553501698 42.98258080031441 35
1739553501706 42.03475671942331 36
1739553501714 41.58193742242384 37
1739553501721 41.3860357079179 38
1739553501730 45.01052034027897 39
1739553501738 40.07453877479999 40
1739553501745 32.82387395764135 41
1739553501752 41.09359861525074 42
1739553501760 35.349489749409194 43
1739553501768 36.70730667600527 44
1739553501776 43.41664013907859 45
1739553501784 38.11732331359353 46
1739553501794 38.78729212423773 47
1739553501803 34.94047170141436 48
1739553501812 35.66941443155361 49
1739553501820 34.96493799127602 50
1739553501829 31.348736276411945 51
1739553501836 38.406345275312574 52
1739553501844 31.18897189737629 53
1739553501852 29.86639635422546 54
1739553501859 31.749135280804097 55
1739553501866 40.81011992809154 56
1739553501874 29.48069115481936 57
1739553501881 32.86072762834036 58
1739553501889 36.107734073269704 59
1739553501898 31.457720770817257 60
1739553501906 28.088067968276874 61
1739553501913 33.494492848254346 62
1739553501920 30.059508563662945 63
1739553501931 28.60362107597804 64
1739553501940 30.045791489825152 65
1739553501948 33.21608987197854 66
1739553501957 32.524100617299034 67
1739553501965 25.77040953851633 68
1739553501972 32.12839621050506 69
1739553501979 32.31995489469933 70
1739553501986 29.71273128959483 71
1739553501996 32.693749435312725 72
1739553502003 35.75125077918074 73
1739553502013 27.05273865520673 74
1739553502020 32.873113998411775 75
1739553502030 28.518658739622918 76
1739553502037 29.69450056181549 77
1739553502045 29.42421818706109 78
1739553502052 32.969136763784434 79
1739553502061 26.0525274071956 80
1739553502070 30.712629420686298 81
1739553502079 31.65912034422503 82
1739553502086 29.443553345010134 83
1739553502096 26.16352561879276 84
1739553502104 26.39296009788966 85
1739553502111 25.35540924798209 86
1739553502118 33.249199687404 87
1739553502125 33.60382230348669 88
1739553502133 29.46173350667051 89
1739553502141 31.677040739950737 90
1739553502148 30.26782050589616 91
1739553502155 26.011442838721802 92
1739553502163 32.753229316120134 93
1739553502169 36.73150875632292 94
1739553502176 30.61084171621188 95
1739553502183 34.410791889668396 96
1739553502190 35.6496832322416 97
1739553502208 26.141890908368804 98
1739553502218 32.898794417981186 99
1739553502227 36.034364998330936 100
1739553502235 31.057474007512013 101
1739553502243 26.060579032981977 102
1739553502250 28.471053960939887 103
1739553502257 30.767638458083503 104
1739553502267 30.804403119026663 105
1739553502275 29.204750969415084 106
1739553502283 32.07204631639225 107
1739553502291 28.15157278316557 108
1739553502300 23.2613867810285 109
1739553502309 28.41810523528652 110
1739553502317 29.59101367535801 111
1739553502326 22.3730179731259 112
1739553502335 32.00290860681291 113
1739553502343 31.87401448077358 114
1739553502351 29.36035617392705 115
1739553502360 31.991072118605754 116
1739553502368 27.95053529750492 117
1739553502376 23.480108104792016 118
1739553502383 29.28086612787068 119
1739553502390 27.983170517140906 120
1739553502398 25.384569911650914 121
1739553502408 31.204071499998665 122
1739553502415 29.70618401391154 123
1739553502423 26.89490297966139 124
1739553502431 26.8828378573351 125
1739553502438 27.993069142502275 126
1739553502446 25.456228480519016 127
1739553502453 28.069812604780658 128
1739553502465 34.23202346408221 129
1739553502473 25.482438095715427 130
1739553502482 25.05174221357767 131
1739553502490 31.59256955227973 132
1739553502499 33.48599548271964 133
1739553502507 32.815038903318346 134
1739553502515 31.54119407899927 135
1739553502524 26.65596946145072 136
1739553502532 23.585060451963045 137
1739553502540 23.989403815369855 138
1739553502547 28.070912417214934 139
1739553502554 29.40928244584231 140
1739553502562 31.299348343619577 141
1739553502569 29.700595364599803 142
1739553502577 27.6727444457752 143
1739553502585 31.26442234046719 144
1739553502595 29.721167308747873 145
1739553502603 33.62571911467102 146
1739553502612 26.34071519177849 147
1739553502622 25.353472808412086 148
1739553502630 28.99333795817985 149
1739553502638 31.819680255805537 150
1739553502647 27.13361271616006 151
1739553502654 33.0374905585003 152
1739553502663 23.6702420758563 153
1739553502671 21.60025709321846 154
1739553502679 27.891597286366046 155
1739553502686 30.254337370399764 156
1739553502693 34.28110739889158 157
1739553502700 27.30956378372476 158
1739553502707 33.082603544156214 159
1739553502714 27.11711419756359 160
1739553502721 24.934741669890656 161
1739553502731 24.826094760723965 162
1739553502739 24.540792207209947 163
1739553502747 32.35581999793399 164
1739553502756 27.22993447003518 165
1739553502764 28.63443200974019 166
1739553502773 26.87504701460729 167
1739553502780 23.203811214528702 168
1739553502787 21.493393644215786 169
1739553502795 26.37543900618332 170
1739553502802 28.440189181734585 171
1739553502810 25.986365625337875 172
1739553502818 28.931360003039558 173
1739553502826 31.41034345076623 174
1739553502833 26.224902192000258 175
1739553502840 30.071014861758073 176
1739553502848 34.066624014252795 177
1739553502856 22.87861089835608 178
1739553502866 28.896245181687615 179
1739553502875 25.620342494372593 180
1739553502882 28.816064573700107 181
1739553502891 23.045430972245278 182
1739553502899 24.841488832099202 183
1739553502907 26.804762035634962 184
1739553502914 30.444603690623236 185
1739553502920 25.55284735339397 186
1739553502929 21.77796705686878 187
1739553502936 29.069063417422573 188
1739553502944 26.767374080653564 189
1739553502951 31.33850078191575 190
1739553502960 27.468107819268777 191
1739553502968 32.86448882318104 192
1739553502975 25.72839323589782 193
1739553502982 33.257495133600365 194
1739553502989 30.264820932734562 195
1739553502999 26.802051760700532 196
1739553503008 35.46901833892977 197
1739553503017 32.189811528657025 198
1739553503026 25.018499169837156 199
1739553503034 26.219600701998147 200
1739553503042 28.323540745919036 201
