1739555197129 169.07124432645418 0
1739555197137 169.03762522067535 1
1739555197146 169.0040128419512 2
1739555197155 168.97040718893533 3
1739555197162 168.93680826028165 4
1739555197170 168.9032160546442 5
1739555197178 168.86963057067746 6
1739555197186 168.83605180703606 7
1739555197194 168.80247976237496 8
1739555197202 168.76891443534927 9
1739555197210 168.73535582461466 10
1739555197218 168.70180392882673 11
1739555197226 168.66825874664153 12
1739555197234 168.6347202767153 13
1739555197243 168.60118851770468 14
1739555197250 168.56766346826643 15
1739555197258 168.53414512705766 16
1739555197266 168.50063349273574 17
1739555197273 168.46712856395828 18
1739555197281 168.4336303393832 19
1739555197289 168.40037918905827 20
1739555197296 168.3671346681443 21
1739555197304 168.33389677531682 22
1739555197312 168.30066550925162 23
1739555197319 168.26744086862476 24
1739555197329 168.23436996980644 25
1739555197337 168.20130565039344 26
1739555197347 168.16824790907268 27
1739555197355 168.1351967445314 28
1739555197363 168.10215215545716 29
1739555197371 168.0691141405376 30
1739555197379 168.03608269846077 31
1739555197386 168.003057827915 32
1739555197394 167.9700395275888 33
1739555197403 167.93702779617092 34
1739555197412 167.9040226323505 35
1739555197419 167.87102403481683 36
1739555197427 167.83803200225947 37
1739555197435 167.8050465333683 38
1739555197442 167.77206762683343 39
1739555197450 167.73909528134521 40
1739555197458 167.70612949559433 41
1739555197466 167.6731702682716 42
1739555197474 167.64021759806823 43
1739555197482 167.60727148367565 44
1739555197489 167.5743319237855 45
1739555197496 167.54139891708977 46
1739555197504 167.50847246228065 47
1739555197512 167.47555255805062 48
1739555197519 167.4426392030923 49
1739555197526 167.4097323960988 50
1739555197534 167.37683213576335 51
1739555197542 167.3439384207794 52
1739555197549 167.31105124984077 53
1739555197557 167.27817062164152 54
1739555197565 167.24529653487588 55
1739555197573 167.2124289882384 56
1739555197580 167.17956798042397 57
1739555197588 167.14671351012763 58
1739555197596 167.11386557604462 59
1739555197604 167.08102417687067 60
1739555197611 167.04818931130163 61
1739555197619 167.01536097803356 62
1739555197626 166.98253917576284 63
1739555197634 166.94972390318617 64
1739555197641 166.91691515900038 65
1739555197649 166.88411294190269 66
1739555197656 166.85131725059048 67
1739555197664 166.8185280837615 68
1739555197672 166.78574544011357 69
1739555197680 166.752969318345 70
1739555197688 166.72019971715423 71
1739555197696 166.68743663523998 72
1739555197703 166.65468007130116 73
1739555197712 166.6219300240371 74
1739555197720 166.58918649214732 75
1739555197727 166.5564494743315 76
1739555197735 166.52371896928975 77
1739555197742 166.49099497572226 78
1739555197750 166.45827749232961 79
1739555197758 166.42556651781268 80
1739555197766 166.39286205087242 81
1739555197774 166.36016409021025 82
1739555197781 166.32747263452762 83
1739555197789 166.29478768252648 84
1739555197796 166.26210923290893 85
1739555197803 166.22943728437724 86
1739555197811 166.19677183563414 87
1739555197819 166.16411288538248 88
1739555197827 166.13146043232533 89
1739555197834 166.0988144751661 90
1739555197842 166.0661750126085 91
1739555197850 166.03354204335648 92
1739555197858 166.0009155661141 93
1739555197866 165.96829557958586 94
1739555197874 165.93568208247646 95
1739555197887 165.90307507349078 96
1739555197894 165.87047455133413 97
1739555197902 165.8378805147119 98
1739555197909 165.80529296232987 99
1739555197916 165.77271189289402 100
1739555197924 165.74013730511058 101
1739555197931 165.70756919768604 102
1739555197939 165.67500756932716 103
1739555197947 165.642452418741 104
1739555197958 165.6099037446348 105
1739555197967 165.57736154571612 106
1739555197975 165.54482582069275 107
1739555197983 165.51229656827272 108
1739555197990 165.4797737871644 109
1739555197998 165.44725747607626 110
1739555198006 165.4147476337172 111
1739555198014 165.3822442587964 112
1739555198022 165.349747350023 113
1739555198030 165.31725690610673 114
1739555198038 165.28477292575744 115
1739555198045 165.2522954076852 116
1739555198053 165.21982435060048 117
1739555198062 165.1873597532138 118
1739555198070 165.1549016142361 119
1739555198078 165.12244993237857 120
1739555198086 165.09000470635257 121
1739555198094 165.05756593486979 122
1739555198102 165.02513361664214 123
1739555198110 164.99270775038175 124
1739555198118 164.96028833480116 125
1739555198126 164.92787536861294 126
1739555198135 164.89546885053016 127
1739555198143 164.86306877926597 128
1739555198151 164.8306751535338 129
1739555198159 164.7982879720475 130
1739555198167 164.76590723352095 131
1739555198175 164.73353293666835 132
1739555198183 164.70116508020425 133
1739555198191 164.66880366284343 134
1739555198198 164.6364486833009 135
1739555198206 164.60410014029185 136
1739555198215 164.57175803253185 137
1739555198222 164.5394223587367 138
1739555198230 164.50709311762233 139
1739555198237 164.47477030790515 140
1739555198245 164.4424539283017 141
1739555198252 164.41014397752872 142
1739555198261 164.3778404543033 143
1739555198268 164.3455433573428 144
1739555198276 164.3132526853647 145
1739555198284 164.28096843708695 146
1739555198292 164.24869061122752 147
1739555198299 164.2164192065048 148
1739555198307 164.1841542216374 149
1739555198314 164.1518956553442 150
1739555198321 164.11964350634426 151
1739555198330 164.08739777335697 152
1739555198344 164.05515845510197 153
1739555198353 164.02292555029908 154
1739555198390 163.9906990576685 155
1739555198399 163.95847897593063 156
1739555198408 163.92626530380602 157
1739555198416 163.89405804001566 158
1739555198425 163.8618571832807 159
1739555198433 163.82966273232253 160
1739555198442 163.79747468586282 161
1739555198450 163.76529304262348 162
1739555198458 163.73311780132678 163
1739555198466 163.700948960695 164
1739555198475 163.66878651945095 165
1739555198484 163.6366304763176 166
1739555198492 163.60448083001802 167
1739555198499 163.5723375792758 168
1739555198507 163.54020072281455 169
1739555198518 163.5080702593583 170
1739555198527 163.47594618763122 171
1739555198535 163.44382850635787 172
1739555198543 163.41171721426292 173
1739555198551 163.37961231007134 174
1739555198560 163.3475137925084 175
1739555198568 163.31542166029965 176
1739555198576 163.28333591217074 177
1739555198584 163.25125654684774 178
1739555198592 163.21918356305687 179
1739555198600 163.1871169595247 180
1739555198608 163.15505673497793 181
1739555198615 163.12300288814365 182
1739555198623 163.09095541774914 183
1739555198631 163.05891432252184 184
1739555198639 163.02687960118962 185
1739555198646 162.99485125248054 186
1739555198654 162.96282927512286 187
1739555198662 162.9308136678451 188
1739555198669 162.8988044293761 189
1739555198678 162.86680155844493 190
1739555198686 162.83480505378085 191
1739555198694 162.80281491411347 192
1739555198701 162.7708311381726 193
1739555198709 162.73885372468834 194
1739555198717 162.70688267239098 195
1739555198725 162.6749179800111 196
1739555198733 162.64295964627954 197
1739555198741 162.6110076699274 198
1739555198748 162.57906204968603 199
1739555198756 162.547122784287 200
1739555198764 162.51518987246223 201
1739555198772 162.48326331294373 202
1739555198781 162.4513431044639 203
1739555198789 162.41942924575534 204
1739555198798 162.38752173555093 205
1739555198805 162.35562057258375 206
1739555198813 162.32372575558725 207
1739555198821 162.29183728329497 208
1739555198829 162.25995515444083 209
1739555198837 162.2280793677589 210
1739555198845 162.19620992198364 211
1739555198853 162.16434681584965 212
1739555198861 162.13249004809182 213
1739555198869 162.1006396174453 214
1739555198877 162.06879552264544 215
1739555198887 162.03695776242793 216
1739555198895 162.00512633552867 217
1739555198903 161.9733012406838 218
1739555198911 161.94148247662972 219
1739555198918 161.90967004210313 220
1739555198926 161.87786393584085 221
1739555198934 161.84606415658016 222
1739555198942 161.8142707030583 223
1739555198950 161.78248357401316 224
1739555198958 161.75070276818246 225
1739555198966 161.71892828430452 226
1739555198975 161.68716012111767 227
1739555198983 161.65539827736063 228
1739555198991 161.62364275177234 229
1739555198998 161.59189354309189 230
1739555199006 161.5601506500588 231
1739555199014 161.52841407141275 232
1739555199021 161.4966838058936 233
1739555199030 161.46495985224166 234
1739555199038 161.43324220919726 235
1739555199047 161.40153087550112 236
1739555199055 161.36982584989426 237
1739555199063 161.33812713111777 238
1739555199071 161.30643471791313 239
1739555199079 161.27474860902208 240
1739555199087 161.2430688031865 241
1739555199095 161.2113952991486 242
1739555199103 161.1797280956509 243
1739555199111 161.14806719143604 244
1739555199118 161.116412585247 245
1739555199126 161.08476427582696 246
1739555199134 161.0531222619194 247
1739555199142 161.02148654226806 248
1739555199149 160.98985711561684 249
1739555199157 160.95823398071 250
1739555199165 160.92661713629195 251
1739555199173 160.89500658110742 252
1739555199181 160.8634023139014 253
1739555199188 160.8318043334191 254
1739555199197 160.8002126384059 255
1739555199205 160.76862722760765 256
1739555199213 160.73704809977022 257
1739555199220 160.70547525363995 258
1739555199228 160.67390868796312 259
1739555199236 160.64234840148657 260
1739555199243 160.61079439295725 261
1739555199250 160.57924666112237 262
1739555199258 160.5477052047294 263
1739555199265 160.5161700225261 264
1739555199273 160.48464111326032 265
1739555199281 160.45311847568044 266
1739555199288 160.4216021085348 267
1739555199298 160.3900920105722 268
1739555199305 160.3585881805416 269
1739555199313 160.3270906171922 270
1739555199320 160.2955993192735 271
1739555199328 160.26411428553513 272
1739555199336 160.23263551472715 273
1739555199343 160.2011630055998 274
1739555199351 160.16969675690348 275
1739555199359 160.13823676738895 276
1739555199366 160.10678303580713 277
1739555199374 160.07533556090934 278
1739555199381 160.04389434144696 279
1739555199389 160.0124593761717 280
1739555199396 159.98103066383564 281
1739555199404 159.94960820319088 282
1739555199412 159.91819199298988 283
1739555199419 159.8867820319855 284
1739555199427 159.85537831893055 285
1739555199435 159.8239808525783 286
1739555199442 159.79258963168226 287
1739555199450 159.76120465499608 288
1739555199458 159.72982592127372 289
1739555199465 159.69845342926948 290
1739555199473 159.6670871777377 291
1739555199481 159.63572716543314 292
1739555199489 159.60437339111078 293
1739555199497 159.57302585352582 294
1739555199505 159.54168455143372 295
1739555199513 159.51034948359015 296
1739555199521 159.4790206487511 297
1739555199528 159.44769804567275 298
1739555199536 159.41638167311157 299
1739555199544 159.3850715298242 300
1739555199551 159.35376761456766 301
1739555199560 159.3224699260991 302
1739555199567 159.29117846317598 303
1739555199575 159.25989322455604 304
1739555199583 159.2286142089972 305
1739555199591 159.19734141525754 306
1739555199599 159.16607484209564 307
1739555199607 159.1348144882701 308
1739555199615 159.10356035253992 309
1739555199622 159.07231243366422 310
1739555199630 159.04107073040248 311
1739555199638 159.00983524151434 312
1739555199645 158.97860596575973 313
1739555199653 158.94738290189883 314
1739555199660 158.9161660486921 315
1739555199668 158.88495540490013 316
1739555199676 158.85375096928388 317
1739555199683 158.82255274060452 318
1739555199692 158.79136071762346 319
1739555199699 158.76017489910234 320
1739555199707 158.72899528380313 321
1739555199715 158.69782187048793 322
1739555199723 158.6666546579191 323
1739555199730 158.6354936448594 324
1739555199737 158.6043388300716 325
1739555199745 158.57319021231896 326
1739555199753 158.5420477903648 327
1739555199761 158.51091156297278 328
1739555199769 158.4797815289068 329
1739555199776 158.44865768693094 330
1739555199784 158.41754003580965 331
1739555199793 158.3864285743075 332
1739555199800 158.35532330118943 333
1739555199808 158.32422421522045 334
1739555199816 158.29313131516602 335
1739555199824 158.26204459979172 336
1739555199831 158.23096406786345 337
1739555199839 158.19988971814726 338
1739555199846 158.16882154940953 339
1739555199854 158.1377595604169 340
1739555199861 158.10670374993612 341
1739555199869 158.07565411673437 342
1739555199877 158.04461065957898 343
1739555199884 158.0135733772375 344
1739555199896 157.98254226847774 345
1739555199904 157.95151733206785 346
1739555199911 157.9204985667761 347
1739555199918 157.8894859713711 348
1739555199926 157.85847954462162 349
1739555199933 157.8274792852968 350
1739555199940 157.79648519216593 351
1739555199948 157.7654972639985 352
1739555199956 157.73451549956434 353
1739555199965 157.7035398976335 354
1739555199973 157.67257045697627 355
1739555199981 157.64160717636324 356
1739555199989 157.6106500545651 357
1739555199996 157.579699090353 358
1739555200004 157.54875428249812 359
1739555200013 157.517815629772 360
1739555200020 157.4868831309464 361
1739555200028 157.4559567847934 362
1739555200035 157.42503659008517 363
1739555200043 157.39412254559429 364
1739555200050 157.36321465009345 365
1739555200058 157.33231290235562 366
1739555200065 157.30141730115415 367
1739555200074 157.27052784526245 368
1739555200084 157.23964453345422 369
1739555200093 157.2087673645035 370
1739555200101 157.17789633718448 371
1739555200109 157.1470314502716 372
1739555200117 157.11617270253964 373
1739555200125 157.08532009276348 374
1739555200132 157.05447361971832 375
1739555200140 157.0236332821797 376
1739555200148 156.99279907892324 377
1739555200156 156.96197100872482 378
1739555200164 156.93114907036073 379
1739555200172 156.90033326260732 380
1739555200180 156.86952358424122 381
1739555200188 156.83872003403945 382
1739555200196 156.80792261077912 383
1739555200204 156.77713131323762 384
1739555200212 156.7463461401926 385
1739555200220 156.71556709042193 386
1739555200228 156.68479416270375 387
1739555200236 156.65402735581648 388
1739555200244 156.6232666685387 389
1739555200251 156.59251209964933 390
1739555200259 156.56176364792736 391
1739555200268 156.53102131215226 392
1739555200276 156.5002850911036 393
1739555200284 156.46955498356118 394
1739555200292 156.43883098830517 395
1739555200300 156.40811310411587 396
1739555200309 156.37740132977376 397
1739555200317 156.34669566405975 398
1739555200325 156.3159961057549 399
1739555200333 156.28530265364046 400
1739555200340 156.25461530649807 401
1739555200348 156.22393406310945 402
1739555200356 156.19325892225663 403
1739555200363 156.16258988272193 404
1739555200371 156.13192694328782 405
1739555200379 156.10127010273712 406
1739555200386 156.07061935985283 407
1739555200395 156.03997471341816 408
1739555200402 156.0093361622166 409
1739555200410 155.97870370503202 410
1739555200418 155.94807734064824 411
1739555200426 155.9174570678495 412
1739555200434 155.88684288542044 413
1739555200442 155.85623479214556 414
1739555200449 155.8256327868099 415
1739555200457 155.79503686819865 416
1739555200464 155.76444703509728 417
1739555200472 155.73386328629147 418
1739555200479 155.70328562056707 419
1739555200487 155.67271403671032 420
1739555200494 155.64214853350762 421
1739555200502 155.61158910974555 422
1739555200510 155.58103576421112 423
1739555200518 155.55048849569138 424
1739555200526 155.51994730297375 425
1739555200534 155.48941218484583 426
1739555200541 155.45888314009554 427
1739555200548 155.4283601675109 428
1739555200557 155.3978432658803 429
1739555200564 155.36733243399235 430
1739555200572 155.33682767063584 431
1739555200580 155.3063289745999 432
1739555200588 155.27583634467385 433
1739555200595 155.24534977964714 434
1739555200603 155.2148692783097 435
1739555200611 155.18439483945147 436
1739555200618 155.1539264618628 437
1739555200627 155.1234641443342 438
1739555200635 155.09300788565648 439
1739555200643 155.06255768462054 440
1739555200650 155.03211354001778 441
1739555200657 155.00167545063954 442
1739555200665 154.97124341527766 443
1739555200673 154.94081743272412 444
1739555200680 154.91039750177106 445
1739555200688 154.87998362121098 446
1739555200696 154.8495757898366 447
1739555200703 154.81917400644085 448
1739555200711 154.78877826981687 449
1739555200719 154.75838857875814 450
1739555200727 154.72800493205833 451
1739555200735 154.6976273285113 452
1739555200743 154.66725576691124 453
1739555200750 154.6368902460525 454
1739555200758 154.60653076472968 455
1739555200765 154.57617732173782 456
1739555200773 154.5458299158718 457
1739555200780 154.5154885459271 458
1739555200787 154.4851532106993 459
1739555200795 154.45482390898425 460
1739555200802 154.42450063957799 461
1739555200811 154.39418340127682 462
1739555200818 154.36387219287735 463
1739555200829 154.33356701317638 464
1739555200836 154.30326786097083 465
1739555200844 154.27297473505814 466
1739555200851 154.24268763423572 467
1739555200858 154.21240655730136 468
1739555200866 154.18213150305306 469
1739555200873 154.15186247028902 470
1739555200881 154.12159945780775 471
1739555200888 154.091342464408 472
1739555200897 154.0610914888887 473
1739555200904 154.03084653004902 474
1739555200912 154.00060758668843 475
1739555200920 153.97037465760658 476
1739555200928 153.94014774160345 477
1739555200936 153.90992683747913 478
1739555200944 153.87971194403409 479
1739555200951 153.84950306006888 480
1739555200959 153.81930018438445 481
1739555200967 153.78910331578186 482
1739555200974 153.7589124530625 483
1739555200981 153.728727595028 484
1739555200989 153.6985487404801 485
1739555200997 153.668375888221 486
1739555201006 153.6382090370529 487
1739555201014 153.60804818577842 488
1739555201022 153.5778933332003 489
1739555201029 153.54774447812167 490
1739555201036 153.51760161934575 491
1739555201045 153.48746475567597 492
1739555201052 153.4573338859162 493
1739555201059 153.42720900887036 494
1739555201068 153.3970901233427 495
1739555201075 153.36697722813773 496
1739555201083 153.3368703220601 497
1739555201091 153.30676940391473 498
1739555201099 153.27667447250684 499
