1739612484372 124.53994911687438 0
1739612484406 73.89106539695838 1
1739612484440 52.99323308038191 2
1739612484474 31.93775803961707 3
1739612484511 36.26470949212093 4
1739612484546 24.721145361413278 5
1739612484580 13.461024176766646 6
1739612484614 11.710980575163534 7
1739612484648 12.73504333945057 8
1739612484681 15.813745319101269 9
1739612484715 11.10325714257897 10
1739612484756 7.579911003644423 11
1739612484790 4.814210453019369 12
1739612484823 6.894252339302575 13
1739612484856 9.704283227406597 14
1739612484890 3.806975326731599 15
1739612484925 5.979549961572298 16
1739612484958 5.669986926672829 17
1739612484992 5.687331354091644 18
1739612485024 4.128743537885032 19
1739612485058 10.54849090587519 20
1739612485091 6.406569101295791 21
1739612485124 1.8889610176997136 22
1739612485159 13.22454990554319 23
1739612485195 7.479199599038738 24
1739612485229 5.143498776571781 25
1739612485265 4.121482530966025 26
1739612485299 9.144060162890879 27
1739612485332 3.6294514841341536 28
1739612485365 2.5602244939495704 29
1739612485398 4.5470307149662785 30
1739612485432 4.913185244816965 31
1739612485465 5.661439052629688 32
1739612485498 4.13270865456829 33
1739612485533 2.2957799877277196 34
1739612485567 5.992797456552684 35
1739612485619 4.617438110516804 36
1739612485655 13.074864556196909 37
1739612485689 13.698728309589333 38
1739612485724 5.6286767535896916 39
1739612485758 92.83877109394395 40
1739612485791 36.19180018170378 41
1739612485824 6.429267629153992 42
