1739617751656 169.20964524368424 0
1739617751670 167.88269612624146 1
1739617751686 166.5669934874669 2
1739617751698 165.26244199587057 3
1739617751712 163.96894712804743 4
1739617751724 162.68641516182768 5
1739617751736 161.41475316948478 6
1739617751748 160.15386901100152 7
1739617751760 158.90367132739283 8
1739617751772 157.66406953408543 9
1739617751784 156.43497381435316 10
1739617751796 155.21629511280872 11
1739617751809 154.00794512894961 12
1739617751821 152.8098363107597 13
1739617751835 151.6218818483645 14
1739617751852 150.44399566774018 15
1739617751864 149.27609242447627 16
1739617751883 148.11808749759103 17
1739617751895 146.96989698339905 18
1739617751907 145.83143768943125 19
1739617751920 144.70262712840616 20
1739617751933 143.58338351225217 21
1739617751944 142.47362574618083 22
1739617751956 141.3732734228101 23
1739617751997 140.2822468163374 24
1739617752019 139.2004668767624 25
1739617752034 138.12785522415822 26
1739617752048 137.0643341429917 27
1739617752061 136.00982657649158 28
1739617752075 134.96425612106444 29
1739617752089 133.92754702075786 30
1739617752102 132.89962416177093 31
1739617752115 131.88041306701075 32
1739617752128 130.86983989069535 33
1739617752141 129.8678314130025 34
1739617752153 128.87431503476347 35
1739617752166 127.88921877220226 36
1739617752179 126.91247125171897 37
1739617752192 125.94400170471772 38
1739617752205 124.98373996247823 39
1739617752217 124.0316164510709 40
1739617752230 123.08756218631515 41
1739617752243 122.15150876878022 42
1739617752256 121.2233883788285 43
1739617752269 120.30313377170101 44
1739617752282 119.39067827264422 45
1739617752295 118.48595577207844 46
1739617752307 117.58890072080716 47
1739617752320 116.6994481252667 48
1739617752333 115.81753354281655 49
1739617752346 114.94309307706936 50
1739617752359 114.07606337326048 51
1739617752372 113.21638161365705 52
1739617752384 112.36398551300563 53
1739617752397 111.5188133140187 54
1739617752410 110.68080378289923 55
1739617752423 109.84989620490339 56
1739617752436 109.02603037994066 57
1739617752449 108.20914661821134 58
1739617752462 107.39918573588099 59
1739617752474 106.59608905079178 60
1739617752487 105.79979837820969 61
1739617752499 105.01025602660826 62
1739617752511 104.22740479348786 63
1739617752523 103.45118796123032 64
1739617752535 102.68154929298888 65
1739617752547 101.91843302861285 66
1739617752559 101.16178388060688 67
1739617752571 100.41154703012445 68
1739617752583 99.66766812299534 69
1739617752595 98.93009326578672 70
1739617752607 98.19876902189776 71
1739617752619 97.4736424076872 72
1739617752631 96.75466088863375 73
1739617752644 96.0417723755292 74
1739617752657 95.33492522070362 75
1739617752669 94.63406821428265 76
1739617752681 93.93915058047648 77
1739617752693 93.25012197390028 78
1739617752704 92.56693247592587 79
1739617752717 91.88953259106428 80
1739617752729 91.21787324337897 81
1739617752741 90.55190577292943 82
1739617752753 89.89158193224499 83
1739617752765 89.23685388282853 84
1739617752777 88.58767419168964 85
1739617752789 87.94399582790753 86
1739617752801 87.30577215922263 87
1739617752813 86.6729569486574 88
1739617752825 86.04550435116579 89
1739617752837 85.4233689103108 90
1739617752851 84.80650555497057 91
1739617752863 84.1948695960722 92
1739617752876 83.58841672335313 93
1739617752889 82.98710300215038 94
1739617752902 82.39088487021654 95
1739617752915 81.799719134563 96
1739617752928 81.21356296833004 97
1739617752940 80.63237390768306 98
1739617752951 80.05610984873566 99
1739617752963 79.48472904449827 100
1739617752975 78.91819010185291 101
1739617752987 78.3564519785538 102
1739617753000 77.7994739802529 103
1739617753012 77.247215757551 104
1739617753024 76.69963730307383 105
1739617753035 76.15669894857271 106
1739617753047 75.61836136205012 107
1739617753059 75.08458554490917 108
1739617753071 74.55533282912779 109
1739617753083 74.03056487445635 110
1739617753095 73.51024366563945 111
1739617753108 72.99433150966097 112
1739617753122 72.48279103301256 113
1739617753135 71.9755851789855 114
1739617753147 71.47267720498508 115
1739617753159 70.97403067986811 116
1739617753172 70.47960948130286 117
1739617753184 69.98937779315142 118
1739617753196 69.50330010287418 119
1739617753208 69.02134119895638 120
1739617753219 68.54346616835645 121
1739617753231 68.0696403939759 122
1739617753244 67.59982955215094 123
1739617753260 67.13399961016489 124
1739617753278 66.67211682378218 125
1739617753290 66.21414773480284 126
1739617753302 65.760059168638 127
1739617753314 65.30981823190578 128
1739617753326 64.86339231004771 129
1739617753338 64.42074906496515 130
1739617753350 63.98185643267588 131
1739617753362 63.54668262099059 132
1739617753375 63.115196107208966 133
1739617753388 62.68736563583531 134
1739617753400 62.26316021631365 135
1739617753412 61.84254912078187 136
1739617753424 61.425501881844966 137
1739617753436 61.01198829036729 138
1739617753448 60.60197839328324 139
1739617753463 60.19544249142677 140
1739617753475 59.79235113737913 141
1739617753487 59.39267513333495 142
1739617753499 58.996385528986345 143
1739617753511 58.603453619425 144
1739617753523 58.21385094306201 145
1739617753535 57.8275492795654 146
1739617753547 57.44452064781498 147
1739617753559 57.06473730387482 148
1739617753571 56.68817173898258 149
1739617753583 56.31479667755615 150
1739617753595 55.944585075217006 151
1739617753608 55.57751011683043 152
1739617753620 55.21354521456233 153
1739617753637 54.852664005952434 154
1739617753654 54.49484035200398 155
1739617753668 54.14004833528945 156
1739617753682 53.788262258072415 157
1739617753695 53.43945664044538 158
1739617753707 53.093606218483245 159
1739617753720 52.75068594241255 160
1739617753732 52.41067097479626 161
1739617753744 52.07353668873379 162
1739617753756 51.73925866607641 163
1739617753770 51.40781269565773 164
1739617753787 51.07917477153926 165
1739617753800 50.75332109127071 166
1739617753813 50.43022805416511 167
1739617753825 50.10987225958859 168
1739617753837 49.79223050526458 169
1739617753849 49.477279785592415 170
1739617753861 49.16499728998023 171
1739617753873 48.855360401191945 172
1739617753884 48.548346693708204 173
1739617753896 48.243933932101385 174
1739617753908 47.94210006942418 175
1739617753921 47.64282324561195 176
1739617753933 47.346081785898626 177
1739617753944 47.05185419924599 178
1739617753956 46.76011917678628 179
1739617753968 46.47085559027805 180
1739617753980 46.18404249057501 181
1739617753992 45.899659106108004 182
1739617754004 45.61768484137963 183
1739617754016 45.338099275471926 184
1739617754028 45.060882160566365 185
1739617754041 44.78601342047668 186
1739617754057 44.513473149193956 187
1739617754073 44.24324160944412 188
1739617754087 43.97529923125763 189
1739617754104 43.70962661055139 190
1739617754119 43.44620450772246 191
1739617754137 43.18501384625392 192
1739617754154 42.92603571133245 193
1739617754170 42.66925134847761 194
1739617754186 42.41464216218277 195
1739617754201 42.16218971456761 196
1739617754215 41.911875724041934 197
1739617754228 41.663682063980815 198
1739617754242 41.41759076141114 199
1739617754255 41.17358399570909 200
1739617754270 40.931644097308755 201
1739617754285 40.69175354642167 202
1739617754298 40.45389497176724 203
1739617754312 40.21805114931389 204
1739617754324 39.98420500103088 205
1739617754337 39.75233959365073 206
1739617754350 39.52243813744214 207
1739617754363 39.294483984993256 208
1739617754378 39.06846063000533 209
1739617754392 38.844351706096546 210
1739617754405 38.622140985615964 211
1739617754418 38.40181237846762 212
1739617754431 38.183349930944495 213
1739617754443 37.96673782457243 214
1739617754456 37.75196037496376 215
1739617754469 37.53900203068079 216
1739617754481 37.327847372108785 217
1739617754494 37.11848111033856 218
1739617754507 36.910888086058584 219
1739617754520 36.70505326845639 220
1739617754532 36.500961754129385 221
1739617754546 36.29859876600479 222
1739617754560 36.09794965226888 223
1739617754572 35.89899988530516 224
1739617754585 35.70173506064155 225
1739617754598 35.50614089590669 226
1739617754611 35.312203229794754 227
1739617754623 35.119908021039414 228
1739617754636 34.92924134739617 229
1739617754648 34.74018940463353 230
1739617754661 34.552738505532645 231
1739617754673 34.366875078895426 232
1739617754685 34.1825856685611 233
1739617754698 33.999856932431115 234
1739617754711 33.818675641502224 235
1739617754724 33.63902867890785 236
1739617754736 33.460903038967565 237
1739617754748 33.2842858262446 238
1739617754760 33.10916425461135 239
1739617754772 32.93552564632282 240
1739617754784 32.7633574310979 241
1739617754799 32.59264714520844 242
1739617754812 32.42338243057605 243
1739617754825 32.255551033876536 244
1739617754839 32.08914080565197 245
1739617754853 31.924139699430256 246
1739617754866 31.760535770852126 247
1739617754879 31.5983171768056 248
1739617754891 31.437472174567766 249
1739617754904 31.277989120953823 250
1739617754916 31.119856471473284 251
1739617754928 30.96306277949347 252
1739617754940 30.807596695409952 253
1739617754952 30.653446965824102 254
1739617754964 30.50060243272758 255
1739617754976 30.349052032693784 256
1739617754988 30.198784796076108 257
1739617755001 30.049789846212978 258
1739617755014 29.9020563986397 259
1739617755026 29.755573760306923 260
1739617755039 29.61033132880574 261
1739617755051 29.466318591599407 262
1739617755067 29.32352512526148 263
1739617755082 29.18194059472052 264
1739617755094 29.04155475251108 265
1739617755107 28.902357438031192 266
1739617755119 28.764338576805976 267
1739617755131 28.627488179757623 268
1739617755143 28.491796342481518 269
1739617755155 28.35725324452848 270
1739617755167 28.22384914869314 271
1739617755179 28.091574400308275 272
1739617755191 27.96041942654522 273
1739617755203 27.830374735720092 274
1739617755215 27.701430916606032 275
1739617755227 27.573578637751144 276
1739617755239 27.446808646802307 277
1739617755251 27.321111769834676 278
1739617755263 27.196478910686906 279
1739617755275 27.07290105030194 280
1739617755288 26.95036924607345 281
1739617755301 26.82887463119779 282
1739617755313 26.70840841403149 283
1739617755325 26.588961877454064 284
1739617755337 26.470526378236414 285
1739617755349 26.353093346414422 286
1739617755361 26.23665428466791 287
1739617755373 26.121200767704895 288
1739617755385 26.00672444165103 289
1739617755397 25.89321702344422 290
1739617755409 25.780670300234366 291
1739617755421 25.669076128788248 292
1739617755433 25.558426434899367 293
1739617755445 25.448713212802833 294
1739617755457 25.339928524595273 295
1739617755469 25.23206449965952 296
1739617755481 25.125113334094326 297
1739617755493 25.019067290148772 298
1739617755504 24.913918695661607 299
1739617755516 24.809659943505224 300
1739617755528 24.706283491034412 301
1739617755540 24.603781859539765 302
1739617755552 24.50214763370572 303
1739617755563 24.40137346107322 304
1739617755575 24.301452051506878 305
1739617755588 24.202376176666682 306
1739617755599 24.1041386694842 307
1739617755611 24.006732423643204 308
1739617755623 23.910150393064693 309
1739617755635 23.81438559139628 310
1739617755648 23.719431091505932 311
1739617755661 23.625280024979986 312
1739617755672 23.531925581625387 313
1739617755684 23.439361008976213 314
1739617755696 23.347579611804317 315
1739617755708 23.256574751634172 316
1739617755720 23.166339846261792 317
1739617755732 23.076868369277715 318
1739617755744 22.988153849594116 319
1739617755755 22.90018987097582 320
1739617755769 22.812970071575343 321
1739617755782 22.726488143471904 322
1739617755795 22.640737832214274 323
1739617755807 22.55571293636754 324
1739617755820 22.471407307063753 325
1739617755832 22.387814847556264 326
1739617755844 22.304929512777996 327
1739617755855 22.222745308903306 328
1739617755867 22.141256292913695 329
1739617755879 22.060456572167073 330
1739617755892 21.98034030397079 331
1739617755904 21.900901695158236 332
1739617755916 21.822135001668983 333
1739617755928 21.74403452813258 334
1739617755940 21.666594627455794 335
1739617755953 21.589809700413433 336
1739617755965 21.513674195242515 337
1739617755976 21.438182607240027 338
1739617755988 21.363329478363962 339
1739617756000 21.289109396837826 340
1739617756012 21.215516996758446 341
1739617756024 21.142546957707133 342
1739617756037 21.070194004364115 343
1739617756048 20.998452906126275 344
1739617756060 20.927318476728075 345
1739617756072 20.856785573865768 346
1739617756084 20.7868490988247 347
1739617756096 20.717503996109883 348
1739617756107 20.64874525307958 349
1739617756119 20.580567899582086 350
1739617756131 20.51296700759558 351
1739617756143 20.44593769087096 352
1739617756155 20.379475104577793 353
1739617756167 20.313574444953197 354
1739617756178 20.248230948953747 355
1739617756190 20.18343989391031 356
1739617756202 20.119196597185827 357
1739617756215 20.055496415835915 358
1739617756228 19.992334746272476 359
1739617756240 19.92970702393008 360
1739617756286 19.86760872293515 361
1739617756301 19.80603535577802 362
1739617756314 19.74498247298774 363
1739617756328 19.684445662809605 364
1739617756342 19.624420550885493 365
1739617756356 19.564902799936853 366
1739617756368 19.505888109450368 367
1739617756381 19.447372215366368 368
1739617756394 19.38935088976978 369
1739617756407 19.331819940583777 370
1739617756420 19.274775211265965 371
1739617756433 19.2182125805072 372
1739617756446 19.1621279619329 373
1739617756458 19.106517303806946 374
1739617756471 19.05137658873806 375
1739617756483 18.996701833388663 376
1739617756496 18.942489088186235 377
1739617756509 18.888734437037105 378
1739617756521 18.835433997042628 379
1739617756534 18.782583918217863 380
1739617756547 18.730180383212534 381
1739617756560 18.678219607034404 382
1739617756572 18.626697836775 383
1739617756585 18.575611351337674 384
1739617756597 18.52495646116789 385
1739617756610 18.47472950798591 386
1739617756623 18.424926864521648 387
1739617756635 18.375544934251867 388
1739617756647 18.326580151139492 389
1739617756659 18.27802897937522 390
1739617756673 18.22988791312132 391
1739617756686 18.182153476257515 392
1739617756698 18.13482222212912 393
1739617756712 18.087890733297282 394
1739617756725 18.041355621291288 395
1739617756737 17.99521352636306 396
1739617756749 17.949461117243665 397
1739617756761 17.904095090901897 398
1739617756773 17.859112172304943 399
1739617756785 17.814509114181035 400
1739617756797 17.77028269678414 401
1739617756809 17.72642972766063 402
1739617756821 17.68294704141793 403
1739617756833 17.639831499495155 404
1739617756845 17.597079989935644 405
1739617756858 17.554689427161467 406
1739617756870 17.5126567517498 407
1739617756882 17.470978930211267 408
1739617756894 17.429652954770035 409
1739617756905 17.388675843145926 410
1739617756917 17.34804463833826 411
1739617756929 17.307756408411585 412
1739617756941 17.26780824628321 413
1739617756953 17.228197269512535 414
1739617756965 17.188920620092166 415
1739617756977 17.149975464240814 416
1739617756989 17.111358992197935 417
1739617757001 17.073068418020117 418
1739617757013 17.035100979379198 419
1739617757025 16.997453937362074 420
1739617757037 16.96012457627224 421
1739617757049 16.92311020343298 422
1739617757061 16.88640814899223 423
1739617757073 16.850015765729136 424
1739617757085 16.813930428862175 425
1739617757097 16.77814953585897 426
1739617757108 16.7426705062477 427
1739617757120 16.707490781430085 428
1739617757133 16.672607824495984 429
1739617757145 16.638019120039548 430
1739617757157 16.60372217397695 431
1739617757169 16.569714513365625 432
1739617757181 16.535993686225073 433
1739617757193 16.502557261359193 434
1739617757205 16.469402828180066 435
1739617757217 16.4365279965333 436
1739617757229 16.403930396524814 437
1739617757241 16.371607678349076 438
1739617757254 16.339557512118862 439
1739617757268 16.307777587696393 440
1739617757281 16.276265614525915 441
1739617757294 16.245019321467748 442
1739617757307 16.214036456633675 443
1739617757319 16.18331478722375 444
1739617757331 16.15285209936452 445
1739617757344 16.122646197948583 446
1739617757356 16.092694906475504 447
1739617757368 16.062996066894105 448
1739617757381 16.03354753944608 449
1739617757393 16.00434720251091 450
1739617757405 15.97539295245216 451
1739617757417 15.946682703465 452
1739617757429 15.918214387425051 453
1739617757441 15.889985953738549 454
1739617757453 15.86199536919372 455
1739617757465 15.83424061781343 456
1739617757476 15.806719700709133 457
1739617757488 15.779430635935984 458
1739617757500 15.752371458349218 459
1739617757512 15.725540219461765 460
1739617757524 15.698934987303028 461
1739617757536 15.672553846278873 462
1739617757548 15.64639489703285 463
1739617757561 15.620456256308517 464
1739617757574 15.594736056812973 465
1739617757586 15.569232447081554 466
1739617757598 15.543943591343666 467
1739617757610 15.51886766938973 468
1739617757622 15.494002876439298 469
1739617757633 15.469347423010268 470
1739617757645 15.444899534789183 471
1739617757657 15.420657452502683 472
1739617757669 15.396619431790002 473
1739617757681 15.372783743076557 474
1739617757693 15.349148671448619 475
1739617757705 15.325712516529032 476
1739617757718 15.30247359235399 477
1739617757731 15.279430227250886 478
1739617757745 15.25658076371713 479
1739617757758 15.233923558300075 480
1739617757770 15.211456981477903 481
1739617757783 15.189179417541544 482
1739617757795 15.167089264477571 483
1739617757807 15.145184933852148 484
1739617757819 15.123464850695884 485
1739617757832 15.101927453389717 486
1739617757844 15.080571193551757 487
1739617757858 15.05939453592506 488
1739617757870 15.038395958266387 489
1739617757884 15.017573951235889 490
1739617757898 14.996927018287739 491
1739617757911 14.97645367556165 492
1739617757924 14.956152451775402 493
1739617757936 14.93602188811816 494
1739617757948 14.916060538144807 495
1739617757960 14.896266967671103 496
1739617757972 14.876639754669755 497
1739617757983 14.857177489167366 498
1739617757995 14.83787877314229 499
