1739553986008 168.74739154877687 0
1739553986014 168.71401214037752 1
1739553986021 168.6806400400286 2
1739553986027 168.6472752460637 3
1739553986033 168.6139177568168 4
1739553986040 168.5805675706222 5
1739553986047 168.5472246858147 6
1739553986053 168.51388910072941 7
1739553986059 168.48056081370186 8
1739553986065 168.44723982306795 9
1739553986071 168.41392612716405 10
1739553986078 168.38061972432672 11
1739553986084 168.34732061289316 12
1739553986090 168.31402879120074 13
1739553986097 168.28074425758734 14
1739553986103 168.24746701039118 15
1739553986109 168.21419704795093 16
1739553986115 168.1809343686056 17
1739553986122 168.14767897069459 18
1739553986127 168.11443085255763 19
1739553986133 168.08119001253493 20
1739553986140 168.04795644896706 21
1739553986147 168.014730160195 22
1739553986154 167.98151114456002 23
1739553986161 167.9482994004039 24
1739553986167 167.9150949260687 25
1739553986174 167.88189771989693 26
1739553986180 167.84870778023145 27
1739553986186 167.81552510541562 28
1739553986193 167.78234969379304 29
1739553986199 167.7491815437077 30
1739553986207 167.71602065350407 31
1739553986216 167.68286702152704 32
1739553986224 167.6497206461217 33
1739553986231 167.61658152563365 34
1739553986238 167.58344965840888 35
1739553986244 167.55032504279376 36
1739553986250 167.51720767713505 37
1739553986257 167.48409755977983 38
1739553986264 167.45099468907563 39
1739553986270 167.41789906337036 40
1739553986276 167.3848106810123 41
1739553986282 167.35172954035014 42
1739553986289 167.3186556397329 43
1739553986295 167.28558897751006 44
1739553986301 167.25252955203135 45
1739553986308 167.2194773616471 46
1739553986314 167.18643240470783 47
1739553986322 167.15339467956457 48
1739553986328 167.12036418456864 49
1739553986334 167.08734091807182 50
1739553986341 167.0543248784262 51
1739553986346 167.0213160639843 52
1739553986353 166.9883144730991 53
1739553986360 166.95532010412379 54
1739553986366 166.92233295541203 55
1739553986372 166.88935302531797 56
1739553986378 166.85638031219597 57
1739553986385 166.8234148144009 58
1739553986392 166.79045653028788 59
1739553986398 166.75750545821262 60
1739553986404 166.724561596531 61
1739553986411 166.69162494359935 62
1739553986417 166.65869549777452 63
1739553986423 166.62577325741353 64
1739553986430 166.59285822087392 65
1739553986436 166.55995038651363 66
1739553986442 166.52704975269077 67
1739553986448 166.49415631776418 68
1739553986455 166.46127008009276 69
1739553986461 166.42839103803604 70
1739553986467 166.3955191899537 71
1739553986474 166.36265453420603 72
1739553986480 166.32979706915353 73
1739553986487 166.2969467931571 74
1739553986493 166.26410370457822 75
1739553986499 166.23126780177847 76
1739553986506 166.19843908312004 77
1739553986512 166.1656175469653 78
1739553986518 166.1328031916772 79
1739553986525 166.0999960156189 80
1739553986531 166.06719601715412 81
1739553986537 166.03440319464676 82
1739553986543 166.0016175464612 83
1739553986549 165.9688390709623 84
1739553986556 165.93606776651518 85
1739553986562 165.90330363148533 86
1739553986569 165.87054666423867 87
1739553986576 165.83779686314148 88
1739553986582 165.80505422656046 89
1739553986589 165.77231875286262 90
1739553986595 165.73959044041544 91
1739553986602 165.7068692875867 92
1739553986608 165.67415529274462 93
1739553986614 165.64144845425776 94
1739553986620 165.60874877049503 95
1739553986627 165.57605623982585 96
1739553986633 165.5433708606199 97
1739553986639 165.5106926312472 98
1739553986645 165.47802155007835 99
1739553986651 165.4453576154841 100
1739553986659 165.41270082583577 101
1739553986665 165.38005117950493 102
1739553986672 165.34740867486357 103
1739553986678 165.31477331028407 104
1739553986684 165.28214508413916 105
1739553986690 165.24952399480202 106
1739553986703 165.21691004064613 107
1739553986709 165.18430322004542 108
1739553986715 165.1517035313741 109
1739553986721 165.11911097300683 110
1739553986727 165.08652554331871 111
1739553986733 165.05394724068503 112
1739553986740 165.0213760634817 113
1739553986746 164.9888120100848 114
1739553986752 164.95625507887092 115
1739553986759 164.9237052682169 116
1739553986765 164.89116257650014 117
1739553986771 164.85862700209827 118
1739553986778 164.82609854338938 119
1739553986784 164.79357719875185 120
1739553986790 164.7610629665645 121
1739553986796 164.72855584520659 122
1739553986803 164.6960558330576 123
1739553986809 164.66356292849753 124
1739553986815 164.6310771299067 125
1739553986822 164.59859843566582 126
1739553986828 164.56612684415592 127
1739553986834 164.5336623537585 128
1739553986840 164.50120496285538 129
1739553986846 164.46875466982874 130
1739553986853 164.43631147306124 131
1739553986859 164.40387537093582 132
1739553986866 164.37144636183578 133
1739553986872 164.33902444414488 134
1739553986878 164.30660961624724 135
1739553986886 164.27420187652723 136
1739553986893 164.2418012233698 137
1739553986900 164.20940765516013 138
1739553986907 164.17702117028387 139
1739553986913 164.14464176712696 140
1739553986920 164.11226944407576 141
1739553986927 164.07990419951696 142
1739553986934 164.04754603183773 143
1739553986940 164.01519493942556 144
1739553986946 163.98285092066828 145
1739553986953 163.9505139739541 146
1739553986959 163.91818409767163 147
1739553986965 163.88586129020993 148
1739553986972 163.8535455499583 149
1739553986978 163.82123687530654 150
1739553986985 163.78893526464466 151
1739553986991 163.7566407163632 152
1739553986997 163.72435322885306 153
1739553987003 163.69207280050543 154
1739553987011 163.65979942971197 155
1739553987018 163.6275331148646 156
1739553987025 163.59527385435575 157
1739553987031 163.56302164657814 158
1739553987038 163.53077648992488 159
1739553987044 163.49853838278943 160
1739553987050 163.46630732356567 161
1739553987057 163.43408331064788 162
1739553987063 163.40186634243062 163
1739553987070 163.3696564173089 164
1739553987076 163.33745353367803 165
1739553987083 163.3052576899338 166
1739553987089 163.27306888447228 167
1739553987095 163.24088711568996 168
1739553987101 163.2087123819837 169
1739553987107 163.17654468175078 170
1739553987114 163.14438401338876 171
1739553987120 163.11223037529558 172
1739553987127 163.08008376586957 173
1739553987133 163.04794418350957 174
1739553987139 163.01581162661458 175
1739553987145 162.98368609358414 176
1739553987151 162.951567582818 177
1739553987158 162.91945609271647 178
1739553987164 162.88735162168004 179
1739553987171 162.85525416810972 180
1739553987177 162.8231637304069 181
1739553987183 162.79108030697319 182
1739553987190 162.75900389621071 183
1739553987196 162.72693449652192 184
1739553987202 162.69487210630967 185
1739553987209 162.66281672397716 186
1739553987217 162.6307683479278 187
1739553987228 162.59872697656576 188
1739553987234 162.56669260829517 189
1739553987241 162.53466524152083 190
1739553987247 162.50264487464776 191
1739553987255 162.4706315060814 192
1739553987262 162.43862513422746 193
1739553987268 162.40662575749224 194
1739553987274 162.3746333742822 195
1739553987280 162.3426479830043 196
1739553987287 162.31066958206583 197
1739553987294 162.2786981698744 198
1739553987300 162.24673374483805 199
1739553987306 162.21477630536518 200
1739553987312 162.1828258498646 201
1739553987319 162.15088237674541 202
1739553987326 162.11894588441714 203
1739553987332 162.08701637128968 204
1739553987338 162.05509383577328 205
1739553987345 162.02317827627851 206
1739553987352 161.9912696912164 207
1739553987359 161.95936807899838 208
1739553987366 161.9274734380361 209
1739553987373 161.89558576674168 210
1739553987379 161.86370506352756 211
1739553987386 161.8318313268067 212
1739553987392 161.79996455499227 213
1739553987399 161.76810474649778 214
1739553987405 161.73625189973725 215
1739553987411 161.70440601312498 216
1739553987417 161.67256708507568 217
1739553987424 161.64073511400449 218
1739553987430 161.60891009832665 219
1739553987436 161.57709203645814 220
1739553987442 161.54528092681502 221
1739553987449 161.51347676781387 222
1739553987456 161.48167955787164 223
1739553987463 161.4498892954056 224
1739553987469 161.41810597883332 225
1739553987475 161.38632960657287 226
1739553987481 161.35456017704269 227
1739553987488 161.3227976886614 228
1739553987494 161.29104213984823 229
1739553987500 161.25929352902267 230
1739553987506 161.2275518546045 231
1739553987513 161.19581711501405 232
1739553987519 161.1640893086718 233
1739553987525 161.13236843399883 234
1739553987531 161.1006544894164 235
1739553987537 161.06894747334624 236
1739553987544 161.0372473842104 237
1739553987549 161.0055542204313 238
1739553987556 160.97386798043178 239
1739553987562 160.94218866263495 240
1739553987569 160.91051626546442 241
1739553987576 160.8788507873441 242
1739553987582 160.8471922266982 243
1739553987589 160.81554058195138 244
1739553987595 160.78389585152868 245
1739553987601 160.75225803385547 246
1739553987607 160.7206271273574 247
1739553987614 160.6890031304607 248
1739553987621 160.6573860415918 249
1739553987631 160.62577585917754 250
1739553987637 160.5941725816451 251
1739553987643 160.56257620742207 252
1739553987649 160.53098673493642 253
1739553987655 160.49940416261646 254
1739553987661 160.4678284888908 255
1739553987667 160.4362597121886 256
1739553987675 160.40469783093909 257
1739553987681 160.3731428435722 258
1739553987687 160.34159474851796 259
1739553987693 160.31005354420694 260
1739553987700 160.27851922907007 261
1739553987707 160.24699180153843 262
1739553987713 160.21547126004373 263
1739553987719 160.1839576030179 264
1739553987725 160.15245082889325 265
1739553987731 160.12095093610256 266
1739553987738 160.08945792307884 267
1739553987743 160.0579717882555 268
1739553987749 160.02649253006632 269
1739553987756 159.99502014694548 270
1739553987762 159.96355463732758 271
1739553987768 159.93209599964734 272
1739553987776 159.90064423234023 273
1739553987782 159.86919933384166 274
1739553987789 159.83776130258772 275
1739553987795 159.80633013701475 276
1739553987801 159.77490583555942 277
1739553987807 159.7434883966589 278
1739553987814 159.71207781875046 279
1739553987820 159.68067410027209 280
1739553987826 159.6492772396618 281
1739553987832 159.6178872353583 282
1739553987838 159.58650408580024 283
1739553987845 159.55512778942708 284
1739553987851 159.52375834467836 285
1739553987857 159.49239574999413 286
1739553987864 159.46104000381467 287
1739553987871 159.4296911045807 288
1739553987878 159.39834905073334 289
1739553987884 159.36701384071398 290
1739553987890 159.33568547296446 291
1739553987896 159.30436394592692 292
1739553987902 159.27304925804395 293
1739553987909 159.24174140775835 294
1739553987915 159.2104403935134 295
1739553987921 159.17914621375277 296
1739553987928 159.14785886692042 297
1739553987934 159.11657835146065 298
1739553987940 159.08530466581817 299
1739553987946 159.05403780843815 300
1739553987952 159.02277777776587 301
1739553987958 158.9915245722472 302
1739553987965 158.96027819032835 303
1739553987972 158.92903863045575 304
1739553987978 158.89780589107627 305
1739553987984 158.86657997063722 306
1739553987991 158.8353608675862 307
1739553987997 158.8041485803711 308
1739553988004 158.77294310744028 309
1739553988010 158.74174444724244 310
1739553988016 158.71055259822668 311
1739553988023 158.6793675588423 312
1739553988030 158.64818932753911 313
1739553988036 158.6170179027673 314
1739553988042 158.5858532829773 315
1739553988049 158.55469546662002 316
1739553988055 158.5235444521466 317
1739553988061 158.4924002380087 318
1739553988068 158.46126282265823 319
1739553988074 158.43013220454745 320
1739553988080 158.39900838212907 321
1739553988087 158.36789135385607 322
1739553988093 158.33678111818182 323
1739553988100 158.30567767356015 324
1739553988106 158.27458101844505 325
1739553988112 158.243491151291 326
1739553988118 158.2124080705529 327
1739553988125 158.18133177468587 328
1739553988131 158.15026226214547 329
1739553988138 158.11919953138758 330
1739553988144 158.08814358086846 331
1739553988149 158.05709440904477 332
1739553988156 158.02605201437345 333
1739553988163 157.99501639531184 334
1739553988170 157.96398755031768 335
1739553988176 157.93296547784897 336
1739553988183 157.90195017636415 337
1739553988189 157.87094164432204 338
1739553988195 157.83993988018173 339
1739553988201 157.80894488240273 340
1739553988208 157.7779566494449 341
1739553988215 157.7469751797684 342
1739553988221 157.71600047183387 343
1739553988227 157.6850325241022 344
1739553988234 157.6540713350347 345
1739553988240 157.62311690309298 346
1739553988246 157.59216922673914 347
1739553988252 157.56122830443542 348
1739553988259 157.5302941346446 349
1739553988265 157.49936671582978 350
1739553988271 157.46844604645437 351
1739553988278 157.43753212498223 352
1739553988284 157.4066249498774 353
1739553988292 157.37572451960443 354
1739553988298 157.3448308326283 355
1739553988304 157.31394388741407 356
1739553988311 157.28306368242744 357
1739553988317 157.2521902161343 358
1739553988323 157.22132348700097 359
1739553988330 157.1904634934941 360
1739553988336 157.15961023408076 361
1739553988343 157.12876370722822 362
1739553988349 157.09792391140428 363
1739553988355 157.067090845077 364
1739553988361 157.03626450671482 365
1739553988367 157.00544489478656 366
1739553988374 156.9746320077614 367
1739553988380 156.94382584410877 368
1739553988387 156.9130264022986 369
1739553988393 156.88223368080108 370
1739553988400 156.85144767808688 371
1739553988407 156.8206683926268 372
1739553988413 156.78989582289225 373
1739553988419 156.75912996735488 374
1739553988425 156.72837082448657 375
1739553988431 156.69761839275986 376
1739553988438 156.6668726706473 377
1739553988444 156.63613365662212 378
1739553988450 156.60540134915763 379
1739553988456 156.57467574672773 380
1739553988463 156.5439568478064 381
1739553988469 156.51324465086827 382
1739553988477 156.48253915438823 383
1739553988487 156.4518403568413 384
1739553988495 156.42114825670322 385
1739553988501 156.3904628524498 386
1739553988508 156.3597841425574 387
1739553988514 156.32911212550263 388
1739553988521 156.2984467997624 389
1739553988527 156.2677881638141 390
1739553988533 156.23713621613544 391
1739553988540 156.20649095520446 392
1739553988546 156.17585237949953 393
1739553988553 156.14522048749942 394
1739553988560 156.1145952776833 395
1739553988566 156.08397674853052 396
1739553988573 156.05336489852098 397
1739553988579 156.02275972613486 398
1739553988586 155.99216122985263 399
1739553988593 155.96156940815527 400
1739553988599 155.93098425952388 401
1739553988606 155.90040578244017 402
1739553988612 155.869833975386 403
1739553988619 155.83926883684373 404
1739553988626 155.80871036529598 405
1739553988632 155.77815855922574 406
1739553988639 155.74761341711638 407
1739553988645 155.7170749374516 408
1739553988652 155.6865431187155 409
1739553988658 155.6560179593925 410
1739553988665 155.62549945796727 411
1739553988671 155.59498761292505 412
1739553988677 155.5644824227513 413
1739553988684 155.53398388593178 414
1739553988690 155.50349200095272 415
1739553988697 155.47300676630064 416
1739553988703 155.4425281804624 417
1739553988713 155.4120562419253 418
1739553988719 155.3815909491769 419
1739553988725 155.3511323007052 420
1739553988731 155.32068029499837 421
1739553988737 155.29023493054515 422
1739553988743 155.2597962058345 423
1739553988750 155.2293641193558 424
1739553988757 155.19893866959882 425
1739553988763 155.16851985505346 426
1739553988769 155.1381076742102 427
1739553988776 155.1077021255598 428
1739553988782 155.07730320759342 429
1739553988789 155.04691091880247 430
1739553988795 155.01652525767878 431
1739553988802 154.98614622271447 432
1739553988809 154.95577381240213 433
1739553988815 154.9254080252346 434
1739553988821 154.89504885970504 435
1739553988828 154.8646963143071 436
1739553988834 154.83435038753464 437
1739553988840 154.804011077882 438
1739553988846 154.7736783838438 439
1739553988853 154.74335230391483 440
1739553988859 154.71303283659068 441
1739553988865 154.68271998036684 442
1739553988871 154.65241373373942 443
1739553988878 154.62211409520478 444
1739553988884 154.59182106325963 445
1739553988891 154.56153463640098 446
1739553988897 154.5312548131264 447
1739553988903 154.50098159193354 448
1739553988909 154.4707149713206 449
1739553988916 154.44045494978602 450
1739553988922 154.4102015258286 451
1739553988928 154.37995469794754 452
1739553988934 154.34971446464237 453
1739553988941 154.31948082441298 454
1739553988947 154.28925377575953 455
1739553988953 154.25903331718266 456
1739553988959 154.22881944718327 457
1739553988965 154.19861216426258 458
1739553988971 154.16841146692224 459
1739553988978 154.13821735366426 460
1739553988984 154.10802982299091 461
1739553988991 154.0778488734049 462
1739553988997 154.04767450340918 463
1739553989005 154.01750671150717 464
1739553989013 153.98734549620252 465
1739553989020 153.95719085599936 466
1739553989027 153.92704278940207 467
1739553989034 153.8969012949154 468
1739553989040 153.86676637104443 469
1739553989047 153.83663801629467 470
1739553989053 153.8065162291719 471
1739553989060 153.77640100818226 472
1739553989066 153.74629235183224 473
1739553989072 153.7161902586287 474
1739553989079 153.68609472707882 475
1739553989086 153.65600575569016 476
1739553989092 153.6259233429706 477
1739553989099 153.5958474874284 478
1739553989105 153.56577818757208 479
1739553989111 153.53571544191058 480
1739553989117 153.50565924895324 481
1739553989125 153.47560960720963 482
1739553989133 153.44556651518977 483
1739553989140 153.41552997140394 484
1739553989146 153.38549997436283 485
1739553989153 153.35547652257742 486
1739553989159 153.3254596145591 487
1739553989165 153.29544924881955 488
1739553989172 153.26544542387086 489
1739553989179 153.23544813822542 490
1739553989185 153.2054573903959 491
1739553989192 153.17547317889554 492
1739553989198 153.14549550223765 493
1739553989205 153.11552435893609 494
1739553989211 153.0855597475049 495
1739553989217 153.05560166645867 496
1739553989223 153.02565011431219 497
1739553989229 152.99570508958058 498
1739553989236 152.9657665907794 499
