1739557648640 96.5043408786929 0
1739557648649 58.60727382123075 1
1739557648658 40.06147336324593 2
1739557648692 28.777232119402157 3
1739557648704 25.014951368400713 4
1739557648717 10.780270727127373 5
1739557648730 10.172800169381647 6
1739557648741 15.58181327704998 7
1739557648755 10.97373227708671 8
1739557648766 17.09944008122864 9
1739557648777 16.184054037758962 10
1739557648787 12.632469932405694 11
1739557648796 10.715818537466424 12
1739557648806 10.478719916163868 13
1739557648816 15.982640128559039 14
1739557648825 16.429096648264782 15
1739557648835 15.379824439759966 16
1739557648845 11.846893112256085 17
1739557648854 13.328739815633392 18
1739557648864 12.474148061644474 19
1739557648877 12.121868309179485 20
1739557648886 12.354737633417287 21
1739557648895 10.034912909832405 22
1739557648904 11.722101505745028 23
1739557648913 9.463727234218217 24
1739557648922 9.195413527100087 25
1739557648931 15.458093221830842 26
1739557648940 10.08128957403442 27
1739557648948 15.703611018189742 28
1739557648957 13.05905485441926 29
1739557648966 11.408491795380389 30
1739557648975 14.93999596555963 31
1739557648983 14.476743577746133 32
1739557648992 9.943308957508451 33
1739557649001 10.79847740254424 34
1739557649010 13.174443657226524 35
1739557649018 10.711871975531812 36
1739557649027 11.069014790747135 37
1739557649036 12.275666839099964 38
1739557649045 15.363830910388671 39
1739557649054 11.170249692158363 40
1739557649063 14.078281172903456 41
1739557649071 9.48312219959899 42
1739557649080 11.20298340984388 43
1739557649089 11.844341444210817 44
1739557649097 13.240054723815016 45
1739557649106 8.9001323930263 46
1739557649115 12.25644646074979 47
1739557649124 12.236900617827441 48
1739557649132 10.428535114798448 49
1739557649141 13.360947010840018 50
1739557649150 13.489481132297106 51
1739557649159 13.424837066849191 52
1739557649168 12.072382398695511 53
1739557649177 11.353654341184077 54
1739557649185 13.224505341860537 55
1739557649194 11.292360196077471 56
1739557649203 11.92063165530475 57
1739557649211 9.59821338693723 58
1739557649220 18.478745223354057 59
1739557649229 10.391725708551093 60
1739557649238 12.99025197834762 61
1739557649246 11.651507002465419 62
1739557649255 11.100325898957466 63
1739557649263 7.490479882064512 64
1739557649272 9.60730770967057 65
1739557649280 13.474675990291784 66
1739557649288 10.422236683224355 67
1739557649297 11.971681131322322 68
1739557649305 9.552682202540444 69
1739557649314 11.17916785394968 70
1739557649323 12.087972208938158 71
1739557649331 10.708980702701972 72
1739557649340 12.583082754077289 73
1739557649348 11.691806520765068 74
1739557649357 11.287544166307098 75
1739557649366 11.872868327722099 76
1739557649374 9.206941485632047 77
1739557649383 8.17702839873523 78
1739557649391 10.98727897157729 79
1739557649400 9.861689154771332 80
1739557649408 10.20041931881047 81
1739557649416 14.452874299009018 82
1739557649425 8.711845031691517 83
1739557649433 10.481316216449393 84
1739557649441 10.925959929886693 85
1739557649450 12.3925067570746 86
1739557649458 11.024004144987128 87
1739557649467 8.571614686515785 88
1739557649476 12.206024937337867 89
1739557649484 10.56352909704635 90
1739557649492 9.542659065614252 91
1739557649501 16.939261613426233 92
1739557649509 12.789701549865393 93
1739557649517 12.129369792673806 94
1739557649526 14.247653702783865 95
1739557649534 8.916120891598737 96
1739557649542 14.275890016348457 97
1739557649551 10.227899521389805 98
1739557649559 14.399419608496057 99
1739557649568 12.0203620735936 100
1739557649577 11.457572696160726 101
1739557649585 15.791266540197524 102
1739557649593 11.33266630395686 103
1739557649602 10.693067330201073 104
1739557649610 13.719632372816244 105
1739557649619 12.241003167615487 106
1739557649627 13.197377636826262 107
1739557649636 10.007322079869809 108
1739557649645 12.136870796095339 109
1739557649654 13.430813612625506 110
1739557649662 8.854023158126214 111
1739557649671 10.367896139207172 112
1739557649679 11.34887188434903 113
1739557649688 9.238456687040387 114
1739557649696 9.705310977858861 115
1739557649704 11.307033775018114 116
1739557649713 11.971671992789865 117
1739557649722 8.146244987150522 118
1739557649730 10.014638174967821 119
1739557649739 12.149574914260302 120
1739557649747 10.564687389243902 121
1739557649756 9.566840642935059 122
1739557649765 11.54395358350243 123
1739557649774 12.925083934751823 124
1739557649782 12.861589099065009 125
1739557649790 13.086709939226758 126
1739557649799 10.109101853903121 127
1739557649807 12.989933056247532 128
1739557649818 9.995013389219322 129
1739557649829 8.246091306523414 130
1739557649838 10.973894517153935 131
1739557649848 13.46641011755546 132
1739557649857 9.740918025448767 133
1739557649867 6.628136682734827 134
1739557649878 10.092981612232057 135
1739557649887 10.887848668967228 136
1739557649896 9.677128540421087 137
1739557649905 11.812808217002374 138
1739557649914 17.18740830033607 139
1739557649923 12.408649293232378 140
1739557649932 11.653663571378885 141
1739557649941 7.001423086272138 142
1739557649949 14.932840474027815 143
1739557649958 12.1445161667772 144
1739557649967 11.162363867730589 145
1739557649976 10.53132053276546 146
1739557649984 10.911016738611023 147
1739557649993 10.995797069615056 148
1739557650002 9.70596020676275 149
1739557650010 9.622349631537375 150
1739557650018 9.344159866380895 151
1739557650027 11.984127217035223 152
1739557650035 7.698176343360017 153
1739557650044 10.152381265846945 154
1739557650052 8.645398182498845 155
1739557650060 11.635095135385944 156
1739557650069 10.10404963931972 157
1739557650077 10.604558318663155 158
1739557650086 13.886860630931906 159
1739557650095 14.858837464104102 160
1739557650104 11.94984760469803 161
1739557650112 13.115103818906087 162
1739557650121 8.321016447715431 163
1739557650130 10.443134013018524 164
1739557650139 10.537460990114964 165
1739557650148 8.414996463040195 166
1739557650156 10.054404177655075 167
1739557650164 12.605984684332471 168
1739557650173 10.235681144745831 169
1739557650181 7.36752320904751 170
1739557650189 13.271541446607182 171
1739557650198 10.39499468359679 172
1739557650206 9.327773026166767 173
1739557650215 13.88413722566703 174
1739557650223 10.691238642242592 175
1739557650232 12.87414350366296 176
1739557650241 12.456724627177234 177
1739557650249 10.464412080369481 178
1739557650257 10.39550424728221 179
1739557650266 9.584925926497743 180
1739557650274 10.835835685133391 181
1739557650283 12.086267176870505 182
1739557650292 9.418358229316306 183
1739557650300 10.531537200359452 184
1739557650308 11.921961835604693 185
1739557650317 12.43505302520906 186
1739557650325 11.968968364491591 187
1739557650334 15.018311988899516 188
1739557650342 10.826677809819378 189
1739557650350 10.136620530468468 190
1739557650359 12.796872362986772 191
1739557650368 15.988410856450638 192
1739557650376 9.749178947375581 193
1739557650385 6.582251699147444 194
1739557650394 12.070661581117816 195
1739557650402 12.131088869756715 196
1739557650410 14.627776197796384 197
1739557650419 10.907600340085855 198
1739557650427 12.281595774893743 199
1739557650436 11.445874852734358 200
1739557650445 12.892499494133189 201
1739557650453 8.84139286026573 202
1739557650462 9.461533126521104 203
1739557650470 12.555527342477921 204
1739557650478 11.629303175203885 205
1739557650487 13.176539481399486 206
1739557650495 11.674227641346501 207
1739557650504 15.668758927179377 208
1739557650512 10.59510368478458 209
1739557650521 7.927052657410718 210
1739557650530 14.566164532840217 211
1739557650539 8.188074558268319 212
1739557650547 8.936472531785352 213
1739557650556 9.93015665706025 214
1739557650564 10.362441252333095 215
1739557650573 12.835771201728194 216
1739557650581 10.951132619205795 217
1739557650590 13.823036003029726 218
1739557650598 7.766345611943184 219
1739557650606 10.99683061736677 220
1739557650616 11.33786989123551 221
1739557650624 12.265823300167098 222
1739557650633 10.763832916674364 223
1739557650641 14.222031726068872 224
1739557650650 12.614364128076083 225
1739557650658 13.62381934181691 226
1739557650693 10.654272915677518 227
1739557650710 10.341982888244818 228
1739557650720 12.990384307158424 229
1739557650729 11.988631370934804 230
1739557650739 10.64938745995526 231
1739557650748 9.573275692278958 232
1739557650758 12.535013909380327 233
1739557650767 10.764121266844077 234
1739557650776 8.87836922124018 235
1739557650786 13.030549935464807 236
1739557650795 9.65256358857935 237
1739557650803 8.993516223179707 238
1739557650812 10.7495613901463 239
1739557650821 11.399452523004433 240
1739557650830 13.178473850871251 241
1739557650838 9.127727968503057 242
1739557650847 10.430157591869111 243
1739557650856 15.401675014556222 244
1739557650865 12.526224831833542 245
1739557650874 9.788357627590107 246
1739557650883 11.02531309659969 247
1739557650891 11.924486464126549 248
1739557650900 14.085247051020335 249
1739557650909 11.41335797235758 250
1739557650918 15.305196899318858 251
1739557650927 9.972896920674962 252
1739557650936 10.328309005145229 253
1739557650945 11.741618424227692 254
1739557650954 6.544741665570304 255
1739557650963 9.946823795919503 256
1739557650972 10.479037432396474 257
1739557650980 8.761532800339978 258
1739557650989 13.022635478299575 259
1739557650998 9.55745483371004 260
1739557651007 9.677076391426802 261
1739557651015 12.677479037066766 262
1739557651024 16.056576938299443 263
1739557651033 11.72044880665353 264
1739557651042 8.529892138388286 265
1739557651051 12.574033923200341 266
1739557651060 16.43304168764308 267
1739557651068 6.580696490072113 268
1739557651077 14.474207485841697 269
1739557651086 10.908752918705039 270
1739557651094 8.638018994747773 271
1739557651103 13.159030652443994 272
1739557651112 10.252239395824256 273
1739557651121 11.165191489680923 274
1739557651130 15.272372225702371 275
1739557651139 9.167923837950662 276
1739557651148 13.73929181114686 277
1739557651157 8.775363103460473 278
1739557651165 11.7851258596893 279
1739557651174 12.727394510891273 280
1739557651182 10.979025589502188 281
1739557651190 11.710743292402272 282
1739557651199 7.415618615099391 283
1739557651207 11.786202593530776 284
1739557651215 14.613442196909885 285
1739557651224 11.482584963539857 286
1739557651233 12.142412913039719 287
1739557651241 7.569442589141586 288
1739557651250 7.666475832354886 289
1739557651259 10.736224223231142 290
1739557651267 12.580832932049555 291
1739557651275 8.878294946710486 292
1739557651284 12.593909084335149 293
1739557651292 10.700776674351795 294
1739557651300 13.916314496561757 295
1739557651309 6.351709530553886 296
1739557651317 12.739030397925516 297
1739557651325 7.965678470983165 298
1739557651334 9.375233053455066 299
1739557651342 10.899817409257416 300
1739557651350 12.397969469968434 301
1739557651358 12.615652502679533 302
1739557651367 12.614218802618835 303
1739557651376 8.370433860969063 304
1739557651384 12.460325900453409 305
1739557651393 13.027626124707576 306
1739557651401 12.606092975515626 307
1739557651410 6.693475284790944 308
1739557651419 8.916715784589183 309
1739557651427 10.83320737811883 310
1739557651436 12.846839534541289 311
1739557651444 9.822380153654837 312
1739557651453 10.990063467314913 313
1739557651462 10.87900173410746 314
1739557651470 11.409162231494745 315
1739557651479 10.533270454685377 316
1739557651487 11.575609727030232 317
1739557651496 14.855164377514395 318
1739557651505 7.4589702069757 319
1739557651514 12.34061287679417 320
1739557651522 12.257909538520646 321
1739557651531 7.664244026374274 322
1739557651540 7.526472646100125 323
1739557651548 13.556794369990193 324
1739557651557 11.611475450801507 325
1739557651565 8.592544930475292 326
1739557651573 13.876874762068145 327
1739557651582 8.072349007655438 328
1739557651590 8.59354160147729 329
1739557651598 17.406662609425428 330
1739557651607 9.472370676970142 331
1739557651615 9.666739002344652 332
1739557651624 8.741771032125548 333
1739557651633 11.63377941035212 334
1739557651641 14.417740168102776 335
1739557651650 10.28671293253547 336
1739557651658 10.7864603270191 337
1739557651666 13.537737411135401 338
1739557651675 11.05955047422135 339
1739557651683 10.406567773948387 340
1739557651692 9.10934236276077 341
1739557651700 9.030172640020123 342
1739557651709 10.23232141030004 343
1739557651717 10.829445434404727 344
1739557651725 13.37864471501658 345
1739557651734 10.274562393004091 346
1739557651744 8.08868887907554 347
1739557651752 12.106690417200173 348
1739557651761 13.0406601755469 349
1739557651769 11.099126520812693 350
1739557651777 10.643112301485017 351
1739557651786 8.494326581771453 352
1739557651794 9.026600231202616 353
1739557651803 10.532662849877747 354
1739557651811 10.87658239276575 355
1739557651819 9.467468686710994 356
1739557651828 10.494788890854469 357
1739557651836 12.111505705851046 358
1739557651845 12.514693968442371 359
1739557651853 10.344716933402802 360
1739557651861 16.678089540656657 361
1739557651870 12.208302398269302 362
1739557651878 12.963436293680564 363
1739557651887 9.038546006682065 364
1739557651896 9.488442183057833 365
1739557651904 12.673897664942665 366
1739557651913 10.389297750408671 367
1739557651921 10.914279135497265 368
1739557651930 13.6026953312634 369
1739557651941 9.519018248848784 370
1739557651951 7.870545762863044 371
1739557651959 8.887465066880663 372
1739557651968 11.004309347392155 373
1739557651977 7.841968429215741 374
1739557651986 14.98138064251904 375
1739557651996 11.337011213980077 376
1739557652005 12.139461757686078 377
1739557652014 10.214206853367457 378
1739557652023 10.132049183611054 379
1739557652032 12.526155234285127 380
1739557652041 10.886221159276664 381
1739557652051 10.294648581270813 382
1739557652060 10.366480512619678 383
1739557652069 11.550584770243201 384
1739557652077 10.8784508935523 385
1739557652086 11.658187612489913 386
1739557652095 10.522147883883402 387
1739557652103 15.352678696096802 388
1739557652111 12.88856605177931 389
1739557652120 9.20702266389747 390
1739557652128 11.429045476464557 391
1739557652137 10.711162588030517 392
1739557652145 17.384957684219252 393
1739557652154 9.512603352427401 394
1739557652162 9.83800737537243 395
1739557652171 10.32345269153271 396
1739557652180 12.882726097185847 397
1739557652189 10.273589504201817 398
1739557652197 11.118646720401264 399
1739557652206 10.122874599673409 400
1739557652215 11.846475929148736 401
1739557652223 11.627645836940145 402
1739557652231 12.774721954903285 403
