1739556735720 169.6210407770955 0
1739556735731 166.26008979308347 1
1739556735741 164.64797857551477 2
1739556735752 163.03289155875865 3
1739556735762 161.43429876702535 4
1739556735772 159.85192836090403 5
1739556735781 158.28561401196828 6
1739556735791 156.73519057458756 7
1739556735800 155.2004946165194 8
1739556735810 153.6813643982435 9
1739556735820 152.17763985538153 10
1739556735831 150.68916258128473 11
1739556735842 149.21577580980295 12
1739556735856 147.75732439823312 13
1739556735866 146.31365481044529 14
1739556735877 144.88461510018448 15
1739556735887 143.4700548945461 16
1739556735898 142.06982537762394 17
1739556735911 140.68377927432786 18
1739556735923 139.3117708343703 19
1739556735934 137.95365581641983 20
1739556735945 136.60929147241902 21
1739556735955 135.27853653206603 22
1739556735965 133.96125118745778 23
1739556735975 132.65729707789285 24
1739556735985 131.3665372748329 25
1739556735995 130.08883626702016 26
1739556736006 128.82405994575058 27
1739556736017 127.57207559029952 28
1739556736027 126.33275185350003 29
1739556736037 125.10595874747047 30
1739556736047 123.89156762949132 31
1739556736058 122.68945118802877 32
1739556736067 121.4994834289038 33
1739556736078 120.32153966160547 34
1739556736088 119.15549648574638 35
1739556736098 118.00123177765947 36
1739556736109 116.8586246771341 37
1739556736119 115.72755557429042 38
1739556736130 114.60790609659018 39
1739556736140 113.49955909598299 40
1739556736150 112.40239863618615 41
1739556736160 111.31630998009719 42
1739556736170 110.24117957733708 43
1739556736180 109.1768950519235 44
1739556736190 108.12334519007213 45
1739556736200 107.08041992812511 46
1739556736211 106.048010340605 47
1739556736221 105.02600862839333 48
1739556736231 104.01430810703195 49
1739556736242 103.01280319514633 50
1739556736253 102.0213894029892 51
1739556736264 101.03996332110367 52
1739556736274 100.06842260910412 53
1739556736284 99.10666598457401 54
1739556736294 98.15459321207922 55
1739556736305 97.21210509229573 56
1739556736316 96.27910345125042 57
1739556736327 95.35549112967396 58
1739556736338 94.44117197246446 59
1739556736348 93.53605081826073 60
1739556736358 92.64003348912416 61
1739556736368 91.75302678032797 62
1739556736379 90.8749384502525 63
1739556736389 90.00567721038622 64
1739556736399 89.14515271543011 65
1739556736409 88.29327555350557 66
1739556736419 87.4499572364639 67
1739556736430 86.6151101902969 68
1739556736440 85.78864774564703 69
1739556736450 84.97048412841642 70
1739556736461 84.16053445047365 71
1739556736471 83.35871470045714 72
1739556736482 82.56494173467449 73
1739556736492 81.77913326809603 74
1739556736502 81.00120786544268 75
1739556736513 80.23108493236613 76
1739556736523 79.46868470672096 77
1739556736534 78.71392824992748 78
1739556736544 77.96673743842464 79
1739556736553 77.22703495521172 80
1739556736564 76.49474428147799 81
1739556736573 75.76978968831962 82
1739556736583 75.05209622854257 83
1739556736593 74.34158972855104 84
1739556736603 73.63819678032004 85
1739556736613 72.9418447334517 86
1739556736624 72.25246168731405 87
1739556736634 71.5699764832617 88
1739556736644 70.8943186969375 89
1739556736654 70.2254186306541 90
1739556736668 69.56320730585496 91
1739556736678 68.90761645565377 92
1739556736688 68.25857851745128 93
1739556736698 67.61602662562932 94
1739556736708 66.9798946043204 95
1739556736719 66.35011696025285 96
1739556736730 65.72662887567022 97
1739556736740 65.10936620132438 98
1739556736750 64.49826544954158 99
1739556736761 63.893263787360475 100
1739556736771 63.294299029741715 101
1739556736781 62.70130963284803 102
1739556736791 62.114234687394294 103
1739556736802 61.533013912066714 104
1739556736813 60.95758764701047 105
1739556736823 60.38789684738518 106
1739556736834 59.823883076987244 107
1739556736844 59.26548850193864 108
1739556736855 58.71265588444131 109
1739556736865 58.165328576596565 110
1739556736875 57.62345051428863 111
1739556736885 57.086966211131994 112
1739556736896 56.555820752481566 113
1739556736907 56.02995978950516 114
1739556736919 55.50932953331768 115
1739556736933 54.993876749176195 116
1739556736944 54.483548750735544 117
1739556736956 53.978293394363476 118
1739556736968 53.478059073515105 119
1739556736980 52.98279471316573 120
1739556736992 52.49244976430162 121
1739556737003 52.00697419846805 122
1739556737015 51.52631850237402 123
1739556737056 51.05043367255311 124
1739556737077 50.579271210079824 125
1739556737090 50.112783115340946 126
1739556737103 49.65092188286111 127
1739556737116 49.1936404961823 128
1739556737130 48.74089242279657 129
1739556737143 48.29263160913144 130
1739556737157 47.848812475587366 131
1739556737170 47.409389911626874 132
1739556737183 46.974319270914755 133
1739556737194 46.54355636650879 134
1739556737205 46.11705746610035 135
1739556737217 45.69477928730468 136
1739556737228 45.276678992999955 137
1739556737239 44.86271418671491 138
1739556737251 44.4528429080644 139
1739556737264 44.04702362823229 140
1739556737276 43.64521524550154 141
1739556737288 43.247377080830454 142
1739556737300 42.853468873475194 143
1739556737312 42.463450776657616 144
1739556737323 42.07728335327818 145
1739556737334 41.694927571673446 146
1739556737347 41.31634480141768 147
1739556737359 40.941496809167994 148
1739556737370 40.57034575455281 149
1739556737381 40.202854186102975 150
1739556737393 39.83898503722512 151
1739556737404 39.47870162221702 152
1739556737415 39.12196763232417 153
1739556737427 38.76874713183754 154
1739556737439 38.419004554231705 155
1739556737451 38.072704698343195 156
1739556737464 37.72981272458862 157
1739556737478 37.39029415122193 158
1739556737490 37.05411485063073 159
1739556737501 36.72124104567103 160
1739556737512 36.39163930603994 161
1739556737523 36.06527654468633 162
1739556737535 35.74212001425856 163
1739556737547 35.42213730358917 164
1739556737559 35.10529633421615 165
1739556737571 34.79156535694036 166
1739556737583 34.48091294841856 167
1739556737594 34.17330800779208 168
1739556737606 33.8687197533503 169
1739556737617 33.567117719228925 170
1739556737628 33.2684717521425 171
1739556737640 32.97275200815091 172
1739556737653 32.6799289494594 173
1739556737664 32.3899733412519 174
1739556737680 32.10285624855725 175
1739556737691 31.818549033147953 176
1739556737703 31.537023350471088 177
1739556737714 31.25825114661122 178
1739556737725 30.982204655284754 179
1739556737737 30.708856394865567 180
1739556737749 30.438179165441493 181
1739556737761 30.17014604590142 182
1739556737772 29.90473039105257 183
1739556737784 29.64190582876784 184
1739556737796 29.3816462571626 185
1739556737807 29.123925841801007 186
1739556737818 28.868719012931134 187
1739556737830 28.616000462748964 188
1739556737840 28.36574514269073 189
1739556737851 28.117928260753352 190
1739556737861 27.872525278842737 191
1739556737872 27.629511910149628 192
1739556737883 27.388864116552625 193
1739556737893 27.150558106048262 194
1739556737903 26.914570330207695 195
1739556737913 26.68087748165984 196
1739556737923 26.449456491600614 197
1739556737933 26.220284527328058 198
1739556737944 25.993338989803043 199
1739556737954 25.768597511235292 200
1739556737964 25.546037952694462 201
1739556737975 25.325638401746026 202
1739556737985 25.107377170111718 203
1739556737995 24.891232791354213 204
1739556738004 24.677184018585926 205
1739556738015 24.46520982220149 206
1739556738025 24.255289387633837 207
1739556738035 24.047402113133558 208
1739556738045 23.841527607571294 209
1739556738056 23.637645688262964 210
1739556738066 23.43573637881753 211
1739556738076 23.23577990700714 212
1739556738086 23.0377567026593 213
1739556738097 22.841647395571048 214
1739556738107 22.647432813444613 215
1739556738117 22.455093979844623 216
1739556738128 22.26461211217649 217
1739556738138 22.07596861968567 218
1739556738148 21.889145101477865 219
1739556738159 21.70412334455955 220
1739556738169 21.520885321899044 221
1739556738180 21.339413190507525 222
1739556738191 21.159689289540093 223
1739556738201 20.981696138416417 224
1739556738211 20.80541643496094 225
1739556738221 20.630833053562384 226
1739556738232 20.457929043352337 227
1739556738242 20.28668762640271 228
1739556738252 20.117092195941915 229
1739556738263 19.949126314589552 230
1739556738274 19.78277371260941 231
1739556738284 19.61801828618055 232
1739556738294 19.454844095686358 233
1739556738305 19.293235364021314 234
1739556738315 19.13317647491541 235
1739556738325 18.974651971275787 236
1739556738335 18.81764655354569 237
1739556738346 18.66214507808044 238
1739556738356 18.508132555540186 239
1739556738366 18.355594149299375 240
1739556738377 18.204515173872643 241
1739556738386 18.054881093357164 242
1739556738397 17.906677519890998 243
1739556738407 17.75989021212752 244
1739556738417 17.61450507372564 245
1739556738427 17.47050815185565 246
1739556738437 17.3278856357206 247
1739556738447 17.186623855093007 248
1739556738458 17.04670927886667 249
1739556738469 16.90812851362357 250
1739556738479 16.77086830221559 251
1739556738489 16.634915522360977 252
1739556738499 16.500257185255236 253
1739556738509 16.366880434196595 254
1739556738520 16.234772543225567 255
1739556738530 16.1039209157787 256
1739556738540 15.97431308335623 257
1739556738550 15.845936704203588 258
1739556738561 15.718779562006508 259
1739556738572 15.592829564599738 260
1739556738583 15.468074742689046 261
1739556738593 15.34450324858654 262
1739556738603 15.22210335495906 263
1739556738613 15.100863453589525 264
1739556738623 14.980772054151148 265
1739556738633 14.861817782994311 266
1739556738643 14.743989381946065 267
1739556738654 14.627275707122 268
1739556738664 14.511665727750476 269
1739556738675 14.397148525008998 270
1739556738685 14.283713290872665 271
1739556738696 14.17134932697455 272
1739556738706 14.060046043477874 273
1739556738716 13.949792957959858 274
1739556738726 13.840579694307152 275
1739556738736 13.73239598162268 276
1739556738746 13.625231653143826 277
1739556738757 13.519076645171815 278
1739556738767 13.413920996012193 279
1739556738778 13.309754844926248 280
1739556738788 13.206568431093316 281
1739556738798 13.104352092583849 282
1739556738808 13.003096265343048 283
1739556738818 12.902791482185087 284
1739556738828 12.803428371797747 285
1739556738838 12.704997657757284 286
1739556738849 12.607490157553578 287
1739556738859 12.510896781625323 288
1739556738869 12.41520853240525 289
1739556738879 12.320416503375164 290
1739556738889 12.226511878130827 291
1739556738899 12.133485929456507 292
1739556738909 12.041330018409061 293
1739556738919 11.950035593411565 294
1739556738929 11.85959418935624 295
1739556738939 11.76999742671676 296
1739556738949 11.68123701066968 297
1739556738959 11.59330473022494 298
1739556738971 11.506192457365454 299
1739556738982 11.419892146195496 300
1739556738993 11.334395832097972 301
1739556739003 11.249695630900366 302
1739556739014 11.165783738049345 303
1739556739024 11.08265242779388 304
1739556739034 11.000294052376844 305
1739556739044 10.918701041234954 306
1739556739055 10.83786590020698 307
1739556739065 10.757781210750142 308
1739556739076 10.67843962916465 309
1739556739086 10.599833885826225 310
1739556739096 10.521956784426578 311
1739556739107 10.444801201221711 312
1739556739117 10.368360084288058 313
1739556739127 10.29262645278622 314
1739556739137 10.21759339623241 315
1739556739147 10.143254073777388 316
1739556739158 10.069601713492805 317
1739556739167 9.996629611665057 318
1739556739178 9.924331132096261 319
1739556739188 9.85269970541261 320
1739556739198 9.781728828379798 321
1739556739208 9.711412063225534 322
1739556739218 9.641743036969086 323
1739556739228 9.572715440757703 324
1739556739238 9.50432302920996 325
1739556739249 9.436559619765838 326
1739556739259 9.369419092043517 327
1739556739269 9.302895387202877 328
1739556739280 9.236982507315505 329
1739556739291 9.171674514741236 330
1739556739301 9.106965531511165 331
1739556739311 9.042849738716999 332
1739556739321 8.97932137590671 333
1739556739331 8.916374740486479 334
1739556739341 8.85400418712876 335
1739556739351 8.792204127186498 336
1739556739362 8.730969028113378 337
1739556739372 8.670293412890082 338
1739556739382 8.61017185945644 339
1739556739392 8.550599000149466 340
1739556739402 8.49156952114721 341
1739556739413 8.433078161918322 342
1739556739423 8.375119714677314 343
1739556739432 8.317689023845464 344
1739556739442 8.260780985517256 345
1739556739452 8.20439054693232 346
1739556739462 8.148512705952893 347
1739556739472 8.093142510546587 348
1739556739483 8.038275058274547 349
1739556739546 7.983905495784877 350
1739556739556 7.930029018311302 351
1739556739566 7.876640869176981 352
1739556739576 7.823736339303486 353
1739556739589 7.771310766724795 354
1739556739599 7.719359536106349 355
1739556739610 7.6678780782690295 356
1739556739620 7.6168618697180674 357
1739556739630 7.566306432176817 358
1739556739641 7.516207332125326 359
1739556739651 7.4665601803436745 360
1739556739661 7.417360631460041 361
1739556739672 7.368604383503365 362
1739556739684 7.320287177460718 363
1739556739695 7.272404796839157 364
1739556739705 7.224953067232164 365
1739556739716 7.177927855890491 366
1739556739727 7.131325071297478 367
1739556739737 7.085140662748718 368
1739556739747 7.039370619936108 369
1739556739757 6.994010972536113 370
1739556739768 6.949057789802333 371
1739556739778 6.9045071801622395 372
1739556739788 6.860355290818092 373
1739556739798 6.816598307351948 374
1739556739809 6.77323245333476 375
1739556739819 6.7302539899394676 376
1739556739829 6.687659215558137 377
1739556739839 6.645444465422984 378
1739556739850 6.603606111231335 379
1739556739860 6.5621405607744565 380
1739556739870 6.521044257570169 381
1739556739880 6.480313680499299 382
1739556739891 6.439945343445853 383
1739556739901 6.399935794940878 384
1739556739911 6.3602816178100055 385
1739556739921 6.320979428824649 386
1739556739931 6.282025878356763 387
1739556739941 6.243417650037165 388
1739556739951 6.205151460417371 389
1739556739961 6.167224058634913 390
1739556739972 6.129632226082144 391
1739556739982 6.092372776078366 392
1739556739993 6.055442553545428 393
1739556740002 6.018838434686598 394
1739556740013 5.982557326668769 395
1739556740023 5.946596167307909 396
1739556740034 5.910951924757797 397
1739556740044 5.875621597201913 398
1739556740054 5.840602212548526 399
1739556740065 5.805890828128904 400
1739556740075 5.771484530398648 401
1739556740084 5.737380434642067 402
1739556740095 5.703575684679629 403
1739556740106 5.670067452578423 404
1739556740117 5.636852938365529 405
1739556740127 5.603929369744448 406
1739556740137 5.571294001814348 407
1739556740148 5.538944116792267 408
1739556740158 5.5068770237381175 409
1739556740168 5.475090058282567 410
1739556740178 5.443580582357675 411
1739556740188 5.412345983930324 412
1739556740199 5.381383676738398 413
1739556740209 5.350691100029639 414
1739556740219 5.320265718303213 415
1739556740229 5.290105021053945 416
1739556740239 5.26020652251913 417
1739556740249 5.23056776142801 418
1739556740260 5.201186300753779 419
1739556740269 5.172059727468147 420
1739556740280 5.143185652298436 421
1739556740290 5.114561709487189 422
1739556740300 5.086185556554168 423
1739556740311 5.058054874060909 424
1739556740320 5.03016736537759 425
1739556740331 5.002520756452382 426
1739556740341 4.975112795583111 427
1739556740351 4.947941253191264 428
1739556740361 4.921003921598362 429
1739556740370 4.894298614804576 430
1739556740381 4.867823168269645 431
1739556740392 4.841575438696048 432
1739556740402 4.815553303814367 433
1739556740413 4.789754662170888 434
1739556740424 4.764177432917363 435
1739556740435 4.738819555602927 436
1739556740445 4.713678989968188 437
1739556740454 4.688753715741362 438
1739556740465 4.66404173243655 439
1739556740475 4.63954105915407 440
1739556740486 4.615249734382833 441
1739556740497 4.591165815804748 442
1739556740507 4.567287380101142 443
1739556740517 4.543612522761154 444
1739556740527 4.520139357892081 445
1739556740537 4.496866018031699 446
1739556740547 4.47379065396248 447
1739556740558 4.450911434527747 448
1739556740567 4.428226546449658 449
1739556740577 4.405734194149119 450
1739556740587 4.383432599567485 451
1739556740599 4.361320001990131 452
1739556740609 4.339394657871816 453
1739556740619 4.317654840663825 454
1739556740629 4.296098840642887 455
1739556740640 4.274724964741861 456
1739556740650 4.253531536382131 457
1739556740660 4.232516895307741 458
1739556740669 4.211679397421211 459
1739556740683 4.191017414621031 460
1739556740693 4.170529334640847 461
1739556740703 4.150213560890258 462
1739556740713 4.1300685122972665 463
1739556740724 4.110092623152323 464
1739556740734 4.090284342953995 465
1739556740744 4.070642136256176 466
1739556740753 4.051164482516891 467
1739556740764 4.0318498759486205 468
1739556740774 4.012696825370202 469
1739556740784 3.993703854060175 470
1739556740794 3.9748694996116978 471
1739556740804 3.9561923137889012 472
1739556740814 3.937670862384736 473
1739556740824 3.9193037250802436 474
1739556740834 3.9010894953052984 475
1739556740844 3.8830267801007743 476
1739556740854 3.865114199982086 477
1739556740865 3.8473503888041543 478
1739556740875 3.8297339936277264 479
1739556740885 3.8122636745870997 480
1739556740896 3.794938104759177 481
1739556740905 3.7777559700338244 482
1739556740916 3.760715968985622 483
1739556740926 3.7438168127468754 484
1739556740936 3.7270572248819276 485
1739556740946 3.710435941262785 486
1739556740956 3.693951709945966 487
1739556740967 3.6776032910506564 488
1739556740977 3.661389456638071 489
1739556740988 3.6453089905920737 490
1739556740998 3.6293606885009875 491
1739556741008 3.6135433575406317 492
1739556741019 3.5978558163585483 493
1739556741029 3.582296894959403 494
1739556741039 3.566865434591578 495
1739556741050 3.5515602876348713 496
1739556741060 3.536380317489403 497
1739556741070 3.521324398465603 498
1739556741080 3.5063914156753695 499
