1739557528241 0.10713282309009399 0
1739557528272 1.1675673620402423 1
1739557528303 0.00010969110066766209 2
1739557528334 4.6454433778551305 3
1739557528364 0.06285708101180794 4
1739557528394 1.1790236241339236 5
1739557528425 0.3022937439768747 6
1739557528459 0.2206420241871946 7
1739557528489 0.29436502152276484 8
1739557528519 0.017956652242937052 9
1739557528549 0.5608706871299272 10
1739557528580 1.401401169562186 11
1739557528610 0.592442181151904 12
1739557528640 0.037510608952090144 13
1739557528689 0.024175050287215064 14
1739557528735 0.48068772567731527 15
1739557528775 0.1366366277248206 16
1739557528811 0.38272339046801745 17
1739557528844 3.6356968746354426 18
1739557528878 1.2158401608425984 19
1739557528911 0.08195661595409891 20
1739557528944 0.08780884262737927 21
1739557528977 13.245331326629021 22
1739557529009 0.24288670852042518 23
1739557529041 1.6512142240707264 24
1739557529077 0.16368253901515578 25
1739557529112 0.9818604342945868 26
1739557529145 0.22098295074643726 27
1739557529178 0.32176667491026895 28
1739557529209 0.4444497700031391 29
1739557529240 0.30534955024000365 30
1739557529270 0.0013428660295209396 31
1739557529302 0.29039726084645556 32
1739557529333 0.06720716202589956 33
1739557529363 1.2347522787535619 34
1739557529393 0.20764481559008763 35
1739557529423 0.08540978254282068 36
1739557529453 0.07632424492705735 37
1739557529484 0.004118044138653365 38
1739557529516 0.1329580904491179 39
1739557529549 2.568874417183278e-06 40
1739557529582 0.005625968244030965 41
1739557529614 1.9465191773255548 42
1739557529644 0.31922494150658454 43
1739557529675 0.5240119713872403 44
1739557529713 0.83354736062465 45
1739557529743 1.6819233935721225 46
1739557529774 0.4220364499745605 47
1739557529804 0.42046417259025726 48
1739557529834 3.7592303784675236 49
1739557529865 10.281587651423061 50
1739557529895 1.5140279957810868e-05 51
1739557529925 0.02902358902533713 52
1739557529955 2.267553095000204 53
