1739557851686 166.4647124584956 0
1739557851695 161.63592978821535 1
1739557851704 155.22530187966066 2
1739557851712 159.20625588424716 3
1739557851721 151.19976154656072 4
1739557851730 157.22989420425708 5
1739557851738 153.73008231692447 6
1739557851747 150.6221982364196 7
1739557851755 144.02638903243687 8
1739557851763 144.48907336931626 9
1739557851771 144.12964925654694 10
1739557851779 139.3869575281439 11
1739557851787 137.40496535199551 12
1739557851796 138.4168622411565 13
1739557851804 136.79311011069672 14
1739557851812 132.1138383854802 15
1739557851821 127.01210906485892 16
1739557851829 122.81762311061381 17
1739557851837 130.0020877687546 18
1739557851845 121.74849570752353 19
1739557851854 123.45246515735506 20
1739557851862 119.55805050677748 21
1739557851870 119.48268663047944 22
1739557851879 121.86840905238537 23
1739557851888 116.21632174384827 24
1739557851896 117.20210336567192 25
1739557851904 114.17895803943054 26
1739557851913 111.43486237558986 27
1739557851921 109.18574070951354 28
1739557851929 105.03827292151733 29
1739557851937 107.4831214915214 30
1739557851945 105.79977280138594 31
1739557851953 104.44172843045568 32
1739557851961 104.03110887700697 33
1739557851970 99.41666440028008 34
1739557851978 100.75845320863493 35
1739557851986 95.9617014950961 36
1739557851994 95.74565982345077 37
1739557852002 91.3633285608843 38
1739557852011 90.13505494970904 39
1739557852019 91.14477703495389 40
1739557852027 88.50860173487206 41
1739557852035 86.82951915223089 42
1739557852043 87.38963896908517 43
1739557852052 88.35748385627602 44
1739557852060 83.30962315085051 45
1739557852068 85.60990194195475 46
1739557852076 80.87625973064257 47
1739557852084 80.26051613780893 48
1739557852092 86.64552590107178 49
1739557852101 76.91194266281444 50
1739557852109 78.24091782019228 51
1739557852117 78.61693134380886 52
1739557852125 78.39633137405013 53
1739557852133 75.66657193069204 54
1739557852141 72.31356026077654 55
1739557852149 73.25432914896848 56
1739557852157 70.61016964259409 57
1739557852165 66.77670419640152 58
1739557852173 70.6806845400992 59
1739557852181 69.56846288819315 60
1739557852189 67.3187148956856 61
1739557852203 64.60795183323039 62
1739557852211 67.80085143021954 63
1739557852220 62.90411854346204 64
1739557852227 62.909783127928876 65
1739557852235 64.44063630761191 66
1739557852243 59.26258584448412 67
1739557852251 60.03267949563605 68
1739557852259 59.60117426267509 69
1739557852267 61.17380331071033 70
1739557852276 57.12474760453068 71
1739557852283 57.12002603224954 72
1739557852292 55.21088134834533 73
1739557852300 56.946943222396385 74
1739557852307 53.24416669643302 75
1739557852315 54.4768704076779 76
1739557852323 53.91567156184483 77
1739557852331 54.87331961784144 78
1739557852339 52.176100202821864 79
1739557852347 50.61791288013294 80
1739557852355 50.5758008310692 81
1739557852363 50.22943352411953 82
1739557852371 47.45749303939521 83
1739557852379 48.67143188141273 84
1739557852387 49.23232013815891 85
1739557852395 44.83989064635153 86
1739557852403 44.70522673525218 87
1739557852411 45.37606152302477 88
1739557852419 44.47442147061537 89
1739557852426 44.85735407293555 90
1739557852434 42.65689959135833 91
1739557852442 40.450118663783876 92
1739557852450 42.26410382119081 93
1739557852458 43.944894094299194 94
1739557852466 42.95024643161354 95
1739557852474 39.03998076511871 96
1739557852481 40.83839164808825 97
1739557852489 39.322434539110496 98
1739557852497 38.88688956336594 99
1739557852505 38.23866842074726 100
1739557852513 38.55103892896569 101
1739557852521 37.35546986964116 102
1739557852530 36.741013644009975 103
1739557852538 36.65709883481857 104
1739557852546 35.692573332457634 105
1739557852554 36.373186280663695 106
1739557852562 34.78794402045991 107
1739557852570 34.5754913872913 108
1739557852579 34.476426715889296 109
1739557852587 33.626120179066604 110
1739557852595 32.75755902380205 111
1739557852603 31.856746823100377 112
1739557852611 29.445280308310377 113
1739557852620 32.45129734408718 114
1739557852628 31.932932601967224 115
1739557852637 31.01156560066916 116
1739557852645 30.941005630316983 117
1739557852653 29.269474666231933 118
1739557852661 28.585035422950924 119
1739557852670 28.66572004081158 120
1739557852678 29.628873671353848 121
1739557852687 27.966226312988564 122
1739557852695 27.87336991679173 123
1739557852703 27.06453000612819 124
1739557852712 25.244857527341424 125
1739557852720 26.202155581691237 126
1739557852728 25.475923262648326 127
1739557852737 24.44318909054824 128
1739557852745 26.67148824354773 129
1739557852753 24.44342934140664 130
1739557852762 23.045407738175843 131
1739557852770 23.652205062451582 132
1739557852778 23.25502604786377 133
1739557852787 21.10796481781489 134
1739557852795 24.056817452463534 135
1739557852803 21.610767674682887 136
1739557852811 21.6102559003671 137
1739557852820 22.076425147392833 138
1739557852828 22.70848091804819 139
1739557852836 21.295145016841598 140
1739557852844 22.626642440684865 141
1739557852853 20.560642589874735 142
1739557852861 21.05733883849691 143
1739557852869 20.078128313994064 144
1739557852877 19.2307836828515 145
1739557852885 19.067366277481426 146
1739557852894 20.309137420068314 147
1739557852903 19.797882916080606 148
1739557852911 19.375609456524195 149
1739557852921 17.623036947361182 150
1739557852929 17.681891754447214 151
1739557852938 18.298436750332243 152
1739557852946 18.76324402899835 153
1739557852954 17.58892840733779 154
1739557852962 17.453221344966742 155
1739557852971 18.09765014948283 156
1739557852979 16.90106405805549 157
1739557852987 15.715002384302691 158
1739557852996 17.152462988272983 159
1739557853004 16.21520334146285 160
1739557853013 15.80692790347077 161
1739557853022 15.141845394753949 162
1739557853030 16.086016973014573 163
1739557853039 14.37275628063376 164
1739557853047 14.397819324110703 165
1739557853055 15.078461301233775 166
1739557853064 14.684259264605725 167
1739557853072 13.999359476039137 168
1739557853080 13.795625649210217 169
1739557853088 13.714349891864659 170
1739557853097 14.238828327429204 171
1739557853105 13.441246488641234 172
1739557853113 12.965169540950399 173
1739557853121 12.690771182577068 174
1739557853129 12.869698346837323 175
1739557853138 13.175182213038585 176
1739557853146 12.448040281930606 177
1739557853154 12.35969633182345 178
1739557853163 13.981027460870076 179
1739557853172 11.954782086640947 180
1739557853180 12.57625060849733 181
1739557853188 10.763019544928287 182
1739557853196 10.793044958895132 183
1739557853208 10.209356165876404 184
1739557853217 12.984577305349024 185
1739557853228 12.76022128458764 186
1739557853237 10.910799237502193 187
1739557853246 9.971441413004966 188
1739557853255 10.81937580639543 189
1739557853264 9.306379741852918 190
1739557853273 10.575291188445433 191
1739557853282 10.28442626715496 192
1739557853291 9.78450005887368 193
1739557853300 10.42046243784873 194
1739557853308 10.613137470468157 195
1739557853317 9.861841178569575 196
1739557853325 8.84793170075818 197
1739557853334 10.907684814644545 198
1739557853346 9.073610428013126 199
1739557853356 11.211467647817075 200
1739557853366 8.954179319642625 201
1739557853375 8.514737162080136 202
1739557853384 7.382534575741476 203
1739557853392 8.34113750838658 204
1739557853401 7.856634564550335 205
1739557853409 9.029659234485992 206
1739557853417 8.696322578564757 207
1739557853426 7.975782236163499 208
1739557853434 9.246133851362824 209
1739557853443 7.740370587681213 210
1739557853451 7.679297209480744 211
1739557853461 7.351512849883153 212
1739557853470 7.8287977659438255 213
1739557853480 7.006004961034136 214
1739557853488 7.340226187480906 215
1739557853497 8.012451291314342 216
1739557853505 7.487582379424649 217
1739557853514 8.103197807792922 218
1739557853522 6.6137781044110975 219
1739557853531 6.20770608921762 220
1739557853540 7.963152531230327 221
1739557853549 6.74011343866338 222
1739557853558 8.397560840193426 223
1739557853566 6.8820968197022285 224
1739557853575 6.144285403122479 225
1739557853583 5.938097607051447 226
1739557853591 6.512380639568196 227
1739557853600 7.424333895445797 228
1739557853608 5.827273450198333 229
1739557853617 6.670243545235411 230
1739557853625 6.188227768867485 231
1739557853634 5.269410789151415 232
1739557853642 6.219265391056859 233
1739557853650 6.257491954098867 234
1739557853658 5.974524413010235 235
1739557853667 5.999558716613938 236
1739557853707 5.851738205134533 237
1739557853718 5.131266616491826 238
1739557853727 5.010429963597464 239
1739557853737 6.245211837612071 240
1739557853746 6.228111348858302 241
1739557853755 5.550140974023571 242
1739557853765 5.727342725613597 243
1739557853774 4.746580248813691 244
1739557853783 5.698695698754121 245
1739557853793 5.6201746584193755 246
1739557853802 5.913884828349687 247
1739557853810 4.270895205275152 248
1739557853819 4.149243653330671 249
1739557853828 5.0085762643449545 250
1739557853837 5.60257505432423 251
1739557853846 4.246152452898325 252
1739557853855 4.419827138582588 253
1739557853864 4.548689779962675 254
1739557853873 4.472968051621571 255
1739557853882 4.133005309516096 256
1739557853891 4.6206552966766905 257
1739557853900 4.276726986758881 258
1739557853908 4.841339499193838 259
1739557853917 4.084121039343268 260
1739557853926 4.438724012589941 261
1739557853935 3.334074119056815 262
1739557853944 3.948578267214547 263
1739557853953 3.4762703606298357 264
1739557853962 3.5281891078941308 265
1739557853970 3.9708363326249776 266
1739557853978 3.8020686356716937 267
1739557853987 3.9827866484620325 268
1739557853996 4.190597596365386 269
1739557854004 6.084004898298993 270
1739557854012 3.8503694841785987 271
1739557854020 3.3873012099590496 272
1739557854029 3.6943959368113406 273
1739557854037 3.678381199770331 274
1739557854046 4.40428180038362 275
1739557854054 4.2757018421550095 276
1739557854062 4.039934400760015 277
1739557854070 4.083903276555336 278
1739557854078 3.993591656234528 279
1739557854087 2.9461355393606823 280
1739557854095 3.3748836027285667 281
1739557854103 3.7818244340668197 282
1739557854111 3.576488283283338 283
1739557854120 3.316570144245681 284
1739557854128 3.2629144936282244 285
1739557854137 2.7112849577619778 286
1739557854145 4.201994103212343 287
1739557854154 3.564369791185333 288
1739557854162 3.4679806871847667 289
1739557854174 2.755225858786014 290
1739557854182 3.566311600388619 291
1739557854191 3.7939127567752853 292
1739557854199 3.025401804455902 293
1739557854209 3.5774158083719896 294
1739557854217 2.693825099434997 295
1739557854226 2.5978652573691896 296
1739557854234 2.5006260771360176 297
1739557854242 2.8844706337602015 298
1739557854251 2.806853358861776 299
1739557854259 2.881216582283844 300
1739557854267 2.7755276568911675 301
1739557854275 2.5872026369668992 302
1739557854284 2.41016039966452 303
1739557854292 1.4574157190116872 304
1739557854300 3.1385876524107883 305
1739557854308 2.335132507612633 306
1739557854316 3.870268919519162 307
1739557854325 2.563302108907666 308
1739557854333 2.61572675831371 309
1739557854342 2.133589131061723 310
1739557854351 1.8433272428618657 311
1739557854359 2.4705767079561407 312
1739557854367 2.693024130235554 313
1739557854376 2.5982264973260083 314
1739557854384 2.4914093116348828 315
1739557854392 1.9703189751349843 316
1739557854401 2.881337408266875 317
1739557854409 3.296804996742678 318
1739557854417 2.6128548735593706 319
1739557854426 1.9001655487649527 320
1739557854434 2.221672799827154 321
1739557854442 2.266775118357422 322
1739557854451 1.8408493677192361 323
1739557854459 2.2638957629165612 324
1739557854467 1.725389816926018 325
1739557854475 1.6066747077458978 326
1739557854484 1.7958783468501136 327
1739557854492 2.334307965140528 328
1739557854501 3.0267902678302407 329
1739557854510 1.6024797549016865 330
1739557854518 2.288217442993525 331
1739557854527 2.240870110762462 332
1739557854535 1.4515605502151676 333
1739557854543 2.1342574342445007 334
1739557854552 1.9050140438666021 335
1739557854560 1.7726506441222314 336
1739557854568 1.7723745181305657 337
1739557854577 1.654900114376864 338
1739557854585 2.3176342860027184 339
1739557854594 1.6272714706021758 340
1739557854602 2.164158842955598 341
1739557854611 1.937905571724318 342
1739557854619 1.9902810916149132 343
1739557854627 2.173775518894058 344
1739557854635 1.8017247348392684 345
1739557854644 1.7013770390228995 346
1739557854652 1.7803375426263848 347
1739557854660 1.5680256768789376 348
1739557854668 1.5511181719446678 349
1739557854677 2.4143851316567746 350
1739557854685 1.9081471429788377 351
1739557854694 1.75295621623666 352
1739557854703 1.921827708485167 353
1739557854711 1.817551399403198 354
1739557854719 1.6076181687168416 355
1739557854728 1.9155810016488781 356
1739557854736 1.7635912999279622 357
1739557854744 1.7688493329909334 358
1739557854753 1.343497355174546 359
1739557854761 1.6869149730271265 360
1739557854769 1.785582373044057 361
1739557854778 1.967786843930063 362
1739557854786 1.451263205330669 363
1739557854795 2.0684003104360578 364
1739557854803 1.863377747142184 365
1739557854812 1.5553016919128935 366
1739557854820 1.7517920136927736 367
1739557854829 1.9114371916001551 368
1739557854837 1.0541242199731367 369
1739557854845 1.2822473403419132 370
1739557854853 1.7890854797453373 371
1739557854861 2.7029545117447973 372
1739557854870 1.0694233320070856 373
1739557854878 1.1527506913760361 374
1739557854886 1.8112829170190239 375
1739557854894 1.0548627393530192 376
1739557854903 1.7654696417392381 377
1739557854911 1.7995230516688914 378
1739557854920 1.0248413982103208 379
1739557854928 1.6336993919476333 380
1739557854938 1.4706825324161097 381
1739557854946 1.3183995498146246 382
1739557854955 1.2271316166301107 383
1739557854963 1.5503339530092355 384
1739557854972 1.7182351484804212 385
1739557854980 0.9645446303204203 386
1739557854988 1.4977241299710777 387
1739557854997 1.2903401255989204 388
1739557855005 1.2082300489555566 389
1739557855014 1.3717750832839826 390
1739557855022 1.3946348753278914 391
1739557855030 1.3437209032538338 392
1739557855039 1.3846247594699248 393
1739557855047 1.342178712405608 394
1739557855056 1.2788898697261368 395
1739557855065 1.2596319647538592 396
1739557855074 2.4398561453942937 397
1739557855082 1.6556985998343965 398
1739557855090 1.0783609722688894 399
1739557855099 1.4084566546238475 400
1739557855107 2.0819069812999875 401
1739557855115 1.7412237723427637 402
1739557855123 1.5479908202361563 403
1739557855132 1.4119098902290876 404
1739557855141 1.2028884995398337 405
1739557855149 1.3200731332201003 406
1739557855157 0.8192751126222465 407
1739557855165 1.208188708908342 408
1739557855174 1.0311141353051583 409
1739557855182 1.4025974643830634 410
1739557855191 1.4104627856595486 411
1739557855199 1.0606885656650034 412
1739557855210 1.4469772565984058 413
1739557855218 0.9313608958417596 414
1739557855227 0.8645621779361646 415
1739557855235 1.4434164858293639 416
1739557855244 1.473424233207022 417
1739557855252 1.4602702046978626 418
1739557855261 1.2325811406811256 419
1739557855269 1.0168484114188028 420
1739557855277 1.0842345960517503 421
1739557855286 0.9446719028171529 422
1739557855294 1.0686043225915882 423
1739557855302 1.322810311753265 424
1739557855311 1.1272795684845034 425
1739557855319 0.9663855993193681 426
1739557855328 0.7356060351921682 427
1739557855337 0.8199908002078662 428
1739557855349 1.2608407021352128 429
1739557855358 1.0028793761237664 430
1739557855367 1.216317733568929 431
1739557855376 0.81153232239054 432
1739557855385 1.5088716173185033 433
1739557855394 1.240353160849107 434
1739557855404 1.285163092939205 435
1739557855413 1.406276975242081 436
1739557855422 0.8203402789529679 437
1739557855431 1.3072320745144912 438
1739557855439 1.6701494875819387 439
1739557855447 1.2500268801351122 440
1739557855456 0.6726560382736433 441
1739557855465 0.6469328936437625 442
1739557855474 1.3223820690447865 443
1739557855483 1.606487719471439 444
1739557855491 1.1064009668939405 445
1739557855499 1.1337050412257812 446
1739557855508 1.4860312161069809 447
1739557855516 1.5000098290231814 448
1739557855525 1.3050459639293 449
1739557855533 0.9438220301541137 450
1739557855541 1.383211227327468 451
1739557855550 1.208039965304834 452
1739557855558 0.8021152968045707 453
1739557855566 1.3922656669921165 454
1739557855575 1.456317519313974 455
1739557855583 0.9209502800910743 456
1739557855591 1.3452515176397015 457
1739557855600 1.0842701996583228 458
1739557855609 0.801538509025905 459
1739557855617 1.7737765766388118 460
1739557855625 1.3328449715710389 461
1739557855633 0.7863071685421736 462
1739557855641 1.041791455625819 463
1739557855650 0.8406916979617953 464
1739557855658 0.6635285954579531 465
1739557855666 0.761022656500479 466
1739557855675 0.767539679590002 467
1739557855683 0.6789647307984277 468
1739557855691 0.7561662538274498 469
1739557855700 1.0278220419171018 470
1739557855708 1.224465146644231 471
1739557855717 1.0649146041800492 472
1739557855725 1.284986359895084 473
1739557855733 0.8179820954871132 474
1739557855741 1.0911084243525517 475
1739557855750 1.0424208719325192 476
1739557855758 1.167835057444505 477
1739557855766 0.822685902725498 478
1739557855775 0.6912364825292295 479
1739557855783 1.9110200244107665 480
1739557855791 0.8098402490245007 481
1739557855800 1.2993416019062025 482
1739557855808 0.7272915282573112 483
1739557855816 0.8721207084878916 484
1739557855825 1.414476882442635 485
1739557855833 2.348624553976546 486
1739557855842 1.1308506398082248 487
1739557855850 1.0297119977491198 488
1739557855858 1.1916479701192584 489
1739557855866 1.505599147081691 490
1739557855875 0.800582709795607 491
1739557855884 0.8810431489624899 492
1739557855893 1.4699150648622266 493
1739557855901 0.9509677605041323 494
1739557855909 2.0951388570356584 495
1739557855917 1.3928721274248888 496
1739557855926 1.494520667434704 497
1739557855935 0.8390122127346918 498
1739557855943 0.7104011997979557 499
