1739554009280 168.9593834047914 0
1739554009287 168.74976377908203 1
1739554009293 168.5830227524621 2
1739554009299 168.4164386259998 3
1739554009305 168.25003671347702 4
1739554009311 168.08381679209774 5
1739554009318 167.9177786545642 6
1739554009324 167.75192209381126 7
1739554009330 167.58624690301497 8
1739554009336 167.42075287559234 9
1739554009342 167.25543980520098 10
1739554009348 167.09030748573898 11
1739554009354 166.92535571134454 12
1739554009360 166.76058427639566 13
1739554009367 166.59599297550983 14
1739554009374 166.43158160354392 15
1739554009380 166.2673499555937 16
1739554009386 166.1032978269936 17
1739554009392 165.93942501331654 18
1739554009398 165.77573131037352 19
1739554009405 165.6122165142135 20
1739554009411 165.44888042112282 21
1739554009418 165.28572282762534 22
1739554009424 165.12274353048173 23
1739554009430 164.9599423266895 24
1739554009437 164.79731901348268 25
1739554009443 164.63487338833124 26
1739554009449 164.47260524894136 27
1739554009456 164.31051439325455 28
1739554009462 164.1486006194479 29
1739554009469 163.98686372593338 30
1739554009475 163.82530351135782 31
1739554009484 163.66391977460262 32
1739554009491 163.50271231478334 33
1739554009498 163.34168093124947 34
1739554009505 163.18082542358425 35
1739554009511 163.02014559160432 36
1739554009518 162.85964123535942 37
1739554009524 162.6993121551322 38
1739554009531 162.5391581514378 39
1739554009537 162.3791790250237 40
1739554009543 162.21937457686948 41
1739554009549 162.05974460818646 42
1739554009557 161.90028892041738 43
1739554009563 161.7410073152362 44
1739554009570 161.58189959454802 45
1739554009576 161.4229655604882 46
1739554009583 161.26420501542296 47
1739554009589 161.1056177619483 48
1739554009596 160.94720360289028 49
1739554009603 160.78896234130445 50
1739554009610 160.6308937804757 51
1739554009616 160.47299772391798 52
1739554009623 160.31527397537394 53
1739554009629 160.15772233881484 54
1739554009636 160.00034261844007 55
1739554009642 159.84313461867706 56
1739554009648 159.6860981441809 57
1739554009654 159.52923299983414 58
1739554009660 159.3725389907465 59
1739554009666 159.2160159222545 60
1739554009674 159.05966359992138 61
1739554009680 158.90348182953667 62
1739554009686 158.7474704171161 63
1739554009692 158.59162916890105 64
1739554009699 158.43595789135864 65
1739554009706 158.28045639118122 66
1739554009712 158.1251244752861 67
1739554009718 157.96996195081542 68
1739554009725 157.81496862513575 69
1739554009731 157.660144305838 70
1739554009737 157.50548880073706 71
1739554009743 157.3510019178713 72
1739554009749 157.1966834655028 73
1739554009756 157.0425332521166 74
1739554009762 156.88855108642093 75
1739554009768 156.73473677734634 76
1739554009775 156.581090134046 77
1739554009781 156.42761096589513 78
1739554009788 156.2742990824908 79
1739554009794 156.12115429365176 80
1739554009800 155.96817640941794 81
1739554009806 155.8153652400506 82
1739554009813 155.66272059603162 83
1739554009819 155.51024228806347 84
1739554009825 155.35793012706898 85
1739554009831 155.20578392419105 86
1739554009844 155.05380349079226 87
1739554009850 154.9019886384548 88
1739554009856 154.75033917898006 89
1739554009862 154.59885492438843 90
1739554009869 154.44753568691922 91
1739554009875 154.29638127902993 92
1739554009880 154.1453915133966 93
1739554009887 153.994566202913 94
1739554009893 153.84390516069078 95
1739554009899 153.693408200059 96
1739554009905 153.5430751345639 97
1739554009911 153.39290577796874 98
1739554009918 153.2428999442534 99
1739554009924 153.09305744761423 100
1739554009930 152.94337810246373 101
1739554009936 152.79386172343044 102
1739554009942 152.6445081253585 103
1739554009949 152.4953171233074 104
1739554009955 152.3462885325519 105
1739554009961 152.1974221685817 106
1739554009967 152.04871784710105 107
1739554009974 151.90017538402867 108
1739554009980 151.7517945954975 109
1739554009987 151.6035752978542 110
1739554009993 151.45551730765928 111
1739554009999 151.3076204416865 112
1739554010006 151.15988451692294 113
1739554010012 151.01230935056833 114
1739554010018 150.8648947600353 115
1739554010024 150.71764056294867 116
1739554010030 150.57054657714565 117
1739554010036 150.423612620675 118
1739554010043 150.27683851179742 119
1739554010049 150.13022406898492 120
1739554010055 149.98376911092058 121
1739554010061 149.83747345649851 122
1739554010068 149.6913369248234 123
1739554010074 149.54535933521024 124
1739554010080 149.39954050718444 125
1739554010087 149.25388026048105 126
1739554010093 149.1083784150449 127
1739554010100 148.96303479103025 128
1739554010107 148.81784920880042 129
1739554010113 148.67282148892787 130
1739554010120 148.52795145219343 131
1739554010126 148.3832389195866 132
1739554010131 148.23868371230495 133
1739554010138 148.09428565175403 134
1739554010144 147.95004455954705 135
1739554010150 147.80596025750472 136
1739554010156 147.66203256765488 137
1739554010162 147.51826131223237 138
1739554010169 147.37464631367874 139
1739554010175 147.2311873946421 140
1739554010182 147.0878843779765 141
1739554010191 146.9447370867424 142
1739554010197 146.8017453442056 143
1739554010204 146.6589089738377 144
1739554010211 146.5162277993154 145
1739554010217 146.37370164452045 146
1739554010223 146.2313303335394 147
1739554010229 146.0891136906633 148
1739554010237 145.94705154038752 149
1739554010243 145.80514370741147 150
1739554010250 145.66339001663835 151
1739554010256 145.521790293175 152
1739554010262 145.38034436233147 153
1739554010269 145.23905204962105 154
1739554010275 145.09791318075986 155
1739554010281 144.9569275816665 156
1739554010289 144.81609507846204 157
1739554010297 144.67541549746977 158
1739554010304 144.5348886652147 159
1739554010310 144.39451440842367 160
1739554010317 144.25429255402483 161
1739554010323 144.1142229291476 162
1739554010330 143.97430536112225 163
1739554010336 143.8345396774799 164
1739554010343 143.694925705952 165
1739554010349 143.55546327447038 166
1739554010355 143.41615221116678 167
1739554010362 143.27699234437267 168
1739554010369 143.13798350261925 169
1739554010375 142.99912551463686 170
1739554010382 142.86041820935486 171
1739554010389 142.72186141590166 172
1739554010396 142.583454963604 173
1739554010403 142.44519868198714 174
1739554010409 142.30709240077448 175
1739554010415 142.16913594988722 176
1739554010421 142.03132915944437 177
1739554010427 141.8936718597622 178
1739554010434 141.7561638813543 179
1739554010440 141.61880505493113 180
1739554010446 141.4815952114 181
1739554010453 141.34453418186462 182
1739554010458 141.20762179762502 183
1739554010465 141.07085789017725 184
1739554010472 140.93424229121322 185
1739554010478 140.79777483262026 186
1739554010487 140.6614553464813 187
1739554010497 140.5252836650742 188
1739554010504 140.38925962087166 189
1739554010511 140.2533830465413 190
1739554010518 140.11765377494498 191
1739554010525 139.9820716391387 192
1739554010532 139.84663647237255 193
1739554010538 139.71134810809036 194
1739554010545 139.57620637992943 195
1739554010551 139.4412111217204 196
1739554010557 139.30636216748687 197
1739554010563 139.1716593514454 198
1739554010570 139.03710250800512 199
1739554010576 138.9026914717674 200
1739554010582 138.76842607752596 201
1739554010589 138.63430616026636 202
1739554010596 138.50033155516587 203
1739554010603 138.36650209759318 204
1739554010610 138.2328176231083 205
1739554010617 138.09927796746226 206
1739554010624 137.96588296659687 207
1739554010631 137.83263245664446 208
1739554010638 137.69952627392783 209
1739554010644 137.56656425495981 210
1739554010651 137.4337462364432 211
1739554010657 137.30107205527037 212
1739554010663 137.16854154852328 213
1739554010669 137.03615455347304 214
1739554010675 136.9039109075798 215
1739554010681 136.77181044849246 216
1739554010689 136.63985301404855 217
1739554010695 136.50803844227386 218
1739554010701 136.37636657138242 219
1739554010707 136.24483723977602 220
1739554010714 136.1134502860442 221
1739554010720 135.98220554896398 222
1739554010727 135.85110286749958 223
1739554010734 135.72014208080225 224
1739554010740 135.58932302821 225
1739554010746 135.45864554924754 226
1739554010752 135.32810948362575 227
1739554010758 135.19771467124178 228
1739554010765 135.0674609521787 229
1739554010771 134.9373481667052 230
1739554010777 134.80737615527548 231
1739554010783 134.67754475852908 232
1739554010791 134.5478538172905 233
1739554010797 134.41830317256907 234
1739554010803 134.28889266555873 235
1739554010809 134.1596221376379 236
1739554010816 134.03049143036907 237
1739554010822 133.90150038549876 238
1739554010828 133.77264884495713 239
1739554010834 133.643936650858 240
1739554010847 133.51536364549838 241
1739554010854 133.3869296713585 242
1739554010860 133.2586345711013 243
1739554010866 133.13047818757258 244
1739554010873 133.00246036380042 245
1739554010878 132.87458094299527 246
1739554010885 132.74683976854948 247
1739554010891 132.61923668403722 248
1739554010898 132.49177153321438 249
1739554010904 132.36444416001808 250
1739554010910 132.23725440856666 251
1739554010916 132.11020212315947 252
1739554010922 131.98328714827645 253
1739554010928 131.8565093285782 254
1739554010935 131.72986850890558 255
1739554010941 131.60336453427956 256
1739554010946 131.47699724990102 257
1739554010953 131.35076650115042 258
1739554010960 131.22467213358783 259
1739554010966 131.09871399295247 260
1739554010972 130.97289192516266 261
1739554010979 130.8472057763155 262
1739554010986 130.72165539268673 263
1739554010993 130.59624062073053 264
1739554010999 130.4709613070793 265
1739554011005 130.34581729854332 266
1739554011012 130.2208084421108 267
1739554011018 130.09593458494746 268
1739554011024 129.9711955743963 269
1739554011030 129.8465912579776 270
1739554011037 129.72212148338858 271
1739554011043 129.5977860985031 272
1739554011049 129.47358495137163 273
1739554011055 129.34951789022097 274
1739554011061 129.225584763454 275
1739554011068 129.10178541964953 276
1739554011074 128.97811970756203 277
1739554011080 128.85458747612157 278
1739554011087 128.7311885744334 279
1739554011093 128.6079228517779 280
1739554011100 128.4847901576103 281
1739554011107 128.36179034156055 282
1739554011113 128.23892325343303 283
1739554011120 128.11618874320635 284
1739554011126 127.99358666103329 285
1739554011132 127.87111685724034 286
1739554011138 127.74877918232771 287
1739554011144 127.62657348696906 288
1739554011151 127.50449962201125 289
1739554011157 127.38255743847422 290
1739554011163 127.26074678755069 291
1739554011170 127.13906752060602 292
1739554011177 127.01751948917803 293
1739554011183 126.89610254497671 294
1739554011190 126.77481653988413 295
1739554011197 126.65366132595412 296
1739554011203 126.53263675541213 297
1739554011210 126.41174268065504 298
1739554011216 126.29097895425095 299
1739554011222 126.17034542893896 300
1739554011228 126.04984195762897 301
1739554011235 125.9294683934015 302
1739554011241 125.80922458950745 303
1739554011247 125.68911039936792 304
1739554011253 125.56912567657412 305
1739554011260 125.4492702748869 306
1739554011266 125.32954404823684 307
1739554011272 125.2099468507239 308
1739554011278 125.0904785366172 309
1739554011284 124.97113896035492 310
1739554011291 124.85192797654406 311
1739554011297 124.73284543996016 312
1739554011304 124.61389120554725 313
1739554011310 124.49506512841752 314
1739554011316 124.37636706385119 315
1739554011323 124.25779686729636 316
1739554011329 124.13935439436864 317
1739554011335 124.02103950085115 318
1739554011341 123.90285204269419 319
1739554011347 123.78479187601512 320
1739554011353 123.66685885709816 321
1739554011359 123.54905284239408 322
1739554011365 123.43137368852018 323
1739554011372 123.31382125225996 324
1739554011379 123.19639539056298 325
1739554011386 123.0790959605447 326
1739554011392 122.96192281948616 327
1739554011398 122.84487582483392 328
1739554011405 122.72795483419978 329
1739554011412 122.61115970536068 330
1739554011418 122.49449029625833 331
1739554011425 122.37794646499927 332
1739554011432 122.26152806985439 333
1739554011438 122.14523496925901 334
1739554011444 122.02906702181248 335
1739554011450 121.9130240862781 336
1739554011456 121.79710602158286 337
1739554011462 121.68131268681731 338
1739554011469 121.56564394123534 339
1739554011475 121.45009964425397 340
1739554011482 121.33467965545314 341
1739554011488 121.21938383457565 342
1739554011494 121.10421204152681 343
1739554011502 120.98916413637424 344
1739554011509 120.8742399793479 345
1739554011515 120.75943943083963 346
1739554011522 120.64476235140313 347
1739554011528 120.53020860175371 348
1739554011534 120.41577804276808 349
1739554011541 120.30147053548424 350
1739554011547 120.18728594110121 351
1739554011553 120.07322412097882 352
1739554011559 119.95928493663767 353
1739554011565 119.84546824975875 354
1739554011572 119.73177392218342 355
1739554011579 119.61820181591305 356
1739554011585 119.50475179310902 357
1739554011591 119.39142371609238 358
1739554011597 119.27821744734374 359
1739554011605 119.16513284950304 360
1739554011612 119.05216978536943 361
1739554011618 118.93932811790098 362
1739554011624 118.8266077102146 363
1739554011631 118.71400842558579 364
1739554011637 118.60153012744846 365
1739554011643 118.48917267939471 366
1739554011649 118.37693594517476 367
1739554011656 118.26481978869668 368
1739554011662 118.15282407402616 369
1739554011668 118.04094866538641 370
1739554011674 117.92919342715794 371
1739554011680 117.8175582238784 372
1739554011687 117.70604292024231 373
1739554011693 117.59464738110104 374
1739554011699 117.48337147146246 375
1739554011706 117.37221505649077 376
1739554011712 117.2611780015065 377
1739554011719 117.15026017198608 378
1739554011725 117.03946143356181 379
1739554011731 116.92878165202164 380
1739554011738 116.818220693309 381
1739554011747 116.70777842352253 382
1739554011754 116.59745470891609 383
1739554011760 116.48724941589833 384
1739554011766 116.37716241103271 385
1739554011772 116.26719356103725 386
1739554011778 116.15734273278426 387
1739554011784 116.04760979330032 388
1739554011790 115.937994609766 389
1739554011796 115.82849704951566 390
1739554011803 115.71911698003737 391
1739554011810 115.6098542689726 392
1739554011816 115.50070878411614 393
1739554011823 115.39168039341588 394
1739554011829 115.28276896497263 395
1739554011836 115.17397436703997 396
1739554011841 115.06529646802404 397
1739554011848 114.95673513648327 398
1739554011856 114.84829024112847 399
1739554011862 114.73996165082235 400
1739554011868 114.6317492345795 401
1739554011874 114.52365286156619 402
1739554011881 114.4156724011002 403
1739554011887 114.30780772265061 404
1739554011893 114.2000586958376 405
1739554011900 114.09242519043237 406
1739554011907 113.98490707635689 407
1739554011913 113.87750422368369 408
1739554011920 113.77021650263576 409
1739554011926 113.66304378358637 410
1739554011932 113.55598593705882 411
1739554011939 113.44904283372632 412
1739554011945 113.3422143444118 413
1739554011951 113.23550034008775 414
1739554011958 113.12890069187604 415
1739554011964 113.02241527104769 416
1739554011970 112.9160439490228 417
1739554011977 112.80978659737022 418
1739554011983 112.70364308780759 419
1739554011989 112.59761329220098 420
1739554011995 112.49169708256476 421
1739554012002 112.3858943310615 422
1739554012008 112.28020491000169 423
1739554012015 112.17462869184362 424
1739554012022 112.0691655491933 425
1739554012028 111.9638153548041 426
1739554012034 111.85857798157664 427
1739554012041 111.75345330255873 428
1739554012046 111.64844119094506 429
1739554012052 111.54354152007708 430
1739554012059 111.43875416344285 431
1739554012065 111.33407899467686 432
1739554012071 111.22951588755978 433
1739554012077 111.12506471601841 434
1739554012084 111.02072535412542 435
1739554012090 110.91649767609923 436
1739554012096 110.81238155630375 437
1739554012103 110.7083768692484 438
1739554012110 110.60448348958766 439
1739554012116 110.5007012921212 440
1739554012123 110.39703015179347 441
1739554012129 110.29346994369368 442
1739554012135 110.19002054305551 443
1739554012141 110.08668182525705 444
1739554012148 109.98345366582058 445
1739554012154 109.88033594041238 446
1739554012160 109.77732852484266 447
1739554012166 109.67443129506518 448
1739554012173 109.57164412717736 449
1739554012179 109.46896689741989 450
1739554012185 109.36639948217666 451
1739554012191 109.26394175797456 452
1739554012198 109.16159360148333 453
1739554012204 109.05935488951543 454
1739554012210 108.95722549902575 455
1739554012217 108.85520530711158 456
1739554012224 108.75329419101236 457
1739554012230 108.65149202810953 458
1739554012236 108.54979869592643 459
1739554012242 108.448214072128 460
1739554012248 108.34673803452073 461
1739554012255 108.24537046105242 462
1739554012261 108.14411122981208 463
1739554012267 108.04296021902972 464
1739554012274 107.94191730707617 465
1739554012281 107.84098237246296 466
1739554012287 107.74015529384212 467
1739554012293 107.63943595000609 468
1739554012301 107.53882421988739 469
1739554012308 107.4383199825586 470
1739554012315 107.33792311723222 471
1739554012321 107.23763350326033 472
1739554012328 107.13745102013463 473
1739554012335 107.0373755474861 474
1739554012341 106.93740696508502 475
1739554012347 106.83754515284062 476
1739554012354 106.737789990801 477
1739554012360 106.63814135915305 478
1739554012367 106.53859913822211 479
1739554012373 106.43916320847195 480
1739554012379 106.33983345050459 481
1739554012386 106.24060974506 482
1739554012391 106.14149197301622 483
1739554012398 106.04248001538885 484
1739554012405 105.94357375333118 485
1739554012413 105.84477306813382 486
1739554012420 105.74607784122473 487
1739554012427 105.64748795416888 488
1739554012433 105.5490032886682 489
1739554012439 105.45062372656136 490
1739554012446 105.35234914982365 491
1739554012452 105.25417944056687 492
1739554012458 105.15611448103898 493
1739554012465 105.05815415362416 494
1739554012471 104.96029834084251 495
1739554012478 104.86254692534997 496
1739554012484 104.76489978993811 497
1739554012491 104.66735681753399 498
1739554012497 104.56991789119994 499
