1739614311910 169.2123512294586 0
1739614311921 169.17867286142675 1
1739614311931 169.14542059012112 2
1739614311942 169.112174934417 3
1739614311953 169.07893589299425 4
1739614311963 169.0457034645328 5
1739614311976 169.01247764771284 6
1739614311987 168.9792584412151 7
1739614311997 168.94604584372013 8
1739614312007 168.91283985390916 9
1739614312017 168.87964047046339 10
1739614312028 168.84644769206443 11
1739614312039 168.8132615173941 12
1739614312049 168.78008194513455 13
1739614312059 168.7469089739681 14
1739614312070 168.71374260257744 15
1739614312081 168.68058282964535 16
1739614312093 168.64742965385514 17
1739614312159 168.6142830738901 18
1739614312171 168.58114308843398 19
1739614312181 168.54800969617068 20
1739614312193 168.51488289578444 21
1739614312204 168.48176268595975 22
1739614312214 168.44864906538126 23
1739614312224 168.4155420327341 24
1739614312235 168.38244158670344 25
1739614312246 168.34934772597484 26
1739614312257 168.31626044923402 27
1739614312267 168.28317975516705 28
1739614312278 168.25010564246037 29
1739614312289 168.2170381098004 30
1739614312299 168.18397715587398 31
1739614312310 168.15092277936833 32
1739614312320 168.11787497897066 33
1739614312331 168.08483375336877 34
1739614312341 168.0517991012504 35
1739614312351 168.01877102130368 36
1739614312365 167.9857495122172 37
1739614312375 167.95273457267947 38
1739614312385 167.91972620137946 39
1739614312396 167.88672439700636 40
1739614312406 167.8537291582497 41
1739614312416 167.82074048379914 42
1739614312427 167.78775837234465 43
1739614312437 167.75478282257652 44
1739614312447 167.72181383318522 45
1739614312459 167.68885140286156 46
1739614312469 167.65589553029648 47
1739614312480 167.62294621418138 48
1739614312491 167.59000345320777 49
1739614312504 167.55706724606742 50
1739614312514 167.52413759145247 51
1739614312524 167.49121448805525 52
1739614312534 167.45829793456832 53
1739614312546 167.42538792968455 54
1739614312556 167.39248447209707 55
1739614312566 167.3595875604993 56
1739614312577 167.3266971935848 57
1739614312588 167.29381337004756 58
1739614312598 167.2609360885817 59
1739614312609 167.22806534788168 60
1739614312620 167.19520114664218 61
1739614312630 167.16234348355806 62
1739614312642 167.12949235732464 63
1739614312652 167.09664776663735 64
1739614312662 167.06380971019192 65
1739614312672 167.0309781866844 66
1739614312683 166.99815319481093 67
1739614312693 166.96533473326807 68
1739614312703 166.93252280075265 69
1739614312714 166.89971739596163 70
1739614312725 166.86691851759238 71
1739614312735 166.83412616434236 72
1739614312746 166.80134033490944 73
1739614312757 166.7685610279917 74
1739614312767 166.73578824228747 75
1739614312777 166.70302197649534 76
1739614312788 166.67026222931418 77
1739614312799 166.63750899944307 78
1739614312810 166.60476228558144 79
1739614312820 166.57202208642886 80
1739614312831 166.53928840068528 81
1739614312841 166.5065612270508 82
1739614312851 166.47384056422595 83
1739614312862 166.4411264109113 84
1739614312873 166.40841876580777 85
1739614312883 166.37571762761664 86
1739614312894 166.34302299503935 87
1739614312905 166.31033486677754 88
1739614312916 166.27765324153324 89
1739614312927 166.2449781180087 90
1739614312939 166.21230949490638 91
1739614312949 166.17964737092902 92
1739614312960 166.14699174477963 93
1739614312970 166.11434261516155 94
1739614312982 166.08169998077824 95
1739614312993 166.04906384033347 96
1739614313004 166.01643419253136 97
1739614313015 165.98381103607622 98
1739614313025 165.95119436967252 99
1739614313036 165.91858419202515 100
1739614313046 165.8859805018392 101
1739614313058 165.85338329782002 102
1739614313069 165.82079257867318 103
1739614313089 165.78820834310451 104
1739614313100 165.75563058982019 105
1739614313111 165.72305931752655 106
1739614313124 165.6904945249303 107
1739614313135 165.65793621073823 108
1739614313145 165.6253843736576 109
1739614313156 165.59283901239573 110
1739614313166 165.56030012566038 111
1739614313177 165.52776771215935 112
1739614313187 165.49524177060093 113
1739614313198 165.46272229969355 114
1739614313208 165.43020929814588 115
1739614313219 165.39770276466692 116
1739614313230 165.36520269796586 117
1739614313241 165.33270909675218 118
1739614313251 165.3002219597356 119
1739614313262 165.26774128562613 120
1739614313272 165.23526707313403 121
1739614313282 165.2027993209698 122
1739614313292 165.1703380278442 123
1739614313302 165.13788319246825 124
1739614313312 165.10543481355325 125
1739614313322 165.0729928898107 126
1739614313333 165.04055741995248 127
1739614313343 165.00812840269052 128
1739614313353 164.97570583673723 129
1739614313366 164.94328972080513 130
1739614313377 164.9108800536071 131
1739614313387 164.87847683385615 132
1739614313398 164.84608006026568 133
1739614313409 164.8136897315492 134
1739614313419 164.78130584642068 135
1739614313429 164.74892840359416 136
1739614313440 164.71655740178403 137
1739614313450 164.68419283970493 138
1739614313461 164.6518347160717 139
1739614313472 164.6194830295995 140
1739614313482 164.58713777900374 141
1739614313493 164.55479896300008 142
1739614313504 164.5224665803044 143
1739614313514 164.4901406296329 144
1739614313525 164.45782110970194 145
1739614313535 164.42550801922826 146
1739614313545 164.39320135692876 147
1739614313556 164.3609011215207 148
1739614313566 164.32860731172144 149
1739614313578 164.2963199262487 150
1739614313588 164.26403896382052 151
1739614313599 164.23176442315506 152
1739614313609 164.19949630297074 153
1739614313619 164.16723460198642 154
1739614313629 164.13497931892095 155
1739614313639 164.10273045249372 156
1739614313650 164.07048800142408 157
1739614313661 164.03825196443182 158
1739614313672 164.006022340237 159
1739614313682 163.97379912755991 160
1739614313693 163.941582325121 161
1739614313704 163.9093719316411 162
1739614313714 163.87716794584114 163
1739614313725 163.84497036644257 164
1739614313736 163.8127791921668 165
1739614313747 163.78059442173569 166
1739614313759 163.7484160538713 167
1739614313769 163.71624408729593 168
1739614313779 163.6840785207321 169
1739614313790 163.65191935290272 170
1739614313801 163.61976658253084 171
1739614313811 163.5876202083397 172
1739614313822 163.555480229053 173
1739614313832 163.52334664339452 174
1739614313843 163.4912194500884 175
1739614313854 163.459098647859 176
1739614313864 163.42698423543084 177
1739614313874 163.39487621152887 178
1739614313885 163.36277457487816 179
1739614313896 163.33067932420414 180
1739614313907 163.29859045823238 181
1739614313917 163.26650797568874 182
1739614313928 163.2344318752995 183
1739614313939 163.20236215579084 184
1739614313949 163.17029881588957 185
1739614313960 163.13824185432247 186
1739614313970 163.10619126981683 187
1739614313981 163.07414706109992 188
1739614313991 163.0421092268995 189
1739614314002 163.01007776594346 190
1739614314014 162.97805267695998 191
1739614314035 162.94603395867742 192
1739614314047 162.91402160982454 193
1739614314058 162.88201562913025 194
1739614314069 162.85001601532372 195
1739614314079 162.8180227671344 196
1739614314091 162.78603588329202 197
1739614314103 162.7540553625265 198
1739614314113 162.72208120356802 199
1739614314122 162.69011340514712 200
1739614314132 162.6581519659944 201
1739614314143 162.62619688484085 202
1739614314153 162.5942481604178 203
1739614314164 162.5623057914566 204
1739614314174 162.530369776689 205
1739614314184 162.49844011484709 206
1739614314195 162.4665168046629 207
1739614314207 162.43459984486904 208
1739614314217 162.40268923419828 209
1739614314228 162.37078497138353 210
1739614314239 162.3388870551581 211
1739614314249 162.30699548425548 212
1739614314259 162.27511025740938 213
1739614314270 162.24323137335384 214
1739614314280 162.21135883082312 215
1739614314290 162.1794926285517 216
1739614314301 162.1476327652744 217
1739614314311 162.11577923972618 218
1739614314321 162.08393205064235 219
1739614314331 162.0520911967584 220
1739614314342 162.02025667681008 221
1739614314352 161.98842848953356 222
1739614314362 161.95660663366496 223
1739614314375 161.92479110794088 224
1739614314387 161.8929819110981 225
1739614314397 161.86117904187367 226
1739614314407 161.82938249900485 227
1739614314417 161.79759228122927 228
1739614314428 161.7658083872846 229
1739614314439 161.73403081590897 230
1739614314449 161.70225956584068 231
1739614314459 161.67049463581822 232
1739614314468 161.63873602458048 233
1739614314478 161.60698373086646 234
1739614314489 161.57523775341545 235
1739614314499 161.54349809096706 236
1739614314509 161.5117647422611 237
1739614314521 161.48003770603765 238
1739614314534 161.44831698103698 239
1739614314545 161.41660256599965 240
1739614314555 161.3848944596665 241
1739614314566 161.35319266077863 242
1739614314577 161.32149716807731 243
1739614314587 161.28980798030418 244
1739614314598 161.258125096201 245
1739614314609 161.22644851450997 246
1739614314621 161.1947782339732 247
1739614314631 161.16311425333348 248
1739614314642 161.13145657133353 249
1739614314652 161.0998051867165 250
1739614314663 161.06816009822566 251
1739614314673 161.03652130460463 252
1739614314683 161.00488880459721 253
1739614314694 160.97326259694756 254
1739614314706 160.94164268039995 255
1739614314716 160.91002905369905 256
1739614314728 160.87842171558955 257
1739614314738 160.8468206648167 258
1739614314749 160.8152259001258 259
1739614314759 160.78363742026238 260
1739614314770 160.75205522397235 261
1739614314780 160.72047931000182 262
1739614314791 160.68890967709706 263
1739614314801 160.6573463240047 264
1739614314812 160.6257892494716 265
1739614314822 160.59423845224484 266
1739614314832 160.5626939310718 267
1739614314844 160.53115568470002 268
1739614314855 160.4996237118774 269
1739614314866 160.468098011352 270
1739614314877 160.4365785818722 271
1739614314888 160.40506542218657 272
1739614314899 160.37355853104398 273
1739614314910 160.34205790719352 274
1739614314920 160.3105635493846 275
1739614314931 160.27907545636668 276
1739614314942 160.24759362688974 277
1739614314953 160.21611805970377 278
1739614314963 160.18464875355923 279
1739614314984 160.15318570720663 280
1739614314995 160.12172891939687 281
1739614315007 160.09027838888102 282
1739614315018 160.05883411441042 283
1739614315028 160.0273960947367 284
1739614315038 159.9959643286117 285
1739614315048 159.96453881478746 286
1739614315058 159.93311955201642 287
1739614315068 159.90170653905113 288
1739614315079 159.8702997746444 289
1739614315089 159.83889925754934 290
1739614315099 159.80750498651932 291
1739614315110 159.77611696030792 292
1739614315120 159.74473517766899 293
1739614315131 159.71335963735658 294
1739614315141 159.68199033812508 295
1739614315151 159.65062727872902 296
1739614315162 159.61927045792328 297
1739614315172 159.58791987446293 298
1739614315183 159.55657552710332 299
1739614315193 159.52523741459999 300
1739614315204 159.4939055357088 301
1739614315214 159.46257988918586 302
1739614315224 159.43126047378746 303
1739614315235 159.3999472882702 304
1739614315245 159.36864033139088 305
1739614315255 159.3373396019066 306
1739614315265 159.30604509857469 307
1739614315277 159.27475682015267 308
1739614315287 159.24347476539842 309
1739614315298 159.21219893306997 310
1739614315308 159.18092932192567 311
1739614315319 159.14966593072404 312
1739614315329 159.1184087582239 313
1739614315340 159.08715780318437 314
1739614315350 159.0559130643647 315
1739614315361 159.02467454052444 316
1739614315374 158.99344223042345 317
1739614315384 158.96221613282174 318
1739614315394 158.9309962464796 319
1739614315405 158.89978257015758 320
1739614315415 158.86857510261657 321
1739614315426 158.8373738426175 322
1739614315437 158.80617878892164 323
1739614315447 158.77498994029065 324
1739614315458 158.74380729548625 325
1739614315468 158.71263085327044 326
1739614315479 158.68146061240557 327
1739614315490 158.65029657165414 328
1739614315500 158.61913872977888 329
1739614315511 158.5879870855429 330
1739614315521 158.5568416377094 331
1739614315532 158.52570238504197 332
1739614315543 158.49456932630426 333
1739614315554 158.46344246026038 334
1739614315564 158.43232178567456 335
1739614315575 158.40120730131127 336
1739614315587 158.37009900593534 337
1739614315597 158.33899689831173 338
1739614315607 158.30790097720566 339
1739614315617 158.2768112413827 340
1739614315628 158.24572768960846 341
1739614315639 158.21465032064907 342
1739614315649 158.18357913327065 343
1739614315660 158.15251412623974 344
1739614315671 158.12145529832304 345
1739614315681 158.09040264828758 346
1739614315691 158.05935617490044 347
1739614315701 158.0283158769293 348
1739614315712 157.99728175314172 349
1739614315722 157.96625380230566 350
1739614315732 157.93523202318934 351
1739614315744 157.90421641456126 352
1739614315755 157.8732069751901 353
1739614315765 157.8422037038448 354
1739614315776 157.81120659929448 355
1739614315786 157.78021566030867 356
1739614315797 157.74923088565703 357
1739614315808 157.71825227410946 358
1739614315819 157.68727982443613 359
1739614315829 157.65631353540746 360
1739614315839 157.62535340579416 361
1739614315850 157.59439943436706 362
1739614315860 157.56345161989742 363
1739614315871 157.53250996115653 364
1739614315881 157.50157445691616 365
1739614315892 157.4706451059481 366
1739614315902 157.43972190702453 367
1739614315913 157.40880485891782 368
1739614315932 157.37789396040057 369
1739614315943 157.34698921024574 370
1739614315955 157.31609060722636 371
1739614315965 157.28519815011586 372
1739614315978 157.2543118376878 373
1739614315989 157.22343166871605 374
1739614315999 157.1925576419748 375
1739614316009 157.16168975623822 376
1739614316018 157.130828010281 377
1739614316030 157.09997240287802 378
1739614316040 157.0691229328043 379
1739614316050 157.03827959883515 380
1739614316060 157.0074423997461 381
1739614316071 156.97661133431316 382
1739614316082 156.94578640131215 383
1739614316092 156.91496759951949 384
1739614316103 156.8841549277118 385
1739614316113 156.8533483846657 386
1739614316123 156.82254796915834 387
1739614316133 156.79175367996694 388
1739614316145 156.76096551586912 389
1739614316156 156.73018347564255 390
1739614316167 156.6994075580653 391
1739614316178 156.66863776191562 392
1739614316188 156.63787408597202 393
1739614316199 156.6071165290132 394
1739614316210 156.57636508981824 395
1739614316222 156.54561976716627 396
1739614316232 156.51488055983683 397
1739614316242 156.48414746660964 398
1739614316252 156.45342048626463 399
1739614316262 156.42269961758214 400
1739614316273 156.39198485934241 401
1739614316283 156.3612762103263 402
1739614316294 156.33057366931473 403
1739614316305 156.29987723508884 404
1739614316315 156.26918690643006 405
1739614316326 156.23850268212013 406
1739614316337 156.20782456094088 407
1739614316347 156.17715254167453 408
1739614316357 156.1464866231034 409
1739614316368 156.1158268040103 410
1739614316382 156.08517308317795 411
1739614316392 156.0545254593896 412
1739614316404 156.02388393142854 413
1739614316414 155.99324849807846 414
1739614316425 155.96261915812315 415
1739614316435 155.9319959103468 416
1739614316446 155.90137875353366 417
1739614316457 155.87076768646847 418
1739614316467 155.84016270793586 419
1739614316478 155.8095638167211 420
1739614316488 155.77897101160943 421
1739614316498 155.74838429138637 422
1739614316509 155.71780365483778 423
1739614316519 155.68722910074973 424
1739614316529 155.65666062790842 425
1739614316540 155.62609823510047 426
1739614316550 155.59554192111264 427
1739614316560 155.56499168473195 428
1739614316570 155.5344475247456 429
1739614316581 155.50390943994114 430
1739614316591 155.47337742910634 431
1739614316601 155.4428514910292 432
1739614316612 155.41233162449785 433
1739614316623 155.38181782830085 434
1739614316634 155.35131010122691 435
1739614316645 155.320808442065 436
1739614316655 155.29031284960422 437
1739614316665 155.2598233226341 438
1739614316676 155.22933985994433 439
1739614316687 155.1988624603248 440
1739614316698 155.16839112256565 441
1739614316708 155.13792584545737 442
1739614316719 155.10746662779053 443
1739614316730 155.07701346835606 444
1739614316742 155.0465663659451 445
1739614316754 155.016125319349 446
1739614316765 154.98569032735938 447
1739614316776 154.95526138876812 448
1739614316786 154.92483850236735 449
1739614316796 154.8944216669493 450
1739614316807 154.86401088130665 451
1739614316817 154.83360614423216 452
1739614316827 154.803207454519 453
1739614316838 154.77281481096034 454
1739614316848 154.74242821234986 455
1739614316869 154.71204765748124 456
1739614316879 154.68167314514858 457
1739614316890 154.6513046741461 458
1739614316901 154.62094224326833 459
1739614316912 154.59058585131004 460
1739614316922 154.56023549706617 461
1739614316933 154.52989117933205 462
1739614316943 154.4995528969031 463
1739614316953 154.46922064857498 464
1739614316963 154.43889443314373 465
1739614316974 154.40857424940558 466
1739614316984 154.37826009615682 467
1739614316995 154.34795197219427 468
1739614317006 154.3176498763148 469
1739614317017 154.28735380731553 470
1739614317028 154.2570637639939 471
1739614317039 154.22677974514758 472
1739614317049 154.19650174957437 473
1739614317058 154.16622977607247 474
1739614317069 154.13596382344016 475
1739614317079 154.10570389047612 476
1739614317090 154.07544997597915 477
1739614317100 154.04520207874836 478
1739614317111 154.01496019758306 479
1739614317121 153.98472433128276 480
1739614317131 153.95449447864735 481
1739614317142 153.92427063847683 482
1739614317152 153.8940528095714 483
1739614317163 153.86384099073175 484
1739614317174 153.83363518075848 485
1739614317184 153.8034353784527 486
1739614317195 153.77324158261558 487
1739614317206 153.7430537920486 488
1739614317216 153.71287200555358 489
1739614317227 153.68269622193236 490
1739614317238 153.65252643998718 491
1739614317248 153.6223626585205 492
1739614317260 153.59220487633496 493
1739614317270 153.5620530922335 494
1739614317281 153.53190730501925 495
1739614317292 153.50176751349565 496
1739614317302 153.47163371646624 497
1739614317313 153.44150591273504 498
1739614317324 153.41138410110602 499
