1739614993425 87.28447642430932 0
1739614993469 37.111215067451894 1
1739614993510 16.455399224827755 2
1739614993552 10.943468652355516 3
1739614993607 4.548747327458571 4
1739614993647 2.2402602012277515 5
1739614993690 0.00847635850088377 6
1739614993732 1.7247033291307052 7
1739614993774 4.3021969281336725 8
1739614993816 0.023781410347394283 9
1739614993860 23.24657104179721 10
1739614993903 1.6940564465023418 11
1739614993945 0.21930178328416122 12
1739614993987 1.650522359839726 13
1739614994028 0.2861789667235486 14
1739614994071 0.06522710582922667 15
1739614994112 0.11670514816112651 16
1739614994154 2.1876022954778813 17
1739614994196 1.1841437392906329 18
1739614994238 0.005956295171326015 19
1739614994280 7.893322164803891 20
1739614994330 0.045899525662254366 21
1739614994373 2.3127623009246134 22
1739614994415 0.16102609694667347 23
1739614994457 2.9876604916819236 24
1739614994498 0.42211407780262156 25
1739614994540 2.803302102347759 26
1739614994581 0.09565086984979732 27
1739614994624 0.051781956313736235 28
1739614994664 0.42630588696670124 29
1739614994704 0.14530771490403477 30
1739614994747 1.4000035776018696 31
1739614994787 5.772717788402087 32
1739614994826 2.170563315287549 33
1739614994867 0.06427253602515383 34
1739614994909 0.007404138514587512 35
1739614994949 1.970564563095985 36
1739614994991 1.3802623898231516 37
1739614995032 3.8103020029177697 38
1739614995073 0.30799169890859945 39
1739614995114 2.7447064685790115 40
1739614995157 1.1068155265099213 41
1739614995197 0.0725927790286381 42
1739614995245 0.7950590058436947 43
1739614995287 0.00937916580535962 44
1739614995329 0.5990147469815732 45
1739614995371 1.0959116372971571 46
1739614995412 0.3066473496539469 47
1739614995453 4.663835184514811 48
1739614995495 0.06421368480441782 49
1739614995535 0.16398069579325034 50
1739614995575 0.07354684694572432 51
1739614995616 2.476891111715078 52
1739614995657 0.23222030337888575 53
1739614995698 3.8041565698078808 54
