1739613187861 127.60788614144477 0
1739613187898 85.89671803230527 1
1739613187934 94.08844247942065 2
1739613187971 79.4302139775291 3
1739613188007 17.451589506231162 4
1739613188050 6.248724383182868 5
1739613188086 19.92416633982739 6
1739613188121 77.17458137742243 7
1739613188156 15.895022605978001 8
1739613188191 71.1346626000694 9
1739613188225 21.96378914503652 10
1739613188260 0.47787043205231444 11
1739613188295 10.414311239832468 12
1739613188330 10.499334704214201 13
1739613188365 7.557501164201321 14
1739613188400 1.4393516991882365 15
1739613188434 4.104042431066592 16
1739613188469 18.243586832980395 17
1739613188505 5.662741893022309 18
1739613188540 5.696796308210815 19
1739613188576 42.60611324141668 20
1739613188612 7.4189276483335345 21
1739613188660 7.067394461982124 22
1739613188699 1.436310318112259 23
1739613188737 35.405379189337324 24
1739613188775 7.649981389603905 25
1739613188817 11.717941874538678 26
1739613188855 16.94014574864802 27
1739613188892 1.176882883813894 28
1739613188929 0.9497355570469815 29
1739613188966 0.8390287924389607 30
1739613189005 66.14101217618376 31
1739613189041 10.464648120297765 32
1739613189076 0.3109295613348793 33
1739613189114 23.007125095103465 34
1739613189150 0.1805913039451021 35
1739613189184 0.05654213072474367 36
1739613189220 43.49962668281886 37
1739613189257 6.4139281099891425 38
1739613189292 11.574806360349044 39
1739613189328 47.25551031314816 40
1739613189363 0.8769652797215958 41
1739613189398 26.456407461345016 42
