1739612970615 169.6210407770955 0
1739612970625 169.5872638077882 1
1739612970635 169.5534942792802 2
1739612970644 169.51973218986475 3
1739612970653 169.48597753783545 4
1739612970663 169.4522303214863 5
1739612970672 169.41849053911164 6
1739612970681 169.38475818900633 7
1739612970690 169.35103326946552 8
1739612970698 169.31731577878477 9
1739612970707 169.28360571526017 10
1739612970716 169.24990307718804 11
1739612970725 169.21620786286516 12
1739612970734 169.1825200705888 13
1739612970743 169.14883969865642 14
1739612970752 169.11516674536614 15
1739612970761 169.08150120901632 16
1739612970770 169.04784308790568 17
1739612970780 169.01419238033347 18
1739612970789 168.9805490845993 19
1739612970799 168.94691319900306 20
1739612970809 168.9132847218452 21
1739612970817 168.8796636514265 22
1739612970826 168.84604998604814 23
1739612970835 168.81244372401167 24
1739612970845 168.77884486361913 25
1739612970853 168.74525340317282 26
1739612970862 168.7116693409756 27
1739612970871 168.67809267533053 28
1739612970880 168.64452340454127 29
1739612970890 168.61096152691178 30
1739612970898 168.5774070407464 31
1739612970907 168.54385994434992 32
1739612970916 168.5103202360274 33
1739612970927 168.4767879140846 34
1739612970938 168.4432629768273 35
1739612970947 168.40974542256197 36
1739612970957 168.37623524959525 37
1739612970966 168.34273245623436 38
1739612970975 168.30923704078685 39
1739612970983 168.27574900156063 40
1739612970992 168.24226833686404 41
1739612971001 168.20879504500584 42
1739612971010 168.1753291242952 43
1739612971019 168.14187057304156 44
1739612971028 168.10841938955485 45
1739612971037 168.07497557214552 46
1739612971047 168.04153911912414 47
1739612971056 168.0081100288019 48
1739612971064 167.97468829949028 49
1739612971073 167.94127392950122 50
1739612971082 167.907866917147 51
1739612971091 167.87446726074035 52
1739612971100 167.8410749585943 53
1739612971109 167.80769000902242 54
1739612971117 167.77431241033855 55
1739612971126 167.74094216085697 56
1739612971135 167.70757925889237 57
1739612971145 167.6742237027598 58
1739612971154 167.64087549077476 59
1739612971162 167.60753462125305 60
1739612971171 167.57420109251103 61
1739612971180 167.5408749028653 62
1739612971189 167.50755605063287 63
1739612971198 167.47424453413123 64
1739612971207 167.44094035167822 65
1739612971216 167.40764350159202 66
1739612971225 167.3743539821913 67
1739612971235 167.3410717917951 68
1739612971243 167.30779692872272 69
1739612971252 167.27452939129412 70
1739612971261 167.24126917782942 71
1739612971270 167.20801628664924 72
1739612971282 167.1747707160745 73
1739612971291 167.1415324644267 74
1739612971300 167.10830153002755 75
1739612971309 167.07507791119923 76
1739612971318 167.0418616062643 77
1739612971326 167.0086526135457 78
1739612971335 166.97545093136685 79
1739612971343 166.9422565580514 80
1739612971352 166.90906949192356 81
1739612971361 166.87588973130786 82
1739612971369 166.8427172745292 83
1739612971378 166.80955211991287 84
1739612971387 166.7763942657846 85
1739612971396 166.74324371047055 86
1739612971405 166.71010045229713 87
1739612971414 166.67696448959126 88
1739612971423 166.64383582068027 89
1739612971431 166.61071444389168 90
1739612971440 166.5776003575537 91
1739612971449 166.54449355999478 92
1739612971458 166.5113940495437 93
1739612971467 166.47830182452978 94
1739612971475 166.44521688328254 95
1739612971484 166.41213922413206 96
1739612971493 166.3790688454088 97
1739612971502 166.3460057454435 98
1739612971511 166.3129499225674 99
1739612971520 166.27990137511208 100
1739612971529 166.2468601014095 101
1739612971538 166.21382609979207 102
1739612971547 166.18079936859252 103
1739612971556 166.14777990614397 104
1739612971564 166.1147677107801 105
1739612971573 166.0817627808347 106
1739612971583 166.04876511464215 107
1739612971592 166.01577471053722 108
1739612971601 165.98279156685487 109
1739612971610 165.94981568193074 110
1739612971619 165.9168470541007 111
1739612971627 165.883885681701 112
1739612971636 165.85093156306831 113
1739612971646 165.8179846965396 114
1739612971655 165.7850450804525 115
1739612971664 165.75211271314475 116
1739612971673 165.7191875929546 117
1739612971682 165.68626971822061 118
1739612971691 165.65335908728184 119
1739612971700 165.62045569847768 120
1739612971709 165.58755955014792 121
1739612971718 165.55467064063274 122
1739612971726 165.5217889682727 123
1739612971735 165.48891453140874 124
1739612971744 165.4560473283822 125
1739612971753 165.42318735753483 126
1739612971762 165.39033461720874 127
1739612971771 165.35748910574642 128
1739612971780 165.32465082149088 129
1739612971788 165.29181976278522 130
1739612971797 165.25899592797333 131
1739612971806 165.22617931539912 132
1739612971815 165.19336992340703 133
1739612971825 165.16056775034204 134
1739612971834 165.12777279454926 135
1739612971844 165.09498505437435 136
1739612971853 165.06220452816328 137
1739612971863 165.02943121426247 138
1739612971872 164.99666511101873 139
1739612971880 164.96390621677918 140
1739612971889 164.9311545298914 141
1739612971898 164.8984100487033 142
1739612971907 164.86567277156325 143
1739612971916 164.83294269682 144
1739612971925 164.80021982282256 145
1739612971933 164.76750414792048 146
1739612971944 164.73479567046365 147
1739612971959 164.7020943888023 148
1739612971969 164.66940030128708 149
1739612971979 164.63671340626908 150
1739612971988 164.60403370209968 151
1739612971997 164.57136118713072 152
1739612972009 164.5386958597144 153
1739612972019 164.50603771820326 154
1739612972028 164.47338676095032 155
1739612972037 164.44074298630892 156
1739612972046 164.4081063926328 157
1739612972055 164.37547697827614 158
1739612972065 164.34285474159336 159
1739612972074 164.31023968093942 160
1739612972083 164.27763179466965 161
1739612972092 164.24503108113962 162
1739612972101 164.21243753870547 163
1739612972110 164.17985116572365 164
1739612972119 164.1472719605509 165
1739612972128 164.11469992154457 166
1739612972137 164.08213504706214 167
1739612972147 164.04957733546163 168
1739612972156 164.01702678510148 169
1739612972165 163.98448339434034 170
1739612972174 163.95194716153736 171
1739612972183 163.91941808505217 172
1739612972192 163.8868961632446 173
1739612972200 163.8543813944749 174
1739612972210 163.8218737771039 175
1739612972219 163.78937330949248 176
1739612972228 163.7568799900022 177
1739612972237 163.72439381699488 178
1739612972246 163.6919147888327 179
1739612972255 163.6594429038783 180
1739612972263 163.6269781604946 181
1739612972272 163.59452055704503 182
1739612972286 163.56207009189333 183
1739612972295 163.52962676340363 184
1739612972305 163.49719056994044 185
1739612972314 163.46476150986865 186
1739612972323 163.43233958155358 187
1739612972332 163.39992478336086 188
1739612972341 163.3675171136566 189
1739612972350 163.33511657080712 190
1739612972359 163.30272315317936 191
1739612972368 163.27033685914046 192
1739612972377 163.23795768705799 193
1739612972386 163.20558563529994 194
1739612972395 163.17322070223472 195
1739612972404 163.1408628862309 196
1739612972413 163.1085121856578 197
1739612972422 163.07616859888472 198
1739612972432 163.0438321242817 199
1739612972442 163.01150276021886 200
1739612972451 162.97918050506695 201
1739612972461 162.94686535719694 202
1739612972471 162.91455731498024 203
1739612972479 162.88225637678863 204
1739612972488 162.84996254099434 205
1739612972497 162.81767580596988 206
1739612972506 162.78539617008815 207
1739612972515 162.7531236317225 208
1739612972524 162.72085818924666 209
1739612972533 162.6885998410346 210
1739612972542 162.6563485854609 211
1739612972551 162.62410442090035 212
1739612972560 162.59186734572813 213
1739612972569 162.55963735831992 214
1739612972578 162.52741445705163 215
1739612972586 162.4951986402997 216
1739612972596 162.46298990644075 217
1739612972606 162.430788253852 218
1739612972617 162.39859368091098 219
1739612972627 162.36640618599552 220
1739612972641 162.33422576748387 221
1739612972650 162.3020524237547 222
1739612972660 162.26988615318703 223
1739612972669 162.2377269541603 224
1739612972679 162.20557482505424 225
1739612972688 162.17342976424908 226
1739612972698 162.14129177012526 227
1739612972708 162.10916084106384 228
1739612972719 162.07703697544602 229
1739612972728 162.04492017165353 230
1739612972737 162.01281042806843 231
1739612972746 161.98070774307317 232
1739612972755 161.94861211505054 233
1739612972764 161.91652354238377 234
1739612972773 161.8844420234564 235
1739612972782 161.85236755665244 236
1739612972791 161.82030014035615 237
1739612972800 161.78823977295235 238
1739612972809 161.75618645282606 239
1739612972818 161.72414017836277 240
1739612972827 161.69210094794835 241
1739612972835 161.66006875996905 242
1739612972844 161.6280436128114 243
1739612972854 161.59602550486244 244
1739612972864 161.56401443450957 245
1739612972873 161.53201040014048 246
1739612972883 161.5000134001433 247
1739612972892 161.46802343290653 248
1739612972901 161.43604049681906 249
1739612972910 161.40406459027008 250
1739612972920 161.37209571164934 251
1739612972934 161.34013385934674 252
1739612972943 161.30817903175273 253
1739612972952 161.27623122725805 254
1739612972962 161.24429044425383 255
1739612972971 161.21235668113164 256
1739612972980 161.18042993628328 257
1739612972989 161.14851020810113 258
1739612972998 161.11659749497784 259
1739612973008 161.0846917953063 260
1739612973016 161.05279310748003 261
1739612973025 161.02090142989277 262
1739612973034 160.98901676093868 263
1739612973044 160.95713909901232 264
1739612973056 160.92526844250858 265
1739612973065 160.8934047898227 266
1739612973074 160.86154813935042 267
1739612973083 160.8296984894877 268
1739612973092 160.79785583863105 269
1739612973101 160.76602018517715 270
1739612973110 160.73419152752325 271
1739612973119 160.70236986406684 272
1739612973128 160.67055519320581 273
1739612973137 160.63874751333853 274
1739612973146 160.60694682286365 275
1739612973155 160.57515312018015 276
1739612973165 160.54336640368751 277
1739612973174 160.51158667178552 278
1739612973183 160.4798139228743 279
1739612973191 160.44804815535446 280
1739612973201 160.41628936762683 281
1739612973210 160.38453755809283 282
1739612973219 160.35279272515396 283
1739612973228 160.3210548672124 284
1739612973237 160.28932398267054 285
1739612973245 160.2576000699311 286
1739612973255 160.2258831273973 287
1739612973264 160.19417315347272 288
1739612973273 160.1624701465612 289
1739612973282 160.13077410506705 290
1739612973294 160.09908502739492 291
1739612973303 160.0674029119499 292
1739612973312 160.03572775713735 293
1739612973321 160.00405956136305 294
1739612973330 159.97239832303322 295
1739612973338 159.9407440405543 296
1739612973347 159.90909671233325 297
1739612973356 159.87745633677736 298
1739612973365 159.84582291229424 299
1739612973373 159.8141964372919 300
1739612973382 159.78257691017882 301
1739612973391 159.7509643293637 302
1739612973400 159.7193586932557 303
1739612973409 159.68776000026435 304
1739612973418 159.6561682487995 305
1739612973427 159.62458343727147 306
1739612973436 159.59300556409082 307
1739612973445 159.56143462766863 308
1739612973454 159.52987062641625 309
1739612973462 159.49831355874545 310
1739612973472 159.46676342306827 311
1739612973481 159.4352202177973 312
1739612973490 159.4036839413454 313
1739612973500 159.37215459212572 314
1739612973509 159.34063216855205 315
1739612973518 159.30911666903816 316
1739612973527 159.27760809199856 317
1739612973536 159.2461064358479 318
1739612973544 159.21461169900135 319
1739612973553 159.18312387987427 320
1739612973562 159.15164297688258 321
1739612973571 159.1201689884425 322
1739612973581 159.0887019129706 323
1739612973590 159.05724174888374 324
1739612973599 159.0257884945994 325
1739612973608 158.9943421485352 326
1739612973617 158.96290270910922 327
1739612973625 158.93147017473987 328
1739612973634 158.900044543846 329
1739612973643 158.86862581484678 330
1739612973653 158.83721398616174 331
1739612973661 158.80580905621082 332
1739612973671 158.7744110234143 333
1739612973679 158.74301988619283 334
1739612973688 158.71163564296745 335
1739612973697 158.6802582921596 336
1739612973706 158.64888783219098 337
1739612973715 158.6175242614838 338
1739612973724 158.5861675784605 339
1739612973733 158.55481778154405 340
1739612973742 158.5234748691576 341
1739612973751 158.49213883972487 342
1739612973760 158.46080969166977 343
1739612973769 158.4294874234167 344
1739612973777 158.39817203339032 345
1739612973787 158.36686352001584 346
1739612973795 158.33556188171866 347
1739612973805 158.30426711692462 348
1739612973815 158.27297922405987 349
1739612973824 158.24169820155112 350
1739612973833 158.21042404782517 351
1739612973842 158.1791567613094 352
1739612973850 158.1478963404315 353
1739612973859 158.11664278361945 354
1739612973867 158.08539608930175 355
1739612973876 158.05415625590712 356
1739612973885 158.02292328186476 357
1739612973893 157.99169716560417 358
1739612973902 157.96047790555522 359
1739612973911 157.92926550014818 360
1739612973919 157.89805994781366 361
1739612973928 157.86686124698267 362
1739612973937 157.83566939608656 363
1739612973946 157.8044843935571 364
1739612973955 157.77330623782632 365
1739612973963 157.74213492732665 366
1739612973973 157.71097046049104 367
1739612973981 157.67981283575259 368
1739612973990 157.6486620515449 369
1739612973999 157.61751810630193 370
1739612974008 157.58638099845794 371
1739612974017 157.55525072644755 372
1739612974027 157.52412728870587 373
1739612974036 157.49301068366827 374
1739612974045 157.46190090977052 375
1739612974055 157.43079796544873 376
1739612974064 157.3997018491394 377
1739612974073 157.36861255927943 378
1739612974082 157.33753009430598 379
1739612974091 157.30645445265674 380
1739612974099 157.2753856327696 381
1739612974109 157.2443236330829 382
1739612974118 157.21326845203538 383
1739612974127 157.182220088066 384
1739612974136 157.1511785396144 385
1739612974145 157.12014380512005 386
1739612974154 157.0891158830234 387
1739612974163 157.05809477176481 388
1739612974172 157.0270804697852 389
1739612974181 156.9960729755259 390
1739612974190 156.96507228742843 391
1739612974199 156.9340784039348 392
1739612974208 156.9030913234874 393
1739612974217 156.87211104452888 394
1739612974227 156.8411375655024 395
1739612974235 156.81017088485132 396
1739612974244 156.77921100101943 397
1739612974253 156.74825791245107 398
1739612974262 156.71731161759064 399
1739612974271 156.68637211488303 400
1739612974280 156.6554394027736 401
1739612974289 156.6245134797079 402
1739612974303 156.59359434413193 403
1739612974312 156.5626819944921 404
1739612974321 156.5317764292351 405
1739612974330 156.50087764680796 406
1739612974338 156.46998564565826 407
1739612974347 156.4391004242338 408
1739612974356 156.4082219809826 409
1739612974365 156.37735031435335 410
1739612974374 156.34648542279496 411
1739612974383 156.31562730475662 412
1739612974392 156.284775958688 413
1739612974401 156.2539313830391 414
1739612974410 156.22309357626023 415
1739612974419 156.1922625368022 416
1739612974428 156.161438263116 417
1739612974437 156.1306207536532 418
1739612974446 156.09981000686548 419
1739612974455 156.06900602120507 420
1739612974464 156.03820879512455 421
1739612974472 156.00741832707675 422
1739612974481 155.97663461551497 423
1739612974491 155.9458576588928 424
1739612974499 155.9150874556643 425
1739612974508 155.88432400428366 426
1739612974517 155.85356730320578 427
1739612974526 155.82281735088563 428
1739612974535 155.79207414577863 429
1739612974544 155.76133768634068 430
1739612974553 155.7306079710278 431
1739612974562 155.6998849982966 432
1739612974570 155.66916876660395 433
1739612974579 155.63845927440707 434
1739612974588 155.60775652016358 435
1739612974597 155.57706050233142 436
1739612974607 155.54637121936898 437
1739612974616 155.51568866973486 438
1739612974625 155.48501285188817 439
1739612974634 155.45434376428832 440
1739612974643 155.4236814053951 441
1739612974652 155.3930257736685 442
1739612974660 155.36237686756922 443
1739612974669 155.33173468555793 444
1739612974678 155.301099226096 445
1739612974687 155.27047048764496 446
1739612974696 155.23984846866668 447
1739612974705 155.20923316762347 448
1739612974714 155.17862458297805 449
1739612974724 155.14802271319334 450
1739612974732 155.11742755673282 451
1739612974741 155.0868391120602 452
1739612974750 155.0562573776395 453
1739612974759 155.02568235193525 454
1739612974768 154.9951140334123 455
1739612974776 154.96455242053568 456
1739612974785 154.93399751177105 457
1739612974794 154.9034493055843 458
1739612974803 154.87290780044162 459
1739612974812 154.84237299480966 460
1739612974821 154.81184488715542 461
1739612974829 154.78132347594618 462
1739612974839 154.75080875964963 463
1739612974848 154.72030073673386 464
1739612974857 154.68979940566723 465
1739612974866 154.65930476491857 466
1739612974875 154.62881681295698 467
1739612974884 154.59833554825187 468
1739612974893 154.56786096927317 469
1739612974902 154.5373930744911 470
1739612974911 154.50693186237615 471
1739612974920 154.47647733139928 472
1739612974929 154.44602948003174 473
1739612974938 154.41558830674515 474
1739612974947 154.3851538100116 475
1739612974955 154.35472598830333 476
1739612974964 154.32430484009308 477
1739612974973 154.29389036385396 478
1739612974982 154.26348255805934 479
1739612974992 154.233081421183 480
1739612975001 154.20268695169906 481
1739612975010 154.17229914808215 482
1739612975018 154.141918008807 483
1739612975027 154.1115435323488 484
1739612975036 154.0811757171832 485
1739612975045 154.05081456178607 486
1739612975054 154.02046006463377 487
1739612975063 153.99011222420287 488
1739612975072 153.95977103897036 489
1739612975081 153.9294365074136 490
1739612975089 153.89910862801034 491
1739612975098 153.8687873992386 492
1739612975107 153.83847281957682 493
1739612975116 153.8081648875038 494
1739612975125 153.77786360149867 495
1739612975134 153.74756896004087 496
1739612975144 153.7172809616103 497
1739612975154 153.68699960468717 498
1739612975164 153.656724887752 499
