1739613783821 130.0369263703853 0
1739613783833 96.68481704578724 1
1739613783843 76.29969836795738 2
1739613783855 56.43120305706602 3
1739613783865 44.874055434965605 4
1739613783875 36.34713089053804 5
1739613783886 32.2271748375765 6
1739613783896 25.603971274736335 7
1739613783908 19.607208788637944 8
1739613783920 21.753383453087626 9
1739613783931 20.25411780562436 10
1739613783941 13.524396005761261 11
1739613783952 13.898458486550522 12
1739613783962 22.10932972058304 13
1739613783973 14.694984490759042 14
1739613783983 12.749788663183594 15
1739613783993 12.733201048458593 16
1739613784004 16.182237841592773 17
1739613784015 15.628778316926653 18
1739613784026 12.386300700258635 19
1739613784037 11.077022211320056 20
1739613784047 10.918407634579447 21
1739613784057 11.44018663944544 22
1739613784068 10.10209934494756 23
1739613784078 11.68721806942281 24
1739613784089 14.765840384091177 25
1739613784099 20.88281267392931 26
1739613784109 12.622917972248866 27
1739613784120 10.517797367640487 28
1739613784131 12.395883262379781 29
1739613784141 10.41030228022078 30
1739613784153 14.54958086159169 31
1739613784163 11.657956467959089 32
1739613784174 13.382171555745757 33
1739613784196 12.066366521843285 34
1739613784207 15.06028435570281 35
1739613784218 13.032785752123269 36
