1739556386509 156.61886819004567 0
1739556386519 143.49448890392787 1
1739556386530 133.2215662149887 2
1739556386540 126.40863923304606 3
1739556386550 116.29916933689296 4
1739556386559 104.33981140009452 5
1739556386568 97.35360433230163 6
1739556386578 96.19200948830168 7
1739556386588 85.98456404146128 8
1739556386597 80.1658714237678 9
1739556386606 76.03349134745935 10
1739556386615 71.23004465124727 11
1739556386624 65.05534177708503 12
1739556386633 61.06665420595395 13
1739556386642 56.937930767304906 14
1739556386651 51.904618133562096 15
1739556386661 48.33453955386125 16
1739556386671 46.003424558568746 17
1739556386682 44.10619808969627 18
1739556386692 42.484362984703715 19
1739556386704 36.93747317591019 20
1739556386715 35.059717403449625 21
1739556386726 31.890662566435143 22
1739556386736 29.438119965172078 23
1739556386746 28.361431945137852 24
1739556386755 25.476781370842104 25
1739556386765 25.584840122175834 26
1739556386775 22.938391070731704 27
1739556386785 22.66279149232176 28
1739556386795 21.336756837458832 29
1739556386806 21.209698695426983 30
1739556386816 18.221455631360207 31
1739556386825 17.555803513038505 32
1739556386835 15.677870369097505 33
1739556386845 14.499973086901193 34
1739556386855 14.679843060623442 35
1739556386865 13.500645693725977 36
1739556386875 13.909194605652822 37
1739556386885 12.222169028525787 38
1739556386895 12.711725718000684 39
1739556386905 10.553915555706128 40
1739556386917 9.998884762894118 41
1739556386929 9.343995726803316 42
1739556386939 8.46886870790908 43
1739556386949 8.298814577755016 44
1739556386959 8.01315694289198 45
1739556386968 7.2279201205807695 46
1739556386979 7.525458753969761 47
1739556386989 7.666887773015405 48
1739556386999 8.14094583019695 49
1739556387010 6.7317938734779235 50
1739556387019 7.058520307882224 51
1739556387029 4.879293249930215 52
1739556387040 5.171891558663243 53
1739556387051 5.403961757146945 54
1739556387061 4.707645834104691 55
1739556387071 5.185034152108468 56
1739556387081 5.050371396636541 57
1739556387090 4.418025981913835 58
1739556387101 4.159387227525562 59
1739556387113 4.4084853128326325 60
1739556387122 3.5044425390804825 61
1739556387132 4.436477095262203 62
1739556387142 3.9093424254945 63
1739556387152 3.793193774033029 64
1739556387162 3.8644803342652536 65
1739556387172 3.8197258044352793 66
1739556387181 2.6697688753059166 67
1739556387191 3.047756116028597 68
1739556387202 2.8549414082754048 69
1739556387212 3.5880490870445763 70
1739556387222 2.549562916921153 71
1739556387232 3.2052647185224097 72
1739556387242 2.790975826640096 73
1739556387252 2.9878137595716447 74
1739556387262 2.621479490286235 75
1739556387271 2.4688908169938775 76
1739556387282 2.047860110132558 77
1739556387292 3.0566621951664135 78
1739556387303 2.214865555419268 79
1739556387314 1.7271618209291026 80
1739556387324 2.586771383464814 81
1739556387335 2.4526357552129774 82
1739556387345 1.291940487709382 83
1739556387355 2.617728576841724 84
1739556387365 2.3808228432267593 85
1739556387374 2.7431041516117243 86
1739556387384 1.7628897303452902 87
1739556387394 2.203785291513218 88
1739556387404 2.7314121991790055 89
1739556387416 2.7320221664370252 90
1739556387426 2.2651511742586026 91
1739556387436 1.6930830902111964 92
1739556387446 2.1070374609461666 93
1739556387456 1.9799602741509503 94
1739556387466 2.529230346986222 95
1739556387476 1.547875762464282 96
1739556387486 2.8858991896579083 97
1739556387496 1.6552384918674772 98
1739556387507 1.5816203201668417 99
1739556387517 2.1185654199129114 100
1739556387526 1.5928157265455927 101
1739556387536 1.7666645495141229 102
1739556387546 2.2737570727315153 103
1739556387556 1.4169177964282367 104
1739556387565 2.187802213617003 105
1739556387575 1.248812804940317 106
1739556387585 1.853589920739591 107
1739556387596 1.8487980255696856 108
1739556387605 1.2914442838763787 109
1739556387616 1.1626268173549312 110
1739556387626 1.728048022763381 111
1739556387636 1.7826251520936578 112
1739556387646 1.3202284924435868 113
1739556387656 1.7529938335806852 114
1739556387665 1.5026823886947553 115
1739556387676 1.58295167184248 116
1739556387686 1.7088092234912278 117
1739556387696 1.4864651580256165 118
1739556387709 1.3751781828196885 119
1739556387725 1.7311021977027625 120
1739556387737 0.8371446811718853 121
1739556387749 0.9674061760082387 122
1739556387759 1.5877420078298947 123
1739556387771 1.7343537343883262 124
1739556387782 2.500768737715988 125
1739556387793 0.9928686008567557 126
1739556387804 1.502696176540647 127
1739556387815 1.706145587105169 128
1739556387826 1.216745128321529 129
1739556387837 1.658205571680698 130
1739556387848 3.1308069791576396 131
1739556387859 2.1766997225625775 132
1739556387870 1.2456964309139693 133
1739556387880 1.6888129130062044 134
1739556387891 1.0699246302544778 135
1739556387901 1.757533889299791 136
1739556387913 1.248186549751542 137
1739556387923 1.1026897402646536 138
1739556387934 1.973652807819003 139
1739556387945 0.8218198650511114 140
1739556387956 2.5454751937734375 141
1739556387966 1.4118367448997227 142
1739556387977 1.126839248587005 143
1739556387988 1.1853074311715257 144
1739556387999 1.6018923498469158 145
1739556388009 1.5522924924639285 146
1739556388019 2.224170507668912 147
1739556388030 1.5240616952321309 148
1739556388041 2.99680471263183 149
1739556388051 1.0701803479405847 150
1739556388062 2.0416525696768275 151
1739556388071 1.672265430583371 152
1739556388082 1.6189969194350113 153
1739556388092 0.6797660131185222 154
1739556388102 0.7635615413010257 155
1739556388136 1.2902421167270728 156
1739556388153 1.1290970034352532 157
1739556388164 1.3996329860737395 158
1739556388174 1.903366738995101 159
1739556388185 1.1801020270648708 160
1739556388196 2.638548084226539 161
1739556388207 3.016964515908081 162
1739556388218 1.2596615117039598 163
1739556388229 1.1952214845746085 164
1739556388239 1.4197587036961148 165
1739556388250 1.279421188496133 166
1739556388261 1.047938006886653 167
1739556388271 0.9799553891890713 168
1739556388283 1.3598834971630163 169
1739556388294 1.3870919807456483 170
1739556388304 2.1619997402116913 171
1739556388316 1.25213693973692 172
1739556388327 1.014780354979718 173
1739556388338 0.8430622471154655 174
1739556388348 0.9710014184925221 175
1739556388359 1.8618251122783938 176
1739556388370 1.163596836497085 177
1739556388381 1.4855837986489464 178
1739556388391 1.1374356131611187 179
1739556388402 1.5141274699195946 180
1739556388414 1.6056540142130813 181
1739556388425 3.4463465741084023 182
1739556388436 1.8181597703611219 183
1739556388447 2.2545228289496424 184
1739556388458 1.6230005816168045 185
1739556388468 1.5340469549783362 186
1739556388479 1.1604483161175108 187
1739556388490 1.1830425162366978 188
1739556388501 1.687560314625945 189
1739556388511 1.6835516473144545 190
1739556388521 1.8656704537742783 191
1739556388531 1.3339389217490727 192
1739556388542 1.3177222832260642 193
1739556388552 1.1408013093374618 194
1739556388562 2.064461929436256 195
1739556388572 1.0514623500399907 196
1739556388582 1.7204544821397656 197
1739556388592 2.127096355143841 198
1739556388601 1.5752027216254694 199
1739556388611 1.1809247650983183 200
1739556388621 1.3029419062146805 201
1739556388631 1.2163621743195443 202
1739556388652 2.0182297460493985 203
1739556388668 1.9297260695534575 204
1739556388680 1.286164704852892 205
1739556388691 1.3103448885429696 206
1739556388703 0.918080428814526 207
1739556388714 1.0003433215703914 208
1739556388726 1.7887623337409806 209
1739556388737 1.4369525139103052 210
1739556388748 1.0100362522352337 211
1739556388759 1.5030744302988452 212
1739556388770 2.51247856840851 213
1739556388781 1.2532685567007609 214
1739556388792 2.1983793470051367 215
1739556388802 1.3792815828992397 216
1739556388813 1.4515938827947732 217
1739556388824 1.0004849584865882 218
