1739553444784 5.451304388023049 0
1739553444821 1.7965498271654645 1
1739553444859 1.4598418898938135 2
1739553444894 6.0037214399390155 3
1739553444931 4.499562450638766 4
1739553444968 9.230843243711913 5
1739553445007 5.624738255061258 6
1739553445044 3.4551417560756548 7
1739553445081 3.1808063756345772 8
1739553445120 8.12289461240384 9
1739553445156 8.772584639251988 10
1739553445192 1.7557012944964756 11
1739553445228 2.274786552475773 12
1739553445266 5.696071978813443 13
1739553445302 4.393170328293739 14
1739553445338 1.563961774561586 15
1739553445373 8.358389993264689 16
1739553445411 10.566737987425366 17
1739553445447 2.7002935733772753 18
1739553445482 10.574927916828193 19
1739553445517 5.3781322710265815 20
1739553445555 8.59731529075255 21
1739553445590 4.134457132556499 22
1739553445626 4.9908617054020565 23
1739553445663 5.345681746554393 24
1739553445700 6.833252963958773 25
1739553445770 1.8788644315806151 26
1739553445813 9.29618982444701 27
1739553445854 10.61298998336839 28
1739553445893 5.863398078674733 29
1739553445933 2.3324138617595236 30
1739553445972 2.4453653877510595 31
1739553446010 14.994099375671823 32
1739553446049 3.899094646944303 33
1739553446089 3.3756790453087056 34
1739553446126 5.911448975075004 35
1739553446164 3.64914949499742 36
1739553446201 6.997537231221392 37
1739553446237 3.340868396612415 38
1739553446273 6.313573457581904 39
1739553446309 0.6154239659526273 40
1739553446348 4.868414434861893 41
1739553446385 8.216011408252625 42
1739553446422 4.699648979390362 43
1739553446459 5.338912577640898 44
1739553446497 3.9501385969321174 45
1739553446535 3.6370841532769824 46
1739553446571 2.9725558490164876 47
1739553446606 7.668028553615523 48
1739553446643 7.879629592437389 49
1739553446683 3.2422666354224905 50
1739553446722 7.887631370828532 51
1739553446760 6.236265331967061 52
1739553446796 5.8970221812612955 53
1739553446832 1.7051841580341076 54
1739553446870 3.4425624051505532 55
1739553446906 10.175844922268631 56
1739553446942 4.556978062438022 57
1739553446978 2.8900965762053876 58
1739553447015 12.981603879565476 59
1739553447051 4.853885900607741 60
1739553447085 5.940922458273683 61
1739553447122 3.791458822818737 62
1739553447157 4.782589712156821 63
1739553447193 7.801766057277799 64
1739553447229 1.4000431449539745 65
1739553447266 5.262565294313945 66
1739553447302 8.332235402658569 67
1739553447339 0.5409282613573868 68
1739553447375 6.454919083003649 69
1739553447412 3.36589949927328 70
1739553447448 4.272937968736668 71
1739553447482 8.182915569240906 72
1739553447519 7.711470192975154 73
1739553447556 10.03707865296628 74
1739553447592 5.211305712197315 75
1739553447628 4.982909555328489 76
1739553447664 1.5834567467294605 77
1739553447700 3.3133606424936306 78
1739553447736 2.675723989670755 79
1739553447772 7.491112815935267 80
1739553447808 2.40896931103216 81
1739553447844 4.314437601406769 82
1739553447879 7.550468632860686 83
1739553447914 1.426062993390128 84
1739553447951 2.4183613181766805 85
1739553447986 7.274516973695854 86
1739553448021 2.2250269518449066 87
1739553448056 7.89390422179 88
1739553448092 3.3024819761737847 89
1739553448127 2.0941763903926223 90
1739553448161 10.324963241573844 91
1739553448197 7.140022131615924 92
1739553448233 4.6141383341646405 93
1739553448268 5.975998042138625 94
1739553448301 3.7172399813663115 95
1739553448339 10.163488733886672 96
1739553448375 2.985810978064901 97
1739553448411 6.194411092169444 98
1739553448448 10.529816955982142 99
1739553448552 1.3399413206355333 100
1739553448612 2.3830379295352766 101
1739553448655 9.182914816309935 102
1739553448697 3.243334441529595 103
1739553448740 1.5909722735515843 104
1739553448781 3.469806314266484 105
1739553448821 3.7223665789210725 106
1739553448861 4.644847091231505 107
1739553448899 3.946279943975599 108
1739553448938 4.276134638834763 109
1739553448976 2.5790887644325506 110
1739553449017 3.399089125069864 111
1739553449054 1.5177364306345822 112
1739553449090 1.4036155161509962 113
1739553449129 2.7666045489025675 114
1739553449164 10.17225149284687 115
1739553449200 2.4427995664775404 116
1739553449235 6.612756194975351 117
1739553449273 3.976069664677241 118
1739553449310 21.52041267122053 119
1739553449347 4.202546083405019 120
1739553449383 7.760981828209294 121
1739553449420 12.597281406198922 122
1739553449456 3.5049762948053527 123
1739553449492 3.691565568949203 124
1739553449529 6.017738130513637 125
1739553449564 9.647165124870995 126
1739553449599 5.149165766843301 127
1739553449634 6.695904140445354 128
1739553449671 3.4652029265955284 129
1739553449707 3.054290750584148 130
1739553449743 7.321538261424527 131
1739553449779 2.8684638711519135 132
1739553449816 2.9151117105001494 133
1739553449852 7.110374934379739 134
1739553449887 3.4237520273973288 135
1739553449924 2.841938829352233 136
1739553449959 3.512321166641211 137
1739553449995 6.272216471987139 138
1739553450031 2.082330025626286 139
1739553450066 9.119819449934294 140
1739553450101 3.3878833194576368 141
1739553450136 4.459362918337309 142
1739553450170 2.9119533794886614 143
1739553450206 3.394285837145286 144
1739553450242 1.8746612841993462 145
1739553450279 7.181087376134679 146
1739553450315 2.2217323606297885 147
1739553450351 6.650172165257074 148
1739553450386 4.076165694749444 149
1739553450422 2.8138832141600307 150
1739553450459 5.179661961164699 151
1739553450495 5.554817937923179 152
1739553450531 7.894323709377159 153
1739553450567 20.845343039257795 154
1739553450602 2.2997113548579895 155
1739553450638 5.224658779385041 156
1739553450674 11.792359211732284 157
1739553450711 2.9300909854293598 158
1739553450752 3.1857067637513614 159
1739553450789 5.320967065945118 160
1739553450825 2.075646763917284 161
1739553450863 4.126590598964888 162
1739553450898 3.547775632262157 163
1739553450934 5.911115538829499 164
1739553450970 3.936134581193164 165
1739553451007 5.791727704571831 166
1739553451045 9.870565219990642 167
1739553451082 3.1831485235017083 168
1739553451119 7.365963843587092 169
1739553451157 3.8697888967168117 170
1739553451192 2.146978621224073 171
1739553451228 4.534120042664869 172
1739553451266 10.235178726750345 173
1739553451301 7.987411032204204 174
1739553451338 6.118749066352613 175
1739553451373 4.59493177638463 176
1739553451412 2.3340612793168938 177
1739553451447 1.7238512241400383 178
1739553451483 6.396652365037225 179
1739553451520 3.143118736421175 180
1739553451557 11.211863767362049 181
1739553451595 2.2013512332501226 182
1739553451631 4.863166701314365 183
1739553451668 3.5168462189933525 184
1739553451703 2.1003205972978534 185
1739553451738 2.95649870109566 186
1739553451776 12.041272676631698 187
1739553451827 8.46428057118823 188
1739553451874 2.6496319468486265 189
1739553451928 3.0226444336035776 190
1739553451985 4.186610975899565 191
1739553452035 7.7405299664978315 192
1739553452084 6.129514600656712 193
1739553452136 12.669392228580106 194
1739553452182 14.926304528498052 195
1739553452239 7.705999116675522 196
1739553452288 1.6718864851544937 197
1739553452348 6.306619155834642 198
1739553452398 6.851753529509645 199
1739553452446 2.3753305972696115 200
1739553452509 4.526611503713611 201
1739553452564 1.7701512667782837 202
1739553452625 7.56883790586451 203
1739553452675 2.5149067725337866 204
1739553452725 4.301732810549041 205
1739553452775 8.781569249886555 206
1739553452836 4.210695695034201 207
1739553452899 2.4404433706705424 208
1739553452955 3.0795975278832675 209
1739553453002 5.815873834203485 210
1739553453051 2.2553861221154623 211
1739553453095 2.8431353524952803 212
1739553453139 3.5917107683253544 213
1739553453182 3.908736830809047 214
1739553453221 11.82633119907376 215
1739553453260 5.722141990233445 216
1739553453297 1.1609271306685829 217
1739553453338 9.596322217424856 218
1739553453375 2.6081144462172032 219
1739553453421 4.176727490631797 220
1739553453469 1.377545505510388 221
1739553453510 3.2721475492728738 222
1739553453552 3.7236988157307995 223
1739553453597 5.042497883523176 224
1739553453636 4.142203045148656 225
1739553453677 1.6236355259298854 226
1739553453717 10.924189552608084 227
1739553453756 21.06906805285625 228
1739553453795 2.4271699931545205 229
1739553453834 2.227843520579162 230
1739553453872 3.21835850347673 231
1739553453911 2.350615709596049 232
1739553453953 3.8677870782312747 233
1739553454002 6.3757971929411354 234
1739553454067 3.1465137210038603 235
1739553454114 3.2493894174381284 236
1739553454162 11.04840450617368 237
1739553454212 7.82019203353317 238
1739553454279 12.045639994310994 239
1739553454330 6.570901825051145 240
1739553454382 4.374076037696004 241
1739553454429 3.7785883558332114 242
1739553454472 9.749366533465572 243
1739553454515 3.4835468940348977 244
1739553454558 6.14023437711373 245
1739553454600 2.486071209504989 246
1739553454639 5.8016839071332695 247
1739553454678 2.1330944888305194 248
1739553454719 0.9406238282740981 249
1739553454757 7.6793595602471845 250
1739553454796 0.4229958420115292 251
1739553454834 4.89264555019226 252
1739553454872 3.955318987084688 253
1739553454909 2.0198730771812023 254
1739553454947 7.586722732642129 255
1739553454984 9.840842253927084 256
1739553455021 3.3415211379148206 257
1739553455058 11.565662251142623 258
1739553455093 5.24229177779735 259
1739553455130 5.167730552860546 260
1739553455169 4.764417058610035 261
1739553455204 10.476605576735007 262
1739553455240 1.5954132702928567 263
1739553455278 7.6301876460679665 264
1739553455314 4.38463745722429 265
1739553455350 0.7949938940580599 266
1739553455386 4.199267564909912 267
1739553455424 4.972466158085653 268
1739553455460 3.9122843303082004 269
1739553455495 5.30232842037692 270
1739553455533 6.8467000319180125 271
1739553455569 36.9509058110723 272
1739553455604 6.9361701483857106 273
1739553455639 11.72922862691296 274
1739553455676 1.30872848213311 275
1739553455713 9.266398542073626 276
1739553455748 11.271509254975836 277
1739553455784 8.095703883096268 278
1739553455821 7.582424852588721 279
1739553455856 11.149193037957113 280
1739553455892 3.5376494166957486 281
1739553455928 4.574720507025486 282
1739553455963 5.622456155785674 283
1739553455998 25.829278852723764 284
1739553456035 9.591676325418257 285
1739553456074 0.8375968423376883 286
1739553456110 9.34232604209015 287
1739553456146 4.236906548755973 288
1739553456183 6.389441778768089 289
1739553456221 3.5958666806958717 290
1739553456256 5.844138823133707 291
1739553456291 5.041351154799106 292
1739553456330 3.128847967794332 293
1739553456365 4.965710216119154 294
1739553456400 1.7820268120364062 295
1739553456436 5.514201643284758 296
1739553456472 2.9414393570870834 297
1739553456507 6.542098322024956 298
1739553456543 12.248050263862133 299
1739553456580 8.226651155915452 300
1739553456617 2.195663022870458 301
1739553456653 2.5898377452191994 302
1739553456688 3.1034313665341697 303
1739553456725 6.949879104818626 304
1739553456761 7.605018344115171 305
1739553456797 3.2093714782453953 306
1739553456832 8.201040467823375 307
1739553456869 25.210432181430555 308
1739553456906 6.39526240018746 309
1739553456942 3.591653086528796 310
1739553456980 4.968381682342456 311
1739553457017 3.275396161489506 312
1739553457053 4.590064041246716 313
1739553457091 8.03110812751809 314
1739553457128 11.872387243051824 315
1739553457163 2.502279546694152 316
1739553457198 3.4868634182451954 317
1739553457234 5.083656963798529 318
1739553457273 0.2621968843093906 319
1739553457313 15.760202758516984 320
1739553457351 2.1115161507095714 321
1739553457387 3.7660009537212824 322
1739553457425 10.364208266586465 323
1739553457461 3.528022052778015 324
1739553457496 1.9390103207277982 325
1739553457533 1.7893249174255323 326
1739553457569 0.9706815432276358 327
1739553457604 5.28635389150048 328
1739553457640 9.5588139473818 329
1739553457676 5.314365983126067 330
1739553457713 10.819999766381251 331
1739553457750 4.673517413255161 332
1739553457788 4.6128957040607474 333
1739553457826 3.0305545143341317 334
1739553457862 6.106074819587311 335
1739553457898 7.364144916430893 336
1739553457934 3.3453095440650595 337
1739553457971 4.746654267080295 338
1739553458006 6.569805283350244 339
1739553458043 7.097455674267967 340
1739553458081 3.957206578872512 341
1739553458117 3.2268283966601636 342
1739553458152 9.006591648250668 343
1739553458188 4.478338657857043 344
1739553458225 2.3578152040717772 345
1739553458261 4.508370313746501 346
1739553458296 4.4960918153701925 347
1739553458335 11.52227598864012 348
1739553458370 4.692383220243964 349
1739553458405 4.359526678287331 350
1739553458443 8.249032733381311 351
1739553458481 5.580795988507258 352
1739553458517 5.376858921263422 353
1739553458553 5.3389598886062455 354
1739553458591 1.0910041021135621 355
1739553458629 1.5467563775829791 356
1739553458666 12.471077664849876 357
1739553458700 18.375742736389512 358
1739553458738 7.35775250579027 359
1739553458776 9.364410065394592 360
1739553458815 5.659347745921894 361
1739553458852 10.490266908526175 362
1739553458890 4.147622048141086 363
1739553458927 1.4233611993740403 364
1739553458963 1.4363324424172645 365
1739553459001 4.523648776189709 366
1739553459037 4.5039257905688785 367
1739553459073 2.2155251947232375 368
1739553459109 0.46331451395335577 369
1739553459147 11.440376282320662 370
1739553459185 2.625156985136027 371
1739553459221 5.850791498507254 372
1739553459258 7.836649860239534 373
1739553459293 4.939676597343808 374
1739553459331 1.8885340861949473 375
1739553459366 5.42713808247402 376
1739553459403 1.1525263793524734 377
1739553459440 4.103905966443326 378
1739553459476 7.169730335276362 379
1739553459516 9.228338476960962 380
1739553459555 2.5354525206453253 381
1739553459594 1.453835896716062 382
1739553459630 2.960065577085457 383
1739553459667 3.801183323151943 384
1739553459703 4.588070807248418 385
1739553459741 3.8929138888841113 386
1739553459779 3.253548410928859 387
1739553459817 7.41861012261237 388
1739553459854 3.268112851911912 389
1739553459889 3.453751795794768 390
1739553459928 2.003218581413096 391
1739553459964 3.846235351247205 392
1739553460000 4.432549562740975 393
1739553460035 2.797241678153425 394
1739553460073 6.765934004147586 395
1739553460109 2.4611201255118287 396
1739553460146 5.521118992254044 397
1739553460183 4.851168002026518 398
1739553460222 6.449178794133551 399
1739553460259 1.891644041387802 400
1739553460294 3.158924136445597 401
1739553460334 1.8410676165674158 402
1739553460370 5.591691339261841 403
1739553460405 13.087264698373463 404
1739553460440 1.570658444973611 405
1739553460478 10.347442837941953 406
1739553460515 3.160458443003108 407
1739553460554 4.832273259497226 408
1739553460591 2.970285775240033 409
1739553460627 12.659985789794801 410
1739553460662 4.134729579145538 411
1739553460698 3.736242940444855 412
1739553460735 1.807489801205067 413
1739553460770 7.342321876266549 414
1739553460805 4.04651859706207 415
1739553460841 10.849797710674979 416
1739553460879 4.570005153900448 417
1739553460915 0.9274966869860753 418
1739553460951 2.7814936478081353 419
1739553460988 15.293994167911077 420
1739553461025 3.0483530332159026 421
1739553461061 3.4809666997106286 422
1739553461097 4.941547679369164 423
1739553461135 8.04722806761533 424
1739553461172 3.3227332401713716 425
1739553461209 4.098607439312328 426
1739553461248 4.958384331785827 427
1739553461286 6.05044963653067 428
1739553461326 6.651665863123449 429
1739553461364 4.074468071130187 430
1739553461401 7.190593910451846 431
1739553461439 2.8680771846302555 432
1739553461476 2.272340653893494 433
1739553461514 2.841060622346913 434
1739553461552 4.530591916609407 435
1739553461590 5.108195502797092 436
1739553461626 1.6293034455198356 437
1739553461662 2.1700157128609354 438
1739553461699 7.5617795793855676 439
1739553461734 6.7853603325374285 440
1739553461769 6.138550563371432 441
1739553461806 4.9912325777049436 442
1739553461842 15.153107924461803 443
1739553461877 6.941743048143143 444
1739553461914 8.061118741593091 445
1739553461950 2.363067442421726 446
1739553461986 2.1566245476331782 447
1739553462023 1.1987928310153855 448
1739553462061 7.09275493751993 449
1739553462099 1.5747679539481287 450
1739553462135 1.6459605547048566 451
1739553462171 3.526881597805812 452
1739553462207 2.2176956430685126 453
1739553462244 2.583945979637473 454
1739553462279 8.23771113814088 455
1739553462317 1.9426283220889493 456
1739553462357 1.8271270296130713 457
1739553462393 4.57493017211791 458
1739553462429 1.9287336233867092 459
1739553462466 8.959938020126321 460
1739553462502 6.5540575940043695 461
1739553462540 3.3781167901000178 462
1739553462575 1.342784836101808 463
1739553462613 5.638015425726356 464
1739553462648 3.4923598626676933 465
1739553462682 1.5640885115761232 466
1739553462719 11.98861255846429 467
