1739617862470 169.40374709841183 0
1739617862487 169.39694313231743 1
1739617862505 169.3902863581021 2
1739617862525 169.38362986345075 3
1739617862548 169.37697365147463 4
1739617862578 169.37031772216176 5
1739617862597 169.36366207550012 6
1739617862615 169.35700671147765 7
1739617862630 169.35035163008246 8
1739617862647 169.34369683130245 9
1739617862663 169.33704231512561 10
1739617862679 169.33038808154004 11
1739617862694 169.32373413053364 12
1739617862709 169.31708046209442 13
1739617862724 169.31042707621043 14
1739617862739 169.30377397286964 15
1739617862754 169.29712115206 16
1739617862768 169.29046861376958 17
1739617862783 169.28381635798638 18
1739617862798 169.27716438469838 19
1739617862813 169.27051269389358 20
1739617862829 169.26386128555995 21
1739617862845 169.25721015968554 22
1739617862860 169.25055931625835 23
1739617862875 169.24390875526638 24
1739617862890 169.23725847669763 25
1739617862905 169.2306084805401 26
1739617862921 169.22395876678178 27
1739617862937 169.2173093354107 28
1739617862953 169.2106601864149 29
1739617862967 169.20401131978235 30
1739617862983 169.19736273550103 31
1739617862998 169.19071443355898 32
1739617863013 169.1840664139442 33
1739617863029 169.17741867664472 34
1739617863060 169.17077122164852 35
1739617863084 169.16412404894362 36
1739617863103 169.15747715851805 37
1739617863120 169.15083055035976 38
1739617863138 169.14418422445686 39
1739617863161 169.13753818079726 40
1739617863179 169.13089241936908 41
1739617863195 169.12424694016022 42
1739617863211 169.1176017431588 43
1739617863228 169.11095682835276 44
1739617863244 169.10431219573007 45
1739617863262 169.09766784527886 46
1739617863278 169.09102377698716 47
1739617863294 169.08437999084285 48
1739617863310 169.07773648683403 49
1739617863326 169.0710932649487 50
1739617863342 169.06445032517493 51
1739617863358 169.05780766750067 52
1739617863374 169.05116529191397 53
1739617863390 169.0445231984028 54
1739617863406 169.03788138695526 55
1739617863421 169.03123985755934 56
1739617863437 169.02459861020304 57
1739617863453 169.0179576448744 58
1739617863469 169.0113169615614 59
1739617863485 169.0046765602521 60
1739617863500 168.99803644093456 61
1739617863516 168.99139660359674 62
1739617863532 168.9847570482267 63
1739617863547 168.97811777481246 64
1739617863562 168.97147878334204 65
1739617863576 168.96484007380343 66
1739617863591 168.95820164618473 67
1739617863608 168.95156350047392 68
1739617863623 168.944925636659 69
1739617863639 168.93828805472802 70
1739617863654 168.93165075466902 71
1739617863670 168.92501373647008 72
1739617863684 168.91837700011914 73
1739617863700 168.91174054560426 74
1739617863716 168.90510437291348 75
1739617863731 168.89846848203481 76
1739617863745 168.89183287295634 77
1739617863759 168.88519754566605 78
1739617863774 168.87856250015193 79
1739617863790 168.87192773640209 80
1739617863812 168.86529325440455 81
1739617863833 168.85865905414727 82
1739617863849 168.85202513561842 83
1739617863866 168.84539149880587 84
1739617863882 168.8387581436978 85
1739617863898 168.8321250702822 86
1739617863914 168.82549227854707 87
1739617863931 168.81885976848048 88
1739617863948 168.81222754007044 89
1739617863964 168.805595593305 90
1739617863979 168.79896392817218 91
1739617863996 168.7923325446601 92
1739617864014 168.7857014427567 93
1739617864029 168.7790706224501 94
1739617864043 168.77244008372827 95
1739617864058 168.76580982657927 96
1739617864072 168.75917985099113 97
1739617864087 168.75255015695197 98
1739617864102 168.7459207444498 99
1739617864116 168.73929161347255 100
1739617864131 168.73266276400838 101
1739617864145 168.72603419604533 102
1739617864160 168.7194059095714 103
1739617864175 168.7127779045747 104
1739617864190 168.70615018104314 105
1739617864204 168.6995227389649 106
1739617864219 168.692895578328 107
1739617864233 168.68626869912046 108
1739617864252 168.6796421013303 109
1739617864275 168.67301578494562 110
1739617864340 168.66638974995448 111
1739617864356 168.65976399634485 112
1739617864373 168.65313852410492 113
1739617864389 168.64651333322254 114
1739617864405 168.6398884236859 115
1739617864421 168.63326379548303 116
1739617864437 168.62663944860196 117
1739617864453 168.62001538303082 118
1739617864471 168.6133915987575 119
1739617864489 168.60676809577024 120
1739617864507 168.60014487405695 121
1739617864525 168.59352193360573 122
1739617864543 168.58689927440463 123
1739617864561 168.58027689644172 124
1739617864580 168.57365479970505 125
1739617864599 168.5670329841827 126
1739617864616 168.56041144986267 127
1739617864633 168.55379019673308 128
1739617864650 168.54716922478192 129
1739617864667 168.54054853399728 130
1739617864683 168.53392812436726 131
1739617864699 168.52730799587988 132
1739617864716 168.5206881485232 133
1739617864732 168.51406858228526 134
1739617864749 168.50744929715415 135
1739617864764 168.5008302931179 136
1739617864782 168.4942115701646 137
1739617864798 168.48759312828236 138
1739617864814 168.4809749674591 139
1739617864831 168.47435708768305 140
1739617864847 168.46773948894216 141
1739617864863 168.46112217122453 142
1739617864878 168.45450513451823 143
1739617864894 168.44788837881129 144
1739617864909 168.44127190409182 145
1739617864926 168.43465571034787 146
1739617864941 168.42803979756746 147
1739617864957 168.42142416573876 148
1739617864972 168.41480881484978 149
1739617864988 168.4081937448886 150
1739617865003 168.4015789558432 151
1739617865018 168.39496444770177 152
1739617865032 168.38835022045237 153
1739617865048 168.38173627408298 154
1739617865063 168.37512260858176 155
1739617865078 168.36850922393677 156
1739617865093 168.361896120136 157
1739617865108 168.35528329716763 158
1739617865123 168.34867075501964 159
1739617865137 168.34205849368018 160
1739617865152 168.33544651313727 161
1739617865166 168.328834813379 162
1739617865181 168.32222339439346 163
1739617865196 168.3156122561687 164
1739617865211 168.30900139869286 165
1739617865227 168.3023908219539 166
1739617865244 168.29578052593996 167
1739617865259 168.28917051063917 168
1739617865274 168.2825607760395 169
1739617865289 168.27595132212915 170
1739617865304 168.2693421488961 171
1739617865319 168.26273325632846 172
1739617865333 168.2561246444143 173
1739617865348 168.24951631314173 174
1739617865363 168.24290826249882 175
1739617865378 168.23630049247362 176
1739617865393 168.22969300305428 177
1739617865408 168.22308579422878 178
1739617865423 168.2164788659853 179
1739617865437 168.2098722183119 180
1739617865452 168.2032658511966 181
1739617865467 168.19665976462755 182
1739617865482 168.1900539585928 183
1739617865497 168.18344843308049 184
1739617865512 168.17684318807866 185
1739617865527 168.17023822357538 186
1739617865543 168.16363353955873 187
1739617865558 168.1570291360169 188
1739617865573 168.1504250129379 189
1739617865587 168.1438211703098 190
1739617865602 168.13721760812072 191
1739617865616 168.13061432635874 192
1739617865632 168.12401132501194 193
1739617865646 168.11740860406843 194
1739617865662 168.1108061635163 195
1739617865676 168.1042040033436 196
1739617865690 168.0976021235385 197
1739617865706 168.09100052408905 198
1739617865720 168.0843992049833 199
1739617865735 168.07779816620942 200
1739617865749 168.07119740775548 201
1739617865763 168.06459692960956 202
1739617865778 168.05799673175972 203
1739617865792 168.0513968141941 204
1739617865807 168.0447971769008 205
1739617865822 168.0381978198679 206
1739617865837 168.03159874308352 207
1739617865851 168.0249999465357 208
1739617865866 168.0184014302126 209
1739617865881 168.01180319410236 210
1739617865896 168.00520523819296 211
1739617865911 167.9986075624725 212
1739617865928 167.9920101669292 213
1739617865945 167.98541305155106 214
1739617865963 167.97881621632627 215
1739617865982 167.97221966124283 216
1739617865999 167.9656233862889 217
1739617866017 167.95902739145257 218
1739617866035 167.95243167672197 219
1739617866053 167.94583624208514 220
1739617866072 167.9392410875302 221
1739617866089 167.93264621304533 222
1739617866106 167.92605161861857 223
1739617866123 167.919457304238 224
1739617866139 167.9128632698918 225
1739617866155 167.90626951556806 226
1739617866170 167.89967604125482 227
1739617866186 167.89308284694025 228
1739617866202 167.8864899326124 229
1739617866217 167.8798972982595 230
1739617866232 167.8733049438695 231
1739617866250 167.86671286943064 232
1739617866264 167.86012107493096 233
1739617866279 167.85352956035862 234
1739617866294 167.84693832570164 235
1739617866310 167.84034737094828 236
1739617866325 167.83375669608648 237
1739617866340 167.82716630110446 238
1739617866354 167.8205761859903 239
1739617866370 167.8139863507322 240
1739617866386 167.80739679531806 241
1739617866401 167.80080751973625 242
1739617866417 167.79421852397468 243
1739617866432 167.78762980802162 244
1739617866448 167.78104137186506 245
1739617866463 167.77445321549322 246
1739617866479 167.76786533889418 247
1739617866493 167.761277742056 248
1739617866507 167.7546904249669 249
1739617866522 167.74810338761492 250
1739617866536 167.74151662998813 251
1739617866552 167.73493015207487 252
1739617866567 167.728343953863 253
1739617866582 167.72175803534083 254
1739617866596 167.71517239649637 255
1739617866612 167.70858703731773 256
1739617866627 167.70200195779316 257
1739617866641 167.6954171579107 258
1739617866657 167.68883263765844 259
1739617866673 167.68224839702452 260
1739617866687 167.67566443599713 261
1739617866703 167.66908075456433 262
1739617866718 167.66249735271427 263
1739617866733 167.65591423043506 264
1739617866749 167.64933138771485 265
1739617866763 167.64274882454174 266
1739617866778 167.63616654090384 267
1739617866793 167.62958453678934 268
1739617866808 167.62300281218637 269
1739617866823 167.61642136708298 270
1739617866841 167.60984020146734 271
1739617866857 167.6032593153276 272
1739617866873 167.5966787086518 273
1739617866887 167.59009838142825 274
1739617866902 167.58351833364495 275
1739617866917 167.57693856529 276
1739617866932 167.57035907635165 277
1739617866948 167.56377986681792 278
1739617866963 167.55720093667705 279
1739617866978 167.5506222859171 280
1739617866993 167.54404391452618 281
1739617867009 167.5374658224925 282
1739617867023 167.53088800980416 283
1739617867038 167.52431047644933 284
1739617867053 167.51773322241604 285
1739617867067 167.51115624769255 286
1739617867082 167.50457955226696 287
1739617867098 167.49800313612738 288
1739617867113 167.49142699926196 289
1739617867128 167.48485114165882 290
1739617867142 167.47827556330614 291
1739617867157 167.4717002641921 292
1739617867173 167.4651252443047 293
1739617867188 167.4585505036322 294
1739617867203 167.45197604216273 295
1739617867217 167.44540185988436 296
1739617867233 167.4388279567853 297
1739617867250 167.43225433285363 298
1739617867265 167.4256809880776 299
1739617867281 167.41910792244528 300
1739617867296 167.4125351359448 301
1739617867312 167.4059626285643 302
1739617867327 167.399390400292 303
1739617867342 167.39281845111597 304
1739617867356 167.38624678102443 305
1739617867372 167.3796753900054 306
1739617867387 167.37310427804718 307
1739617867401 167.36653344513783 308
1739617867416 167.3599628912655 309
1739617867430 167.35339261641835 310
1739617867445 167.34682262058456 311
1739617867459 167.34025290375223 312
1739617867475 167.33368346590953 313
1739617867490 167.32711430704464 314
1739617867505 167.32054542714567 315
1739617867521 167.3139768262008 316
1739617867536 167.30740850419815 317
1739617867552 167.30084046112594 318
1739617867567 167.29427269697223 319
1739617867582 167.28770521172524 320
1739617867597 167.2811380053731 321
1739617867612 167.27457107790394 322
1739617867627 167.268004429306 323
1739617867642 167.26143805956733 324
1739617867656 167.25487196867616 325
1739617867671 167.24830615662063 326
1739617867686 167.2417406233889 327
1739617867701 167.2351753689691 328
1739617867717 167.22861039334938 329
1739617867753 167.22204569651797 330
1739617867771 167.21548127846296 331
1739617867789 167.20891713917257 332
1739617867806 167.2023532786349 333
1739617867823 167.1957896968381 334
1739617867839 167.18922639377044 335
1739617867855 167.18266336941994 336
1739617867871 167.1761006237749 337
1739617867887 167.16953815682336 338
1739617867903 167.16297596855358 339
1739617867919 167.15641405895366 340
1739617867934 167.14985242801183 341
1739617867949 167.14329107571618 342
1739617867964 167.1367300020549 343
1739617867979 167.1301692070162 344
1739617867994 167.12360869058816 345
1739617868009 167.117048452759 346
1739617868024 167.11048849351693 347
1739617868038 167.10392881285003 348
1739617868054 167.09736941074652 349
1739617868069 167.09081028719459 350
1739617868084 167.08425144218234 351
1739617868099 167.077692875698 352
1739617868114 167.0711345877297 353
1739617868129 167.06457657826564 354
1739617868144 167.05801884729402 355
1739617868159 167.05146139480294 356
1739617868175 167.0449042207806 357
1739617868191 167.0383473252152 358
1739617868208 167.03179070809486 359
1739617868224 167.0252343694078 360
1739617868240 167.0186783091422 361
1739617868259 167.0121225272862 362
1739617868274 167.005567023828 363
1739617868289 166.9990117987558 364
1739617868304 166.9924568520577 365
1739617868319 166.98590218372192 366
1739617868335 166.97934779373665 367
1739617868349 166.97279368209007 368
1739617868364 166.96623984877033 369
1739617868379 166.95968629376563 370
1739617868393 166.95313301706415 371
1739617868408 166.94658001865406 372
1739617868424 166.94002729852352 373
1739617868441 166.93347485666075 374
1739617868456 166.92692269305394 375
1739617868471 166.92037080769123 376
1739617868486 166.91381920056082 377
1739617868501 166.90726787165087 378
1739617868516 166.90071682094964 379
1739617868532 166.89416604844524 380
1739617868548 166.8876155541259 381
1739617868565 166.88106533797975 382
1739617868581 166.87451539999503 383
1739617868598 166.86796574015983 384
1739617868614 166.8614163584625 385
1739617868630 166.85486725489108 386
1739617868646 166.84831842943387 387
1739617868661 166.84176988207895 388
1739617868675 166.83522161281456 389
1739617868691 166.82867362162892 390
1739617868707 166.8221259085102 391
1739617868723 166.81557847344655 392
1739617868738 166.80903131642617 393
1739617868753 166.80248443743733 394
1739617868768 166.79593783646814 395
1739617868783 166.78939151350679 396
1739617868798 166.78284546854152 397
1739617868813 166.77629970156048 398
1739617868828 166.76975421255187 399
1739617868843 166.76320900150395 400
1739617868857 166.7566640684048 401
1739617868872 166.75011941324274 402
1739617868886 166.74357503600586 403
1739617868901 166.73703093668243 404
1739617868915 166.73048711526062 405
1739617868930 166.7239435717286 406
1739617868945 166.7174003060746 407
1739617868961 166.71085731828683 408
1739617868978 166.7043146083534 409
1739617868994 166.69777217626265 410
1739617869010 166.69123002200263 411
1739617869024 166.68468814556164 412
1739617869039 166.67814654692788 413
1739617869054 166.67160522608953 414
1739617869069 166.66506418303476 415
1739617869083 166.6585234177518 416
1739617869098 166.65198293022888 417
1739617869112 166.64544272045416 418
1739617869127 166.6389027884159 419
1739617869141 166.63236313410223 420
1739617869158 166.6258237575014 421
1739617869175 166.6192846586016 422
1739617869193 166.61274583739097 423
1739617869211 166.60620729385786 424
1739617869226 166.5996690279904 425
1739617869241 166.5931310397768 426
1739617869258 166.58659332920524 427
1739617869272 166.58005589626396 428
1739617869287 166.57351874094118 429
1739617869302 166.56698186322507 430
1739617869317 166.5604452631039 431
1739617869331 166.55390894056578 432
1739617869346 166.54737289559904 433
1739617869361 166.54083712819184 434
1739617869376 166.53430163833235 435
1739617869391 166.52776642600878 436
1739617869406 166.52123149120945 437
1739617869421 166.51469683392247 438
1739617869436 166.5081624541361 439
1739617869450 166.50162835183852 440
1739617869465 166.495094527018 441
1739617869479 166.48856097966268 442
1739617869494 166.48202770976084 443
1739617869510 166.47549471730068 444
1739617869525 166.46896200227042 445
1739617869540 166.4624295646582 446
1739617869555 166.45589740445234 447
1739617869570 166.44936552164106 448
1739617869585 166.44283391621252 449
1739617869599 166.43630258815494 450
1739617869613 166.4297715374565 451
1739617869628 166.42324076410557 452
1739617869643 166.41671026809027 453
1739617869658 166.4101800493988 454
1739617869673 166.40365010801943 455
1739617869687 166.39712044394037 456
1739617869701 166.39059105714983 457
1739617869716 166.384061947636 458
1739617869730 166.37753311538722 459
1739617869745 166.37100456039155 460
1739617869760 166.36447628263736 461
1739617869774 166.35794828211283 462
1739617869789 166.35142055880613 463
1739617869803 166.3448931127055 464
1739617869817 166.3383659437993 465
1739617869832 166.33183905207557 466
1739617869846 166.32531243752265 467
1739617869860 166.31878610012873 468
1739617869874 166.31226003988203 469
1739617869889 166.30573425677082 470
1739617869903 166.2992087507833 471
1739617869917 166.2926835219077 472
1739617869932 166.28615857013227 473
1739617869947 166.27963389544522 474
1739617869961 166.27310949783478 475
1739617869976 166.26658537728918 476
1739617869990 166.26006153379672 477
1739617870004 166.25353796734552 478
1739617870018 166.24701467792391 479
1739617870033 166.24049166552004 480
1739617870047 166.23396893012224 481
1739617870062 166.22744647171862 482
1739617870077 166.22092429029755 483
1739617870091 166.2144023858472 484
1739617870106 166.20788075835583 485
1739617870121 166.20135940781162 486
1739617870136 166.19483833420287 487
1739617870150 166.18831753751775 488
1739617870164 166.1817970177446 489
1739617870179 166.17527677487158 490
1739617870193 166.16875680888694 491
1739617870208 166.16223711977892 492
1739617870224 166.1557177075358 493
1739617870239 166.14919857214582 494
1739617870259 166.1426797135972 495
1739617870275 166.1361611318781 496
1739617870291 166.1296428269769 497
1739617870309 166.12312479888178 498
1739617870325 166.11660704758097 499
