1739612702308 83.17883547670738 0
1739612702319 42.556582715795315 1
1739612702328 25.610353877623933 2
1739612702337 16.60102159756065 3
1739612702347 11.636581094467214 4
1739612702356 9.544840755780815 5
1739612702365 8.402819404346111 6
1739612702375 7.05097129444339 7
1739612702385 6.775253218706474 8
1739612702396 6.067298527913023 9
1739612702407 6.094915137685944 10
1739612702417 4.792637949025209 11
1739612702427 5.986872846920954 12
1739612702436 5.450494944497655 13
1739612702445 4.574980868798064 14
1739612702455 6.346883323013186 15
1739612702464 5.612944836747317 16
1739612702473 5.526563808429247 17
1739612702483 6.83750363893053 18
1739612702495 5.2080645432989305 19
1739612702505 5.228099421335152 20
1739612702514 4.842311989172309 21
1739612702524 4.967747387891235 22
1739612702533 4.813554265569158 23
1739612702542 5.096899149747003 24
1739612702551 5.346862233662163 25
1739612702560 6.260868920512621 26
1739612702570 5.7497031504521425 27
1739612702579 4.811890150201719 28
1739612702588 5.3130199013484924 29
1739612702597 5.821715745934941 30
1739612702607 5.372960625569928 31
1739612702616 5.849973631501898 32
1739612702627 5.1510967876625395 33
1739612702636 6.089541782842069 34
1739612702645 6.0586531777319115 35
1739612702655 6.26812479152764 36
1739612702664 6.768752642239424 37
1739612702674 5.332927776482232 38
1739612702684 5.724595597053473 39
1739612702693 5.107987733752504 40
1739612702703 5.092701273899125 41
1739612702712 6.276535590967344 42
1739612702721 6.704979494003026 43
1739612702730 5.345157212348559 44
1739612702740 6.153727989039537 45
1739612702749 5.328697054372674 46
1739612702758 5.934341040614593 47
1739612702767 5.129094539247462 48
1739612702776 5.956309636099037 49
1739612702786 6.697388157592732 50
1739612702795 5.07417950716334 51
1739612702803 5.775034578534196 52
1739612702812 5.443401054362179 53
1739612702821 5.136123237062104 54
1739612702830 5.473437794027252 55
1739612702840 5.6936612995517475 56
1739612702849 5.911747367316391 57
1739612702858 5.315474276350718 58
1739612702867 4.87643035037499 59
1739612702876 5.311068320006948 60
1739612702885 5.222172573255113 61
1739612702894 6.019759148465254 62
1739612702903 6.323942238719995 63
1739612702912 5.94289059669889 64
1739612702922 6.514624265012944 65
1739612702931 5.947447135247173 66
1739612702941 4.802653319000278 67
1739612702950 5.356427364302768 68
1739612702959 5.608174547867414 69
1739612702968 4.935324777061263 70
1739612702977 6.694706532763443 71
1739612702987 5.827246671958113 72
1739612702996 5.181705005189698 73
1739612703006 4.8320632657816995 74
1739612703015 5.669941273707395 75
1739612703025 6.890740819859142 76
1739612703034 5.6652163083833 77
1739612703043 4.562680724643251 78
1739612703052 5.485526063664609 79
1739612703061 5.1559533439570835 80
1739612703071 5.801790890732236 81
1739612703080 5.927277137753742 82
1739612703089 5.354993073924733 83
1739612703098 6.39933263920373 84
1739612703107 5.897021066783437 85
1739612703116 6.432938295179838 86
1739612703125 5.498857505206428 87
1739612703135 7.0023953612552745 88
1739612703144 4.622168349587463 89
1739612703155 5.496290164591058 90
1739612703164 5.786079710192296 91
1739612703174 6.0461383976189165 92
1739612703184 5.690859066908407 93
1739612703193 6.91456156920753 94
