1739557663084 150.8753208989205 0
1739557663093 150.80396491253026 1
1739557663102 140.44375552191275 2
1739557663112 135.34835352244497 3
1739557663121 123.6907033356571 4
1739557663130 121.1948556229312 5
1739557663139 113.8009940821421 6
1739557663147 107.84967624638857 7
1739557663156 103.0386492851251 8
1739557663164 98.8233361333415 9
1739557663172 88.35297736399045 10
1739557663180 87.86465376069805 11
1739557663189 80.74213080741754 12
1739557663197 73.62872222588128 13
1739557663206 73.46455861418146 14
1739557663214 73.54213847784978 15
1739557663223 69.14793861782805 16
1739557663231 68.97442986324776 17
1739557663239 61.68673543861291 18
1739557663247 57.9260448949992 19
1739557663256 48.916832448222955 20
1739557663264 50.12775584373705 21
1739557663273 52.22200941375433 22
1739557663289 49.044443474183254 23
1739557663301 47.25968463755374 24
1739557663311 43.618308116822284 25
1739557663320 40.66901570057436 26
1739557663330 41.873113061345926 27
1739557663367 43.985656237617945 28
1739557663377 37.904468991116296 29
1739557663387 36.654212562214596 30
1739557663396 33.489960914846236 31
1739557663405 37.361440571372874 32
1739557663415 31.187249670596888 33
1739557663425 33.46924934695142 34
1739557663435 33.33213370861135 35
1739557663445 34.363792418583664 36
1739557663454 25.35409764806944 37
1739557663463 27.54918690421214 38
1739557663473 28.424317633887668 39
1739557663483 18.626970940539092 40
1739557663492 14.12996104036412 41
1739557663502 26.005095431086485 42
1739557663511 17.988015160548567 43
1739557663520 18.318763133586746 44
1739557663529 26.45480268767293 45
1739557663538 18.252642577553612 46
1739557663546 20.987369610241604 47
1739557663555 21.584522495027283 48
1739557663564 19.743143763403804 49
1739557663573 17.803660635884782 50
1739557663582 19.389584112707226 51
1739557663591 18.46617712612501 52
1739557663600 20.421462151365578 53
1739557663609 22.665171516474466 54
1739557663618 13.162109248732804 55
1739557663627 21.575207659987637 56
1739557663636 15.716085765843093 57
1739557663644 12.740731394879445 58
1739557663653 13.484934073936971 59
1739557663662 16.577517718521054 60
1739557663670 15.317469246252491 61
1739557663679 10.040177695625735 62
1739557663688 18.29952365284539 63
1739557663696 12.754087022781839 64
1739557663705 12.305098386697631 65
1739557663714 12.747124575413073 66
1739557663722 13.864502102089054 67
1739557663731 10.513416441923871 68
1739557663740 15.329193462734226 69
1739557663748 13.947742779591158 70
1739557663757 15.396777999064602 71
1739557663766 14.636191151549678 72
1739557663775 21.318145502675506 73
1739557663786 13.117192575165392 74
1739557663795 14.948296589717554 75
1739557663804 12.242911967236537 76
1739557663812 12.241881196264009 77
1739557663821 13.443903179216008 78
1739557663829 11.665767782461897 79
1739557663838 10.703737393837311 80
1739557663846 16.619088796197 81
1739557663854 14.875491013224757 82
1739557663864 14.091033071158714 83
1739557663872 9.877271035678802 84
1739557663880 14.89782703969818 85
1739557663889 11.67797240715878 86
1739557663897 12.279527933436283 87
1739557663906 10.57149438637001 88
1739557663914 13.332276875602966 89
1739557663922 12.13389119355455 90
1739557663931 13.451062222557708 91
1739557663939 14.27736640828565 92
1739557663947 13.991207111772919 93
1739557663955 13.955474421557742 94
1739557663964 11.61292546973027 95
1739557663972 17.097527355421406 96
1739557663980 7.46053940949424 97
1739557663989 16.02611826085622 98
1739557663997 14.115520372506966 99
1739557664005 10.038173377764949 100
1739557664014 11.159712351029535 101
1739557664023 10.362365571095156 102
1739557664031 13.044598066244824 103
1739557664040 12.225277283562093 104
1739557664049 12.686745271503716 105
1739557664059 12.93017303957186 106
1739557664068 12.555550801607025 107
1739557664077 11.664297829356991 108
1739557664085 14.068342253457324 109
1739557664093 12.860386865454196 110
1739557664101 13.274123299961122 111
1739557664110 14.046566173175938 112
1739557664119 12.908366178139142 113
1739557664127 13.913038084620522 114
1739557664136 14.747041568125345 115
1739557664144 16.234380955526795 116
1739557664153 12.352573169031563 117
1739557664161 14.475927345531014 118
1739557664169 11.062701626890055 119
1739557664178 10.61839799210788 120
1739557664186 16.33737473402851 121
1739557664195 15.552032138393278 122
1739557664203 12.543566685996996 123
1739557664212 12.44072089254143 124
1739557664220 10.97514455428169 125
1739557664228 12.067664164537835 126
1739557664237 8.15115592333872 127
1739557664245 12.74139623350174 128
1739557664254 11.241350617125374 129
1739557664262 11.044640162207324 130
1739557664271 11.677515883177529 131
1739557664279 11.17836676465173 132
1739557664289 13.160328578576644 133
1739557664298 14.061543677691994 134
1739557664308 12.897728769567058 135
1739557664317 12.342583181287713 136
1739557664326 14.935399405905237 137
1739557664335 12.921840492877324 138
1739557664343 7.802746010878602 139
1739557664352 8.230170777035692 140
1739557664360 18.107129023077015 141
1739557664369 12.187237569465637 142
1739557664378 10.84991427412929 143
1739557664386 14.109249777339388 144
1739557664395 18.525097879711765 145
1739557664403 11.891373282609917 146
1739557664411 9.868323386336632 147
1739557664420 11.938641688754576 148
1739557664428 13.6886206219649 149
1739557664437 9.93275061158605 150
1739557664445 12.817678823081929 151
1739557664454 12.211451355229341 152
1739557664463 11.27787534780712 153
1739557664471 11.106689123556054 154
1739557664480 14.349266151998512 155
1739557664489 13.218961928827564 156
1739557664497 8.53798414145231 157
1739557664505 13.833656991325336 158
1739557664513 11.525509373141505 159
1739557664522 12.21655762282998 160
1739557664530 12.31705160911569 161
1739557664539 13.037752384023836 162
1739557664548 12.59221786723705 163
1739557664556 8.542438283344854 164
1739557664564 12.32118852674083 165
1739557664573 8.775109373001225 166
1739557664581 13.782766646400386 167
1739557664590 14.33720409248956 168
1739557664599 11.27911053210147 169
1739557664607 14.446916934618816 170
1739557664616 14.944626035654062 171
1739557664624 9.435271732828491 172
1739557664632 8.964936749498229 173
1739557664641 7.426287277818507 174
1739557664652 12.552726158798508 175
1739557664662 12.648776707959257 176
1739557664672 13.826209192141253 177
1739557664685 16.44602950427653 178
1739557664694 11.402212454384912 179
1739557664703 12.329827082615804 180
1739557664712 11.252788397527935 181
1739557664721 11.280569824150337 182
1739557664730 9.6015327834882 183
1739557664738 12.4974368080191 184
1739557664747 11.645341947087994 185
1739557664757 16.64900326311928 186
1739557664766 12.81905885935159 187
1739557664774 13.2376381711573 188
1739557664785 9.668901398600386 189
1739557664794 10.14526929756211 190
1739557664803 9.869568478910127 191
1739557664812 8.335445552023861 192
1739557664820 10.210375359387129 193
1739557664828 14.168964395264828 194
1739557664837 11.806849530218527 195
1739557664846 9.520928366722734 196
1739557664854 15.507961831805181 197
1739557664863 11.520527957019542 198
1739557664871 17.553007732569974 199
1739557664879 16.404803541172424 200
1739557664888 14.926574664361862 201
1739557664896 12.686840852557383 202
1739557664905 14.939069030937148 203
1739557664914 12.728616554367983 204
1739557664922 13.760452409689663 205
1739557664931 11.273781401822937 206
1739557664939 12.713915793894284 207
1739557664948 12.506765997233453 208
1739557664956 14.109752866036475 209
1739557664964 13.753950198341988 210
1739557664973 12.515567821602973 211
1739557664982 12.452588262378326 212
1739557664991 8.271261422445301 213
1739557665002 13.432718039805353 214
1739557665011 14.671005997580423 215
1739557665019 11.812492653941591 216
1739557665027 12.549437566791951 217
1739557665036 13.80666143068853 218
1739557665044 11.783253570555619 219
1739557665052 12.51136331739373 220
1739557665060 15.808464892038986 221
1739557665069 11.190729048448679 222
1739557665077 10.4395424159546 223
1739557665086 13.70428300247911 224
1739557665094 22.52474847905084 225
1739557665103 13.644211952893537 226
1739557665112 12.198648961801627 227
1739557665121 12.01899123842619 228
1739557665129 12.778578815777381 229
1739557665138 12.300996882969333 230
1739557665146 12.372480819422625 231
1739557665154 16.87087530663656 232
1739557665163 14.726402102189917 233
1739557665172 5.902769132169702 234
1739557665180 12.644484184685668 235
1739557665188 11.66447799081453 236
1739557665197 10.780618148611099 237
1739557665205 9.109114900001938 238
1739557665213 10.041342820410236 239
1739557665222 10.330294242838308 240
1739557665230 13.215339838938304 241
1739557665238 10.877210597250809 242
1739557665247 10.121672178638041 243
1739557665256 10.017279586431197 244
1739557665264 13.53144434406915 245
1739557665273 9.373185041082179 246
1739557665281 11.693167081277414 247
1739557665289 11.570813252924475 248
1739557665298 16.14781362844838 249
1739557665307 17.350791993999678 250
1739557665315 11.107659353347934 251
1739557665324 16.133359872430766 252
1739557665332 11.344758945112714 253
1739557665341 11.77804940977545 254
1739557665351 13.018707999828944 255
1739557665359 16.7655750493968 256
1739557665368 12.367441234454896 257
1739557665376 11.730049595374341 258
1739557665385 18.51508278043915 259
1739557665394 10.370514244415983 260
1739557665403 13.678253612210485 261
1739557665411 11.043984807823888 262
1739557665420 11.749642397544196 263
1739557665428 11.73367071660547 264
1739557665436 14.532553805825474 265
1739557665445 12.130108575762431 266
1739557665454 10.459381870268135 267
1739557665462 16.282700664730115 268
1739557665470 9.982602441553292 269
1739557665479 12.868620922941563 270
1739557665488 14.728414168159183 271
1739557665497 15.999669130290119 272
1739557665505 8.188241281196621 273
1739557665514 12.350393567726783 274
1739557665522 12.434928081143324 275
1739557665531 11.422737014354317 276
1739557665539 10.438124410383374 277
1739557665548 12.629631243401535 278
1739557665556 10.874966409875604 279
1739557665565 13.841754960469112 280
1739557665573 13.44914544230506 281
1739557665582 14.942344942139371 282
1739557665590 7.105840233531805 283
1739557665599 15.677621684276613 284
1739557665608 9.331173032044074 285
1739557665616 12.336447052290769 286
1739557665624 9.32415115602167 287
1739557665633 13.998297640634563 288
1739557665641 14.122057172208644 289
1739557665649 9.25834945908605 290
1739557665658 9.777588663630322 291
1739557665667 13.830295189557885 292
1739557665675 11.098331725063924 293
1739557665684 11.869510433381619 294
1739557665693 15.054399313308398 295
1739557665701 12.855557537703874 296
1739557665709 9.499430242206055 297
1739557665718 11.896975059004976 298
1739557665726 16.33086489018314 299
1739557665736 13.721839163229372 300
1739557665745 11.387546663974065 301
1739557665753 12.497279174642498 302
1739557665761 11.625354760103585 303
1739557665770 16.593361983372866 304
1739557665778 17.10571391848699 305
1739557665787 16.483097862447135 306
1739557665795 15.274520807936119 307
1739557665804 10.684956884972925 308
1739557665812 10.628368537782874 309
1739557665821 12.8170390590377 310
1739557665829 15.986466953061054 311
1739557665838 11.279463551640603 312
1739557665846 10.225160039360764 313
1739557665855 8.67592803067995 314
1739557665864 10.711974562327338 315
1739557665872 9.58455539029368 316
1739557665880 13.363929141360781 317
1739557665889 14.0754144523927 318
1739557665897 14.909178931199595 319
1739557665905 14.088678209644707 320
1739557665914 11.755260716784814 321
1739557665922 8.979646101676314 322
1739557665931 9.636718713294115 323
1739557665940 10.95953729681185 324
1739557665948 12.679622352449941 325
1739557665957 10.248167660808067 326
1739557665965 11.686684742087419 327
1739557665973 16.291855520749962 328
1739557665982 14.638720813459132 329
1739557665991 13.631674548165005 330
1739557665999 10.025198814845288 331
1739557666008 15.079192664773263 332
1739557666016 13.838109271320574 333
1739557666024 12.496889407107446 334
1739557666032 15.376745385008451 335
1739557666041 12.127099349322332 336
1739557666049 11.65905276563133 337
1739557666057 12.6625213169824 338
1739557666066 13.59491936398403 339
1739557666074 11.450751398703954 340
1739557666082 13.422532741754969 341
1739557666091 10.478351818060103 342
1739557666100 14.188442731759553 343
1739557666108 8.40401784283026 344
1739557666116 12.043325028075229 345
1739557666125 11.493118247002057 346
1739557666133 8.25114630877308 347
1739557666141 13.130566853637044 348
1739557666150 16.553472927228917 349
1739557666158 10.339151047228592 350
1739557666166 11.741825670830712 351
1739557666175 11.067715397881729 352
1739557666183 10.37455282296924 353
1739557666192 12.65322447214586 354
1739557666201 13.428257595276863 355
1739557666209 14.052573149311664 356
1739557666217 16.07887907501465 357
1739557666226 14.49146155328105 358
1739557666234 11.751528452096656 359
1739557666242 11.68389617268145 360
1739557666251 11.699560719847579 361
1739557666259 9.776005103513345 362
1739557666267 16.36952297181283 363
1739557666276 11.071581886370698 364
1739557666284 12.073673729184486 365
1739557666292 10.52016603766498 366
1739557666301 9.536980263338629 367
1739557666309 12.797156567197048 368
1739557666317 16.331038960326946 369
1739557666326 9.818868148790076 370
1739557666334 18.786640722994747 371
1739557666342 10.27090776129913 372
1739557666351 11.624705309230036 373
1739557666359 9.874925811303987 374
1739557666368 14.115624685910229 375
1739557666377 10.365281777036333 376
1739557666385 13.972233325338722 377
1739557666394 10.420735379739002 378
1739557666402 11.841273503863786 379
1739557666410 15.232882315311878 380
1739557666419 13.656897510316451 381
1739557666427 10.177776836350883 382
1739557666436 12.08553271527351 383
1739557666444 8.504479735590007 384
1739557666452 14.287086033056534 385
1739557666461 14.446997660210457 386
1739557666469 11.505710511864697 387
1739557666477 11.886696081769118 388
1739557666486 18.230393235120776 389
1739557666494 9.962978780290145 390
1739557666503 12.322851336889881 391
1739557666512 9.52590703265591 392
1739557666520 12.541283214625377 393
1739557666529 8.39629711238384 394
1739557666537 10.368849283605217 395
1739557666546 10.967018166307547 396
1739557666556 10.17670420305304 397
1739557666565 18.339581006251507 398
1739557666573 10.91428716858209 399
1739557666581 12.027807821864796 400
1739557666590 14.247929065979553 401
1739557666598 9.961648797426351 402
1739557666607 13.840814006053119 403
1739557666615 12.289451101406813 404
1739557666624 13.743272589422748 405
1739557666632 9.59321778491076 406
1739557666641 14.107702215011255 407
1739557666649 17.132085529487902 408
1739557666658 13.017286539134279 409
1739557666666 9.918450458901079 410
1739557666674 10.650484633607523 411
1739557666683 10.358282675019648 412
1739557666691 9.543390983953207 413
1739557666699 12.366857619185927 414
1739557666708 10.828817890369065 415
1739557666717 12.369215662654527 416
1739557666725 12.274382863425885 417
1739557666734 9.28059164075836 418
1739557666742 13.272439117548435 419
1739557666750 9.448642644514111 420
1739557666759 14.299324784555054 421
1739557666770 14.773201574944721 422
1739557666779 9.92537403178864 423
1739557666790 9.889957981348699 424
1739557666799 12.780553737720142 425
1739557666807 15.6207478738565 426
1739557666816 13.42326555113525 427
1739557666826 14.002687071403018 428
1739557666835 11.65275169517447 429
1739557666843 12.993289613636618 430
1739557666852 8.240933802968936 431
1739557666861 11.458188435310502 432
1739557666869 11.787019489362496 433
1739557666879 10.057732003615651 434
1739557666888 12.006574212762372 435
1739557666897 12.504296114182214 436
1739557666905 13.007467450989653 437
1739557666914 11.857129911589126 438
1739557666923 11.21611189114343 439
1739557666932 11.321759606423324 440
1739557666940 11.197286115162344 441
1739557666949 14.75733436133231 442
1739557666957 13.402155685031863 443
1739557666966 10.327380038370663 444
1739557666974 13.539634556089906 445
1739557666982 10.632851014256138 446
1739557666991 12.076844740179567 447
1739557666999 11.956961529922093 448
1739557667008 13.407698593747932 449
1739557667016 13.9645946613721 450
1739557667024 13.512643533695424 451
1739557667033 19.923722071362636 452
1739557667041 7.610652274699038 453
1739557667050 10.672424974073435 454
1739557667058 8.521150450186799 455
1739557667067 16.03347351830342 456
1739557667075 10.0621567951134 457
1739557667083 15.29003257469946 458
1739557667092 13.29125313884081 459
1739557667100 13.059638198943116 460
1739557667108 11.256433931242125 461
1739557667116 13.201605348976981 462
1739557667125 9.193845994820878 463
1739557667133 13.250604431262005 464
1739557667142 14.48169859979454 465
1739557667150 11.948241427500296 466
1739557667158 14.214742087208482 467
1739557667167 15.881017613343003 468
1739557667175 12.053878960205099 469
1739557667183 11.359303112779967 470
1739557667192 11.962454602689672 471
1739557667201 12.879257337419878 472
1739557667209 10.019919767952926 473
1739557667217 14.344304705133348 474
1739557667226 10.184093776050242 475
1739557667234 10.473119824174749 476
1739557667243 10.98532867272284 477
1739557667251 12.70643969476076 478
1739557667259 12.088062473452712 479
1739557667268 12.769273117709103 480
1739557667276 10.085101825087978 481
1739557667285 13.492655166835746 482
1739557667293 9.483360019096622 483
1739557667301 12.627578198072001 484
1739557667309 13.972261774070569 485
1739557667318 13.59123612426238 486
1739557667326 9.31137905488066 487
1739557667335 11.656211108285667 488
1739557667343 11.934555548820411 489
1739557667351 13.467379338919867 490
1739557667360 16.12874804832447 491
1739557667368 10.26194849285755 492
1739557667376 10.948858553424746 493
1739557667386 13.33438464138138 494
1739557667394 10.416667136410084 495
1739557667402 14.718206974742778 496
1739557667411 12.756549816113148 497
1739557667420 12.109667908679867 498
1739557667428 8.817435664691255 499
