1739613618715 75.14343638680566 0
1739613618751 37.352500660519745 1
1739613618787 26.696135857903588 2
1739613618824 13.742039891314288 3
1739613618862 5.565176770023235 4
1739613618899 1.2955350939774377 5
1739613618936 0.1928684559624718 6
1739613618972 0.8200200182120905 7
1739613619008 0.4510710991086121 8
1739613619044 0.22303052453300076 9
1739613619079 0.413653782491785 10
1739613619115 0.0722704575377461 11
1739613619151 0.05263052793286495 12
1739613619187 0.23511859161075246 13
1739613619224 0.5212803662696055 14
1739613619261 0.46326386869575 15
1739613619298 0.5809743981608806 16
1739613619334 13.673930897419213 17
1739613619370 0.011840449317241073 18
1739613619406 0.0022023622454344373 19
1739613619442 0.12316245980542585 20
1739613619488 0.11441190405713948 21
1739613619525 1.2091030175194941 22
1739613619561 0.30399090415094043 23
1739613619597 0.011277707360923338 24
1739613619633 9.181721435398277 25
1739613619670 0.24628547455702304 26
1739613619708 0.4611922482168317 27
1739613619745 1.745888110523159 28
1739613619781 0.12995634192995043 29
1739613619816 0.022426609616816445 30
1739613619852 0.34918300107590117 31
1739613619889 2.7563963884761433 32
1739613619926 0.09137954741415748 33
1739613619964 0.3113744087490715 34
1739613620000 0.12922644045659215 35
1739613620036 0.6787461463979281 36
1739613620072 0.8734503608964743 37
1739613620108 0.02580242710456202 38
1739613620145 0.7370832049722591 39
1739613620181 0.30739330042397034 40
1739613620217 0.9385220009520238 41
1739613620284 3.712834886617007 42
1739613620321 0.3515962581400425 43
1739613620358 14.596146637066989 44
1739613620394 1.2822254638511976 45
1739613620443 1.7383143820552607 46
1739613620484 0.1905564507772717 47
1739613620522 0.0034464688115616836 48
1739613620558 9.67701309818397 49
1739613620596 0.6370891759995205 50
1739613620634 0.10624347989586092 51
1739613620671 0.0002284881923734105 52
1739613620707 3.4866376083023254 53
1739613620743 0.24835364011592764 54
1739613620780 0.019687075945085782 55
1739613620815 0.7501381672080908 56
1739613620852 0.4562510470832719 57
1739613620889 0.24236483290644492 58
1739613620926 0.16411189530494033 59
1739613620962 14.849178799676503 60
1739613620998 0.8520965305364567 61
1739613621034 0.012188959928471913 62
1739613621070 0.36972858306443107 63
1739613621107 1.2403689392640667 64
1739613621143 0.40992778324286283 65
1739613621179 1.623510041926797 66
1739613621215 0.008224284498738773 67
1739613621252 0.2062353200463879 68
1739613621287 0.8146099653365251 69
1739613621324 4.343185860527973e-06 70
1739613621369 0.9320640968035031 71
1739613621408 0.03698034951982722 72
1739613621445 0.9177135655498303 73
1739613621481 0.4299501486710363 74
1739613621518 0.21868498613599183 75
1739613621554 0.35712785187933505 76
1739613621589 0.36217597833114906 77
1739613621625 0.44963362207270335 78
1739613621661 0.3471802555087438 79
1739613621698 0.22183621867415956 80
1739613621734 0.09839469485538452 81
1739613621770 0.4584358464441136 82
1739613621806 0.005268074292860601 83
1739613621842 0.009944625152842671 84
1739613621879 0.038879370077456954 85
1739613621915 0.15560093309477632 86
1739613621952 1.33227270879107 87
1739613621989 0.46767308769760846 88
1739613622025 2.387634463863482 89
1739613622062 0.10881663414183301 90
1739613622098 0.7219536548157517 91
1739613622134 0.007621097168319112 92
1739613622170 0.2050661779763449 93
1739613622207 0.810610532676978 94
1739613622243 0.465271428978317 95
1739613622279 2.836481919625565 96
1739613622323 0.08424108991845497 97
1739613622361 1.069999851468076 98
1739613622397 0.01977969178209006 99
1739613622433 0.4028334080318701 100
1739613622469 0.09513436596679796 101
1739613622505 0.5186553693820154 102
1739613622541 0.19703129201470704 103
1739613622577 0.09388086433284705 104
1739613622613 0.6908848547696742 105
1739613622649 1.9531668548906163 106
1739613622685 2.896793958069789 107
1739613622720 0.8821012271909459 108
1739613622756 0.05400502541449501 109
1739613622791 3.1710582731791983 110
1739613622827 2.865822272815001 111
1739613622865 0.9856978245488274 112
1739613622901 0.03882386860407153 113
1739613622937 3.796312448353423 114
1739613622973 0.2535124759171989 115
1739613623009 0.15105441301657271 116
1739613623045 2.7777745484295115 117
1739613623081 0.9763794349659524 118
1739613623117 0.09204857169609602 119
1739613623154 4.262117340307757 120
1739613623191 0.4577131342447092 121
1739613623229 7.062882964534608 122
1739613623273 0.22069440395245446 123
1739613623311 0.0034765429779224253 124
1739613623348 4.098463933118466 125
1739613623383 0.002377573726358971 126
1739613623419 0.22505149287567847 127
1739613623454 0.5982789444366797 128
1739613623491 2.133565826311322 129
1739613623527 0.9228721101531004 130
1739613623563 2.4882968082631836 131
1739613623599 0.16708754481832108 132
1739613623635 0.00355061895014932 133
1739613623671 0.0626626285475171 134
1739613623707 0.4113130608309337 135
1739613623743 0.14992498134206703 136
1739613623779 0.1501328725221201 137
1739613623817 1.6025521502348816 138
1739613623854 0.7037703979265472 139
1739613623889 0.19270204192388077 140
1739613623925 0.11692189148876793 141
1739613623962 3.7363114534338986 142
1739613623998 7.106268188088932 143
1739613624035 0.025738618421792182 144
1739613624070 0.34468569118906905 145
1739613624106 1.3308738964705842 146
1739613624144 0.5335169274439066 147
1739613624180 0.26810515144853075 148
1739613624224 3.174864325946637 149
1739613624261 3.3517550377145295 150
1739613624298 0.6120301627990619 151
1739613624333 0.052670300578023244 152
1739613624368 9.6039367339224 153
1739613624403 0.13640081120025632 154
1739613624439 3.4804043531988578 155
1739613624475 0.281184584518472 156
1739613624510 5.298013052390714 157
1739613624546 1.4228427354961817 158
1739613624582 10.996050197074386 159
1739613624618 2.4431189016914083 160
1739613624654 1.6135622609696145 161
1739613624690 0.49186405945075506 162
1739613624725 2.3621641958037447 163
1739613624761 0.0542141206037119 164
1739613624797 0.7481479536621398 165
1739613624832 0.9364196599014937 166
1739613624869 1.100624773075324 167
1739613624905 0.06561385382030033 168
1739613624942 0.0007708508126561183 169
1739613624978 2.5035805813109806 170
1739613625014 0.9885028799318655 171
1739613625051 1.147810995515339 172
1739613625087 0.6925935870018616 173
1739613625124 0.44405913413413883 174
1739613625168 0.30339283912499115 175
1739613625204 0.047838455581123644 176
1739613625240 0.25405207066161956 177
1739613625276 0.0029322154662617364 178
1739613625312 0.0025482934838111137 179
1739613625347 0.06986540418306306 180
1739613625383 1.400613144478158 181
1739613625419 0.4829271413979918 182
1739613625455 0.14129482386785347 183
1739613625490 0.39579122132990163 184
1739613625526 0.4703915567763442 185
1739613625563 0.10045878622078754 186
1739613625600 0.8632828766147186 187
1739613625635 0.1622679728689463 188
1739613625672 0.9451416867032134 189
1739613625709 0.049834669904021994 190
1739613625746 0.5526803910626771 191
1739613625782 0.8589553349624411 192
1739613625817 0.017593418021092766 193
1739613625853 1.3709267432318208 194
1739613625889 0.14022843569003962 195
1739613625928 0.18740902938210238 196
1739613625965 0.029186892490160453 197
1739613626001 0.2022835068541194 198
1739613626037 0.83162766200493 199
1739613626072 0.1955772254872429 200
1739613626116 0.007224685905216338 201
1739613626152 4.35905460660399 202
1739613626189 0.11248278173177997 203
1739613626224 4.933444036115814 204
1739613626260 1.7583554740477478 205
1739613626296 0.9271567381028023 206
1739613626331 1.3008676226216935 207
1739613626367 2.2146853030930473 208
1739613626404 0.006026549768160319 209
1739613626440 0.3040786048609869 210
1739613626476 0.1015116182219081 211
1739613626512 6.59078504398352 212
1739613626549 1.0977276547338695 213
1739613626584 3.914429496819487 214
1739613626620 0.0059364430898685774 215
1739613626657 1.8274748447927374 216
1739613626692 4.659401401530221 217
1739613626728 0.02703219937557365 218
1739613626764 2.7437916965938887 219
1739613626801 0.25232237522031936 220
1739613626836 3.833579382992302 221
1739613626872 4.318746517370039 222
1739613626909 0.09169741862684985 223
1739613626945 0.03445737372566272 224
1739613626981 0.2403259904923893 225
1739613627018 0.06077414160397756 226
1739613627063 0.1698287052098517 227
1739613627100 0.5089670995772414 228
1739613627137 1.5986400859342542 229
1739613627173 0.685508904743761 230
1739613627210 5.350765898727501 231
1739613627246 1.8368861062727009 232
1739613627281 0.13827516871139886 233
1739613627317 0.40382354687173494 234
1739613627353 0.03472575770949224 235
1739613627388 0.15066076345182475 236
1739613627424 1.0277458988198358 237
1739613627459 0.30921360495061323 238
1739613627495 0.17673854137677816 239
1739613627531 1.1594157398068803 240
1739613627567 0.8480986910551963 241
1739613627602 0.6864121464409745 242
1739613627638 0.010685189804465757 243
1739613627675 2.1339842906969344 244
1739613627711 1.3885535497524446 245
1739613627748 0.37188460683691327 246
1739613627784 0.5165558181921756 247
1739613627821 4.903611531950845 248
1739613627857 1.4040539098253382 249
1739613627893 0.00859887251136289 250
1739613627930 0.9474195996773607 251
1739613627966 1.3708265310516596 252
1739613628009 3.3538648414361387 253
1739613628049 1.3207440526272507 254
1739613628084 14.407063172691947 255
1739613628120 0.019001875270587942 256
1739613628155 1.1160982359172185 257
1739613628191 0.6990764541015048 258
1739613628227 1.2209870894271977 259
1739613628263 0.5409715372794544 260
1739613628298 1.6156667895003296 261
1739613628334 0.01832700128424052 262
1739613628370 4.093851997496763 263
1739613628405 1.4999548624315506 264
1739613628440 0.0034045927971233843 265
1739613628476 1.0517174527532358 266
1739613628512 0.10225700256221128 267
1739613628548 2.204254616296497 268
1739613628583 0.026391943309367553 269
1739613628619 1.233316209078826 270
1739613628655 0.08838085209502454 271
1739613628690 0.009099872611324066 272
1739613628726 0.13155323153334117 273
1739613628762 9.99845144125272 274
1739613628799 0.07958098290965848 275
1739613628834 3.817947196308727 276
1739613628870 0.016144185578751448 277
1739613628906 0.05887358599818735 278
1739613628942 0.8208543834846517 279
1739613628989 0.32686173412022873 280
1739613629026 0.05174075511569897 281
1739613629062 3.7778566635400046 282
1739613629098 0.6538011135281612 283
1739613629134 1.1804399692481637 284
1739613629169 1.7214433703068601 285
1739613629205 0.05328684372588207 286
1739613629242 1.2814276196545973 287
1739613629278 0.8480183307535023 288
1739613629314 0.24622931644572094 289
1739613629349 1.8214385204432357 290
1739613629385 4.773377544237323 291
1739613629421 0.30395888108576646 292
1739613629456 0.08317993954761109 293
1739613629493 1.0196284359407444 294
1739613629529 8.104083370305444 295
1739613629565 14.117758529884606 296
1739613629601 1.3918880120347226 297
1739613629638 0.3219056971371296 298
1739613629674 0.3177875429969176 299
1739613629710 0.24115235586787173 300
1739613629747 1.776314092479205 301
1739613629784 0.8164455417620856 302
1739613629819 1.6391809898713012 303
1739613629855 0.16365129441395532 304
1739613629892 0.24712433073709708 305
1739613629938 0.7007047370537037 306
1739613629976 0.5151555768390185 307
1739613630012 0.7069633488924812 308
1739613630048 0.42281002828718844 309
1739613630085 0.9114770712445545 310
1739613630121 0.7986442604624521 311
1739613630158 0.0894358815871808 312
1739613630194 1.4673262354864918 313
1739613630232 1.0279719817872413 314
1739613630268 5.540316100582617 315
1739613630304 0.14709769013071186 316
1739613630340 0.0005468890130593471 317
1739613630376 1.012385056201486 318
1739613630412 0.1330478985022311 319
1739613630447 0.0914350949277424 320
1739613630483 0.23995121406235548 321
1739613630519 0.12888380665360186 322
1739613630555 0.051736440105288786 323
1739613630591 0.012333745319079192 324
1739613630627 2.7900770021641015 325
1739613630663 0.07925747672198971 326
1739613630699 2.9235685129300317e-07 327
1739613630735 1.161989464587199 328
1739613630771 0.275024396544095 329
1739613630808 1.1173408323995162 330
1739613630844 20.99570069419997 331
1739613630890 1.5122013078770093 332
1739613630927 2.6687978598853754 333
1739613630964 16.571440796429602 334
1739613630999 0.7825098962569087 335
1739613631035 0.6143696191177607 336
1739613631071 3.673627030880729 337
1739613631107 0.7588241902660187 338
1739613631143 0.01064664820715705 339
1739613631179 11.300544340853715 340
1739613631215 0.511162498546002 341
1739613631250 0.43178246487452904 342
1739613631287 1.2287997824316306 343
1739613631323 0.11146483308429611 344
1739613631359 0.007976281730960749 345
1739613631395 0.13307488784693974 346
1739613631430 0.7457288519573577 347
1739613631466 1.1753382263596814 348
1739613631501 32.029376414744846 349
1739613631537 0.05593422112118918 350
1739613631573 0.4655005788729364 351
1739613631610 0.556438816684489 352
1739613631646 0.8973086148794416 353
1739613631682 0.0013757901623978558 354
1739613631718 3.463144607736518 355
1739613631754 1.0590234059523296 356
1739613631790 0.1817394927115903 357
1739613631837 0.17754814699174407 358
1739613631874 1.985061123631149 359
1739613631911 1.2728347450272364e-06 360
1739613631948 0.0036891646277071497 361
1739613631985 0.03491831588395902 362
1739613632021 0.7868647837041943 363
1739613632058 1.2924975854330472 364
1739613632094 15.74299334753433 365
1739613632130 0.11617838806919055 366
1739613632165 0.131360214841868 367
1739613632201 0.9751161253313086 368
1739613632237 0.8892822873225812 369
1739613632273 0.3706965922479838 370
1739613632309 0.9074664025198492 371
1739613632345 1.8795099177168353 372
1739613632381 0.21845286356411361 373
1739613632418 0.014484723972354282 374
1739613632454 6.1283341058958705 375
1739613632490 0.6289406437825904 376
1739613632526 1.0306737390622753 377
1739613632563 3.239084652805218 378
1739613632599 1.0498270960864595 379
1739613632635 0.3473660038226585 380
1739613632671 0.09645244411012946 381
1739613632707 0.28118113378155446 382
1739613632745 0.012261159357543142 383
1739613632791 0.0982486551477094 384
1739613632828 0.016736233466505213 385
1739613632864 0.4002745376892545 386
1739613632899 2.9292682820054514 387
1739613632935 0.0866400154341511 388
1739613632972 0.4450531631012643 389
1739613633008 0.5017276408878224 390
1739613633044 0.202858917454139 391
1739613633080 0.009276234418682697 392
1739613633116 0.9388938351759234 393
1739613633153 0.04184575344334877 394
1739613633192 0.0013632259698913196 395
1739613633233 1.3574284091728637 396
1739613633268 0.002245537829306677 397
1739613633307 0.11471809229233905 398
1739613633345 2.9128793701156006 399
1739613633381 0.472534234396102 400
1739613633417 4.4141059693959175 401
1739613633452 0.00048571473457039794 402
1739613633493 1.5025735217695462 403
1739613633530 0.7588135443902003 404
1739613633567 0.058523746216620355 405
1739613633604 4.836456382364117 406
1739613633642 0.004787020129892136 407
1739613633679 0.31509588630629304 408
1739613633717 0.0006398353198632173 409
1739613633754 1.9709701609813248 410
1739613633792 0.033013831707735586 411
1739613633829 0.1466727922381934 412
1739613633875 1.2446290539959493 413
1739613633915 0.1644612304316961 414
1739613633951 0.8107773976890897 415
1739613633993 0.03258223719099783 416
1739613634035 0.5122225677951975 417
1739613634077 1.2651583852343498 418
1739613634114 0.8118438447478533 419
1739613634150 0.040472774260762526 420
1739613634185 36.779264738483896 421
1739613634220 1.345701852990216 422
1739613634256 0.14561030659466348 423
1739613634291 0.4167567657880503 424
1739613634327 1.4629678165046225 425
1739613634364 0.3714005544216257 426
1739613634403 0.49701932272088073 427
1739613634441 1.6035272939758183 428
1739613634478 0.16897454530000316 429
1739613634516 1.127970212893797 430
1739613634552 0.8484522774928687 431
1739613634589 0.7238639069313794 432
1739613634626 1.039564206439743 433
1739613634664 3.4716709536167656 434
1739613634702 0.013202210356440994 435
1739613634739 0.769913059375074 436
1739613634779 0.002273144608637817 437
1739613634816 0.9040715207319469 438
1739613634853 1.3582591749029744 439
1739613634889 2.078200128068941 440
1739613634928 0.3405230637110783 441
1739613634967 0.009221772894389314 442
1739613635012 0.00031536550049949543 443
1739613635050 2.5269508112296286 444
1739613635088 0.11750133004233086 445
1739613635126 17.01424855840838 446
1739613635164 0.670878133459735 447
1739613635201 0.8824128624726634 448
1739613635237 0.1982126623263661 449
1739613635274 0.6186492510963544 450
1739613635316 0.06477569816748634 451
1739613635355 1.7681028037482107 452
1739613635392 0.8964925592465371 453
1739613635428 0.7672606032767749 454
1739613635463 0.6575398506220734 455
1739613635499 1.8151273455484043 456
1739613635534 0.19339496472257012 457
1739613635569 0.7071401342552476 458
1739613635604 0.5366232954801726 459
1739613635639 0.07491822351019127 460
1739613635676 0.7095645490678816 461
1739613635715 0.47503033040391296 462
1739613635752 1.4785157606439459 463
1739613635789 0.2919870466772531 464
1739613635826 37.71219228025087 465
1739613635864 0.18805524026835968 466
1739613635901 0.023381365925290876 467
1739613635982 0.17581158317485496 468
1739613636036 0.034641861519402774 469
1739613636080 0.7101581943966212 470
1739613636122 2.0759388103625662 471
1739613636162 2.498333018294284 472
1739613636201 0.0010796291690642094 473
1739613636239 0.15093508931519573 474
1739613636278 1.8358624970771908 475
1739613636316 0.01694240867844305 476
1739613636355 0.13730531156901327 477
1739613636394 0.01912419639918574 478
1739613636444 0.05672928901388738 479
1739613636485 2.6473911867385 480
1739613636524 0.0006061512568970652 481
1739613636563 0.3172258289003788 482
1739613636602 0.10497878919791499 483
1739613636641 0.4878576349367312 484
1739613636680 0.22596456235287582 485
1739613636719 2.5315328635203485 486
1739613636758 0.04320263941614969 487
1739613636800 0.8357452656835971 488
1739613636840 1.4314485172970872 489
1739613636879 1.6695475160559363 490
1739613636919 0.012312870582877982 491
1739613636958 0.28658604510276664 492
1739613636997 0.0235117142487127 493
1739613637035 2.5062934511631236 494
1739613637075 1.6993706468107013 495
1739613637116 0.016516056667878358 496
1739613637156 2.466127791879265 497
1739613637197 0.4996989606988133 498
1739613637238 0.0001624435072309992 499
