1739553935954 169.6210407770955 0
1739553935961 169.28342331990137 1
1739553935967 169.11514670433334 2
1739553935974 168.94695377158112 3
1739553935980 168.77894597732623 4
1739553935986 168.61112304841063 5
1739553935992 168.4434847730465 6
1739553935998 168.27603093965755 7
1739553936005 168.10876133691534 8
1739553936011 167.94167575373925 9
1739553936017 167.7747739792958 10
1739553936023 167.60805580299865 11
1739553936029 167.4415210145082 12
1739553936036 167.27516940373135 13
1739553936042 167.10900076082117 14
1739553936048 166.9430148761765 15
1739553936054 166.7772115404419 16
1739553936061 166.61159054450718 17
1739553936068 166.4461516795071 18
1739553936074 166.28089473682124 19
1739553936081 166.11581950807346 20
1739553936087 165.95092578513191 21
1739553936093 165.7862133601085 22
1739553936099 165.6216820253586 23
1739553936106 165.45733157348113 24
1739553936112 165.2931617973177 25
1739553936119 165.12917248995277 26
1739553936125 164.96536344471315 27
1739553936131 164.80173445516772 28
1739553936137 164.6382853151273 29
1739553936144 164.47501581864418 30
1739553936151 164.31192576001186 31
1739553936159 164.1490149337649 32
1739553936164 163.9862831346785 33
1739553936171 163.82373015776832 34
1739553936178 163.66135579828997 35
1739553936184 163.4991598517391 36
1739553936191 163.33714211385072 37
1739553936199 163.17530238059922 38
1739553936205 163.01364044819795 39
1739553936211 162.85215611309883 40
1739553936217 162.69084917199243 41
1739553936223 162.52971942180716 42
1739553936229 162.36876665970954 43
1739553936235 162.20799068310345 44
1739553936241 162.04739128963018 45
1739553936247 161.88696827716797 46
1739553936253 161.7267214438318 47
1739553936259 161.56665058797302 48
1739553936265 161.40675550817917 49
1739553936272 161.24703600327385 50
1739553936277 161.08749187231592 51
1739553936284 160.9281229145998 52
1739553936291 160.7689289296549 53
1739553936297 160.60990971724542 54
1739553936303 160.4510650773699 55
1739553936309 160.2923948102613 56
1739553936316 160.1338987163863 57
1739553936322 159.9755765964454 58
1739553936328 159.81742825137238 59
1739553936334 159.65945348233413 60
1739553936340 159.50165209073037 61
1739553936346 159.34402387819333 62
1739553936352 159.18656864658763 63
1739553936358 159.02928619800971 64
1739553936364 158.8721763347879 65
1739553936371 158.71523885948184 66
1739553936377 158.55847357488238 67
1739553936384 158.40188028401133 68
1739553936390 158.24545879012103 69
1739553936401 158.08920889669426 70
1739553936407 157.9331304074437 71
1739553936413 157.7772231263121 72
1739553936419 157.6214868574715 73
1739553936425 157.46592140532331 74
1739553936431 157.31052657449797 75
1739553936437 157.1553021698546 76
1739553936444 157.0002479964807 77
1739553936450 156.84536385969193 78
1739553936456 156.690649565032 79
1739553936462 156.53610491827212 80
1739553936468 156.38172972541096 81
1739553936474 156.22752379267413 82
1739553936480 156.0734869265143 83
1739553936486 155.91961893361048 84
1739553936492 155.7659196208681 85
1739553936498 155.61238879541852 86
1739553936505 155.4590262646189 87
1739553936511 155.3058318360519 88
1739553936517 155.1528053175254 89
1739553936523 154.99994651707215 90
1739553936528 154.84725524294961 91
1739553936534 154.69473130363983 92
1739553936541 154.5423745078487 93
1739553936547 154.3901846645063 94
1739553936552 154.2381615827661 95
1739553936559 154.08630507200505 96
1739553936564 153.93461494182316 97
1739553936570 153.78309100204322 98
1739553936576 153.63173306271077 99
1739553936582 153.4805409340933 100
1739553936588 153.32951442668076 101
1739553936594 153.17865335118447 102
1739553936600 153.02795751853748 103
1739553936606 152.87742673989416 104
1739553936612 152.72706082662967 105
1739553936618 152.57685959033995 106
1739553936624 152.4268228428415 107
1739553936629 152.27695039617086 108
1739553936636 152.12724206258468 109
1739553936642 151.97769765455917 110
1739553936647 151.82831698478998 111
1739553936653 151.679099866192 112
1739553936659 151.53004611189883 113
1739553936665 151.38115553526293 114
1739553936671 151.23242794985498 115
1739553936677 151.08386316946394 116
1739553936682 150.93546100809635 117
1739553936689 150.7872212799767 118
1739553936695 150.63914379954667 119
1739553936701 150.49122838146488 120
1739553936707 150.34347484060703 121
1739553936713 150.1958829920653 122
1739553936719 150.04845265114815 123
1739553936725 149.90118363338016 124
1739553936731 149.75407575450163 125
1739553936737 149.6071288304685 126
1739553936744 149.46034267745202 127
1739553936750 149.31371711183837 128
1739553936755 149.16725195022866 129
1739553936761 149.02094700943837 130
1739553936767 148.8748021064974 131
1739553936774 148.72881705864958 132
1739553936780 148.5829916833526 133
1739553936786 148.43732579827744 134
1739553936793 148.29181922130874 135
1739553936800 148.1464717705438 136
1739553936806 148.00128326429277 137
1739553936812 147.85625352107846 138
1739553936819 147.7113823596357 139
1739553936826 147.5666695989115 140
1739553936833 147.42211505806446 141
1739553936840 147.27771855646498 142
1739553936846 147.1334799136943 143
1739553936852 146.98939894954498 144
1739553936859 146.84547548402014 145
1739553936865 146.70170933733363 146
1739553936871 146.55810032990922 147
1739553936878 146.414648282381 148
1739553936884 146.27135301559264 149
1739553936891 146.12821435059735 150
1739553936898 145.98523210865758 151
1739553936904 145.84240611124486 152
1739553936910 145.6997361800394 153
1739553936917 145.55722213692994 154
1739553936923 145.41486380401352 155
1739553936929 145.27266100359518 156
1739553936936 145.1306135581878 157
1739553936942 144.98872129051162 158
1739553936947 144.84698402349437 159
1739553936954 144.70540158027066 160
1739553936960 144.56397378418194 161
1739553936966 144.4227004587763 162
1739553936972 144.2815814278079 163
1739553936978 144.14061651523724 164
1739553936985 143.99980554523043 165
1739553936992 143.85914834215927 166
1739553936998 143.71864473060077 167
1739553937005 143.57829453533714 168
1739553937012 143.43809758135538 169
1739553937018 143.29805369384698 170
1739553937025 143.15816269820803 171
1739553937031 143.01842442003854 172
1739553937037 142.87883868514248 173
1739553937043 142.73940531952738 174
1739553937050 142.60012414940422 175
1739553937056 142.46099500118703 176
1739553937062 142.32201770149294 177
1739553937068 142.1831920771416 178
1739553937075 142.04451795515502 179
1739553937082 141.90599516275765 180
1739553937088 141.76762352737558 181
1739553937095 141.62940287663687 182
1739553937102 141.4913330383709 183
1739553937108 141.35341384060837 184
1739553937114 141.2156451115809 185
1739553937120 141.0780266797208 186
1739553937126 140.9405583736612 187
1739553937132 140.8032400222351 188
1739553937139 140.66607145447583 189
1739553937145 140.52905249961645 190
1739553937152 140.39218298708957 191
1739553937162 140.25546274652712 192
1739553937171 140.11889160776016 193
1739553937178 139.98246940081867 194
1739553937184 139.84619595593108 195
1739553937191 139.71007110352437 196
1739553937198 139.57409467422366 197
1739553937204 139.4382664988519 198
1739553937211 139.3025864084298 199
1739553937218 139.16705423417548 200
1739553937225 139.03166980750436 201
1739553937232 138.8964329600288 202
1739553937239 138.7613435235578 203
1739553937245 138.62640133009705 204
1739553937252 138.4916062118485 205
1739553937258 138.35695800121005 206
1739553937264 138.22245653077547 207
1739553937271 138.0881016333342 208
1739553937278 137.95389314187094 209
1739553937285 137.81983088956554 210
1739553937299 137.68591470979277 211
1739553937306 137.55214443612203 212
1739553937314 137.41851990231723 213
1739553937321 137.2850409423364 214
1739553937327 137.15170739033158 215
1739553937334 137.01851908064856 216
1739553937340 136.88547584782663 217
1739553937346 136.75257752659837 218
1739553937352 136.61982395188946 219
1739553937358 136.48721495881836 220
1739553937364 136.3547503826961 221
1739553937371 136.22243005902618 222
1739553937378 136.09025382350418 223
1739553937385 135.95822151201764 224
1739553937391 135.82633296064571 225
1739553937397 135.69458800565909 226
1739553937439 135.56298648351967 227
1739553937446 135.43152823088036 228
1739553937452 135.3002130845849 229
1739553937459 135.1690408816675 230
1739553937466 135.03801145935282 231
1739553937472 134.9071246550555 232
1739553937479 134.77638030638013 233
1739553937485 134.64577825112096 234
1739553937492 134.5153183272617 235
1739553937498 134.38500037297516 236
1739553937505 134.2548242266233 237
1739553937512 134.1247897267567 238
1739553937520 133.9948967121145 239
1739553937526 133.86514502162427 240
1739553937533 133.73553449440155 241
1739553937539 133.60606496974978 242
1739553937546 133.47673628716004 243
1739553937552 133.34754828631088 244
1739553937558 133.21850080706804 245
1739553937564 133.0895936894842 246
1739553937571 132.9608267737988 247
1739553937578 132.83219990043793 248
1739553937585 132.70371291001385 249
1739553937592 132.575365643325 250
1739553937598 132.4471579413557 251
1739553937604 132.31908964527585 252
1739553937611 132.1911605964409 253
1739553937617 132.0633706363915 254
1739553937624 131.93571960685318 255
1739553937631 131.8082073497364 256
1739553937637 131.6808337071361 257
1739553937644 131.55359852133157 258
1739553937650 131.42650163478626 259
1739553937656 131.29954289014748 260
1739553937663 131.17272213024629 261
1739553937669 131.04603919809716 262
1739553937676 130.91949393689785 263
1739553937682 130.79308619002916 264
1739553937689 130.6668158010547 265
1739553937695 130.54068261372066 266
1739553937701 130.4146864719557 267
1739553937708 130.2888272198705 268
1739553937715 130.16310470175796 269
1739553937722 130.03751876209245 270
1739553937729 129.91206924552998 271
1739553937735 129.78675599690789 272
1739553937742 129.6615788612446 273
1739553937748 129.53653768373945 274
1739553937755 129.41163230977236 275
1739553937761 129.2868625849038 276
1739553937767 129.16222835487443 277
1739553937774 129.0377294656049 278
1739553937781 128.9133657631958 279
1739553937787 128.78913709392725 280
1739553937794 128.6650433042587 281
1739553937800 128.5410842408289 282
1739553937807 128.41725975045546 283
1739553937814 128.29356968013485 284
1739553937820 128.17001387704198 285
1739553937827 128.04659218853016 286
1739553937833 127.92330446213079 287
1739553937840 127.80015054555318 288
1739553937846 127.67713028668436 289
1739553937853 127.55424353358883 290
1739553937859 127.43149013450841 291
1739553937865 127.30886993786193 292
1739553937872 127.18638279224511 293
1739553937878 127.06402854643034 294
1739553937884 126.9418070493664 295
1739553937891 126.81971815017836 296
1739553937898 126.69776169816731 297
1739553937904 126.57593754281008 298
1739553937911 126.4542455337592 299
1739553937918 126.33268552084257 300
1739553937924 126.21125735406329 301
1739553937931 126.0899608835994 302
1739553937937 125.9687959598038 303
1739553937944 125.84776243320388 304
1739553937951 125.72686015450147 305
1739553937957 125.60608897457247 306
1739553937964 125.48544874446684 307
1739553937970 125.3649393154082 308
1739553937977 125.24456053879376 309
1739553937983 125.12431226619407 310
1739553937990 125.00419434935274 311
1739553937996 124.88420664018645 312
1739553938002 124.76434899078446 313
1739553938010 124.64462125340857 314
1739553938017 124.52502328049302 315
1739553938024 124.40555492464398 316
1739553938030 124.28621603863965 317
1739553938037 124.1670064754299 318
1739553938043 124.04792608813611 319
1739553938049 123.92897473005092 320
1739553938055 123.81015225463811 321
1739553938061 123.6914585155323 322
1739553938068 123.57289336653886 323
1739553938074 123.45445666163363 324
1739553938080 123.3361482549627 325
1739553938086 123.2179680008423 326
1739553938092 123.0999157537585 327
1739553938099 122.98199136836706 328
1739553938105 122.86419469949325 329
1739553938111 122.74652560213163 330
1739553938117 122.62898393144575 331
1739553938124 122.51156954276819 332
1739553938130 122.39428229160004 333
1739553938137 122.27712203361104 334
1739553938143 122.16008862463907 335
1739553938149 122.04318192069023 336
1739553938156 121.9264017779384 337
1739553938162 121.80974805272518 338
1739553938168 121.69322060155967 339
1739553938174 121.57681928111826 340
1739553938182 121.46054394824442 341
1739553938189 121.34439445994849 342
1739553938196 121.2283706734076 343
1739553938202 121.11247244596525 344
1739553938209 120.99669963513135 345
1739553938216 120.88105209858189 346
1739553938222 120.76552969415872 347
1739553938228 120.65013227986951 348
1739553938235 120.53485971388729 349
1739553938242 120.4197118545506 350
1739553938249 120.30468856036293 351
1739553938255 120.18978968999284 352
1739553938262 120.07501510227355 353
1739553938268 119.96036465620286 354
1739553938275 119.84583821094286 355
1739553938282 119.7314356258199 356
1739553938288 119.61715676032416 357
1739553938295 119.50300147410967 358
1739553938301 119.38896962699401 359
1739553938309 119.27506107895816 360
1739553938316 119.16127569014623 361
1739553938323 119.04761332086538 362
1739553938329 118.93407383158552 363
1739553938335 118.82065708293922 364
1739553938342 118.7073629357214 365
1739553938349 118.59419125088928 366
1739553938356 118.48114188956202 367
1739553938362 118.3682147130207 368
1739553938368 118.25540958270801 369
1739553938375 118.14272636022811 370
1739553938382 118.03016490734639 371
1739553938388 117.9177250859894 372
1739553938395 117.80540675824443 373
1739553938401 117.69320978635965 374
1739553938415 117.58113403274355 375
1739553938422 117.46917935996505 376
1739553938428 117.35734563075319 377
1739553938434 117.24563270799689 378
1739553938440 117.13404045474488 379
1739553938446 117.02256873420541 380
1739553938452 116.91121740974609 381
1739553938458 116.79998634489372 382
1739553938464 116.68887540333412 383
1739553938470 116.57788444891189 384
1739553938476 116.46701334563024 385
1739553938487 116.35626195765083 386
1739553938493 116.24563014929355 387
1739553938499 116.13511778503634 388
1739553938506 116.02472472951503 389
1739553938512 115.91445084752313 390
1739553938518 115.80429600401159 391
1739553938525 115.69426006408872 392
1739553938532 115.58434289302 393
1739553938538 115.47454435622772 394
1739553938544 115.36486431929104 395
1739553938550 115.25530264794563 396
1739553938557 115.14585920808354 397
1739553938563 115.03653386575303 398
1739553938569 114.92732648715838 399
1739553938576 114.81823693865971 400
1739553938582 114.7092650867727 401
1739553938588 114.60041079816861 402
1739553938595 114.4916739396739 403
1739553938601 114.38305437827013 404
1739553938608 114.2745519810938 405
1739553938614 114.16616661543607 406
1739553938620 114.05789814874271 407
1739553938628 113.94974644861387 408
1739553938634 113.84171138280377 409
1739553938641 113.73379281922072 410
1739553938648 113.62599062592682 411
1739553938654 113.51830467113777 412
1739553938661 113.41073482322275 413
1739553938667 113.30328095070425 414
1739553938673 113.19594292225776 415
1739553938679 113.08872060671172 416
1739553938686 112.9816138730473 417
1739553938692 112.87462259039819 418
1739553938698 112.76774662805053 419
1739553938704 112.66098585544252 420
1739553938711 112.55434014216445 421
1739553938717 112.4478093579584 422
1739553938723 112.34139337271813 423
1739553938730 112.23509205648881 424
1739553938736 112.12890527946699 425
1739553938743 112.02283291200023 426
1739553938749 111.91687482458707 427
1739553938755 111.8110308878768 428
1739553938761 111.70530097266928 429
1739553938767 111.59968494991477 430
1739553938773 111.49418269071376 431
1739553938780 111.38879406631672 432
1739553938786 111.28351894812407 433
1739553938793 111.17835720768586 434
1739553938799 111.0733087167017 435
1739553938805 110.96837334702046 436
1739553938811 110.8635509706402 437
1739553938818 110.75884145970801 438
1739553938825 110.65424468651972 439
1739553938831 110.5497605235198 440
1739553938838 110.44538884330119 441
1739553938844 110.3411295186051 442
1739553938850 110.23698242232085 443
1739553938856 110.13294742748568 444
1739553938862 110.02902440728457 445
1739553938869 109.92521323505011 446
1739553938875 109.82151378426225 447
1739553938881 109.71792592854824 448
1739553938887 109.6144495416823 449
1739553938893 109.51108449758556 450
1739553938900 109.4078306703259 451
1739553938906 109.3046879341177 452
1739553938913 109.20165616332169 453
1739553938919 109.09873523244482 454
1739553938926 108.99592501614006 455
1739553938932 108.89322538920617 456
1739553938938 108.79063622658764 457
1739553938945 108.68815740337443 458
1739553938951 108.58578879480183 459
1739553938957 108.48353027625028 460
1739553938963 108.38138172324527 461
1739553938969 108.27934301145696 462
1739553938975 108.17741401670031 463
1739553938981 108.07559461493462 464
1739553938988 107.97388468226362 465
1739553938994 107.87228409493503 466
1739553939001 107.77079272934064 467
1739553939007 107.66941046201597 468
1739553939014 107.56813716964024 469
1739553939021 107.46697272903596 470
1739553939028 107.3659170171691 471
1739553939034 107.26496991114861 472
1739553939041 107.16413128822649 473
1739553939047 107.06340102579739 474
1739553939053 106.96277900139867 475
1739553939059 106.86226509271009 476
1739553939065 106.76185917755367 477
1739553939072 106.66156113389354 478
1739553939078 106.56137083983575 479
1739553939085 106.46128817362813 480
1739553939091 106.36131301366011 481
1739553939098 106.26144523846251 482
1739553939104 106.16168472670749 483
1739553939110 106.06203135720821 484
1739553939116 105.96248500891885 485
1739553939123 105.86304556093431 486
1739553939130 105.76371289249005 487
1739553939136 105.66448688296205 488
1739553939142 105.56536741186649 489
1739553939149 105.46635435885965 490
1739553939155 105.36744760373773 491
1739553939161 105.2686470264368 492
1739553939167 105.1699525070324 493
1739553939174 105.0713639257396 494
1739553939180 104.97288116291267 495
1739553939186 104.8745040990451 496
1739553939193 104.77623261476919 497
1739553939199 104.67806659085613 498
1739553939206 104.58000590821565 499
