1739612649325 161.96369346505443 0
1739612649335 144.58474221719902 1
1739612649345 134.71953941941683 2
1739612649355 125.263973407854 3
1739612649364 118.41934643203501 4
1739612649373 111.2824490170838 5
1739612649383 101.96161698123518 6
1739612649392 93.36326639672052 7
1739612649402 89.69146745481785 8
1739612649415 83.5388980518184 9
1739612649424 75.93002063906836 10
1739612649433 72.98540032635574 11
1739612649442 69.24951354016662 12
1739612649451 65.34848091275208 13
1739612649461 59.48276609257654 14
1739612649470 55.801978637837195 15
1739612649479 52.88350265716725 16
1739612649489 47.91333840476078 17
1739612649498 44.54814946621486 18
1739612649508 44.16642485687582 19
1739612649517 41.229847948898176 20
1739612649527 39.053040553124966 21
1739612649536 35.71763705424229 22
1739612649545 36.67230770662266 23
1739612649554 33.02963768790884 24
1739612649563 32.664221518617865 25
1739612649572 30.81483530158883 26
1739612649581 27.170835922496295 27
1739612649590 27.791351007849777 28
1739612649600 26.783028713204477 29
1739612649609 23.09804231341077 30
1739612649618 23.648559023106273 31
1739612649627 21.3223266075802 32
1739612649637 21.175689084041153 33
1739612649646 18.22959769214118 34
1739612649655 19.322753171576135 35
1739612649664 19.182593089856283 36
1739612649673 18.121894386591364 37
1739612649683 17.66323791825052 38
1739612649692 16.202158811602523 39
1739612649701 14.369215706693721 40
1739612649711 16.123302358115183 41
1739612649720 14.797990392296374 42
1739612649729 14.46898933073577 43
1739612649738 14.790448731256694 44
1739612649747 12.541691051744529 45
1739612649756 13.056803937077019 46
1739612649765 12.435554529175553 47
1739612649774 12.58569393097068 48
1739612649783 12.40385423368529 49
1739612649792 11.414628936647306 50
1739612649801 9.910724999853297 51
1739612649810 10.909634378249654 52
1739612649820 10.19034134199912 53
1739612649829 9.69758310289096 54
1739612649838 10.923501605275165 55
1739612649847 9.056124201064423 56
1739612649856 10.050741241012977 57
1739612649866 10.341446731665918 58
1739612649875 11.563282231931609 59
1739612649885 7.943790185806949 60
1739612649894 8.424045532394326 61
1739612649903 9.000999341514031 62
1739612649912 8.411418065864353 63
1739612649922 8.16064832623253 64
1739612649932 8.957929669706544 65
1739612649941 9.082268198616447 66
1739612649950 7.35365704024246 67
1739612649959 7.019879852881644 68
1739612649968 6.531199771942958 69
1739612649977 7.39137057953198 70
1739612649985 7.1195086061321975 71
1739612649995 8.509991209562793 72
1739612650004 6.85172615056298 73
1739612650013 7.6378435410517 74
1739612650023 5.905466635959151 75
1739612650032 7.213185369591442 76
1739612650041 6.971680203432968 77
1739612650051 6.792839060426711 78
1739612650060 6.51199053324362 79
1739612650069 7.826226705682701 80
1739612650079 7.70454580970605 81
1739612650088 7.264636969134392 82
1739612650097 7.030749790396209 83
1739612650106 6.625372755271892 84
1739612650116 6.651341706742013 85
1739612650125 7.756231586576563 86
1739612650134 5.674578416839894 87
1739612650143 6.129674041636507 88
1739612650152 6.02231126185518 89
1739612650162 6.819056887222496 90
1739612650171 6.325650389625976 91
1739612650180 6.04733577625387 92
1739612650189 5.608332473360287 93
1739612650198 6.651451666178862 94
1739612650207 6.098849256416992 95
1739612650217 8.160728099224366 96
1739612650226 5.724609469056232 97
1739612650235 5.4892248937346 98
1739612650244 7.453538792089062 99
1739612650253 7.052001319918386 100
1739612650263 6.1000900199880865 101
1739612650272 6.2596013987277646 102
1739612650280 6.139514831667636 103
1739612650289 6.411177883155551 104
1739612650298 7.322771879986912 105
1739612650308 6.103594554291091 106
1739612650318 5.762279771790849 107
1739612650328 5.482381286127681 108
1739612650337 6.152463985992577 109
1739612650346 6.324054307324186 110
1739612650356 5.709118486935473 111
1739612650365 5.30618612432614 112
1739612650374 5.34126480900576 113
1739612650384 6.535666180004464 114
1739612650393 5.751701677277632 115
1739612650402 5.825608531126598 116
1739612650412 5.073474581311811 117
1739612650421 5.210739556551329 118
1739612650430 7.068128425468093 119
1739612650440 5.574678661133304 120
1739612650449 5.619841364691885 121
1739612650458 5.6000497741036 122
1739612650467 5.253563736242357 123
1739612650476 5.506073162803096 124
1739612650485 5.089659683695392 125
1739612650494 6.5164432976249795 126
1739612650503 4.771502811213264 127
1739612650512 5.265665824986342 128
1739612650522 5.640051357899974 129
1739612650531 4.835591835857016 130
1739612650541 5.860378215287858 131
1739612650551 6.002412172099324 132
1739612650560 6.3310715392960235 133
1739612650569 5.8280706792256245 134
1739612650579 5.040866851115802 135
1739612650588 6.171397350899652 136
1739612650597 5.762223330930662 137
1739612650606 6.120030609533847 138
1739612650615 5.332003621501617 139
1739612650624 5.795438423191676 140
1739612650634 5.526156778662319 141
1739612650643 5.231772773188231 142
1739612650652 7.961808650923372 143
1739612650661 5.789653917046205 144
1739612650670 5.052069804645416 145
1739612650679 4.911697616724785 146
1739612650688 5.665166826142322 147
1739612650697 5.005528045447352 148
1739612650706 6.168377233735739 149
1739612650716 5.42509725331763 150
1739612650725 4.681748970056308 151
1739612650734 5.748790184019921 152
1739612650744 5.999977617212765 153
1739612650753 6.302670374674388 154
1739612650762 5.42287303010163 155
1739612650771 5.51132808704601 156
1739612650780 6.120452822306207 157
1739612650790 5.845957619864765 158
1739612650800 6.252236419604863 159
1739612650811 7.1716827957971025 160
1739612650820 4.740267552132303 161
1739612650829 5.381921100672306 162
1739612650840 5.1588581916890766 163
1739612650849 5.812354109951315 164
1739612650858 4.943188014291513 165
1739612650868 5.708989855444576 166
1739612650877 4.973313329683089 167
1739612650886 5.510391149571868 168
1739612650895 5.951538710037145 169
1739612650904 5.874582918561451 170
1739612650914 4.837609652747915 171
1739612650923 5.34096420006761 172
1739612650932 6.174052940418986 173
1739612650942 5.419460301225384 174
1739612650952 5.778612106664225 175
1739612650963 6.5636358669838355 176
1739612650973 5.985203572742665 177
1739612650982 4.970010651230639 178
1739612650992 5.772291342001653 179
1739612651001 4.756778277674959 180
1739612651010 5.8155263299314575 181
1739612651020 5.771048337118595 182
1739612651028 6.511347748948705 183
1739612651037 5.229092208251833 184
1739612651046 6.34109478036077 185
1739612651056 6.231828516439492 186
1739612651065 5.811110155643867 187
1739612651074 5.380293049046 188
1739612651084 5.958761373632652 189
1739612651093 6.317977875332066 190
1739612651102 6.458248275908797 191
1739612651111 6.276947787502025 192
1739612651120 6.237116542672466 193
1739612651129 5.890301948488726 194
1739612651139 4.785804403941081 195
1739612651148 5.248304864324613 196
1739612651157 6.413266104318305 197
1739612651166 5.390131784279982 198
1739612651176 5.334937426899693 199
