1739613912002 144.75233378254555 0
1739613912016 127.12792160376931 1
1739613912032 110.7316372682134 2
1739613912043 93.3452899435519 3
1739613912054 81.62952972249317 4
1739613912064 69.2566605707885 5
1739613912075 59.1173948432205 6
1739613912085 53.46937968534972 7
1739613912097 47.12007223830732 8
1739613912109 41.167309261424336 9
1739613912122 35.03559878729781 10
1739613912143 28.799649486662876 11
1739613912156 24.892821872812988 12
1739613912169 23.24062808698696 13
1739613912182 18.14267876793429 14
1739613912196 18.338058313397383 15
1739613912214 13.554221408938009 16
1739613912233 13.123711120083007 17
1739613912250 11.698161515128353 18
1739613912267 10.563621972812994 19
1739613912281 8.542085695989373 20
1739613912298 8.73648153664848 21
1739613912314 7.116426502285798 22
1739613912326 6.457901339452333 23
1739613912342 5.165341461848368 24
1739613912355 5.667338859818683 25
1739613912368 4.867221679165218 26
1739613912382 4.30597579317463 27
1739613912400 4.732921952829475 28
1739613912424 6.412588754870282 29
1739613912440 2.610294027320457 30
1739613912453 3.646155553719731 31
1739613912466 2.832372521537342 32
1739613912480 2.448136668541929 33
1739613912494 2.257724260795292 34
1739613912510 2.724896302022709 35
1739613912523 1.9587657734404118 36
1739613912536 1.0347820929494314 37
1739613912550 1.3525897270771197 38
1739613912564 1.9965302355990404 39
1739613912591 1.1946027018860332 40
1739613912612 1.5986075794762684 41
1739613912625 0.8903869240739478 42
1739613912638 1.1615529575754175 43
1739613912651 1.201729894687824 44
1739613912665 2.3175276560034783 45
1739613912679 1.2393912198269046 46
1739613912700 1.3231802312213516 47
1739613912714 1.1167135767493734 48
1739613912727 1.0087698623924057 49
1739613912740 0.7682084648113994 50
1739613912753 1.0210042950767104 51
1739613912767 0.7479271616597508 52
1739613912782 1.047422933297855 53
1739613912795 0.6670966932573354 54
1739613912809 1.4647286800374517 55
1739613912826 0.9027164823119734 56
1739613912839 1.1497144345684835 57
1739613912852 1.5065119245929848 58
1739613912865 0.5991451711975142 59
1739613912878 0.8812508210836562 60
1739613912893 1.1872577661364019 61
1739613912907 0.9211095520756836 62
1739613912921 0.9067214688969144 63
1739613912935 0.7948476305134168 64
1739613912948 1.4851816114916385 65
1739613912968 0.8764825531435348 66
1739613912981 0.7757626531637927 67
1739613912994 1.6605762236217187 68
1739613913009 0.8590557129359679 69
1739613913024 0.8467722203824526 70
1739613913039 1.5732890602454275 71
1739613913054 0.5299680825921836 72
1739613913065 1.3912364095101502 73
1739613913077 1.1870478329833893 74
1739613913087 1.0955642400380743 75
1739613913098 0.7061764024550176 76
1739613913109 0.8375084893399433 77
1739613913120 0.5841917687249948 78
1739613913130 1.2821177313275507 79
1739613913141 1.1410985013977564 80
1739613913152 0.9696322958462043 81
1739613913163 1.6806595243955171 82
1739613913175 1.3150497517967623 83
1739613913185 0.6392761292833058 84
1739613913196 0.7905516073595493 85
1739613913207 1.0866922491092341 86
1739613913218 1.1708147450052657 87
1739613913233 1.0029179249650801 88
1739613913245 0.8873182643481478 89
1739613913255 0.6584595045680663 90
1739613913266 0.6419159835440776 91
1739613913277 0.9700335961325505 92
1739613913288 1.7273563850278162 93
1739613913299 0.5287990636740283 94
1739613913309 0.5980151759295375 95
1739613913319 0.8476546702799841 96
1739613913330 0.8207352567224417 97
1739613913341 0.8178780153316565 98
1739613913351 0.9868838547714881 99
1739613913362 0.6697212713610838 100
1739613913373 0.8561238037931489 101
1739613913384 0.9274627341427835 102
1739613913395 0.7625409232431173 103
1739613913407 0.9236991271747457 104
1739613913418 1.2356267021954987 105
1739613913428 0.7319606523432967 106
1739613913441 2.8288561995523276 107
1739613913452 0.6005098333001384 108
1739613913462 2.625806733277597 109
1739613913473 0.9897193309539013 110
1739613913483 0.8673915198876547 111
1739613913494 1.7636305722006043 112
1739613913505 1.1008714202439212 113
1739613913516 1.2158136936340846 114
1739613913534 0.915429573423122 115
1739613913547 1.537367576461153 116
1739613913559 1.5831014874128961 117
1739613913569 1.002220016375955 118
1739613913581 0.5937375411631527 119
1739613913593 0.6282050722310095 120
1739613913603 1.589435468116796 121
1739613913614 0.6846598533711328 122
