1739554387133 5.157644714411303 0
1739554387166 0.38649656494740625 1
1739554387202 3.2656966852848095 2
1739554387244 0.058308748893851924 3
1739554387277 1.8129551379595814 4
1739554387310 1.1400735656819467 5
1739554387344 0.7477339861667176 6
1739554387377 9.672651775871245 7
1739554387409 0.7381440256847335 8
1739554387442 1.1379023193743696 9
1739554387476 1.7875713129920578 10
1739554387510 1.7420756197022633 11
1739554387542 1.2100344498524527 12
1739554387575 0.028721677852657633 13
1739554387608 0.006985872567192715 14
1739554387640 0.5021397192206138 15
1739554387673 0.07166154379810295 16
1739554387705 0.10854214369517075 17
1739554387737 0.23475573594883972 18
1739554387769 0.045548022597820995 19
1739554387802 0.49218244130144506 20
1739554387834 0.22227527611897463 21
1739554387867 1.821512631788749 22
1739554387899 2.199546722112958 23
1739554387931 6.126098501026105 24
1739554387964 0.6699083667411219 25
1739554387996 0.9958067440488754 26
1739554388028 0.5849832995212342 27
1739554388060 0.0798897784982144 28
1739554388092 0.08384017973319108 29
1739554388124 2.1021121077545972 30
1739554388156 0.6037648128433267 31
1739554388188 3.9074928934223743 32
1739554388220 0.22718775638321578 33
1739554388253 0.14931026720408527 34
1739554388286 1.4934982544136137 35
1739554388318 1.8940362932202945 36
1739554388355 0.35225327079245633 37
1739554388399 0.011415820913686463 38
1739554388442 0.24962473554602935 39
1739554388476 0.4471202127468964 40
1739554388509 0.1947065448440756 41
1739554388542 0.44700215379888963 42
1739554388574 0.04434672591939728 43
1739554388627 1.2269480583140895 44
1739554388664 0.031002545630193293 45
1739554388696 2.455498340317822 46
1739554388728 0.719662033060549 47
1739554388761 3.350695435368416 48
1739554388793 0.8954612654064091 49
1739554388825 0.057010682733492316 50
1739554388858 0.4242857054890559 51
1739554388890 0.12342382535708626 52
1739554388922 0.2811015760002798 53
1739554388955 0.3191013388575822 54
1739554388987 1.1446538077464754 55
1739554389019 0.37537540374375433 56
1739554389052 0.22556211915139887 57
1739554389084 0.0004531448125275817 58
1739554389116 0.002822720054807651 59
1739554389148 0.6106729261317823 60
1739554389180 0.019445176159037188 61
1739554389213 0.29225038330343706 62
1739554389245 0.45253010960390894 63
1739554389278 0.043618301149341204 64
1739554389310 0.19468726721234095 65
1739554389342 1.5214679274349203 66
1739554389374 3.0875846909950676e-05 67
1739554389407 1.0205895940806393 68
1739554389439 0.6630419671265481 69
1739554389471 0.14116130393865264 70
1739554389504 0.6577796266321757 71
1739554389537 0.09253389927291648 72
1739554389569 0.24312496594794822 73
1739554389601 0.10153651875091173 74
1739554389634 0.7854184005087221 75
1739554389668 0.1627235036201588 76
1739554389700 0.24807636445926434 77
1739554389732 0.0049353793556023255 78
1739554389765 1.5818870253890398 79
1739554389797 0.24484861817397002 80
1739554389830 3.5398156022122755 81
1739554389862 0.966769924158254 82
1739554389894 1.5162722033515126 83
1739554389926 1.3201051695411459 84
1739554389959 0.783100931246813 85
1739554389991 1.2025082248951953 86
1739554390024 0.7148643359838333 87
1739554390057 0.9516313987435802 88
1739554390089 0.3115281164737844 89
1739554390121 0.18898965439132334 90
1739554390153 0.021127520206561654 91
1739554390185 1.0445657890187505 92
1739554390218 0.41889925059145433 93
1739554390253 0.24319830010448074 94
1739554390286 0.11446732474204428 95
1739554390319 0.03645442180426003 96
1739554390351 0.12118284629133444 97
1739554390384 0.013679834663398217 98
1739554390416 0.29100648535069584 99
1739554390448 4.24882282834888 100
1739554390481 0.5075667317496141 101
1739554390513 0.16784576681008212 102
1739554390545 2.3188084845174433 103
1739554390577 0.31647694635727697 104
1739554390610 0.23562220294330427 105
1739554390642 0.0033485770607090586 106
1739554390675 3.3830464798324082 107
1739554390707 1.4834213997745693 108
1739554390739 0.015947507823866086 109
1739554390771 1.7691075044273126 110
1739554390804 2.1761060736345934 111
1739554390836 0.19211790905069798 112
1739554390868 16.678081396905608 113
1739554390901 0.8273815844149451 114
1739554390933 0.5335675995944064 115
1739554390965 0.08366211363950624 116
1739554390998 1.0764270791158688 117
1739554391030 0.44023634204747364 118
1739554391062 0.06724961324284433 119
1739554391095 4.905348960718746 120
1739554391127 0.02232186407084229 121
1739554391160 0.1408003707564065 122
1739554391192 0.1825347366885258 123
1739554391224 2.777096737443371 124
1739554391257 0.08069301317307234 125
1739554391289 0.5285594887843066 126
1739554391321 5.637951931258539 127
1739554391353 0.021438198949960213 128
1739554391387 1.6509118538149297 129
1739554391419 0.0001948147855304893 130
1739554391451 0.5773550085768985 131
1739554391483 1.853451439407736 132
1739554391516 1.8062789471726513 133
1739554391548 0.4373514614933793 134
1739554391581 2.185348660283527 135
1739554391613 15.058727131307032 136
1739554391646 0.6309539629456306 137
1739554391679 0.810182721464942 138
1739554391711 0.006962001970764881 139
1739554391744 6.948775168109119 140
1739554391777 0.25570630509040776 141
1739554391810 0.9844755850463985 142
1739554391842 0.05530417825876139 143
1739554391875 0.02779157346859457 144
1739554391908 0.5323241043604467 145
1739554391940 0.7285629087793022 146
1739554391973 1.0486623143620215 147
1739554392006 0.45311896674753704 148
1739554392038 4.331780613669321 149
1739554392070 1.3308091991067224 150
1739554392102 5.656142189376407 151
1739554392135 0.6284832706498097 152
1739554392167 0.600866039707022 153
1739554392200 0.8897624068378039 154
1739554392232 0.1422066133378923 155
1739554392264 0.43485800773519045 156
1739554392296 0.4199987927234135 157
1739554392328 0.9648663667068789 158
1739554392360 0.9669112311363143 159
1739554392393 0.9694910266234983 160
1739554392426 8.997017657739217 161
1739554392458 0.6497963366962345 162
1739554392491 0.0036041146464849605 163
1739554392523 0.25948799411079976 164
1739554392555 0.8853824489226836 165
1739554392588 0.18934432924021188 166
1739554392620 0.2718150082338689 167
1739554392652 0.9477154199547193 168
1739554392685 0.33379724128256877 169
1739554392717 0.21781596760750851 170
1739554392749 1.6607854312793862 171
1739554392782 5.702273394339159 172
1739554392814 0.29995957050535443 173
1739554392847 3.4893559348979952 174
1739554392878 0.7988827643342773 175
1739554392911 0.01478304610820955 176
1739554392943 0.7000243011429015 177
1739554392975 0.003177643951504203 178
1739554393008 0.5706488477217151 179
1739554393040 1.5982035748423797 180
1739554393073 4.808422829725694 181
1739554393105 0.21368441471707617 182
1739554393137 0.028034685730997936 183
1739554393170 1.4010156679145451 184
1739554393202 0.8672391336391359 185
1739554393234 0.005241373286077247 186
1739554393266 0.08889053817374845 187
1739554393298 4.050981727335142 188
1739554393330 0.11790806034066455 189
1739554393362 0.9514945021759054 190
1739554393395 2.6429565649114988 191
1739554393427 5.3337965557788065 192
1739554393459 0.4677262229110303 193
1739554393491 0.0968797950704091 194
1739554393524 0.011605042952540548 195
1739554393556 0.5172231324008352 196
1739554393589 0.4771996814213066 197
1739554393621 19.78208546293389 198
1739554393653 0.31359090081076124 199
1739554393686 20.588635664319817 200
1739554393718 5.324289530187685 201
1739554393751 0.8323336484755935 202
1739554393784 4.0036410935518445 203
1739554393817 0.057390205048930935 204
1739554393850 0.23441984152590406 205
1739554393883 3.350792846611038 206
1739554393915 0.9797168318468508 207
1739554393948 28.132190004437707 208
1739554393980 0.3844477240963402 209
1739554394013 0.01363193002078163 210
1739554394044 0.46463073011940564 211
1739554394077 0.16915819681958133 212
1739554394109 0.16081324237209305 213
1739554394142 2.293070259034825 214
1739554394174 2.2933104060251313 215
1739554394207 0.09495607509341503 216
1739554394239 1.1631159669687978 217
1739554394271 0.2507797355984856 218
1739554394304 0.772808911461362 219
1739554394336 0.010327444034134815 220
1739554394369 0.4839257547701327 221
1739554394401 0.9848382627381849 222
1739554394434 3.8366179830791918 223
1739554394466 0.21182688429984825 224
1739554394499 1.3029627955897818 225
1739554394531 1.6771090059423803 226
1739554394563 0.046143532644318606 227
1739554394596 5.5766322397816355 228
1739554394628 1.430010855041958 229
1739554394660 0.006702330676753118 230
1739554394692 0.43054558950110633 231
1739554394726 2.1838833874608214 232
1739554394758 2.3020565943895597 233
1739554394790 0.4061602679583099 234
1739554394822 0.02606489613724181 235
1739554394855 0.5130952623255284 236
1739554394889 0.5316452233562892 237
1739554394921 5.000610779965558 238
1739554394954 0.29931703894475914 239
1739554394986 0.07996139576370644 240
1739554395018 0.01034800476535274 241
