1739614005566 79.55066813344372 0
1739614005579 40.477213351037314 1
1739614005592 18.12639882460817 2
1739614005604 9.293145297350213 3
1739614005614 5.444492332780299 4
1739614005626 2.401973074315513 5
1739614005638 2.360144332613403 6
1739614005649 3.2407347145645438 7
1739614005660 0.6845634671988532 8
1739614005671 0.8416185297713309 9
1739614005682 1.4198281114166702 10
1739614005695 1.0002311540400417 11
1739614005706 1.0625150595709263 12
1739614005717 0.8122976114850323 13
1739614005727 1.1912575384661557 14
1739614005739 0.8168320226504234 15
1739614005750 0.8034218776063916 16
1739614005761 0.3997595848382441 17
1739614005772 1.5977397083040983 18
1739614005783 0.9181954456407034 19
1739614005794 1.1359876285065489 20
1739614005805 0.7708805153415501 21
1739614005815 1.0774290486358842 22
1739614005826 1.0940490629501292 23
1739614005837 0.8558785422384855 24
1739614005848 0.8254998200922938 25
1739614005858 1.2468618964952747 26
1739614005869 1.0863427281430658 27
1739614005879 1.2438595464217024 28
1739614005891 0.9083175948140286 29
1739614005901 0.7808291253303148 30
1739614005912 1.1698945722486158 31
1739614005923 1.4297294608381441 32
1739614005934 0.9516861165295422 33
1739614005944 0.6699475594338351 34
1739614005956 0.71735646796177 35
1739614005967 0.6582850744939445 36
1739614005978 1.3541942292929505 37
1739614005990 1.3008572703692483 38
1739614006001 1.0851030967580078 39
1739614006012 1.2086086400549614 40
1739614006022 1.4430371181402193 41
