1739610541066 0.3790237368998134 0
1739610541099 0.011192678883746067 1
1739610541131 0.342157465136273 2
1739610541163 2.052491652386445 3
1739610541195 0.2073552866577432 4
1739610541226 0.19735292944645735 5
1739610541258 0.04324703008878315 6
1739610541290 0.9993847024936995 7
1739610541321 0.807203432151322 8
1739610541354 0.5608188319287568 9
1739610541385 1.140366811598114 10
1739610541417 1.4075130540627894 11
1739610541448 1.7239181812595272 12
1739610541480 0.05964674021022524 13
1739610541512 0.04539750295036302 14
1739610541544 3.0515355964561426 15
1739610541575 0.6083937169189794 16
1739610541606 0.21591806786158668 17
1739610541639 0.004718289811265125 18
1739610541670 0.1662604070318619 19
1739610541702 0.5842624615784784 20
1739610541734 0.018480611923673732 21
1739610541765 0.9782387142835339 22
1739610541797 1.0039079681685243 23
1739610541830 1.6991206345438845 24
1739610541861 0.039352792085823034 25
1739610541893 0.2015175932978244 26
1739610541924 0.09598996015563446 27
1739610541956 3.4130001303943813 28
1739610541987 0.43326101792308 29
1739610542018 0.8100290297268595 30
1739610542049 2.286242247400244 31
1739610542081 0.004381884625323966 32
1739610542113 1.1951691239699613 33
1739610542144 0.30799527559672196 34
1739610542176 0.5814336134602265 35
1739610542208 0.006963273775166162 36
1739610542239 0.0010487308975733274 37
1739610542302 0.47672882635824854 38
1739610542334 0.5963221629853984 39
1739610542366 1.544404090115747 40
1739610542398 0.647359498735043 41
1739610542430 0.01006271198596469 42
1739610542462 2.6577763670758254 43
1739610542494 0.08696086841227102 44
1739610542525 0.3256937858361769 45
1739610542556 0.0010834449760163793 46
1739610542587 0.006010292429500101 47
1739610542619 2.2958132080394575 48
1739610542650 0.30452314104116956 49
1739610542682 1.4453114697310634 50
1739610542713 0.0011726752111139525 51
1739610542745 0.40210148725777434 52
1739610542777 0.2824268630508853 53
1739610542808 0.14189282561098185 54
1739610542840 0.012139227752800416 55
1739610542871 8.626420329190082e-05 56
1739610542903 0.19842022629606249 57
1739610542935 0.9155440069310313 58
1739610542967 3.9924726204042207 59
1739610542998 0.19395886512626387 60
1739610543030 0.08466574062949905 61
1739610543063 0.060590008074378816 62
1739610543094 0.6984032480566252 63
1739610543125 1.729560411618797 64
1739610543157 0.022082276091312872 65
1739610543189 0.01809566558024484 66
1739610543220 0.8886423388345707 67
1739610543251 0.9346753268830547 68
1739610543283 0.2572853261849895 69
1739610543315 0.000129948189110542 70
1739610543346 0.24153134918608588 71
1739610543377 3.0790744156352425 72
1739610543409 0.7227284780892608 73
1739610543440 0.1208805028668955 74
1739610543472 3.1462253344705675 75
1739610543503 0.06559718123283685 76
1739610543535 0.09520514431806978 77
1739610543566 0.17941281615712534 78
1739610543597 0.014795317466125486 79
1739610543629 1.8730033167021698 80
1739610543661 0.33067362687173124 81
1739610543692 0.4216636383491554 82
1739610543724 1.4347307876494275 83
1739610543757 0.7409256569112436 84
1739610543788 0.021971526945588328 85
1739610543819 0.17332238816118592 86
1739610543851 0.8945554396293409 87
1739610543882 0.28595637873415397 88
1739610543914 0.001590100121222824 89
1739610543946 0.0035857927567192866 90
1739610543978 0.21121732483930397 91
1739610544009 1.4409216596060646 92
1739610544040 0.18815571526247582 93
1739610544072 0.5168008109532535 94
1739610544102 0.03642890566734217 95
1739610544134 0.846761236916593 96
1739610544165 0.17216588496726246 97
1739610544197 0.022622524333777656 98
1739610544228 1.3722777137449236 99
1739610544260 0.03235532354177379 100
1739610544292 0.3460399509341039 101
1739610544323 0.0012594776084358969 102
1739610544355 0.24274086960491983 103
1739610544385 0.3075533989301427 104
1739610544417 0.05713940533937026 105
1739610544448 0.00018914534742515456 106
1739610544480 1.2645214631780781 107
1739610544512 1.401868598307365 108
1739610544544 0.2291718543429482 109
1739610544575 0.4685672608282731 110
1739610544606 0.6174265619718073 111
1739610544637 0.02800064449511036 112
1739610544669 0.9362386953304834 113
1739610544700 0.3111895522056202 114
1739610544732 0.7226672165013776 115
1739610544764 0.20405395605579105 116
1739610544796 0.11830860542459604 117
1739610544827 1.3202413957937753 118
1739610544859 0.802591807727154 119
1739610544891 0.017065683577183518 120
1739610544922 0.18341623799582774 121
1739610544953 0.18634581815136603 122
1739610544984 1.2559039341973834 123
1739610545016 0.04047557192497716 124
1739610545048 0.2687579967399589 125
1739610545081 0.40857792234320867 126
1739610545113 0.855662804738132 127
1739610545145 0.05905605742584578 128
1739610545177 0.0008498948452069426 129
1739610545208 0.39492831222407826 130
1739610545240 0.0044467429973956436 131
1739610545271 2.5803067243609807 132
1739610545302 0.5787830549604103 133
1739610545333 2.3737705998831484 134
1739610545365 0.7834714082234064 135
1739610545397 0.4304004669328948 136
1739610545428 0.0012757315324922979 137
1739610545460 0.8958162733689891 138
1739610545491 0.4934738257619363 139
1739610545523 0.8213545587769877 140
1739610545554 1.2434325624119709 141
1739610545585 0.3626655892962266 142
1739610545617 0.019677576802135947 143
1739610545648 0.24917621338203427 144
1739610545681 0.472681814576848 145
1739610545715 0.10635121078922082 146
1739610545749 0.21240147666410644 147
1739610545784 0.1558847893321724 148
1739610545819 6.885059617645312 149
1739610545853 1.4036341780309245 150
1739610545889 4.642784582671319 151
1739610545921 0.04173881912595171 152
1739610545953 0.1327844441557575 153
1739610545985 0.5637777131897997 154
1739610546017 0.40162792482315174 155
1739610546049 0.13847964643557448 156
1739610546081 0.2457910270723429 157
1739610546113 1.4042517274233808 158
1739610546145 0.0016769276890107744 159
1739610546176 0.012613491946714983 160
1739610546208 0.02402222344826897 161
1739610546239 0.33652773314291534 162
1739610546271 0.1623354647755681 163
1739610546302 0.7028726255823593 164
1739610546334 0.19530258755844343 165
1739610546366 0.2940926872091173 166
1739610546397 1.7776144794770778 167
1739610546429 0.0005267307771627475 168
1739610546461 0.06469640676412622 169
1739610546492 0.025074634508612925 170
1739610546524 2.1266147402039217 171
1739610546555 0.184206832909119 172
1739610546586 0.0021653986017393777 173
1739610546618 0.11746554923017942 174
1739610546649 0.0006425670273332566 175
1739610546681 0.20308247247027056 176
1739610546712 0.5408270767093124 177
1739610546744 2.1665831937505606 178
1739610546776 0.053226536094080394 179
1739610546807 0.6232319612489826 180
1739610546839 0.10439229252737726 181
1739610546871 0.7598211571613401 182
1739610546902 0.35616332097821146 183
1739610546934 0.3605676264726446 184
1739610546965 0.355096219386217 185
1739610546998 0.10165741606779564 186
1739610547030 0.39789726764400923 187
1739610547063 1.453645377904024 188
1739610547094 0.21179688825159462 189
1739610547126 0.5864374812394202 190
1739610547157 1.068007633871607 191
1739610547189 0.6985925011225994 192
1739610547221 0.010665419500139089 193
1739610547252 1.0562578720108378 194
1739610547284 0.08109880854436985 195
1739610547315 0.23343862893050812 196
1739610547347 0.10119240742607004 197
1739610547379 5.139874687329918e-05 198
1739610547410 0.7828774108590074 199
1739610547442 0.06470425424926425 200
1739610547473 1.5625219500309249 201
1739610547505 0.06342374446608892 202
1739610547536 1.2763971687686924 203
1739610547567 0.00016502775101705336 204
1739610547599 0.3914596105118251 205
1739610547631 0.16439472352411463 206
1739610547662 0.00397739655582293 207
1739610547694 0.6139159213652118 208
1739610547726 1.2636101634907615 209
1739610547758 0.06093493041424662 210
1739610547789 1.3038904507961697 211
1739610547820 0.9972778403268752 212
1739610547851 0.06570709526825416 213
1739610547883 0.0011094002508013655 214
1739610547914 0.8990805260785348 215
1739610547946 0.00011795100411444867 216
1739610547978 0.0004177941203129866 217
1739610548011 0.40227925136739384 218
1739610548043 0.25096670163825346 219
1739610548074 1.784992688200135 220
1739610548105 0.09387191831055511 221
1739610548136 0.16325869269987117 222
1739610548168 1.7277406576115057 223
1739610548201 0.1627997556437785 224
1739610548235 0.44479842637024464 225
1739610548269 0.21479958064951216 226
1739610548303 2.139515879678227 227
1739610548338 0.1901451741833332 228
1739610548374 13.874062910923207 229
1739610548423 0.05119580759171301 230
1739610548462 0.1685609749183668 231
1739610548507 0.5141155740425062 232
1739610548549 0.009060676676378096 233
1739610548598 0.29794677144443377 234
1739610548633 0.01899923370291946 235
1739610548667 1.8394955422582104 236
1739610548701 0.327888897160433 237
1739610548734 0.23256500342035583 238
1739610548768 0.06043166926892674 239
1739610548802 0.41046884248593146 240
1739610548836 0.5283902099960555 241
1739610548869 1.209189849928402 242
1739610548900 0.6646181263559013 243
1739610548932 0.5916538117955299 244
1739610548963 0.125344513410882 245
1739610548996 0.06255733013569131 246
1739610549029 0.05560120503302106 247
1739610549064 1.3503470605011938 248
1739610549097 1.7381867567622606 249
1739610549129 0.09251578674629103 250
1739610549160 0.9688712291464653 251
1739610549193 1.1917594530911895 252
1739610549225 0.04898320400136694 253
1739610549258 0.5501518291906862 254
1739610549291 0.779765395374847 255
1739610549324 0.4744207018371628 256
1739610549357 2.9932370923031453e-05 257
1739610549389 0.5295370402620405 258
1739610549421 0.45947447874186736 259
1739610549453 0.00909327921445088 260
1739610549487 0.08529589278817148 261
1739610549520 0.16198155404942816 262
1739610549553 0.80566728982833 263
1739610549586 0.21958721891063807 264
1739610549618 0.16797257691885392 265
1739610549650 1.48260809450426 266
1739610549682 0.07789498198068912 267
1739610549714 0.2370674710358857 268
1739610549747 1.136618953585499 269
1739610549779 0.18674589904498648 270
1739610549811 0.4717313873651805 271
1739610549843 2.2373411097443063 272
1739610549873 3.7520674144309156 273
1739610549904 0.15721922357273768 274
1739610549935 0.3177592395579004 275
1739610549966 1.7853047345838284 276
1739610549998 0.9249928008567863 277
1739610550031 0.056080528193450045 278
1739610550063 0.0698502515165149 279
1739610550095 0.5167543580425884 280
1739610550131 0.14629672643337044 281
1739610550162 0.8214257735939429 282
1739610550194 0.26490788062641885 283
1739610550226 2.953789257676281 284
1739610550258 0.36967197123994067 285
