1739555221416 168.6650705728012 0
1739555221425 168.4623578261012 1
1739555221433 168.29669815386387 2
1739555221441 168.13118442210336 3
1739555221449 167.96583482349746 4
1739555221457 167.80303331384417 5
1739555221465 167.63919939634394 6
1739555221473 167.47552794255378 7
1739555221482 167.31201819643047 8
1739555221490 167.14866999801876 9
1739555221498 166.9854831872258 10
1739555221505 166.8224576041179 11
1739555221513 166.65959308892013 12
1739555221521 166.4968894820161 13
1739555221529 166.33434662394782 14
1739555221536 166.1719643554155 15
1739555221544 166.00989461787924 16
1739555221552 165.84790884463376 17
1739555221560 165.68608311149038 18
1739555221568 165.5244172229103 19
1739555221576 165.36291102052778 20
1739555221584 165.2015643461157 21
1739555221592 165.040377041604 22
1739555221600 164.87934894907963 23
1739555221609 164.7184799107862 24
1739555221618 164.5577697691237 25
1739555221628 164.39721836664881 26
1739555221637 164.23682554607427 27
1739555221646 164.07659115026905 28
1739555221654 163.91651502225793 29
1739555221663 163.7565970052216 30
1739555221671 163.59683694249622 31
1739555221679 163.43723467757363 32
1739555221688 163.27779005410082 33
1739555221696 163.11850291588004 34
1739555221704 162.95937310686855 35
1739555221711 162.80040047117845 36
1739555221719 162.64158485307652 37
1739555221727 162.48292609698416 38
1739555221735 162.3244240474771 39
1739555221742 162.1660785492854 40
1739555221750 162.00788944729308 41
1739555221758 161.84985658653824 42
1739555221766 161.69197981221276 43
1739555221774 161.53425896966198 44
1739555221782 161.37669390438495 45
1739555221790 161.2192844620339 46
1739555221799 161.06203048841428 47
1739555221807 160.90493182948455 48
1739555221815 160.74798833135614 49
1739555221823 160.591199840293 50
1739555221830 160.4345662027119 51
1739555221838 160.27808726518182 52
1739555221846 160.12176287442406 53
1739555221854 159.9655928773121 54
1739555221862 159.8095771208714 55
1739555221870 159.65371545227907 56
1739555221878 159.49800771886407 57
1739555221886 159.34245376810674 58
1739555221895 159.18705344763885 59
1739555221903 159.0318066052434 60
1739555221911 158.87671308885436 61
1739555221918 158.72177274655664 62
1739555221926 158.56698542658606 63
1739555221934 158.41235097732883 64
1739555221942 158.2578692473217 65
1739555221950 158.10354008525184 66
1739555221957 157.94936333995642 67
1739555221965 157.7953388604227 68
1739555221973 157.64146649578788 69
1739555221981 157.4877460953387 70
1739555221989 157.3341775085116 71
1739555221997 157.18076058489245 72
1739555222008 157.02749517421626 73
1739555222016 156.87438112636733 74
1739555222024 156.72141829137882 75
1739555222031 156.56860651943268 76
1739555222039 156.41594566085968 77
1739555222047 156.26343556613904 78
1739555222056 156.11107608589836 79
1739555222064 155.95886707091344 80
1739555222073 155.80680837210826 81
1739555222081 155.6548998405547 82
1739555222089 155.50314132747238 83
1739555222097 155.35153268422863 84
1739555222105 155.20007376233826 85
1739555222113 155.0487644134635 86
1739555222121 154.8976044894136 87
1739555222128 154.7465938421451 88
1739555222136 154.59573232376135 89
1739555222144 154.44501978651246 90
1739555222152 154.29445608279514 91
1739555222160 154.14404106515263 92
1739555222168 153.99377458627455 93
1739555222176 153.84365649899658 94
1739555222184 153.69368665630054 95
1739555222192 153.54386491131407 96
1739555222200 153.39419111731064 97
1739555222209 153.24466512770937 98
1739555222216 153.09528679607465 99
1739555222224 152.94605597611638 100
1739555222232 152.79697252168953 101
1739555222240 152.6480362867941 102
1739555222248 152.49924712557512 103
1739555222256 152.35060489232214 104
1739555222264 152.20210944146945 105
1739555222271 152.05376062759584 106
1739555222279 151.9055583054242 107
1739555222287 151.75750232982182 108
1739555222296 151.60959255579985 109
1739555222304 151.46182883851344 110
1739555222312 151.31421103326144 111
1739555222320 151.16673899548627 112
1739555222328 151.0194125807738 113
1739555222336 150.8722316448532 114
1739555222344 150.7251960435969 115
1739555222352 150.57830563302025 116
1739555222360 150.43156026928153 117
1739555222368 150.2849598086818 118
1739555222376 150.13850410766466 119
1739555222384 149.99219302281614 120
1739555222392 149.8460264108647 121
1739555222400 149.70000412868094 122
1739555222408 149.55412603327736 123
1739555222416 149.40839198180853 124
1739555222424 149.26280183157075 125
1739555222432 149.1173554400018 126
1739555222440 148.97205266468103 127
1739555222448 148.8268933633292 128
1739555222456 148.6818773938081 129
1739555222463 148.53700461412058 130
1739555222471 148.39227488241062 131
1739555222479 148.2476880569627 132
1739555222487 148.10324399620202 133
1739555222495 147.95894255869442 134
1739555222503 147.81478360314583 135
1739555222511 147.67076698840262 136
1739555222518 147.52689257345108 137
1739555222526 147.38316021741758 138
1739555222534 147.23956977956806 139
1739555222542 147.09612111930838 140
1739555222550 146.95281409618372 141
1739555222558 146.80964856987876 142
1739555222566 146.66662440021736 143
1739555222574 146.52374144716242 144
1739555222582 146.380999570816 145
1739555222591 146.23839863141873 146
1739555222598 146.09593848935017 147
1739555222606 145.95361900512827 148
1739555222615 145.81144003940943 149
1739555222629 145.66940145298838 150
1739555222638 145.52750310679792 151
1739555222647 145.38574486190885 152
1739555222655 145.24412657952993 153
1739555222663 145.10264812100746 154
1739555222671 144.96130934782556 155
1739555222679 144.8201101216056 156
1739555222687 144.67905030410643 157
1739555222695 144.53812975722397 158
1739555222702 144.3973483429912 159
1739555222711 144.25670592357804 160
1739555222719 144.11620236129116 161
1739555222727 143.9758375185739 162
1739555222735 143.83561125800608 163
1739555222743 143.69552344230382 164
1739555222751 143.5555739343196 165
1739555222758 143.41576259704186 166
1739555222766 143.27608929359516 167
1739555222774 143.13655388723961 168
1739555222782 142.9971562413714 169
1739555222790 142.85789621952188 170
1739555222798 142.71877368535806 171
1739555222806 142.57978850268222 172
1739555222815 142.44094053543168 173
1739555222823 142.30222964767887 174
1739555222830 142.163655703631 175
1739555222838 142.02521856763028 176
1739555222847 141.88691810415315 177
1739555222855 141.74875417781087 178
1739555222863 141.61072665334885 179
1739555222871 141.4728353956468 180
1739555222879 141.33508026971847 181
1739555222887 141.19746114071162 182
1739555222895 141.0599778739077 183
1739555222902 140.92263033472202 184
1739555222911 140.78541838870325 185
1739555222919 140.6483419015336 186
1739555222926 140.51140073902857 187
1739555222934 140.3745947671367 188
1739555222942 140.23792385193966 189
1739555222949 140.10138785965196 190
1739555222958 139.96498665662088 191
1739555222965 139.8287201093263 192
1739555222974 139.69258808438062 193
1739555222982 139.55659044852854 194
1739555222990 139.42072706864712 195
1739555222998 139.28499781174534 196
1739555223006 139.14940254496432 197
1739555223020 139.01394113557683 198
1739555223027 138.87861345098756 199
1739555223035 138.74341935873255 200
1739555223043 138.60835872647945 201
1739555223051 138.47343142202718 202
1739555223059 138.3386373133058 203
1739555223066 138.2039762683764 204
1739555223075 138.0694481554311 205
1739555223083 137.93505284279274 206
1739555223090 137.80079019891477 207
1739555223098 137.6666600923813 208
1739555223106 137.5326623919067 209
1739555223114 137.39879696633574 210
1739555223122 137.26506368464325 211
1739555223130 137.13146241593412 212
1739555223137 136.99799302944305 213
1739555223145 136.8646553945346 214
1739555223153 136.73144938070288 215
1739555223160 136.59837485757154 216
1739555223168 136.46543169489357 217
1739555223176 136.3326197625512 218
1739555223183 136.1999389305558 219
1739555223191 136.0673890690477 220
1739555223199 135.93497004829607 221
1739555223208 135.80268173869888 222
1739555223216 135.67052401078263 223
1739555223224 135.53849673520233 224
1739555223231 135.4065997827413 225
1739555223239 135.27483302431108 226
1739555223247 135.14319633095135 227
1739555223254 135.0116895738297 228
1739555223262 134.8803126242416 229
1739555223271 134.74906535361018 230
1739555223279 134.61794763348618 231
1739555223286 134.4869593355478 232
1739555223294 134.35610033160052 233
1739555223302 134.22537049357715 234
1739555223310 134.09476969353742 235
1739555223318 133.96429780366805 236
1739555223326 133.83395469628272 237
1739555223334 133.70374024382158 238
1739555223342 133.57365431885154 239
1739555223349 133.44369679406586 240
1739555223358 133.31386754228416 241
1739555223366 133.18416643645224 242
1739555223373 133.054593349642 243
1739555223381 132.9251481550512 244
1739555223389 132.79583072600352 245
1739555223397 132.66664093594824 246
1739555223405 132.53757865846032 247
1739555223415 132.40864376724008 248
1739555223425 132.27983613611318 249
1739555223434 132.1511556390305 250
1739555223443 132.02260215006794 251
1739555223451 131.89417554342643 252
1739555223459 131.7658756934316 253
1739555223466 131.6377024745339 254
1739555223475 131.50965576130835 255
1739555223483 131.3817354284543 256
1739555223491 131.25394135079557 257
1739555223499 131.12627340328007 258
1739555223508 130.99873146097988 259
1739555223516 130.871315399091 260
1739555223524 130.74402509293327 261
1739555223532 130.61686041795022 262
1739555223540 130.489821249709 263
1739555223549 130.36290746390023 264
1739555223557 130.23611893633785 265
1739555223564 130.109455542959 266
1739555223572 129.982917159824 267
1739555223580 129.85650366311606 268
1739555223588 129.73021492914128 269
1739555223596 129.60405083432852 270
1739555223604 129.4780112552292 271
1739555223612 129.35209606851726 272
1739555223622 129.22630515098902 273
1739555223631 129.10063837956298 274
1739555223639 128.97509563127986 275
1739555223646 128.84967678330227 276
1739555223654 128.72438171291483 277
1739555223662 128.59921029752383 278
1739555223670 128.47416241465723 279
1739555223678 128.34923794196445 280
1739555223686 128.22443675721644 281
1739555223694 128.09975873830535 282
1739555223701 127.97520376324442 283
1739555223709 127.85077171016805 284
1739555223717 127.7264624573315 285
1739555223748 127.6022758831108 286
1739555223763 127.4782118660027 287
1739555223771 127.35427028462448 288
1739555223780 127.23045101771392 289
1739555223788 127.106753944129 290
1739555223796 126.983178942848 291
1739555223805 126.85972589296927 292
1739555223813 126.73639467371105 293
1739555223821 126.61318516441146 294
1739555223830 126.4900972445284 295
1739555223839 126.36713079363925 296
1739555223848 126.244285691441 297
1739555223856 126.1215618177499 298
1739555223865 125.99895905250153 299
1739555223873 125.87647727575055 300
1739555223882 125.75411636767062 301
1739555223890 125.63187620855436 302
1739555223899 125.50975667881309 303
1739555223907 125.38775765897678 304
1739555223915 125.26587902969403 305
1739555223924 125.14412067173177 306
1739555223933 125.02248246597524 307
1739555223941 124.90096429342793 308
1739555223950 124.77956603521133 309
1739555223958 124.6582875725649 310
1739555223966 124.53712878684597 311
1739555223975 124.41608955952951 312
1739555223983 124.29516977220817 313
1739555223992 124.17436930659201 314
1739555224000 124.05368804450852 315
1739555224009 123.9331258679024 316
1739555224023 123.81268265883553 317
1739555224031 123.6923582994867 318
1739555224039 123.57215267215173 319
1739555224047 123.45206565924315 320
1739555224055 123.33209714329013 321
1739555224063 123.2122470069385 322
1739555224071 123.09251513295041 323
1739555224078 122.97290140420442 324
1739555224086 122.85340570369523 325
1739555224094 122.73402791453366 326
1739555224102 122.61476791994653 327
1739555224110 122.49562560327647 328
1739555224117 122.37660084798188 329
1739555224126 122.25769353763678 330
1739555224133 122.13890355593072 331
1739555224142 122.02023078666863 332
1739555224149 121.90167511377078 333
1739555224157 121.78323642127248 334
1739555224165 121.66491459332427 335
1739555224173 121.54670951419149 336
1739555224180 121.4286210682544 337
1739555224188 121.31064914000791 338
1739555224197 121.19279361406159 339
1739555224204 121.07505437513943 340
1739555224212 120.95743130807983 341
1739555224220 120.83992429783548 342
1739555224229 120.72253322947316 343
1739555224237 120.60525798817366 344
1739555224245 120.48809845923182 345
1739555224253 120.37105452805618 346
1739555224261 120.25412608016893 347
1739555224269 120.13731300120592 348
1739555224277 120.02061517691651 349
1739555224285 119.90403249316329 350
1739555224293 119.78756483592217 351
1739555224301 119.67121209128221 352
1739555224309 119.5549741454454 353
1739555224317 119.4388508847267 354
1739555224325 119.32284219555387 355
1739555224333 119.20694796446732 356
1739555224341 119.09116807812005 357
1739555224349 118.97550242327748 358
1739555224357 118.85995088681742 359
1739555224365 118.74451335572986 360
1739555224373 118.62918971711701 361
1739555224381 118.51397985819298 362
1739555224389 118.39888366628385 363
1739555224398 118.28390102882746 364
1739555224406 118.16903183337332 365
1739555224414 118.05427596758254 366
1739555224421 117.93963331922767 367
1739555224430 117.82510377619259 368
1739555224438 117.71068722647243 369
1739555224446 117.59638355817344 370
1739555224454 117.48219265951288 371
1739555224462 117.36811441881893 372
1739555224471 117.25414872453052 373
1739555224479 117.14029546519735 374
1739555224486 117.02655452947961 375
1739555224494 116.91292580614797 376
1739555224502 116.79940918408347 377
1739555224510 116.6860045522774 378
1739555224518 116.57271179983117 379
1739555224526 116.45953081595623 380
1739555224534 116.34646148997393 381
1739555224542 116.23350371131544 382
1739555224550 116.12065736952161 383
1739555224558 116.00792235424291 384
1739555224566 115.89529855523925 385
1739555224574 115.78278586237994 386
1739555224582 115.67038416564358 387
1739555224590 115.55809335511786 388
1739555224597 115.44591332099952 389
1739555224605 115.33384395359433 390
1739555224613 115.22188514331675 391
1739555224621 115.11003678069011 392
1739555224629 114.99829875634623 393
1739555224637 114.8866709610255 394
1739555224646 114.77515328557669 395
1739555224654 114.66374562095689 396
1739555224664 114.55244785823129 397
1739555224672 114.44125988857328 398
1739555224680 114.3301816032641 399
1739555224688 114.21921289369291 400
1739555224696 114.10835365135662 401
1739555224703 113.9976037678598 402
1739555224711 113.88696313491451 403
1739555224719 113.77643164434028 404
1739555224727 113.66600918806397 405
1739555224735 113.55569565811962 406
1739555224743 113.44549094664846 407
1739555224751 113.33539494589866 408
1739555224759 113.22540754822529 409
1739555224766 113.11552864609027 410
1739555224775 113.00575813206216 411
1739555224782 112.8960958988161 412
1739555224790 112.78654183913373 413
1739555224798 112.67709584590307 414
1739555224806 112.56775781211833 415
1739555224813 112.45852763088003 416
1739555224821 112.34940519539458 417
1739555224829 112.24039039897444 418
1739555224837 112.13148313503788 419
1739555224846 112.02268329710893 420
1739555224854 111.91399077881721 421
1739555224862 111.80540547389789 422
1739555224870 111.6969272761916 423
1739555224878 111.58855607964426 424
1739555224886 111.48029177830698 425
1739555224894 111.37213426633598 426
1739555224902 111.26408343799257 427
1739555224910 111.15613918764286 428
1739555224918 111.04830140975783 429
1739555224926 110.94056999891309 430
1739555224935 110.83294484978889 431
1739555224943 110.72542585716995 432
1739555224951 110.61801291594534 433
1739555224959 110.51070592110848 434
1739555224967 110.40350476775689 435
1739555224975 110.29640935109222 436
1739555224983 110.18941956642001 437
1739555224991 110.08253530914975 438
1739555224999 109.97575647479466 439
1739555225007 109.86908295897159 440
1739555225014 109.76251465740098 441
1739555225022 109.65605146590671 442
1739555225036 109.54969328041605 443
1739555225044 109.44343999695941 444
1739555225052 109.33729151167043 445
1739555225060 109.23124772078583 446
1739555225068 109.12530852064513 447
1739555225076 109.01947380769086 448
1739555225084 108.91374347846815 449
1739555225092 108.80811742962483 450
1739555225100 108.7025955579112 451
1739555225108 108.59717776018007 452
1739555225116 108.49186393338653 453
1739555225123 108.38665397458792 454
1739555225131 108.28154778094367 455
1739555225139 108.1765452497153 456
1739555225147 108.07164627826616 457
1739555225155 107.96685076406148 458
1739555225162 107.86215860466821 459
1739555225170 107.75756969775492 460
1739555225178 107.65308394109164 461
1739555225186 107.5487012325499 462
1739555225194 107.44442147010251 463
1739555225201 107.34024455182349 464
1739555225209 107.23617037588795 465
1739555225217 107.13219884057209 466
1739555225225 107.02832984425297 467
1739555225232 106.92456328540842 468
1739555225241 106.82089906261709 469
1739555225249 106.7173370745582 470
1739555225257 106.61387722001146 471
1739555225264 106.51051939785702 472
1739555225273 106.40726350707533 473
1739555225281 106.30410944674702 474
1739555225289 106.20105711605297 475
1739555225297 106.09810641427389 476
1739555225305 105.99525724079055 477
1739555225313 105.89250949508346 478
1739555225321 105.7898630767329 479
1739555225329 105.68731788541875 480
1739555225336 105.58487382092038 481
1739555225345 105.48253078311664 482
1739555225353 105.38028867198565 483
1739555225361 105.27814738760479 484
1739555225369 105.1761068301505 485
1739555225377 105.07416689989839 486
1739555225385 104.97232749722282 487
1739555225393 104.87058852259712 488
1739555225400 104.7689498765933 489
1739555225409 104.66741145988198 490
1739555225416 104.56597317323238 491
1739555225424 104.46463491751209 492
1739555225432 104.36339659368707 493
1739555225440 104.26225810282159 494
1739555225448 104.1612193460779 495
1739555225456 104.0602802247165 496
1739555225464 103.95944064009569 497
1739555225472 103.85870049367169 498
1739555225480 103.75805968699846 499
