1739556019450 0.0017618909684409161 0
1739556019495 1.9847006271594148 1
1739556019539 1.22066073097575 2
1739556019583 2.6709907740772874 3
1739556019629 0.09811018935522402 4
1739556019673 0.1388502265712648 5
1739556019717 0.34954156595050506 6
1739556019760 0.022191369844822412 7
1739556019804 0.008056598066722926 8
1739556019847 0.33050816281223705 9
1739556019892 0.7948567367712338 10
1739556019935 9.538011052932411 11
1739556019980 0.5861037877350767 12
1739556020022 0.2737597526207728 13
1739556020065 0.2766600565752022 14
1739556020107 5.613712304259146 15
1739556020150 0.09993242242556863 16
1739556020193 0.028492655646518133 17
1739556020235 3.820757923231452 18
1739556020279 1.0832935232268521 19
1739556020322 0.05170933055394502 20
1739556020365 0.17154397286150702 21
1739556020408 0.7475611751306721 22
1739556020451 0.06401163208872403 23
1739556020493 1.2524505613253039 24
1739556020536 0.08088405855160444 25
1739556020579 0.7723633889539666 26
1739556020622 0.7896114031049055 27
1739556020668 0.7979191738201766 28
1739556020739 1.0204954269571236 29
1739556020787 2.6022560087936986e-05 30
1739556020834 0.2163821071592057 31
1739556020881 0.3908287758008303 32
1739556020925 2.276818984542817 33
1739556020969 0.555170771312629 34
1739556021012 1.8662663202727323 35
1739556021057 0.020481087705316727 36
1739556021104 1.2075638019528543 37
1739556021152 0.7201426817702845 38
1739556021200 1.9540614439997372 39
1739556021248 0.00044908245089833273 40
1739556021296 0.3006684130134888 41
1739556021344 0.007237720325294311 42
1739556021388 0.6107434165698286 43
1739556021431 4.043942768285791 44
1739556021475 0.14166224274738448 45
1739556021524 0.09546112748412063 46
1739556021568 0.018672698114740892 47
1739556021612 0.9172647385353578 48
1739556021657 8.721436015559421 49
1739556021700 0.39347827179339057 50
1739556021744 2.3602193293905214 51
1739556021788 0.8449479320483655 52
1739556021832 1.0458507882314259 53
1739556021876 1.242675536378294 54
1739556021920 2.1126506665236895 55
1739556021963 0.0476563254606807 56
1739556022007 1.4872516124394584 57
1739556022051 0.04758900274738238 58
1739556022095 0.6597386141678124 59
1739556022139 1.420569665924056 60
1739556022182 4.604527538212786 61
1739556022226 10.245333550916191 62
1739556022270 4.259085086151686 63
1739556022313 1.1372582609411002 64
1739556022357 0.13855634953245743 65
1739556022401 0.826327965607598 66
1739556022444 3.0746280313625514 67
1739556022487 0.4422078527334074 68
1739556022529 1.4542556052793638 69
1739556022572 0.17676807153513166 70
1739556022614 0.008064240972046222 71
1739556022657 0.0007053197136380255 72
1739556022701 0.6196182757130041 73
1739556022743 0.5813185794331602 74
1739556022786 4.398240414832227 75
1739556022829 0.004303096552292285 76
1739556022870 0.6524222433523721 77
1739556022914 5.412293246199092 78
1739556022956 5.2536681568478025 79
1739556023000 0.20955786264825318 80
1739556023042 0.002737501411811505 81
1739556023085 0.13775141330825486 82
1739556023127 1.6306686572152882 83
1739556023170 2.7498608022037927 84
1739556023213 0.6290787893325851 85
1739556023256 1.8614591375401386 86
1739556023299 0.9960335753920981 87
1739556023341 0.22067108680762643 88
1739556023385 6.189015363719029 89
1739556023429 0.4024137353180787 90
1739556023471 0.6997884615697985 91
1739556023514 0.7190750801274817 92
1739556023556 3.3950120262079433 93
1739556023599 3.0729752216998802 94
1739556023645 0.9023560990714191 95
1739556023690 0.15060829929292882 96
1739556023734 1.1383172560177612 97
1739556023778 0.3718863822721721 98
1739556023823 0.011344514640891297 99
1739556023866 0.23151798551705238 100
1739556023910 1.4554383399161193 101
1739556023953 0.0017034745084214366 102
1739556023998 0.35114728822709085 103
1739556024043 1.1117958225244176 104
1739556024087 0.6000131395976316 105
1739556024132 0.009050095289107324 106
1739556024176 0.7851017205443601 107
1739556024220 3.0464847652064804 108
1739556024264 0.34733076392093876 109
1739556024307 2.4436476296249 110
1739556024352 0.13436405272496493 111
1739556024396 0.0518345780198267 112
1739556024440 21.266064174306756 113
1739556024483 0.2246812781703119 114
1739556024528 0.09319894659811413 115
1739556024571 0.6781231203215873 116
1739556024614 0.22829394287032884 117
1739556024659 0.8603803220853691 118
1739556024702 1.1291152696351567 119
1739556024746 0.05009996014738786 120
1739556024789 5.663849096120321 121
1739556024833 3.8819869334030037 122
1739556024877 9.83614791809176 123
1739556024920 0.10654735978652657 124
1739556024964 6.663381833961335 125
1739556025008 4.506801895708751 126
1739556025052 3.1849922961220973 127
1739556025095 2.144461691808706 128
1739556025139 0.7132425362594804 129
1739556025182 0.36150715055200855 130
1739556025226 0.3225664619575044 131
1739556025269 3.078711722150665 132
1739556025313 1.700254255022239 133
1739556025357 0.09260661958632666 134
1739556025400 0.627917741586895 135
1739556025444 0.7331109310109053 136
1739556025488 0.5467699965710585 137
1739556025531 0.019022422905923445 138
1739556025575 0.9669801062501676 139
1739556025619 1.0898664513950027 140
1739556025662 0.7222805222145315 141
1739556025704 0.2585832146337652 142
1739556025748 6.546185666634174 143
1739556025793 0.0752647891619839 144
1739556025837 0.41193600596316277 145
1739556025881 0.4418702755598977 146
1739556025925 0.8812657167526486 147
1739556025969 0.3766307478098322 148
1739556026012 7.465817204920669 149
1739556026056 0.07899865717396991 150
1739556026100 2.8885072271103414 151
1739556026144 1.8310751971259767 152
1739556026188 2.052375714523382 153
1739556026231 1.7023411033118325 154
1739556026275 4.284741603550548 155
1739556026317 0.03132512110260354 156
1739556026362 0.20227865781274654 157
1739556026405 1.6425227992008515 158
1739556026448 0.0030325970764533126 159
1739556026491 0.46056385212785017 160
1739556026534 14.402897311428122 161
1739556026578 0.1400424618237744 162
1739556026621 2.208113068123642 163
1739556026665 1.7030210509047217 164
1739556026708 21.218682894029772 165
1739556026750 0.14116997815928367 166
1739556026794 3.969071832244072 167
1739556026836 1.0016101744330252 168
1739556026879 0.2106318241309607 169
1739556026923 3.0688975238536718 170
1739556026966 2.8249734942967377 171
1739556027009 0.04740682342669335 172
1739556027052 1.0977901768221474 173
1739556027095 1.091275985194781 174
1739556027138 0.5462105297686073 175
1739556027182 1.8662124371274935 176
1739556027225 0.44070996727734313 177
1739556027268 1.0001707935777175 178
1739556027311 2.998572689468693 179
1739556027354 0.011447571726919351 180
1739556027398 0.7210245316250035 181
1739556027440 5.345567730105294 182
1739556027484 0.8032773878870565 183
1739556027526 0.43630084064947644 184
1739556027570 1.9414215936052386 185
1739556027613 0.6885157151942494 186
1739556027657 1.8835599037387947 187
1739556027700 0.13552351922573677 188
1739556027743 0.483508009674237 189
1739556027786 28.88988632181297 190
1739556027829 2.141171906994679 191
1739556027872 1.2442370982935063 192
1739556027916 0.0015839791442249546 193
1739556027960 0.16757078019732377 194
1739556028004 0.09039337926267475 195
1739556028047 4.97561000470566 196
1739556028091 0.9160828560117446 197
1739556028134 5.395159012135587 198
1739556028178 0.3894394655354747 199
1739556028222 1.2263467790746194 200
1739556028265 0.04632538053958104 201
1739556028310 0.1556379216600954 202
1739556028354 1.1642731733205387 203
1739556028397 5.732530043658778 204
1739556028441 0.7560320684833833 205
1739556028485 0.032722299548739266 206
1739556028530 0.40948125178378086 207
1739556028578 4.514201002806955 208
1739556028638 0.22459365538350784 209
1739556028682 3.437787994507468 210
1739556028726 0.18172872884927255 211
1739556028769 0.012664090541100893 212
1739556028813 2.3110207760076014 213
1739556028857 0.5235318726442102 214
1739556028901 0.09201780880741028 215
1739556028944 0.07307917022031694 216
1739556028988 0.8859740746199282 217
1739556029032 1.673190946121509 218
1739556029076 1.2722512408739466 219
1739556029120 4.955904440257836 220
1739556029163 0.3091202526305109 221
1739556029207 1.487260745399986 222
1739556029251 10.549019404946812 223
1739556029295 4.429830472302109 224
1739556029339 1.2715854797636363 225
1739556029382 0.18759261714137412 226
1739556029426 3.129301357082003 227
1739556029470 0.6445390108001984 228
1739556029513 0.000983305777279548 229
1739556029557 3.634059815890298 230
1739556029601 0.02837981015141026 231
1739556029644 0.18811026999715488 232
1739556029688 0.8266195624869005 233
1739556029732 0.6569501363937367 234
1739556029775 0.6425017669250768 235
1739556029818 0.17031351206656814 236
1739556029862 0.06714501466146336 237
1739556029906 1.1521367523906842 238
1739556029950 0.9563441804831743 239
1739556029993 0.4107951113670817 240
1739556030038 0.6866684980340496 241
1739556030081 5.406599166665589 242
1739556030126 0.8192068748346815 243
1739556030170 0.6189305857752094 244
1739556030213 0.8173854389356473 245
1739556030257 0.5469315950146241 246
1739556030301 4.492723531335048 247
1739556030346 0.7119634966108846 248
1739556030389 0.7255740852241792 249
1739556030433 2.2257869073576306 250
1739556030477 0.39632871456816143 251
1739556030520 0.11942049413367332 252
1739556030564 0.6923833775362065 253
1739556030608 2.803574476427715 254
1739556030652 0.44654768314925736 255
1739556030695 3.6672620458184815 256
1739556030739 1.7431376311607016 257
1739556030782 1.0008926744164948 258
1739556030826 1.3282637294902606 259
1739556030869 5.195398672791092 260
1739556030912 3.7467804644746425 261
1739556030956 0.48377355856730075 262
1739556030999 0.18861981355767152 263
1739556031043 5.935724760044926 264
1739556031085 0.5122799635456745 265
1739556031129 0.03711770157139279 266
1739556031172 0.016767644659179622 267
1739556031215 0.08484960611677787 268
1739556031258 0.12192945871224331 269
1739556031301 0.0267286646148897 270
1739556031345 2.4933797978455465 271
1739556031389 0.13912280176527125 272
1739556031432 0.8964655806019998 273
1739556031476 0.6299396567562737 274
1739556031518 1.0006330754034847 275
1739556031562 0.03338339215127419 276
1739556031605 0.00026210291959746546 277
1739556031649 0.21261947777721563 278
1739556031692 2.039897543201017 279
1739556031735 0.06162263745123198 280
1739556031779 2.0007524668707597 281
1739556031821 0.5149055573593657 282
1739556031866 0.4815558697771219 283
1739556031909 0.00010201289632850896 284
1739556031952 0.27796455162976613 285
1739556031998 3.5453931265866006 286
1739556032042 0.706985409358173 287
1739556032085 5.871152298725741 288
1739556032129 1.4462431687542208 289
1739556032173 0.014046325933062313 290
1739556032217 3.4896156310364366 291
1739556032261 0.04821077362007771 292
1739556032304 0.8699165611265385 293
1739556032348 0.5257979531922681 294
1739556032392 0.7803846884656657 295
1739556032436 0.24470897223303562 296
1739556032479 0.6172035461274975 297
1739556032523 0.14561564702254876 298
1739556032566 1.963656945455391 299
1739556032610 0.11272284370801708 300
1739556032654 0.27027766914436846 301
1739556032698 1.1628867063663937 302
1739556032742 0.4930437071189341 303
1739556032785 0.09262479488386297 304
1739556032828 0.008162649841999351 305
1739556032872 1.4038099629672363 306
1739556032916 0.2988667085141556 307
1739556032960 8.338155934168668 308
1739556033004 0.19012022179743068 309
1739556033048 0.2631294769189006 310
1739556033092 2.267177753252021 311
1739556033134 0.42079850266824365 312
1739556033177 1.0365809867446971 313
1739556033220 4.767338156823433 314
1739556033263 0.10533517480383532 315
1739556033307 0.37530049766881135 316
1739556033349 14.121377738541764 317
1739556033393 0.39654779871970347 318
1739556033436 0.1470737137405394 319
1739556033480 0.00021857707794932908 320
1739556033523 1.8029084360538643 321
1739556033566 0.9093471681366028 322
1739556033610 1.2098443636776808 323
1739556033652 1.314656790708978 324
1739556033696 6.17058576834575e-05 325
1739556033740 0.0872289682571282 326
1739556033782 0.18038737754437179 327
1739556033826 0.868043470118735 328
1739556033869 3.8342321011816156 329
1739556033913 0.09002288807852965 330
1739556033957 0.085489504776648 331
1739556034001 0.12126201224887903 332
1739556034044 0.04309731489856522 333
1739556034088 0.06121260935776655 334
1739556034131 0.008437533546434037 335
1739556034175 0.7974169388750957 336
1739556034218 0.01181334440426316 337
1739556034263 0.13057722701247365 338
1739556034308 0.6010680860142371 339
1739556034352 2.753329106965685 340
1739556034396 0.08962940317529489 341
1739556034440 0.1351050703972785 342
1739556034484 3.7447129875901854 343
1739556034528 0.6921680461282496 344
1739556034571 0.7125784974301135 345
1739556034615 0.5241347004400145 346
1739556034659 0.605220193784542 347
1739556034704 1.5579585378451504 348
1739556034748 0.3146608474580603 349
1739556034792 0.039811925860815785 350
1739556034836 0.07761199556590843 351
1739556034879 0.0034819414821838073 352
1739556034923 0.6172600201719096 353
1739556034967 1.0055751396140662 354
1739556035011 0.4737403051627275 355
1739556035055 0.00643258309286029 356
1739556035098 0.7420073935086201 357
1739556035141 0.011346559732214245 358
1739556035184 0.09047407359471539 359
1739556035227 3.5463037020453516 360
1739556035271 1.022639988144098 361
1739556035314 0.07043583855161933 362
1739556035358 0.2842166802705686 363
1739556035402 0.2678392256418041 364
1739556035445 0.09852008425915705 365
1739556035487 0.23518403846965835 366
1739556035531 1.8984064087511294 367
1739556035574 1.1946489746993671 368
1739556035617 0.27317299493870434 369
1739556035660 0.0008206981278254317 370
1739556035703 1.3720388335578309 371
1739556035747 0.17799520336071137 372
1739556035790 0.8347446636503899 373
1739556035834 1.209954444433946 374
1739556035877 1.878098895112549e-07 375
1739556035920 0.0017620421621185412 376
1739556035963 0.9532532019287162 377
1739556036007 0.17310206038088843 378
1739556036050 5.789368122618402 379
1739556036093 0.40521097621576807 380
1739556036136 0.5934547020666939 381
1739556036180 0.990004912028858 382
1739556036223 0.009771448705910525 383
1739556036267 0.7588294107001605 384
1739556036310 0.6370964198918743 385
1739556036354 0.4797164574683915 386
1739556036399 0.01984215613381855 387
1739556036444 0.478742083054377 388
1739556036488 7.229155179284251 389
1739556036532 0.5604006426819695 390
1739556036576 1.169071862819878 391
1739556036619 0.01735909847323782 392
1739556036663 4.028546860700883 393
1739556036707 0.9004893415319588 394
1739556036750 2.621531656698092 395
1739556036794 0.3712695342142286 396
1739556036837 0.13170677147966983 397
1739556036881 1.349387026173228 398
1739556036925 0.018282578960399344 399
1739556036969 0.3237198108026686 400
1739556037012 2.432390592287175 401
1739556037056 0.9004305336032743 402
1739556037099 0.3867179212879952 403
1739556037143 0.008516973152841566 404
1739556037186 1.2130304042171414 405
1739556037229 0.770576750922336 406
1739556037272 0.08956952111954834 407
1739556037315 0.0907535852077503 408
1739556037359 0.32381217061318196 409
1739556037401 1.138381542771167 410
1739556037445 1.5499210869921258 411
1739556037490 2.429987536791529 412
1739556037533 2.3617011028177166 413
1739556037577 0.010102490488698412 414
1739556037620 0.4123182163098965 415
1739556037664 0.7855939391608142 416
1739556037707 0.2183049548513667 417
1739556037751 0.6008067198708459 418
1739556037794 0.3861012881392128 419
1739556037837 0.5197356674190692 420
1739556037880 0.8025684561153857 421
1739556037924 0.3806706201425473 422
1739556037967 0.20965787989998771 423
1739556038010 2.7357824369661214 424
1739556038053 0.08552828892028103 425
1739556038097 1.1803614469816213 426
1739556038140 3.746207818974431 427
1739556038183 0.8576503291337048 428
1739556038226 0.002456384561800036 429
1739556038270 1.883384774031927 430
1739556038313 0.3329530907078085 431
1739556038357 0.4582831049224024 432
1739556038400 0.40465665318854394 433
1739556038443 0.7244759064832808 434
1739556038486 1.142543567412859 435
1739556038530 0.07057857468469109 436
1739556038574 0.19598574057987805 437
1739556038618 1.4195700694480369 438
1739556038662 0.036328560174564824 439
1739556038706 5.094028237825414 440
1739556038750 0.9814711471401266 441
1739556038794 2.023016995494763 442
1739556038837 1.1400344398416464 443
1739556038881 0.37560035686457116 444
1739556038925 3.5899334658316078 445
1739556038969 1.1225003744301276 446
1739556039013 0.4604697858495304 447
1739556039056 1.059246661862039 448
1739556039100 8.310888734022262 449
1739556039144 0.31816901849048707 450
1739556039188 4.054681795006283 451
1739556039232 0.03515492887333965 452
1739556039275 0.16147423180954 453
1739556039318 0.05622978954279475 454
1739556039360 0.27063526505531466 455
1739556039404 0.002996524838463948 456
1739556039447 0.25697288935255247 457
1739556039490 0.1826869517002314 458
1739556039533 0.04877225872851991 459
1739556039577 0.14889577303495272 460
1739556039620 1.8164920428654396 461
1739556039663 0.021971963690275417 462
1739556039707 0.545272519045283 463
1739556039750 8.428692905358567 464
1739556039793 2.636506495473868 465
1739556039836 0.21027731200300376 466
1739556039879 0.19349877799815643 467
1739556039922 5.399091369408407 468
1739556039966 0.8154954534634925 469
1739556040010 2.0853964020988176 470
1739556040052 0.04512356451861044 471
1739556040096 1.4376141435874594 472
1739556040138 0.5719796821782057 473
1739556040181 0.3741252260842951 474
1739556040225 0.22659153412420271 475
1739556040268 2.7144108552659314 476
1739556040310 2.003615155720415 477
1739556040354 1.0101559457035647 478
1739556040397 0.10958762798943125 479
1739556040440 2.547578802117297 480
1739556040483 1.5058405727471444 481
1739556040527 0.002307241005134559 482
1739556040569 2.84374379347125 483
1739556040613 0.14309982223538467 484
1739556040658 0.001018628453052952 485
1739556040701 7.753416406652057 486
1739556040745 0.8150630227279513 487
1739556040789 2.633429010579689 488
1739556040833 2.4653779220518843 489
1739556040876 2.6165140185002533 490
1739556040920 0.11248616424544071 491
1739556040963 1.338704997063992 492
1739556041007 1.2129046907516847 493
1739556041051 0.5473574195692654 494
1739556041095 0.00925481284487462 495
1739556041139 0.01804736962272255 496
1739556041182 0.2630750359798938 497
1739556041226 0.30325013681530205 498
1739556041270 0.7016530842684893 499
