1739615628846 172.27094811469297 0
1739615628861 166.29652801402082 1
1739615628875 170.37975073121433 2
1739615628888 170.91576060269898 3
1739615628900 167.50577606478603 4
1739615628912 165.42382914244277 5
1739615628926 158.03449011382196 6
1739615628940 163.7468919003508 7
1739615628952 166.6121316188316 8
1739615628965 157.99589584208778 9
1739615628978 156.26452164680654 10
1739615628992 159.21058081106446 11
1739615629045 156.59905520543325 12
1739615629071 152.4193862253869 13
1739615629087 153.52756348541172 14
1739615629102 150.88999387380045 15
1739615629117 147.39463489726907 16
1739615629135 153.23947150832853 17
1739615629153 143.90658248481168 18
1739615629170 143.12566101748314 19
1739615629187 145.4242497461928 20
1739615629204 148.09003919792735 21
1739615629219 142.50806841755102 22
1739615629234 143.01554142891294 23
1739615629249 145.08214503156967 24
1739615629264 139.47953374842206 25
1739615629279 142.53471897044358 26
1739615629294 135.66296503120446 27
1739615629308 135.1851194358883 28
1739615629322 135.54360540136634 29
1739615629336 136.33094955731175 30
1739615629349 133.56284384155106 31
1739615629364 130.36191308346372 32
1739615629378 133.18548163042848 33
1739615629392 129.51787297572594 34
1739615629404 129.20078854708635 35
1739615629418 130.65960591259469 36
1739615629431 126.3370305714302 37
1739615629444 123.8172538408014 38
1739615629460 125.35055766825391 39
1739615629475 123.50190270745018 40
1739615629490 125.9100618228182 41
1739615629504 122.65504615300976 42
1739615629517 120.11635286673543 43
1739615629532 124.07161749295184 44
1739615629546 117.57725704818924 45
1739615629560 119.8708541822033 46
1739615629575 116.39440588462074 47
1739615629590 116.62124718769266 48
1739615629605 116.8866384124485 49
1739615629620 112.26677530549885 50
1739615629648 113.68698065110179 51
1739615629666 115.36505703114804 52
1739615629682 118.03641378196359 53
1739615629699 113.89715310853877 54
1739615629718 110.97916302710232 55
1739615629737 115.85824369615234 56
1739615629755 110.68849399142567 57
1739615629771 110.31368098973208 58
1739615629789 106.67198897149335 59
1739615629809 110.55258613219112 60
1739615629826 106.84281365548894 61
1739615629842 106.206953260747 62
1739615629860 105.22725841158206 63
1739615629879 105.33066281914672 64
1739615629898 101.6177487506831 65
1739615629914 103.48752429061027 66
1739615629929 104.02779000102983 67
1739615629946 99.72467052181047 68
1739615629964 103.56774632429222 69
1739615629979 100.56629943064605 70
1739615629993 97.89202398131457 71
1739615630007 101.2833712515022 72
1739615630021 97.85189303508389 73
1739615630034 98.7352439555655 74
1739615630047 94.72303276407568 75
1739615630063 101.47062917149793 76
1739615630079 98.26025178736452 77
1739615630093 96.10326340214151 78
1739615630109 94.53851590447796 79
1739615630133 94.27423060740098 80
1739615630157 94.84642018662792 81
1739615630182 92.57073222457332 82
1739615630206 90.40806907377413 83
1739615630233 89.98937802179266 84
1739615630267 91.96090293820347 85
1739615630289 90.4475415344421 86
1739615630309 89.00127297694249 87
1739615630330 91.7441475743558 88
1739615630350 86.16038999380818 89
1739615630368 86.61455180063646 90
1739615630385 86.18898436922507 91
1739615630402 86.3560135435725 92
1739615630419 88.11126145229503 93
1739615630436 83.16734106062498 94
1739615630452 81.8253307338895 95
1739615630470 83.73764031681034 96
1739615630488 82.23149624419831 97
1739615630504 87.0464478388533 98
1739615630521 80.96240211038693 99
1739615630537 79.26764910189554 100
1739615630552 78.11210056409416 101
1739615630567 76.95873041192412 102
1739615630584 77.3455459822352 103
1739615630599 77.18664092149592 104
1739615630618 75.98920975166594 105
1739615630636 79.54354366046496 106
1739615630653 75.48896664299475 107
1739615630670 78.86566706508174 108
1739615630687 75.24854627709786 109
1739615630704 74.76530299159558 110
1739615630718 78.269298329872 111
1739615630732 74.967508896056 112
1739615630746 74.93309339468519 113
1739615630760 74.69266836827741 114
1739615630773 74.13849891470791 115
1739615630787 74.57102616320404 116
1739615630801 72.29412044414129 117
1739615630815 70.31353167078403 118
1739615630830 70.07815498314154 119
1739615630844 68.31737665984454 120
1739615630858 70.59344331643275 121
1739615630875 67.39477955204318 122
1739615630889 71.22333343857795 123
1739615630903 67.40206479128683 124
1739615630917 68.35806823734917 125
1739615630931 69.35527050301262 126
1739615630945 65.14455854804379 127
1739615630960 68.16749042268937 128
1739615630974 65.82130747324246 129
1739615630988 64.46398734597979 130
1739615631001 65.08422436968993 131
1739615631015 64.27443309156676 132
1739615631029 64.32620138223601 133
1739615631043 64.89312035615167 134
1739615631058 62.18574684229703 135
1739615631073 62.32890398764421 136
1739615631097 62.05733337408369 137
1739615631112 61.0775197393092 138
1739615631126 59.81454095415413 139
1739615631142 61.08693548706649 140
1739615631158 60.71374817346732 141
1739615631175 60.078525034837774 142
1739615631191 59.927759611322514 143
1739615631206 60.34929208963086 144
1739615631222 59.88096617087063 145
1739615631237 63.36719794303688 146
1739615631254 57.67060673579095 147
1739615631268 59.29392072706693 148
1739615631281 55.632409783059586 149
1739615631295 56.77956406677398 150
1739615631309 56.75328876544121 151
1739615631322 55.4928894023719 152
1739615631335 53.68017144009084 153
1739615631348 55.51146106582479 154
1739615631362 52.69258594644212 155
1739615631376 54.030081261771734 156
1739615631390 54.217085940952174 157
1739615631404 53.99704047064724 158
1739615631417 55.32467577251469 159
1739615631429 53.189026421196985 160
1739615631443 52.05127655155201 161
1739615631456 52.41093862994242 162
1739615631470 50.26811963705713 163
1739615631482 52.760314397886894 164
1739615631495 50.89981798574936 165
1739615631509 51.13228769068208 166
1739615631524 50.35789923774201 167
1739615631538 50.32062359774475 168
1739615631551 50.24229784669354 169
1739615631565 51.03809742887539 170
1739615631578 49.80962159675285 171
1739615631592 49.447272653501734 172
1739615631607 48.37244121814536 173
1739615631622 47.805879253665275 174
1739615631637 50.67419629329091 175
1739615631655 48.90753670564855 176
1739615631671 49.79343520946327 177
1739615631687 44.923953726320384 178
1739615631702 45.87668298402128 179
1739615631718 43.469233122100626 180
1739615631734 45.57870175691156 181
1739615631749 45.453908889877354 182
1739615631765 44.60752332975732 183
1739615631779 45.102696408651944 184
1739615631792 43.89377765387179 185
1739615631805 44.72352889148836 186
1739615631819 43.76986530426729 187
1739615631833 43.05693927334794 188
1739615631847 41.850749504295926 189
1739615631862 42.32593412183 190
1739615631880 42.801722805066845 191
1739615631895 40.85994178170539 192
1739615631908 42.41995467216561 193
1739615631922 41.74377609349995 194
1739615631936 41.85965998928399 195
1739615631949 41.35176656708281 196
1739615631962 42.52411210727839 197
1739615631976 39.454610734191654 198
1739615631989 40.41955199017724 199
1739615632002 41.86247725766398 200
1739615632016 41.96497245294271 201
1739615632030 38.849293445567284 202
1739615632044 39.90346220461521 203
1739615632058 40.209972734554796 204
1739615632072 39.17127344208126 205
1739615632085 38.4954977704203 206
1739615632099 37.69228773556832 207
1739615632114 37.0639659213296 208
1739615632128 37.56306818089 209
1739615632143 38.13350216087818 210
1739615632157 36.12623130466007 211
1739615632171 36.084266101268724 212
1739615632186 37.73019334342255 213
1739615632200 36.495925428619174 214
1739615632218 34.29387542663631 215
1739615632234 35.11719815392134 216
1739615632249 35.83530738680569 217
1739615632264 34.31454613018313 218
1739615632279 37.11474376667531 219
1739615632296 34.128072480567546 220
1739615632312 35.03714672314073 221
1739615632329 33.82662981769571 222
1739615632343 35.040978545514875 223
1739615632357 34.438065735439274 224
1739615632371 34.78995318685434 225
1739615632384 33.132285935258956 226
1739615632398 35.55908020616486 227
1739615632412 33.36052193645037 228
1739615632426 32.565203597221604 229
1739615632441 32.59424615922669 230
1739615632454 33.14583709050335 231
1739615632468 33.322239672573986 232
1739615632481 30.275030486458665 233
1739615632494 32.44698609918592 234
1739615632508 34.525474110280086 235
1739615632519 30.33514138036295 236
1739615632532 30.40866202736221 237
1739615632546 31.139381410489086 238
1739615632558 29.72260501396273 239
1739615632573 31.037286010208867 240
1739615632588 30.925972736045207 241
1739615632604 31.233291416156245 242
1739615632617 30.166108715837684 243
1739615632632 29.508388787801717 244
1739615632646 31.096278385914367 245
1739615632660 28.15382922336856 246
1739615632675 29.82938812923252 247
1739615632689 28.310848182531366 248
1739615632704 28.552044905793235 249
1739615632718 28.35129711358499 250
1739615632732 29.11643446151413 251
1739615632746 28.011872295779707 252
1739615632771 28.91818432536623 253
1739615632785 28.06899886437341 254
1739615632799 28.003558604450042 255
1739615632813 27.2139799656481 256
1739615632827 26.60977595341804 257
1739615632842 27.203183604717882 258
1739615632857 27.502881064066045 259
1739615632874 27.518355169711572 260
1739615632890 26.444300245376755 261
1739615632904 25.673782145247436 262
1739615632919 27.44689393189299 263
1739615632933 26.827667576874383 264
1739615632947 26.929444038344997 265
1739615632961 25.268672122434594 266
1739615632975 25.317606093787628 267
1739615632990 24.84091659608844 268
1739615633004 25.513283127409007 269
1739615633018 26.784811347530802 270
1739615633032 22.96918103195756 271
1739615633046 25.638487901675827 272
1739615633061 24.373240806111124 273
1739615633075 25.753974398495053 274
1739615633089 25.882184133338004 275
1739615633103 25.10680464451874 276
1739615633116 22.850413684852604 277
1739615633131 25.019576535306808 278
1739615633145 22.975603649468955 279
1739615633159 22.313343546234506 280
1739615633173 24.02306037991009 281
1739615633187 25.460456938628237 282
1739615633200 22.285966772181954 283
1739615633219 23.88317159925038 284
1739615633232 23.265332505909793 285
1739615633246 21.42269216146683 286
1739615633260 21.92156465922768 287
1739615633274 21.915541291208644 288
1739615633288 22.93138098429193 289
1739615633301 20.496693218953002 290
1739615633317 21.027681278672418 291
1739615633333 21.691153903780915 292
1739615633348 22.34448018980859 293
1739615633362 21.641021465256298 294
1739615633378 21.42864436596782 295
1739615633392 21.99990735451373 296
1739615633407 22.427611943201228 297
1739615633421 20.064170706824893 298
1739615633435 22.314445223598565 299
1739615633450 21.096311997689337 300
1739615633463 21.114920351082777 301
1739615633477 21.56584560473138 302
1739615633491 22.67648775949139 303
1739615633506 19.98645872978375 304
1739615633521 21.24683069806205 305
1739615633535 19.100386799976366 306
1739615633549 20.62129694686768 307
1739615633563 19.935965375550957 308
1739615633578 19.709893101532426 309
1739615633592 19.858905087596124 310
1739615633605 22.406996533366463 311
1739615633619 18.498491152015838 312
1739615633634 19.356367452789904 313
1739615633647 20.248673811997957 314
1739615633662 18.175798120737365 315
1739615633676 19.614110834667464 316
1739615633701 18.196206845565424 317
1739615633715 18.244312095129256 318
1739615633729 18.450023939944103 319
1739615633744 18.884057788536133 320
1739615633758 18.189141402847163 321
1739615633772 18.40258226327327 322
1739615633790 17.208888777007814 323
1739615633806 18.79658825032745 324
1739615633822 20.046779715443343 325
1739615633838 17.22398375969735 326
1739615633853 18.545557118913536 327
1739615633870 17.745984282539006 328
1739615633889 17.543986178159372 329
1739615633907 17.309148234754325 330
1739615633922 16.648287538891775 331
1739615633938 17.58573060136025 332
1739615633954 18.340190294566497 333
1739615633968 16.729898116327124 334
1739615633983 16.168089626288975 335
1739615633997 15.49487184256287 336
1739615634013 17.071573689375203 337
1739615634028 15.248517709605988 338
1739615634042 15.991599827274085 339
1739615634055 16.72250156006022 340
1739615634069 17.173506959300603 341
1739615634082 16.32861480862807 342
1739615634096 15.871534331045156 343
1739615634110 15.013739941802834 344
1739615634123 16.07459802235818 345
1739615634137 15.295202471681243 346
1739615634151 15.57705355474838 347
1739615634165 13.282026925577616 348
1739615634179 13.951403967606938 349
1739615634193 13.795521347376457 350
1739615634207 13.908243251483707 351
1739615634220 14.902415300828743 352
1739615634234 16.012719002763077 353
1739615634248 16.290771344691983 354
1739615634263 14.113666353894443 355
1739615634278 15.51420461376773 356
1739615634292 13.963742288082274 357
1739615634307 14.34680653124567 358
1739615634321 15.53782309392062 359
1739615634336 16.294967651483173 360
1739615634350 13.509802930325804 361
1739615634365 13.663232432362165 362
1739615634379 13.731301121804133 363
1739615634393 14.512608267859909 364
1739615634408 13.678302175370044 365
1739615634423 13.54478360390356 366
1739615634437 13.51902582390264 367
1739615634450 13.223155899777769 368
1739615634465 13.561387409679993 369
1739615634478 13.487531180644385 370
1739615634492 12.901870496733528 371
1739615634508 12.44855071043064 372
1739615634525 13.50166680674181 373
1739615634541 12.241789110819923 374
1739615634557 11.806590797446582 375
1739615634573 13.350886424022747 376
1739615634590 13.384395188680168 377
1739615634607 13.952237939115749 378
1739615634623 12.832966644508437 379
1739615634640 13.23954649256522 380
1739615634656 13.45764375953962 381
1739615634672 12.334040793433545 382
1739615634688 12.659879727321627 383
1739615634703 13.808375109385672 384
1739615634719 14.703631788999934 385
1739615634734 12.621050768280794 386
1739615634748 11.099475118541068 387
1739615634762 12.97534911120012 388
1739615634776 11.529475043500161 389
1739615634789 13.216601783330045 390
1739615634803 12.589696855811251 391
1739615634817 10.027477507914682 392
1739615634831 13.48019764605571 393
1739615634845 11.338730271794168 394
1739615634858 13.003390322802817 395
1739615634872 10.816997718743135 396
1739615634886 12.994187913482927 397
1739615634900 11.705767058197877 398
1739615634913 11.860571838724786 399
1739615634928 10.292385886821062 400
1739615634941 10.368598580240551 401
1739615634956 12.357612326102439 402
1739615634971 11.164606690732947 403
1739615634984 10.663799337819095 404
1739615634997 12.205857534679707 405
1739615635012 11.206560372277707 406
1739615635026 10.916102970024491 407
1739615635039 11.286136156118737 408
1739615635054 11.845400588919757 409
1739615635069 11.15803033023377 410
1739615635083 10.680407787449003 411
1739615635097 9.861352189172582 412
1739615635116 11.673053581308126 413
1739615635131 9.854339575202133 414
1739615635145 10.521641148433226 415
1739615635161 10.820295568430135 416
1739615635175 10.702840821792217 417
1739615635190 9.73915203076126 418
1739615635205 11.656829810122208 419
1739615635219 10.905032307682834 420
1739615635233 9.94898911920089 421
1739615635247 10.767393467085105 422
1739615635260 10.641981907110214 423
1739615635273 10.642281720391736 424
1739615635287 9.159541823044302 425
1739615635300 9.993648176147946 426
1739615635312 9.345245322858732 427
1739615635326 10.955327385100379 428
1739615635340 9.61320018361414 429
1739615635353 9.704063410713472 430
1739615635368 8.754159244190653 431
1739615635388 9.333698601094387 432
1739615635407 11.05834789117942 433
1739615635421 10.009249722380739 434
1739615635436 9.037586812243354 435
1739615635451 8.863821761054002 436
1739615635465 9.491029632496959 437
1739615635479 8.32556207757968 438
1739615635493 9.319236904486797 439
1739615635508 8.756003564351717 440
1739615635524 9.503564763549923 441
1739615635538 8.447403802571614 442
1739615635553 8.886303649143189 443
1739615635568 9.484575932549575 444
1739615635582 9.23246108050778 445
1739615635595 9.09138940173728 446
1739615635610 9.472933334106044 447
1739615635625 9.07175287640863 448
1739615635639 8.170148033392056 449
1739615635654 8.058803866416502 450
1739615635668 8.720064069887526 451
1739615635682 8.400046238576316 452
1739615635697 9.622779301018465 453
1739615635711 7.266005051610745 454
1739615635726 8.713618690463369 455
1739615635740 7.745412523003284 456
1739615635754 7.793148664887076 457
1739615635770 8.521280109369426 458
1739615635784 7.690402225273885 459
1739615635798 7.467664539179117 460
1739615635812 8.535181045977902 461
1739615635826 8.859199057288052 462
1739615635840 9.073663715856815 463
1739615635855 7.003547413105509 464
1739615635870 7.234673783122658 465
1739615635886 7.840395972414231 466
1739615635899 7.826553165899275 467
1739615635914 8.608531371821204 468
1739615635928 7.672546827262465 469
1739615635943 7.398263134927192 470
1739615635957 9.368189292989387 471
1739615635970 8.053332322215939 472
1739615635985 8.471663434831873 473
1739615636000 7.374328044825762 474
1739615636013 6.4445684451336005 475
1739615636027 6.3384091540207494 476
1739615636042 7.245390930942139 477
1739615636059 7.364061620178994 478
1739615636075 7.159598070954132 479
1739615636092 6.77873045900106 480
1739615636107 6.233023562646826 481
1739615636122 7.467933491849819 482
1739615636135 6.690062059188098 483
1739615636152 7.555708036213851 484
1739615636167 7.447167138847934 485
1739615636180 8.941130795109247 486
1739615636194 5.789258868271061 487
1739615636208 6.770259067233227 488
1739615636221 7.627176822422975 489
1739615636234 8.59195047132777 490
1739615636247 7.201666688239808 491
1739615636261 7.067876044239442 492
1739615636276 7.075587120566262 493
1739615636289 6.653571999265236 494
1739615636302 6.489067174760754 495
1739615636314 6.687622899279511 496
1739615636327 6.823690706980768 497
1739615636341 6.818214597774665 498
1739615636355 6.392377032338784 499
