1739556574973 169.21235122945856 0
1739556574982 169.20550701400154 1
1739556574992 169.19895970181122 2
1739556575002 169.19236211112678 3
1739556575011 169.1857647607891 4
1739556575020 169.1791677625491 5
1739556575030 169.17257100344008 6
1739556575040 169.1659745963998 7
1739556575049 169.15937842846495 8
1739556575058 169.15278261256998 9
1739556575068 169.14618703575493 10
1739556575077 169.13959181095078 11
1739556575086 169.13299682520105 12
1739556575095 169.12640219143321 13
1739556575105 169.11980779669437 14
1739556575114 169.1132137539085 15
1739556575123 169.10661995012606 16
1739556575133 169.10002649826768 17
1739556575141 169.09343328538716 18
1739556575151 169.08684042440186 19
1739556575160 169.0802478023689 20
1739556575171 169.07365553220217 21
1739556575181 169.06706350096232 22
1739556575191 169.06047182155982 23
1739556575200 169.05388038105866 24
1739556575209 169.04728929236595 25
1739556575218 169.040698442549 26
1739556575228 169.03410794451162 27
1739556575237 169.02751768532454 28
1739556575247 169.02092777788815 29
1739556575256 169.01433810927648 30
1739556575265 169.00774879238662 31
1739556575274 169.00115971429602 32
1739556575283 168.99457098789824 33
1739556575292 168.98798250027428 34
1739556575301 168.98139436431427 35
1739556575311 168.97480646710252 36
1739556575320 168.96821892152585 37
1739556575330 168.96163161467197 38
1739556575339 168.95504465942426 39
1739556575348 168.94845794287386 40
1739556575358 168.9418715779007 41
1739556575366 168.9352854515994 42
1739556575375 168.92869967684643 43
1739556575385 168.92211414073984 44
1739556575394 168.9155289561527 45
1739556575403 168.90894401018647 46
1739556575412 168.90235941571083 47
1739556575421 168.89577505983053 48
1739556575431 168.889191055412 49
1739556575440 168.88260728956334 50
1739556575449 168.87602387514755 51
1739556575458 168.8694406992762 52
1739556575467 168.86285787480875 53
1739556575477 168.85627528886033 54
1739556575486 168.84969305428697 55
1739556575495 168.84311105820709 56
1739556575504 168.83652941347341 57
1739556575513 168.8299480448275 58
1739556575522 168.82336693344865 59
1739556575531 168.81678617337238 60
1739556575540 168.81020565172594 61
1739556575550 168.80362548135355 62
1739556575559 168.7970455493855 63
1739556575568 168.79046596866266 64
1739556575577 168.78388662631875 65
1739556575585 168.77730763519116 66
1739556575595 168.77072888241696 67
1739556575604 168.76415048083032 68
1739556575613 168.75757231757166 69
1739556575623 168.7509945054716 70
1739556575632 168.7444169316741 71
1739556575642 168.73783970900635 72
1739556575651 168.7312627246157 73
1739556575660 168.72468609132602 74
1739556575669 168.7181096962879 75
1739556575679 168.71153365232192 76
1739556575688 168.70495784658212 77
1739556575696 168.69838239188562 78
1739556575705 168.69180717538978 79
1739556575714 168.68523230990837 80
1739556575724 168.6786576826023 81
1739556575734 168.6720834062818 82
1739556575743 168.6655094057167 83
1739556575752 168.65893566209346 84
1739556575760 168.65236226941218 85
1739556575769 168.64578911484264 86
1739556575778 168.6392163111866 87
1739556575787 168.63264374561683 88
1739556575797 168.62607153093174 89
1739556575805 168.61949955430748 90
1739556575814 168.6129279285391 91
1739556575823 168.60635654080613 92
1739556575832 168.59978550390016 93
1739556575841 168.59321470500424 94
1739556575851 168.58664425690648 95
1739556575860 168.58007404679327 96
1739556575868 168.5735041874495 97
1739556575877 168.56693456606484 98
1739556575886 168.5603652954208 99
1739556575896 168.55379626271048 100
1739556575905 168.5472275807119 101
1739556575914 168.54065913662168 102
1739556575924 168.5340910432144 103
1739556575932 168.52752318768998 104
1739556575945 168.5209556828198 105
1739556575954 168.51438841580708 106
1739556575962 168.50782149941966 107
1739556575973 168.50125482086435 108
1739556575984 168.49468849290562 109
1739556575993 168.48812244034383 110
1739556576002 168.4815566443731 111
1739556576011 168.47499119895534 112
1739556576020 168.46842599130616 113
1739556576030 168.46186113418156 114
1739556576040 168.45529651480015 115
1739556576050 168.44873224591447 116
1739556576059 168.4421682147466 117
1739556576069 168.43560453404572 118
1739556576078 168.4290410910372 119
1739556576088 168.4224779984669 120
1739556576097 168.41591514356355 121
1739556576106 168.40935263906962 122
1739556576114 168.4027903722173 123
1739556576124 168.39622845574561 124
1739556576133 168.38966677689015 125
1739556576143 168.38310544838654 126
1739556576152 168.37654435747373 127
1739556576162 168.369983616884 128
1739556576172 168.36342311385974 129
1739556576186 168.35686296112976 130
1739556576197 168.35030304593985 131
1739556576207 168.34374348101545 132
1739556576216 168.3371841536058 133
1739556576226 168.33062517643287 134
1739556576235 168.32406643674923 135
1739556576272 168.31750804727366 136
1739556576284 168.310949932837 137
1739556576294 168.30439207464102 138
1739556576304 168.29783456660954 139
1739556576314 168.29127729600398 140
1739556576324 168.28472037553453 141
1739556576333 168.27816369246557 142
1739556576344 168.271607359504 143
1739556576355 168.2650512639175 144
1739556576365 168.25849551840963 145
1739556576375 168.2519400102516 146
1739556576385 168.24538485214336 147
1739556576396 168.2388299313596 148
1739556576406 168.23227536059684 149
1739556576416 168.22572102713326 150
1739556576425 168.2191670436619 151
1739556576435 168.2126132974644 152
1739556576445 168.20605990123042 153
1739556576456 168.19950674224484 154
1739556576465 168.19295393319408 155
1739556576475 168.18640136136636 156
1739556576484 168.1798491394448 157
1739556576493 168.17329715472087 158
1739556576502 168.16674551987433 159
1739556576511 168.16019412220015 160
1739556576520 168.15364307437463 161
1739556576529 168.14709226369607 162
1739556576539 168.14054180283742 163
1739556576548 168.1339916166602 164
1739556576557 168.12744168637374 165
1739556576567 168.12089210586382 166
1739556576577 168.1143427624375 167
1739556576586 168.10779376875934 168
1739556576596 168.1012450121395 169
1739556576605 168.09469660523894 170
1739556576614 168.08814843537147 171
1739556576624 168.0816006151946 172
1739556576633 168.0750530320254 173
1739556576642 168.06850579851817 174
1739556576651 168.06195880199328 175
1739556576662 168.05541215510164 176
1739556576671 168.04886574516698 177
1739556576680 168.04231968483683 178
1739556576690 168.0357738614384 179
1739556576699 168.02922838761575 180
1739556576708 168.02268315069946 181
1739556576717 168.01613826333033 182
1739556576726 168.00959361284225 183
1739556576736 168.0030493118725 184
1739556576745 167.9965052477586 185
1739556576755 167.98996153313433 186
1739556576765 167.9834180553405 187
1739556576774 167.9768749270077 188
1739556576783 167.97033203548006 189
1739556576792 167.96378949338467 190
1739556576801 167.95724722561357 191
1739556576810 167.95070521338386 192
1739556576820 167.94416355054307 193
1739556576830 167.9376221244442 194
1739556576840 167.93108104770582 195
1739556576849 167.92454020768406 196
1739556576859 167.9179997169942 197
1739556576868 167.9114594629956 198
1739556576877 167.90491955830018 199
1739556576887 167.89837989027077 200
1739556576896 167.8918405715159 201
1739556576905 167.88530148940168 202
1739556576915 167.8787627565333 203
1739556576924 167.87222426028032 204
1739556576934 167.86568611324455 205
1739556576945 167.85914820279885 206
1739556576954 167.85261064154167 207
1739556576964 167.8460733168493 208
1739556576973 167.83953634131674 209
1739556576982 167.83299960232375 210
1739556576991 167.82646321246193 211
1739556577000 167.81992705911432 212
1739556577009 167.81339125486923 213
1739556577018 167.8068556871131 214
1739556577027 167.80032046843084 215
1739556577036 167.79378552374263 216
1739556577045 167.7872508342726 217
1739556577055 167.7807164938331 218
1739556577065 167.77418238981937 219
1739556577074 167.7676486348079 220
1739556577083 167.7611151161969 221
1739556577092 167.7545819465594 222
1739556577102 167.74804901329722 223
1739556577111 167.7415164289799 224
1739556577121 167.73498408101258 225
1739556577130 167.72845208196145 226
1739556577140 167.72192031923512 227
1739556577149 167.71538890539634 228
1739556577159 167.70885772785704 229
1739556577169 167.70232689917665 230
1739556577178 167.69579630677052 231
1739556577187 167.68926606319468 232
1739556577197 167.68273605586782 233
1739556577206 167.67620639734258 234
1739556577215 167.66967697504106 235
1739556577224 167.66314790151256 236
1739556577233 167.65661906418256 237
1739556577242 167.65009057559692 238
1739556577251 167.6435623231845 239
1739556577261 167.63703441948786 240
1739556577270 167.63050675193915 241
1739556577280 167.62397943307764 242
1739556577289 167.61745238785394 243
1739556577298 167.6109255974999 244
1739556577307 167.60439915578968 245
1739556577316 167.59787295016432 246
1739556577325 167.59134709315452 247
1739556577334 167.58482147220445 248
1739556577343 167.5782961998413 249
1739556577353 167.57177116351247 250
1739556577362 167.56524647574207 251
1739556577372 167.5587220239808 252
1739556577381 167.55219792074928 253
1739556577390 167.54567405350167 254
1739556577400 167.53915053475515 255
1739556577409 167.5326272519674 256
1739556577418 167.5261043176521 257
1739556577428 167.51958161927033 258
1739556577437 167.51305926933244 259
1739556577447 167.50653715530285 260
1739556577456 167.50001538968849 261
1739556577465 167.49349385995723 262
1739556577475 167.48697267861266 263
1739556577485 167.48045173312593 264
1739556577495 167.47393113599728 265
1739556577504 167.46741077470125 266
1739556577513 167.4608907617347 267
1739556577523 167.45437098457558 268
1739556577532 167.44785155571736 269
1739556577542 167.44133240014125 270
1739556577552 167.43481349908666 271
1739556577567 167.42829494628975 272
1739556577575 167.4217766292372 273
1739556577585 167.4152586604141 274
1739556577594 167.4087409273102 275
1739556577603 167.4022235424071 276
1739556577613 167.39570639319803 277
1739556577622 167.3891895921612 278
1739556577630 167.38267302679319 279
1739556577639 167.37615680956884 280
1739556577649 167.3696408279881 281
1739556577658 167.36312519452247 282
1739556577667 167.3566097966752 283
1739556577677 167.35009474691458 284
1739556577686 167.34357993274702 285
1739556577696 167.3370654666375 286
1739556577705 167.33055123609603 287
1739556577714 167.32403735358395 288
1739556577723 167.31752370661465 289
1739556577733 167.31101040764625 290
1739556577742 167.30449734419543 291
1739556577751 167.29798462871693 292
1739556577761 167.2914721487309 293
1739556577769 167.28496001668853 294
1739556577778 167.27844812011347 295
1739556577787 167.27193657145364 296
1739556577797 167.26542529572055 297
1739556577806 167.2589142741612 298
1739556577815 167.25240360047394 299
1739556577824 167.245893162191 300
1739556577833 167.23938307175183 301
1739556577841 167.23287321669184 302
1739556577850 167.2263637094471 303
1739556577860 167.21985443755634 304
1739556577869 167.21334551345225 305
1739556577879 167.206836824677 306
1739556577888 167.20032848365992 307
1739556577897 167.19382037794648 308
1739556577905 167.18731261996265 309
1739556577915 167.18080509725732 310
1739556577924 167.17429792225306 311
1739556577933 167.16779098250217 312
1739556577946 167.16128439042382 313
1739556577955 167.15477803357365 314
1739556577963 167.14827202436746 315
1739556577972 167.1417662503643 316
1739556577981 167.13526082397664 317
1739556577990 167.12875563276685 318
1739556577999 167.122250789144 319
1739556578008 167.1157461806739 320
1739556578016 167.10924191976218 321
1739556578026 167.10273789397806 322
1739556578035 167.09623421572385 323
1739556578046 167.0897308100416 324
1739556578059 167.0832276581859 325
1739556578070 167.07672485381698 326
1739556578081 167.07022228451282 327
1739556578091 167.06372006266722 328
1739556578103 167.05721807586124 329
1739556578113 167.05071643648535 330
1739556578123 167.0442150321239 331
1739556578132 167.03771397516402 332
1739556578142 167.0312131531935 333
1739556578151 167.02471267859596 334
1739556578161 167.01821243896273 335
1739556578170 167.011712546674 336
1739556578180 167.00521288932435 337
1739556578189 166.99871357929075 338
1739556578199 166.9922145041711 339
1739556578209 166.985715776339 340
1739556578218 166.9792172833957 341
1739556578227 166.9727191377115 342
1739556578236 166.96622122689095 343
1739556578246 166.95972366330102 344
1739556578256 166.95322633454964 345
1739556578266 166.9467293530003 346
1739556578275 166.94023260626443 347
1739556578284 166.93373620670218 348
1739556578294 166.92724004192823 349
1739556578303 166.92074422429943 350
1739556578313 166.91424867888813 351
1739556578323 166.9077533869566 352
1739556578332 166.90125844212713 353
1739556578342 166.89476373202325 354
1739556578351 166.8882693689932 355
1739556578361 166.88177524066367 356
1739556578370 166.87528145937955 357
1739556578380 166.86878791277073 358
1739556578389 166.8622947131789 359
1739556578399 166.85580174823733 360
1739556578408 166.84930913028418 361
1739556578418 166.84281674695626 362
1739556578428 166.83632471058826 363
1739556578438 166.82983290882038 364
1739556578447 166.82334145398397 365
1739556578457 166.8168502337226 366
1739556578466 166.8103593603642 367
1739556578476 166.80386872155577 368
1739556578485 166.79737842962186 369
1739556578495 166.79088837221278 370
1739556578504 166.78439866164985 371
1739556578514 166.7779091855866 372
1739556578523 166.77142005634101 373
1739556578533 166.76493116157008 374
1739556578543 166.75844261358833 375
1739556578552 166.75195433749644 376
1739556578561 166.74546631456357 377
1739556578571 166.73897863837692 378
1739556578580 166.7324911966022 379
1739556578589 166.72600410154558 380
1739556578599 166.71951724087583 381
1739556578608 166.71303072689568 382
1739556578617 166.70654444727737 383
1739556578627 166.70005851432018 384
1739556578636 166.69357281569978 385
1739556578645 166.68708746371212 386
1739556578654 166.68060234603607 387
1739556578668 166.67411757496438 388
1739556578677 166.6676330381792 389
1739556578687 166.66114884796994 390
1739556578697 166.6546648920222 391
1739556578706 166.64818128262192 392
1739556578715 166.64169790745808 393
1739556578724 166.6352148788133 394
1739556578733 166.6287320843798 395
1739556578743 166.622249636437 396
1739556578753 166.61576742268053 397
1739556578763 166.6092855553862 398
1739556578772 166.6028039222532 399
1739556578782 166.59632263555386 400
1739556578792 166.5898415829908 401
1739556578802 166.5833608768331 402
1739556578811 166.57688044221163 403
1739556578820 166.57040026040326 404
1739556578830 166.56392042495736 405
1739556578839 166.55744082358498 406
1739556578849 166.550961568547 407
1739556578859 166.54448254755752 408
1739556578868 166.53800387287387 409
1739556578878 166.5315254322138 410
1739556578887 166.5250473378312 411
1739556578897 166.51856947744707 412
1739556578906 166.51209196331203 413
1739556578916 166.50561468315044 414
1739556578925 166.49913774920952 415
1739556578935 166.49266104921702 416
1739556578944 166.4861846954168 417
1739556578955 166.47970857553992 418
1739556578965 166.47323280182692 419
1739556578974 166.4667572620123 420
1739556578983 166.46028206833313 421
1739556578993 166.45380710852731 422
1739556579002 166.44733249482854 423
1739556579012 166.4408581149781 424
1739556579021 166.43438408120633 425
1739556579030 166.42791028125785 426
1739556579040 166.42143682735968 427
1739556579049 166.4149636072598 428
1739556579058 166.4084907331818 429
1739556579067 166.402018130287 430
1739556579077 166.39554577985987 431
1739556579086 166.38907377541173 432
1739556579095 166.38260200469932 433
1739556579104 166.37613057993786 434
1739556579114 166.3696593888872 435
1739556579124 166.36318854375904 436
1739556579133 166.35671793231663 437
1739556579142 166.35024766676838 438
1739556579152 166.34377763488092 439
1739556579161 166.33730794885923 440
1739556579171 166.33083849647326 441
1739556579180 166.3243693899248 442
1739556579189 166.31790051698707 443
1739556579199 166.31143198985836 444
1739556579208 166.3049636963154 445
1739556579218 166.2984957485532 446
1739556579227 166.29202803435172 447
1739556579237 166.2855606659026 448
1739556579246 166.2790935309892 449
1739556579256 166.27262674179985 450
1739556579265 166.26616018612123 451
1739556579274 166.25969397613818 452
1739556579284 166.25322799964098 453
1739556579294 166.24676236881103 454
1739556579303 166.24029697144192 455
1739556579312 166.23383191971166 456
1739556579321 166.227367138812 457
1739556579331 166.22090261003498 458
1739556579341 166.21443842685406 459
1739556579350 166.20797447707142 460
1739556579360 166.2015108728569 461
1739556579369 166.19504750201568 462
1739556579378 166.18858447671423 463
1739556579387 166.18212168476114 464
1739556579396 166.17565923831944 465
1739556579405 166.16919702520116 466
1739556579415 166.16273515756595 467
1739556579424 166.15627352322912 468
1739556579433 166.14981223434702 469
1739556579442 166.1433511787384 470
1739556579451 166.13689046855615 471
1739556579461 166.1304299916224 472
1739556579470 166.12396986008676 473
1739556579479 166.1175099617746 474
1739556579488 166.1110504088322 475
1739556579498 166.10459108908836 476
1739556579507 166.09813211468594 477
1739556579516 166.09167337345716 478
1739556579525 166.08521497754143 479
1739556579534 166.07875681477435 480
1739556579543 166.07229899729208 481
1739556579552 166.0658414129335 482
1739556579562 166.0593841738314 483
1739556579571 166.05292720520765 484
1739556579581 166.04647048836193 485
1739556579590 166.04001411672988 486
1739556579600 166.03355797815917 487
1739556579609 166.0271021847741 488
1739556579619 166.02064662442547 489
1739556579628 166.01419140923417 490
1739556579637 166.0077364270543 491
1739556579646 166.00128179000356 492
1739556579655 165.9948273859393 493
1739556579664 165.9883733269758 494
1739556579674 165.98191950097387 495
1739556579684 165.9754660200444 496
1739556579694 165.9690127720516 497
1739556579703 165.96255986910288 498
1739556579713 165.95610719906594 499
