1739617262230 127.50356447880888 0
1739617262245 94.18374254107727 1
1739617262259 71.85809477062378 2
1739617262273 59.42475566357221 3
1739617262289 43.4960586879622 4
1739617262306 44.88202219139513 5
1739617262329 34.656356075812774 6
1739617262346 25.692162646711115 7
1739617262364 18.702344441314647 8
1739617262382 19.66071006861319 9
1739617262400 15.746820288178393 10
1739617262418 14.608767072071918 11
1739617262437 12.492367298248716 12
1739617262455 15.777416626596633 13
1739617262473 17.341642619125036 14
1739617262490 11.545535773631398 15
1739617262508 10.231162996207154 16
1739617262526 14.881703399093631 17
1739617262543 11.722509957423481 18
1739617262561 13.083431487797824 19
1739617262577 11.216791300213451 20
1739617262593 16.040916924016663 21
1739617262610 10.55921578775472 22
1739617262626 9.29053132197119 23
1739617262642 14.39883413025371 24
1739617262658 7.050309606098535 25
1739617262674 17.263081082271025 26
1739617262690 9.225468480195833 27
1739617262706 18.65136886061315 28
1739617262722 14.08363625667061 29
1739617262738 16.8787583235686 30
1739617262753 9.698141915502033 31
1739617262768 11.20418150052561 32
1739617262783 12.756874179280336 33
1739617262798 16.71711825807306 34
1739617262812 11.29350029436075 35
1739617262825 12.075937189454054 36
1739617262839 13.144004862632965 37
1739617262852 16.787466436054732 38
1739617262865 13.894161131236872 39
1739617262878 15.199437895532519 40
1739617262891 11.681569149373502 41
1739617262904 10.899210594598923 42
1739617262917 13.557982281108497 43
1739617262930 14.945272933707733 44
1739617262943 13.757561204008065 45
1739617262956 15.68935966406959 46
1739617262969 11.183798644110944 47
1739617262982 10.357596390803376 48
1739617262996 17.92685465610793 49
1739617263008 10.42720599124411 50
1739617263021 14.19497880303956 51
1739617263035 10.491054997230108 52
1739617263049 11.246635135612015 53
1739617263066 15.24624524396437 54
1739617263081 14.036220018460238 55
1739617263094 18.429401911337067 56
1739617263108 11.340204972037132 57
1739617263122 12.380216627147483 58
1739617263135 13.560499309163308 59
1739617263149 11.578444073746084 60
1739617263162 9.723868283131392 61
1739617263175 11.29714669913494 62
1739617263188 8.902961478288402 63
1739617263201 12.89341050929999 64
1739617263214 14.065337114771035 65
1739617263227 17.50892972999919 66
1739617263239 10.017658114317763 67
1739617263251 11.994162538098642 68
1739617263263 13.578349859940104 69
1739617263275 12.496397336079118 70
1739617263288 11.899848714952123 71
1739617263300 11.104421867318424 72
1739617263312 12.372041289195352 73
1739617263324 13.01486262751362 74
1739617263336 13.032922584704467 75
1739617263348 11.51740055939663 76
1739617263360 14.485722445196917 77
1739617263373 10.589177029255396 78
1739617263386 13.775532690715965 79
1739617263398 12.463267875202172 80
1739617263410 13.207226995252839 81
1739617263422 12.151754141300486 82
1739617263434 12.843893167397312 83
1739617263448 11.419970906143318 84
1739617263462 14.6741858612856 85
1739617263475 12.721155590820999 86
1739617263488 15.9639262232299 87
1739617263500 11.533452185043554 88
1739617263512 9.556616304428848 89
1739617263526 7.225152394957538 90
1739617263538 10.436478056004539 91
1739617263550 14.586650675377186 92
1739617263563 13.522877720211648 93
1739617263575 8.505010466120709 94
1739617263587 15.807864401856534 95
1739617263599 10.97062206232728 96
1739617263611 11.871766941307731 97
1739617263624 14.492039712635279 98
1739617263636 10.982299328541204 99
1739617263649 10.070573463951629 100
1739617263662 9.476392432084122 101
1739617263674 13.882727671602552 102
1739617263686 17.528312340495653 103
1739617263698 18.16721903714528 104
1739617263710 10.156660171327507 105
1739617263723 14.00809469195292 106
1739617263735 13.254977211468645 107
1739617263748 14.068397356686813 108
1739617263760 8.762146516518595 109
1739617263772 12.56805911694779 110
1739617263784 9.329259963695996 111
1739617263797 12.871238332159622 112
1739617263809 9.290007905985725 113
1739617263821 14.295509388591393 114
1739617263834 9.682104128318207 115
1739617263846 12.825561119005949 116
1739617263858 12.871260414438552 117
1739617263870 8.875340133934184 118
1739617263882 13.965275436658258 119
1739617263895 13.478243269719163 120
1739617263907 13.777703595685479 121
1739617263920 14.553831532659645 122
1739617263932 9.942208387962824 123
1739617263944 12.33037056233415 124
1739617263956 11.673448960245295 125
1739617263968 11.95652465103674 126
1739617263981 13.033216152993305 127
1739617263993 10.907458705523773 128
1739617264005 9.133342709318951 129
1739617264017 16.639500578941263 130
1739617264029 12.353163874746189 131
1739617264041 13.383250735550858 132
1739617264054 13.585137993097199 133
1739617264069 12.762974375515245 134
1739617264081 15.123718485372844 135
1739617264093 13.156003824705877 136
1739617264106 13.93208915403588 137
1739617264118 14.154184183178739 138
1739617264131 13.195352122059694 139
1739617264144 9.608040504201927 140
1739617264158 8.551174642690011 141
1739617264171 10.384325419321518 142
1739617264184 12.844896825121515 143
1739617264197 12.506042662783193 144
1739617264213 10.350702868826417 145
1739617264227 12.611304472499226 146
1739617264240 13.086877305571939 147
1739617264253 9.163799890782093 148
1739617264268 10.502566459570254 149
1739617264282 13.32198990851352 150
1739617264296 13.115514857923312 151
1739617264309 9.295275995822848 152
1739617264323 10.095345710719712 153
1739617264338 10.623109954400944 154
1739617264352 13.640684605105442 155
1739617264365 12.008226160526286 156
1739617264378 16.165712308297312 157
1739617264391 12.18071525584222 158
1739617264404 10.382823155492959 159
1739617264417 7.036494867719139 160
1739617264430 11.651675167963667 161
1739617264443 12.898318926653943 162
1739617264458 10.813538115780736 163
1739617264471 13.061425926472962 164
1739617264484 12.162636620621015 165
1739617264497 16.777913774832015 166
1739617264510 9.880726258883259 167
1739617264522 11.53859222983751 168
1739617264534 12.818563107015473 169
1739617264546 15.209190808687495 170
1739617264559 11.134405765075435 171
1739617264571 14.39600310555914 172
1739617264584 12.01773777366137 173
1739617264596 11.691347958283082 174
1739617264608 11.095247415448371 175
1739617264620 11.312825798937896 176
1739617264632 11.823511856577346 177
1739617264645 10.905508719717858 178
1739617264657 9.173619526460456 179
1739617264669 12.457406126099732 180
1739617264681 10.552868370615075 181
1739617264693 14.126506832902685 182
1739617264705 12.599320122010587 183
1739617264718 14.930434090179087 184
1739617264730 12.501605965755623 185
1739617264742 15.157744215840225 186
1739617264754 10.71530829623531 187
1739617264766 9.827813687773 188
1739617264778 11.007449033903955 189
1739617264791 11.025359134675817 190
1739617264803 11.690854357628842 191
1739617264815 13.854554005095194 192
1739617264827 9.186722491038111 193
1739617264839 10.091873650108104 194
1739617264851 13.668291684680748 195
1739617264863 15.763952507498054 196
1739617264875 12.740072188859997 197
1739617264887 18.693632916358577 198
1739617264900 9.514312229015811 199
1739617264912 11.193179299827042 200
1739617264924 13.016081520776456 201
1739617264936 10.845090933986018 202
1739617264948 12.919734505780916 203
1739617264960 13.838321455890348 204
1739617264972 10.21097011292509 205
1739617264984 14.83642813976611 206
1739617264997 8.514871029485523 207
1739617265008 8.898017791745204 208
1739617265021 13.354611431859668 209
1739617265033 13.460038091642755 210
1739617265045 13.442386961867326 211
1739617265057 13.519218419695916 212
1739617265072 16.750022086935626 213
1739617265084 13.029063516293174 214
1739617265096 9.15651139804806 215
1739617265108 11.73424010208174 216
1739617265120 11.686611167276926 217
1739617265132 9.428312026477267 218
1739617265144 9.952918109205527 219
1739617265156 15.194081406781734 220
1739617265168 12.379791617342494 221
1739617265180 15.406507084488265 222
1739617265195 15.18346120477857 223
1739617265208 11.24146379215867 224
1739617265221 13.25129991523147 225
1739617265234 13.6315272874542 226
1739617265247 16.46110732208765 227
1739617265259 11.319131485623815 228
1739617265271 12.242776015746832 229
1739617265283 13.733121245578728 230
1739617265296 11.955317930247277 231
1739617265309 15.097086777634525 232
1739617265321 12.568480836790387 233
1739617265333 13.992444847373218 234
1739617265345 13.868499922186299 235
1739617265357 7.147182793186608 236
1739617265369 12.364979248686383 237
1739617265381 11.269470605084944 238
1739617265394 6.5172444871543345 239
1739617265406 11.424664201611678 240
1739617265418 10.846277591918337 241
1739617265430 9.939422541400521 242
1739617265443 10.220214912805035 243
1739617265455 9.807265185682615 244
1739617265467 10.991669773230475 245
1739617265479 10.193054367931337 246
1739617265491 9.933614564596045 247
1739617265503 8.40842663018925 248
1739617265515 11.51529883741336 249
1739617265527 17.752318508674435 250
1739617265539 12.722973432948493 251
1739617265552 10.534097462875575 252
1739617265564 10.462083147683602 253
1739617265576 10.964065486814038 254
1739617265588 11.56590113255413 255
1739617265600 13.004551113485451 256
1739617265612 10.569209208772756 257
1739617265625 11.498477811067549 258
1739617265637 13.626790773050251 259
1739617265649 11.295592066001305 260
1739617265661 14.35282389028082 261
1739617265673 11.722398180446014 262
1739617265686 12.85447142603348 263
1739617265699 12.598623397119002 264
1739617265711 11.625304375520688 265
1739617265723 8.40447162632587 266
1739617265735 7.008108998458759 267
1739617265748 15.469579568317796 268
1739617265760 10.810994916875211 269
1739617265772 9.560741493351696 270
1739617265784 11.08639353723185 271
1739617265796 11.20624506070168 272
1739617265809 14.027389943004861 273
1739617265821 8.95952247160605 274
1739617265833 9.237560605107479 275
1739617265845 11.433806821581054 276
1739617265857 14.02853196850917 277
1739617265869 13.154506181846083 278
1739617265881 15.441897783522444 279
1739617265894 12.005303722449211 280
1739617265905 17.305584271627495 281
1739617265918 17.158609109915286 282
1739617265931 10.20612902732786 283
1739617265943 13.209341163215413 284
1739617265955 9.52528778321199 285
1739617265967 10.006589838510497 286
1739617265979 16.639294884109667 287
1739617265991 10.194755940402121 288
1739617266003 8.62125161022268 289
1739617266015 11.649104003062014 290
1739617266027 11.1379882549437 291
1739617266039 13.289683595580001 292
1739617266051 10.544613879531108 293
1739617266064 10.176063506622027 294
1739617266076 7.817318232064151 295
1739617266088 13.540053887600516 296
1739617266100 11.801211786580211 297
1739617266112 11.229320057763891 298
1739617266125 12.58264817793224 299
1739617266137 13.648976448385156 300
1739617266149 11.122183275888446 301
1739617266161 12.314248447868952 302
1739617266173 14.653219910473386 303
1739617266186 11.212664899745787 304
1739617266199 8.677349293606724 305
1739617266211 11.441051300843963 306
1739617266223 12.191913689710258 307
1739617266235 14.762612154461275 308
1739617266247 11.426099193138345 309
1739617266260 10.329783760334415 310
1739617266272 8.461127312113662 311
1739617266284 12.824143945115217 312
1739617266297 11.664512128400464 313
1739617266309 10.714404855854086 314
1739617266321 7.672193471038582 315
1739617266333 16.272909917945466 316
1739617266345 10.384971399311897 317
1739617266357 10.786794770892314 318
1739617266369 8.849585295494329 319
1739617266381 11.489187240007375 320
1739617266393 9.022423568941347 321
1739617266405 12.57319654539918 322
1739617266417 11.347024413593228 323
1739617266429 16.44017490216902 324
1739617266442 11.88194590349235 325
1739617266454 7.289733164826269 326
1739617266466 12.354576491905942 327
1739617266478 11.150042411422243 328
1739617266490 13.737965097988802 329
1739617266502 12.309271041571234 330
1739617266514 13.426276232293276 331
1739617266526 11.985100542806132 332
1739617266538 10.705965255500669 333
1739617266550 12.769095612873171 334
1739617266563 11.15390273862529 335
1739617266577 13.464202177588472 336
1739617266590 15.66198674306253 337
1739617266607 11.009347488654788 338
1739617266626 10.16996153174479 339
1739617266643 10.154887966842324 340
1739617266659 10.440354344950489 341
1739617266673 15.156072997885081 342
1739617266688 13.07568005568067 343
1739617266703 12.843962440297119 344
1739617266717 9.54774199373212 345
1739617266731 11.450724880419417 346
1739617266746 11.076035528046704 347
1739617266760 11.789029797970235 348
1739617266773 8.656870977039997 349
1739617266786 11.457394090846401 350
1739617266799 10.935521802424775 351
1739617266812 10.102031725248388 352
1739617266825 7.569969454486624 353
1739617266838 9.418490320696781 354
1739617266851 13.753836212445616 355
1739617266863 11.791830999179444 356
1739617266876 12.017935717646486 357
1739617266889 12.090212048162263 358
1739617266903 11.835594506088299 359
1739617266916 14.067888083118088 360
1739617266929 12.69021402608074 361
1739617266942 8.304236346084057 362
1739617266955 16.366426260956125 363
1739617266968 8.004262299092652 364
1739617266981 7.972049253165936 365
1739617266993 14.671541697128829 366
1739617267005 13.523800786941704 367
1739617267018 15.575992003932383 368
1739617267033 12.483234079630403 369
1739617267045 9.8740574836595 370
1739617267057 12.88672542910209 371
1739617267070 11.634106225714245 372
1739617267082 7.217092349280326 373
1739617267094 9.893396451761157 374
1739617267108 9.86191069264541 375
1739617267122 9.468373475412562 376
1739617267136 14.219370912731748 377
1739617267149 11.12617999994506 378
1739617267162 13.09768396146644 379
1739617267175 14.700356338905374 380
1739617267188 8.107056353515103 381
1739617267200 10.66735309056782 382
1739617267213 6.653096953553948 383
1739617267228 10.675590730273889 384
1739617267243 11.425814540235399 385
1739617267258 10.305300868751692 386
1739617267273 12.657031153562691 387
1739617267288 12.087145256466702 388
1739617267302 9.932797357294739 389
1739617267318 9.817085794298988 390
1739617267332 9.168539018071622 391
1739617267345 11.757925839180556 392
1739617267358 8.354779310353571 393
1739617267371 10.614158992334469 394
1739617267384 13.566713779743596 395
1739617267396 6.873983822946473 396
1739617267408 7.625859338512504 397
1739617267421 14.222374436761005 398
1739617267434 8.590374678125878 399
1739617267446 15.607310696742037 400
1739617267458 13.022943509088634 401
1739617267470 10.85507308078677 402
1739617267483 10.246176092486468 403
1739617267495 10.835370851315366 404
1739617267507 11.78460010146939 405
1739617267519 12.557031460793358 406
1739617267532 8.87145931192019 407
1739617267544 13.718369620890018 408
1739617267556 12.533766448575308 409
1739617267568 12.638995028040055 410
1739617267581 13.346326643873706 411
1739617267593 9.512433829619821 412
1739617267605 12.520385903376527 413
1739617267617 12.93226721049564 414
1739617267629 10.722484892316757 415
1739617267642 17.622240844919187 416
1739617267654 11.187028387392715 417
1739617267666 11.41499745623737 418
1739617267678 11.329201285763899 419
1739617267690 15.468567309575132 420
1739617267702 15.731473945593521 421
1739617267718 9.656056133138152 422
1739617267732 11.587968987661485 423
1739617267745 8.460532395717859 424
1739617267758 13.004833009102912 425
1739617267771 13.580607594348056 426
1739617267785 12.79434473108357 427
1739617267797 11.640687421520221 428
1739617267810 7.021895625127403 429
1739617267823 13.735647823931792 430
1739617267835 7.583066153703742 431
1739617267847 13.818404717552122 432
1739617267859 17.936978461255304 433
1739617267871 11.527414801336635 434
1739617267883 12.128740192202669 435
1739617267895 13.084088978355947 436
1739617267908 9.964412866682725 437
1739617267920 7.945916483707966 438
1739617267932 11.723807260876898 439
1739617267945 9.827711254310923 440
1739617267957 9.83538949060345 441
1739617267969 12.071320698821111 442
1739617267982 12.87821073591375 443
1739617268027 8.37130321419867 444
1739617268044 10.718794296258858 445
1739617268058 10.889573245419792 446
1739617268072 9.918337715299936 447
1739617268087 11.482877833440961 448
1739617268101 17.628622693746394 449
1739617268114 10.829513544118367 450
1739617268127 11.26226049073891 451
1739617268140 10.28593238285149 452
1739617268154 10.165205627111833 453
1739617268168 12.808880303173357 454
1739617268183 11.577256788462075 455
1739617268198 8.968571700759163 456
1739617268212 11.537364026033444 457
1739617268226 15.177112026987036 458
1739617268241 13.592528522189518 459
1739617268255 12.459163139493873 460
1739617268270 11.804978106598695 461
1739617268284 9.624605818310595 462
1739617268298 11.090749042053124 463
1739617268311 12.729942385542838 464
1739617268325 8.494489851369298 465
1739617268339 12.455539390200897 466
1739617268353 13.07432800229379 467
1739617268367 12.239570410569057 468
1739617268383 13.768059766194554 469
1739617268398 9.672397941362025 470
1739617268412 11.507744728331362 471
1739617268425 9.819970256832686 472
1739617268439 9.585515605652557 473
1739617268454 8.96525771466557 474
1739617268469 13.401972285498466 475
1739617268483 11.163705629690785 476
1739617268497 12.271503511864744 477
1739617268510 11.208676449879198 478
1739617268523 12.033554375908592 479
1739617268536 10.60713143373075 480
1739617268549 11.427704322032378 481
1739617268562 12.235357624267081 482
1739617268575 13.432562095148215 483
1739617268588 10.19689690920467 484
1739617268601 12.74349723490965 485
1739617268614 11.646961222460359 486
1739617268628 11.638513589540928 487
1739617268667 11.839244343231373 488
1739617268691 10.27955406577865 489
1739617268708 11.668600676170524 490
1739617268724 12.918202464311433 491
1739617268741 8.883966149739042 492
1739617268757 10.968767992848994 493
1739617268773 8.327882032250649 494
1739617268788 10.549670111402563 495
1739617268804 13.57215232906722 496
1739617268820 9.744062376402919 497
1739617268836 7.132640254800556 498
1739617268852 12.206196836907385 499
