1739615674073 151.79358493244015 0
1739615674087 126.08786152823126 1
1739615674100 106.68102396669205 2
1739615674151 94.39676852787106 3
1739615674181 80.49605152817719 4
1739615674205 70.16445312919214 5
1739615674230 61.44617591094801 6
1739615674255 52.9628629391445 7
1739615674282 46.29346925637837 8
1739615674301 39.21193170030658 9
1739615674320 36.12531313501045 10
1739615674338 30.48099628737303 11
1739615674354 26.919183769718792 12
1739615674371 23.73892714833905 13
1739615674387 20.726866684398807 14
1739615674404 18.242917432472645 15
1739615674420 17.13557576033616 16
1739615674436 13.996076646969255 17
1739615674451 13.945964283820771 18
1739615674466 12.3996542405748 19
1739615674482 9.928483017971608 20
1739615674496 8.937679269534414 21
1739615674511 8.009600087951968 22
1739615674526 7.87315111631452 23
1739615674543 7.554522061307162 24
1739615674557 5.852092207427583 25
1739615674572 6.021548620429356 26
1739615674585 5.749592469008358 27
1739615674600 4.916707250047608 28
1739615674613 3.868699919389081 29
1739615674626 3.449006718282383 30
1739615674641 3.2755017537900635 31
1739615674664 2.9655445090998076 32
1739615674678 3.1150618755078345 33
1739615674692 3.344686145511594 34
1739615674706 2.9749947875709277 35
1739615674720 2.6068886557562965 36
1739615674734 1.9658216132117343 37
1739615674748 3.538055640604723 38
1739615674761 2.0518791758943613 39
1739615674775 1.9529465078243584 40
1739615674789 2.138946069100839 41
1739615674802 2.172241185342443 42
1739615674816 2.366333819349458 43
1739615674829 2.4049811762014826 44
1739615674841 1.575182513108387 45
1739615674855 1.9191279420351386 46
1739615674868 1.5169260674346123 47
1739615674879 2.8453290757641376 48
1739615674892 1.7337833576588264 49
1739615674904 1.5550968170638184 50
1739615674917 1.3849298954882854 51
1739615674930 1.1856203782734054 52
1739615674943 2.7675333548541303 53
1739615674956 1.3916707750999624 54
1739615674968 2.245635939269222 55
1739615674981 1.2230454155324217 56
1739615674995 1.5250541827854887 57
1739615675009 1.5481723603799626 58
1739615675023 1.9204413520128483 59
1739615675036 1.8523406551227934 60
1739615675049 1.578810638436767 61
1739615675062 1.4233974581627251 62
1739615675075 1.4985780365570869 63
1739615675088 1.3776763743628333 64
1739615675101 1.7906224327836266 65
1739615675114 1.3792282987696383 66
1739615675127 1.5961881845682238 67
1739615675140 1.546882513356844 68
1739615675152 1.501902474518711 69
1739615675164 1.2850441299542283 70
1739615675177 1.917187418343339 71
1739615675190 1.487368807061333 72
1739615675203 1.6112019525942893 73
1739615675216 1.5704474333830716 74
1739615675229 1.5784207262524745 75
1739615675242 1.16368006111899 76
1739615675255 1.3652046831331812 77
1739615675268 1.7277124253489275 78
1739615675281 1.6010471859793198 79
1739615675294 1.3526035938431027 80
1739615675307 0.8151080387893809 81
1739615675321 1.5064696426583493 82
1739615675334 1.9604506116179357 83
1739615675348 1.748504965762217 84
1739615675360 1.8412692421055794 85
1739615675373 0.9030319166482729 86
1739615675386 0.8003788293973079 87
1739615675399 1.162645277179172 88
1739615675412 0.8972197356262903 89
1739615675425 1.395227720682385 90
1739615675438 1.3127713558764527 91
1739615675450 1.1391143885388408 92
1739615675463 1.8212992261513399 93
1739615675476 1.8141948018260645 94
1739615675489 0.9131982850921677 95
1739615675502 1.4528774166621332 96
1739615675516 1.4987516804547532 97
1739615675528 1.36077954837384 98
1739615675541 1.7360000324459184 99
1739615675554 1.4555800113843291 100
1739615675574 1.5178880361669997 101
1739615675589 1.4162824879922467 102
1739615675602 2.5051377623484563 103
1739615675616 1.9701250074138508 104
1739615675628 2.0268348155996057 105
1739615675642 1.6156054810273508 106
1739615675655 1.1314965274832072 107
1739615675668 1.2084011665421155 108
1739615675681 2.068903102115604 109
1739615675693 1.5498574555893767 110
1739615675706 1.8255639725940072 111
1739615675719 1.5372077710268333 112
1739615675731 1.5996831170918133 113
1739615675744 1.045899963380317 114
1739615675757 1.4331766141974855 115
1739615675770 1.2911252667298148 116
1739615675782 1.042116440474428 117
1739615675795 1.0066341174406903 118
1739615675809 1.3558607912261607 119
1739615675822 1.0075534708281912 120
1739615675835 1.9566843253937147 121
1739615675847 1.3831600987175272 122
1739615675860 1.2439003414768586 123
1739615675873 1.8749207253877882 124
1739615675886 1.4830847421247833 125
1739615675898 1.4800834088415626 126
1739615675911 1.693507356052991 127
1739615675924 1.3235771603979187 128
1739615675937 1.3850821924098486 129
1739615675949 1.6340357657233933 130
1739615675963 1.38059731873957 131
1739615675976 0.8588571603157787 132
1739615675989 1.6569711160310845 133
