1739616130903 168.72090282371335 0
1739616130916 168.7037790192465 1
1739616130931 168.6873034733977 2
1739616130945 168.6707251204236 3
1739616130959 168.65414845820007 4
1739616130972 168.63757348110175 5
1739616130986 168.6210001889554 6
1739616130998 168.60442858158743 7
1739616131011 168.5878586588242 8
1739616131023 168.57129042049226 9
1739616131036 168.55472386641793 10
1739616131048 168.53815899642785 11
1739616131061 168.52159581034843 12
1739616131073 168.50503430800615 13
1739616131087 168.48847448922766 14
1739616131100 168.47191635383945 15
1739616131114 168.4553599016681 16
1739616131128 168.43880513254018 17
1739616131141 168.42225204628235 18
1739616131155 168.40570064272123 19
1739616131167 168.38915092168338 20
1739616131179 168.37260288299555 21
1739616131192 168.35605652648434 22
1739616131205 168.3395118519766 23
1739616131217 168.32296885929892 24
1739616131229 168.306427548278 25
1739616131242 168.28988791874076 26
1739616131254 168.27334997051375 27
1739616131267 168.25681370342394 28
1739616131281 168.2402791172981 29
1739616131294 168.22374621196298 30
1739616131307 168.2072149872455 31
1739616131319 168.19068544297247 32
1739616131332 168.1741575789708 33
1739616131344 168.15763139506737 34
1739616131357 168.14110689108907 35
1739616131369 168.1245840668629 36
1739616131381 168.10806292221574 37
1739616131394 168.0915434569746 38
1739616131407 168.07502567096645 39
1739616131419 168.0585095640183 40
1739616131432 168.0419951359572 41
1739616131444 168.02548238661012 42
1739616131457 168.00897131580416 43
1739616131469 167.99246192336642 44
1739616131482 167.97595420912396 45
1739616131494 167.95944817290388 46
1739616131507 167.9429438145333 47
1739616131519 167.92644113383946 48
1739616131533 167.9099401306494 49
1739616131546 167.89344080479043 50
1739616131558 167.87694315608962 51
1739616131570 167.8604471843743 52
1739616131583 167.84395288947167 53
1739616131596 167.82746027120893 54
1739616131608 167.81096932941344 55
1739616131622 167.7944800639124 56
1739616131634 167.77799247453325 57
1739616131647 167.76150656110318 58
1739616131660 167.7450223234496 59
1739616131672 167.7285397613999 60
1739616131685 167.71205887478138 61
1739616131697 167.69557966342148 62
1739616131710 167.67910212714764 63
1739616131723 167.66262626578728 64
1739616131735 167.64615207916782 65
1739616131758 167.62967956711674 66
1739616131771 167.61320872946155 67
1739616131785 167.59673956602978 68
1739616131798 167.5802720766489 69
1739616131811 167.56380626114648 70
1739616131825 167.54734211935005 71
1739616131838 167.53087965108725 72
1739616131851 167.5144188561856 73
1739616131863 167.49795973447277 74
1739616131876 167.48150228577637 75
1739616131888 167.46504650992404 76
1739616131900 167.44859240674344 77
1739616131914 167.43213997606227 78
1739616131927 167.41568921770826 79
1739616131939 167.3992401315091 80
1739616131951 167.38279271729252 81
1739616131964 167.3663469748863 82
1739616131976 167.34990290411815 83
1739616131988 167.33346050481597 84
1739616132001 167.31701977680748 85
1739616132014 167.30058071992056 86
1739616132026 167.284143333983 87
1739616132038 167.26770761882273 88
1739616132051 167.2512735742676 89
1739616132063 167.23484120014547 90
1739616132076 167.21841049628435 91
1739616132089 167.20198146251207 92
1739616132101 167.18555409865664 93
1739616132114 167.16912840454606 94
1739616132171 167.15270438000823 95
1739616132188 167.13628202487124 96
1739616132202 167.11986133896306 97
1739616132218 167.10344232211176 98
1739616132239 167.0870249741454 99
1739616132261 167.07060929489208 100
1739616132286 167.05419528417983 101
1739616132309 167.03778294183675 102
1739616132334 167.02137226769108 103
1739616132359 167.00496326157088 104
1739616132383 166.98855592330438 105
1739616132476 166.97215025271967 106
1739616132492 166.95574624964505 107
1739616132508 166.9393439139087 108
1739616132523 166.92294324533884 109
1739616132540 166.90654424376376 110
1739616132556 166.89014690901175 111
1739616132571 166.87375124091096 112
1739616132586 166.85735723928988 113
1739616132600 166.8409649039768 114
1739616132614 166.82457423479997 115
1739616132629 166.80818523158786 116
1739616132644 166.79179789416872 117
1739616132659 166.77541222237113 118
1739616132672 166.75902821602332 119
1739616132686 166.74264587495387 120
1739616132699 166.72626519899111 121
1739616132714 166.70988618796363 122
1739616132739 166.69350884169984 123
1739616132753 166.67713316002826 124
1739616132766 166.66075914277738 125
1739616132779 166.64438678977584 126
1739616132793 166.62801610085214 127
1739616132807 166.61164707583478 128
1739616132821 166.59527971455248 129
1739616132834 166.57891401683375 130
1739616132848 166.56254998250728 131
1739616132862 166.54618761140173 132
1739616132875 166.52982690334574 133
1739616132889 166.51346785816793 134
1739616132902 166.4971104756971 135
1739616132916 166.4807547557619 136
1739616132929 166.4644006981911 137
1739616132943 166.44804830281353 138
1739616132955 166.43169756945778 139
1739616132967 166.41534849795275 140
1739616132980 166.39900108812728 141
1739616132992 166.38265533981013 142
1739616133005 166.36631125283014 143
1739616133017 166.34996882701623 144
1739616133030 166.33362806219722 145
1739616133044 166.31728895820206 146
1739616133058 166.30095151485963 147
1739616133070 166.2846157319988 148
1739616133083 166.26828160944862 149
1739616133095 166.25194914703803 150
1739616133109 166.235618344596 151
1739616133121 166.2192892019515 152
1739616133134 166.20296171893364 153
1739616133147 166.18663589537135 154
1739616133160 166.1703117310938 155
1739616133172 166.15398922592996 156
1739616133186 166.13766837970897 157
1739616133199 166.12134919225994 158
1739616133211 166.10503166341195 159
1739616133224 166.0887157929942 160
1739616133236 166.07240158083584 161
1739616133251 166.05608902676607 162
1739616133264 166.03977813061402 163
1739616133277 166.023468892209 164
1739616133290 166.00716131138017 165
1739616133302 165.99085538795674 166
1739616133314 165.97455112176812 167
1739616133327 165.95824851264345 168
1739616133339 165.94194756041213 169
1739616133352 165.92564826490343 170
1739616133364 165.9093506259467 171
1739616133376 165.89305464337136 172
1739616133389 165.87676031700667 173
1739616133401 165.86046764668208 174
1739616133414 165.844176632227 175
1739616133427 165.82788727347088 176
1739616133439 165.81159957024315 177
1739616133451 165.79531352237328 178
1739616133464 165.77902912969068 179
1739616133476 165.76274639202492 180
1739616133489 165.74646530920555 181
1739616133503 165.730185881062 182
1739616133516 165.71390810742386 183
1739616133529 165.6976319881208 184
1739616133541 165.68135752298227 185
1739616133554 165.66508471183786 186
1739616133566 165.64881355451737 187
1739616133579 165.63254405085027 188
1739616133592 165.61627620066625 189
1739616133604 165.60001000379506 190
1739616133616 165.58374546006632 191
1739616133629 165.56748256930976 192
1739616133642 165.5512213313551 193
1739616133655 165.5349617460321 194
1739616133667 165.51870381317056 195
1739616133681 165.5024475326002 196
1739616133703 165.48619290415084 197
1739616133715 165.46993992765226 198
1739616133728 165.45368860293433 199
1739616133741 165.43743892982695 200
1739616133753 165.42119090815993 201
1739616133765 165.40494453776316 202
1739616133777 165.38869981846653 203
1739616133790 165.3724567501 204
1739616133802 165.35621533249346 205
1739616133815 165.33997556547695 206
1739616133829 165.32373744888042 207
1739616133841 165.30750098253375 208
1739616133853 165.29126616626712 209
1739616133866 165.27503299991042 210
1739616133878 165.25880148329378 211
1739616133891 165.2425716162473 212
1739616133903 165.22634339860087 213
1739616133915 165.2101168301848 214
1739616133928 165.1938919108291 215
1739616133942 165.17766864036395 216
1739616133955 165.16144701861944 217
1739616133967 165.1452270454258 218
1739616133980 165.1290087206132 219
1739616133993 165.11279204401183 220
1739616134006 165.09657701545189 221
1739616134017 165.08036363476367 222
1739616134030 165.06415190177742 223
1739616134044 165.0479418163234 224
1739616134056 165.03173337823188 225
1739616134068 165.01552658733323 226
1739616134081 164.9993214434577 227
1739616134093 164.98311794643567 228
1739616134106 164.96691609609752 229
1739616134118 164.95071589227365 230
1739616134131 164.93451733479438 231
1739616134144 164.91832042349023 232
1739616134156 164.90212515819152 233
1739616134169 164.88593153872878 234
1739616134181 164.86973956493247 235
1739616134196 164.853549236633 236
1739616134209 164.837360553661 237
1739616134221 164.8211735158469 238
1739616134234 164.80498812302122 239
1739616134246 164.78880437501462 240
1739616134259 164.77262227165758 241
1739616134271 164.75644181278074 242
1739616134284 164.7402629982147 243
1739616134297 164.72408582779005 244
1739616134310 164.70791030133748 245
1739616134322 164.6917364186876 246
1739616134336 164.6755641796712 247
1739616134348 164.65939358411885 248
1739616134361 164.6432246318613 249
1739616134374 164.62705732272934 250
1739616134388 164.61089165655366 251
1739616134400 164.59472763316504 252
1739616134412 164.57856525239427 253
1739616134426 164.56240451407214 254
1739616134438 164.54624541802946 255
1739616134450 164.53008796409713 256
1739616134463 164.51393215210595 257
1739616134477 164.4977779818868 258
1739616134491 164.4816254532706 259
1739616134503 164.46547456608818 260
1739616134515 164.44932532017052 261
1739616134528 164.4331777153486 262
1739616134540 164.4170317514533 263
1739616134552 164.40088742831563 264
1739616134565 164.3847447457666 265
1739616134578 164.3686037036372 266
1739616134590 164.35246430175852 267
1739616134603 164.33632653996153 268
1739616134615 164.32019041807732 269
1739616134628 164.304055935937 270
1739616134641 164.2879230933716 271
1739616134652 164.27179189021234 272
1739616134675 164.2556623262903 273
1739616134687 164.23953440143663 274
1739616134700 164.22340811548247 275
1739616134713 164.20728346825905 276
1739616134726 164.1911604595976 277
1739616134739 164.1750390893293 278
1739616134751 164.15891935728533 279
1739616134764 164.1428012632971 280
1739616134776 164.12668480719577 281
1739616134790 164.1105699888127 282
1739616134802 164.0944568079791 283
1739616134814 164.0783452645264 284
1739616134827 164.06223535828593 285
1739616134840 164.04612708908903 286
1739616134853 164.03002045676706 287
1739616134868 164.01391546115144 288
1739616134880 163.9978121020736 289
1739616134893 163.98171037936496 290
1739616134905 163.96561029285695 291
1739616134918 163.94951184238107 292
1739616134932 163.9334150277688 293
1739616134946 163.91731984885163 294
1739616134959 163.90122630546105 295
1739616134971 163.8851343974287 296
1739616134983 163.86904412458597 297
1739616134996 163.85295548676459 298
1739616135008 163.83686848379608 299
1739616135020 163.82078311551206 300
1739616135032 163.80469938174417 301
1739616135045 163.78861728232397 302
1739616135058 163.77253681708325 303
1739616135070 163.7564579858536 304
1739616135083 163.74038078846672 305
1739616135096 163.72430522475435 306
1739616135109 163.70823129454823 307
1739616135122 163.69215899768005 308
1739616135135 163.6760883339816 309
1739616135147 163.6600193032847 310
1739616135160 163.64395190542112 311
1739616135174 163.6278861402227 312
1739616135188 163.6118220075212 313
1739616135200 163.59575950714853 314
1739616135213 163.57969863893658 315
1739616135226 163.5636394027172 316
1739616135238 163.54758179832228 317
1739616135251 163.53152582558383 318
1739616135264 163.5154714843337 319
1739616135277 163.49941877440384 320
1739616135289 163.48336769562627 321
1739616135302 163.467318247833 322
1739616135314 163.45127043085597 323
1739616135327 163.43522424452726 324
1739616135340 163.41917968867887 325
1739616135352 163.40313676314292 326
1739616135365 163.38709546775138 327
1739616135378 163.37105580233649 328
1739616135390 163.3550177667303 329
1739616135403 163.3389813607649 330
1739616135415 163.3229465842725 331
1739616135428 163.30691343708523 332
1739616135441 163.29088191903526 333
1739616135453 163.27485202995484 334
1739616135467 163.25882376967616 335
1739616135480 163.24279713803142 336
1739616135493 163.2267721348529 337
1739616135506 163.21074875997292 338
1739616135517 163.19472701322368 339
1739616135530 163.1787068944376 340
1739616135543 163.16268840344688 341
1739616135556 163.1466715400839 342
1739616135568 163.13065630418106 343
1739616135580 163.1146426955707 344
1739616135594 163.09863071408517 345
1739616135618 163.08262035955696 346
1739616135630 163.0666116318184 347
1739616135643 163.05060453070206 348
1739616135656 163.03459905604032 349
1739616135668 163.0185952076657 350
1739616135680 163.00259298541062 351
1739616135693 162.98659238910764 352
1739616135706 162.97059341858932 353
1739616135718 162.95459607368815 354
1739616135731 162.9386003542368 355
1739616135743 162.9226062600677 356
1739616135756 162.9066137910135 357
1739616135768 162.89062294690694 358
1739616135781 162.87463372758052 359
1739616135794 162.8586461328669 360
1739616135806 162.84266016259883 361
1739616135818 162.82667581660894 362
1739616135830 162.81069309472997 363
1739616135843 162.79471199679458 364
1739616135855 162.7787325226355 365
1739616135868 162.7627546720856 366
1739616135880 162.7467784449776 367
1739616135893 162.73080384114422 368
1739616135906 162.71483086041832 369
1739616135918 162.69885950263279 370
1739616135931 162.68288976762037 371
1739616135944 162.66692165521397 372
1739616135957 162.65095516524647 373
1739616135970 162.63499029755073 374
1739616135982 162.61902705195973 375
1739616135995 162.60306542830634 376
1739616136007 162.5871054264235 377
1739616136020 162.5711470461442 378
1739616136032 162.55519028730149 379
1739616136044 162.53923514972826 380
1739616136056 162.52328163325754 381
1739616136069 162.50732973772244 382
1739616136081 162.49137946295593 383
1739616136094 162.4754308087911 384
1739616136106 162.4594837750611 385
1739616136119 162.44353836159894 386
1739616136132 162.42759456823777 387
1739616136145 162.41165239481074 388
1739616136157 162.39571184115104 389
1739616136169 162.37977290709176 390
1739616136182 162.36383559246616 391
1739616136195 162.3478998971074 392
1739616136208 162.33196582084875 393
1739616136222 162.31603336352342 394
1739616136234 162.30010252496461 395
1739616136247 162.28417330500574 396
1739616136260 162.26824570347998 397
1739616136272 162.25231972022073 398
1739616136284 162.23639535506123 399
1739616136296 162.2204726078349 400
1739616136309 162.20455147837507 401
1739616136321 162.18863196651506 402
1739616136333 162.17271407208838 403
1739616136346 162.15679779492837 404
1739616136358 162.14088313486852 405
1739616136370 162.12497009174214 406
1739616136382 162.1090586653829 407
1739616136394 162.09314885562415 408
1739616136407 162.0772406622994 409
1739616136419 162.06133408524227 410
1739616136432 162.0454291242861 411
1739616136445 162.02952577926462 412
1739616136457 162.01362405001132 413
1739616136470 161.99772393635982 414
1739616136483 161.98182543814372 415
1739616136496 161.96592855519657 416
1739616136509 161.95003328735214 417
1739616136522 161.93413963444397 418
1739616136534 161.9182475963058 419
1739616136548 161.9023571727713 420
1739616136573 161.88646836367414 421
1739616136586 161.87058116884808 422
1739616136598 161.8546955881269 423
1739616136611 161.83881162134432 424
1739616136623 161.8229292683341 425
1739616136636 161.80704852893007 426
1739616136648 161.79116940296598 427
1739616136661 161.77529189027575 428
1739616136674 161.75941599069316 429
1739616136686 161.7435417040521 430
1739616136698 161.72766903018646 431
1739616136711 161.71179796893006 432
1739616136724 161.69592852011692 433
1739616136736 161.68006068358093 434
1739616136748 161.66419445915602 435
1739616136760 161.64832984667615 436
1739616136773 161.63246684597533 437
1739616136786 161.61660545688758 438
1739616136798 161.6007456792469 439
1739616136810 161.58488751288732 440
1739616136823 161.56903095764284 441
1739616136835 161.55317601334764 442
1739616136849 161.53732267983568 443
1739616136862 161.5214709569412 444
1739616136875 161.50562084449822 445
1739616136887 161.48977234234093 446
1739616136900 161.47392545030345 447
1739616136913 161.45808016821996 448
1739616136925 161.44223649592467 449
1739616136938 161.42639443325177 450
1739616136950 161.4105539800355 451
1739616136963 161.39471513611005 452
1739616136975 161.37887790130978 453
1739616136988 161.3630422754689 454
1739616137000 161.3472082584217 455
1739616137013 161.33137585000247 456
1739616137026 161.3155450500456 457
1739616137039 161.29971585838544 458
1739616137051 161.28388827485622 459
1739616137064 161.26806229929247 460
1739616137077 161.25223793152855 461
1739616137089 161.23641517139882 462
1739616137101 161.22059401873776 463
1739616137115 161.20477447337979 464
1739616137128 161.1889565351594 465
1739616137140 161.1731402039111 466
1739616137152 161.15732547946928 467
1739616137165 161.1415123616685 468
1739616137178 161.1257008503434 469
1739616137191 161.1098909453284 470
1739616137203 161.09408264645813 471
1739616137214 161.07827595356719 472
1739616137227 161.0624708664901 473
1739616137240 161.04666738506162 474
1739616137252 161.0308655091162 475
1739616137265 161.01506523848866 476
1739616137277 160.99926657301356 477
1739616137291 160.9834695125257 478
1739616137304 160.96767405685966 479
1739616137316 160.95188020585027 480
1739616137329 160.93608795933218 481
1739616137342 160.92029731714015 482
1739616137355 160.90450827910905 483
1739616137367 160.8887208450736 484
1739616137380 160.87293501486866 485
1739616137393 160.85715078832894 486
1739616137406 160.8413681652894 487
1739616137418 160.82558714558485 488
1739616137431 160.80980772905016 489
1739616137443 160.7940299155203 490
1739616137456 160.77825370483 491
1739616137469 160.76247909681442 492
1739616137481 160.7467060913083 493
1739616137494 160.73093468814676 494
1739616137516 160.7151648871647 495
1739616137530 160.6993966881971 496
1739616137542 160.683630091079 497
1739616137555 160.66786509564548 498
1739616137568 160.6521017017315 499
