1739617332423 39.98225856601655 0
1739617332441 7.907959036399973 1
1739617332457 3.2527052028329075 2
1739617332472 1.116919202387793 3
1739617332491 0.5410159582471682 4
1739617332507 0.9908745245930911 5
1739617332522 0.805084479793039 6
1739617332539 0.662458946368591 7
1739617332554 1.330955313889399 8
1739617332577 1.0508746732292131 9
1739617332622 0.7283860314674789 10
1739617332642 1.3391221681625471 11
1739617332661 1.3300998417884176 12
1739617332679 0.88312174525395 13
1739617332696 0.5702932806814548 14
1739617332714 1.2957687946630974 15
1739617332731 0.7158765263690219 16
1739617332748 0.6553941614552908 17
1739617332765 0.7276883757335613 18
1739617332782 0.7271810045945435 19
1739617332798 0.9746309708921765 20
1739617332814 1.0802255831363745 21
1739617332830 0.702906193610637 22
1739617332847 0.7524760570792061 23
1739617332863 0.8669788679881063 24
1739617332880 0.8565609569271461 25
1739617332896 0.8219723853706793 26
1739617332912 0.7140829087106223 27
1739617332930 0.8811564192449938 28
1739617332947 1.439662691992404 29
1739617332963 0.8560333935998111 30
1739617332980 0.9412896394482426 31
1739617332997 1.0879900023714377 32
1739617333013 0.8024816621392404 33
1739617333029 0.8757602438045765 34
1739617333045 0.818952512198144 35
1739617333060 1.1102545402003727 36
1739617333076 0.9505256546795917 37
1739617333093 0.6536878201320778 38
1739617333108 0.6769330249367703 39
1739617333122 0.9393529631922463 40
1739617333139 0.6561092585727548 41
1739617333157 0.7688015974052531 42
1739617333176 1.3848566156268327 43
1739617333195 0.5392194103743548 44
1739617333240 0.5836639994428949 45
1739617333294 0.7696298449221568 46
1739617333319 0.7392738894522847 47
1739617333341 0.9842479553507603 48
1739617333362 1.3853582688994794 49
1739617333385 1.1507226400843538 50
1739617333409 0.6540557675556713 51
1739617333432 1.358340032256243 52
1739617333457 0.8948251272733553 53
1739617333480 0.43091508778665455 54
1739617333505 1.1788005792649456 55
1739617333528 1.1527714338269648 56
1739617333552 0.7124311343621506 57
1739617333574 0.5210684025181281 58
1739617333602 1.0051776827478776 59
1739617333625 0.756339204704285 60
1739617333649 0.5369001171586936 61
1739617333676 0.6943264911489473 62
1739617333701 0.7327593353985956 63
1739617333727 0.47000322924433535 64
1739617333753 0.7795934975102823 65
1739617333776 0.6320312973951253 66
1739617333802 0.9408626647819525 67
1739617333825 0.6104676255511462 68
1739617333847 0.8168786722354568 69
1739617333868 0.5348310294831964 70
1739617333889 1.2573225040728664 71
1739617333909 1.1285996105641616 72
1739617333930 1.223987145871784 73
1739617333949 0.6072707048038349 74
1739617333968 0.5703451650723038 75
1739617333984 0.6688819738262183 76
1739617334000 1.6808079137674736 77
1739617334017 0.7431053725920431 78
1739617334033 0.7142965847939916 79
1739617334048 1.153092888465736 80
1739617334066 1.2397042995317453 81
1739617334085 0.9674021192781599 82
1739617334103 0.828508231051596 83
1739617334121 1.2418095268192195 84
1739617334140 0.8306379261366811 85
1739617334158 1.5216450599956233 86
1739617334179 0.8688277620814565 87
1739617334203 0.8441883981855015 88
1739617334235 1.1376764563277344 89
1739617334268 0.6510842264832913 90
1739617334295 0.905579801048891 91
1739617334324 0.721361845693204 92
1739617334355 0.6593404498301416 93
1739617334387 1.1281172373594797 94
1739617334429 0.675971426545363 95
1739617334453 0.6914014079187887 96
1739617334475 0.6030653997293787 97
1739617334498 0.6327149177542498 98
1739617334521 0.8071384914485379 99
1739617334544 0.5568656697154492 100
1739617334565 0.8415348160384326 101
1739617334587 0.6479610504436715 102
1739617334608 1.552939161437233 103
1739617334627 1.0101328707407946 104
1739617334646 0.7203334973430652 105
1739617334664 0.9944345167168305 106
1739617334682 0.7622758187812851 107
1739617334699 0.7820292121648936 108
1739617334717 0.6968104113731856 109
1739617334734 0.9074859555681256 110
1739617334751 1.62773531523578 111
1739617334768 1.3139419766674585 112
1739617334783 0.8750529028428646 113
1739617334799 0.6703149779317026 114
1739617334814 0.586507089294691 115
1739617334829 0.7705518462475665 116
1739617334845 1.0391751221503889 117
1739617334859 0.6320468401211752 118
1739617334873 0.5422467787831786 119
1739617334886 1.1141686594660585 120
1739617334900 0.37684866342968193 121
1739617334915 0.648795501392301 122
1739617334928 1.1116977669829387 123
1739617334942 1.3410326071846712 124
1739617334957 1.1231965005359132 125
1739617334972 0.8268134377701479 126
1739617334986 0.7909152982494821 127
1739617335000 1.2387627238167902 128
1739617335014 0.7598138776962624 129
1739617335029 0.7908135935562165 130
1739617335042 0.9174662808336262 131
1739617335055 0.5604156897929685 132
1739617335068 1.7368528874494407 133
1739617335081 1.2450173491690404 134
1739617335094 0.8102584981216813 135
1739617335107 0.7700081650319648 136
1739617335119 0.7936209083282119 137
1739617335132 1.0519080821274824 138
1739617335145 0.78146007317504 139
1739617335159 0.7371230687642205 140
1739617335172 0.6128040795348737 141
1739617335184 1.262599772770772 142
1739617335197 0.7854950539200362 143
1739617335212 0.9597210972536389 144
1739617335226 0.867599138668064 145
1739617335240 0.7674047861858291 146
1739617335253 2.408236937453143 147
1739617335267 2.3902233863041293 148
1739617335280 1.1978472630085848 149
1739617335292 1.0969560201560369 150
1739617335305 1.105068812125807 151
1739617335318 0.691056337613503 152
1739617335331 0.843468398072511 153
1739617335344 0.8761272441649656 154
1739617335357 0.6911644215950831 155
1739617335370 1.431866204162263 156
1739617335383 1.1441821967494923 157
1739617335396 0.7137774346231135 158
1739617335409 0.6719153726908337 159
1739617335422 1.0390539264506298 160
1739617335435 0.5464959410891465 161
1739617335447 0.7848704925720157 162
1739617335460 0.6588736907532055 163
1739617335473 0.8746502864633208 164
1739617335486 1.1650927051381113 165
1739617335499 0.9070397954162626 166
1739617335512 0.6861539828030297 167
1739617335524 1.0367173863641435 168
1739617335537 0.8263712843370041 169
1739617335549 1.9348137315062781 170
1739617335561 1.1349424542490427 171
1739617335573 1.9200867056903959 172
1739617335585 1.061153518372262 173
1739617335597 0.6176737358537662 174
1739617335610 0.8959967709726584 175
1739617335623 0.6011724479808375 176
1739617335636 0.8791126601998404 177
1739617335648 0.6062231552116375 178
1739617335661 0.95054109735838 179
1739617335673 0.7307108703655263 180
1739617335686 0.4251356092931674 181
1739617335698 0.5111470744444513 182
1739617335711 0.623468337815431 183
1739617335723 1.4491967508540768 184
1739617335736 0.6838738686108456 185
1739617335748 0.893444974197043 186
1739617335760 1.2132542965375903 187
1739617335773 0.8664741492282491 188
1739617335786 1.3776972340174392 189
1739617335798 1.0655784358893847 190
1739617335811 1.1155547819432108 191
1739617335823 0.5001457058973554 192
1739617335835 0.8466512218446217 193
1739617335847 0.6705801376360744 194
1739617335860 0.9969295070334394 195
1739617335872 0.7105099562306109 196
1739617335884 0.7045833602390258 197
1739617335897 0.9718579408048191 198
1739617335910 0.6891161541141468 199
1739617335922 0.918013183455376 200
1739617335934 0.9418948070803594 201
1739617335947 0.3999412175279154 202
1739617335959 0.7043486104989825 203
1739617335972 1.0933376244416824 204
1739617335985 1.0329091140688842 205
1739617335997 1.369486719606913 206
1739617336009 1.1169695715818813 207
1739617336022 0.8443782885479334 208
1739617336034 1.8198207159386968 209
1739617336046 0.888547298591317 210
1739617336059 0.9681394401822431 211
1739617336071 0.9717390197479883 212
1739617336084 0.7200813603636804 213
1739617336096 0.48768513957383103 214
1739617336109 0.7270877805385821 215
1739617336121 0.7330014826679481 216
1739617336133 0.5902543751971286 217
1739617336146 0.647460393688771 218
1739617336158 1.0338967444516631 219
1739617336170 0.5927433934719099 220
1739617336183 0.6573558031414334 221
1739617336195 0.5330615223454006 222
1739617336208 1.486302071235471 223
1739617336220 0.7346293891915906 224
1739617336233 0.9214740165755273 225
1739617336245 1.1780908756645396 226
1739617336258 0.7372325234306359 227
1739617336270 1.0598161545575098 228
1739617336282 1.2178269766221834 229
1739617336295 0.9664933712637239 230
1739617336307 0.5475384928920268 231
1739617336319 0.862073712334543 232
1739617336332 0.960143586133167 233
1739617336344 0.5488923087032477 234
1739617336356 0.5539113539550451 235
1739617336369 0.8133264221827252 236
1739617336381 0.6711901068995357 237
1739617336393 1.4448319713614997 238
1739617336406 0.8690216227699371 239
1739617336418 1.346582937737045 240
1739617336430 0.5079001543133874 241
1739617336442 1.1286053477721498 242
1739617336454 0.5043723065736322 243
1739617336467 0.9220256316584543 244
1739617336479 0.7588820937598257 245
1739617336492 0.5361105109756241 246
1739617336504 1.018588430171228 247
1739617336516 0.9130143284029736 248
1739617336529 1.6122658096314808 249
1739617336541 1.037489894822982 250
1739617336554 0.6484997412738679 251
1739617336567 0.638683514453135 252
1739617336581 1.3289473800532001 253
1739617336594 1.0173027934229502 254
1739617336607 1.1878644945004528 255
1739617336620 0.733907264048157 256
1739617336633 1.080962823165098 257
1739617336646 0.7801432090903349 258
1739617336658 1.7199060157306119 259
1739617336671 0.7562389752828327 260
1739617336684 1.0145059088692616 261
1739617336696 0.9345851210754459 262
1739617336708 1.0015412775392887 263
1739617336721 0.8127936186736247 264
1739617336733 0.7592690517768544 265
1739617336746 1.2278928903231543 266
1739617336758 1.3406098840220566 267
1739617336770 1.1570459914312214 268
1739617336782 1.1708081545667504 269
1739617336795 0.613111078306511 270
1739617336807 0.588841044391026 271
1739617336820 0.9358331861561318 272
1739617336832 1.0209078745710847 273
1739617336844 1.3292162005034651 274
1739617336856 0.7014102652871739 275
1739617336869 0.6341722764847028 276
1739617336881 0.9485594843037195 277
1739617336894 0.9820125095886667 278
1739617336906 1.3463086844855137 279
1739617336918 0.6254585032304738 280
1739617336931 0.8850887474558192 281
1739617336943 1.3843745415165 282
1739617336956 1.1544636730861277 283
1739617336968 0.8111459668825853 284
1739617336980 0.5009920377386693 285
1739617336995 0.6548479952848492 286
1739617337011 0.5605987762964071 287
1739617337026 0.5246784489263348 288
1739617337041 1.1454480948710672 289
1739617337057 0.7230646643118002 290
1739617337072 1.0787476764177308 291
1739617337088 0.5841053466970054 292
1739617337102 0.6764246702792497 293
1739617337118 0.8658614370089551 294
1739617337132 0.8160030513290392 295
1739617337147 0.8917981773632718 296
1739617337161 1.1150351798155278 297
1739617337177 1.1911305793347833 298
1739617337191 1.0058124495231546 299
1739617337205 1.2286181072889288 300
1739617337218 0.8930399090704119 301
1739617337232 0.8893590875291749 302
1739617337245 0.40638103876793014 303
1739617337258 1.477120906360618 304
1739617337271 0.9174016504056336 305
1739617337284 0.8225488789836786 306
1739617337297 1.3750968447635719 307
1739617337309 0.688143469306019 308
1739617337323 0.4495444139614544 309
1739617337338 1.168553786338247 310
1739617337353 0.7549700717652289 311
1739617337367 0.7053127181625081 312
1739617337380 0.8330356168397139 313
1739617337393 0.4070130408318838 314
1739617337407 0.5894120608865978 315
1739617337420 1.4293840982764565 316
1739617337433 1.0286513562352144 317
1739617337446 0.3974729309898421 318
1739617337459 0.9992294151749689 319
1739617337473 0.7402342501958998 320
1739617337486 0.9235545017225661 321
1739617337498 1.2755302188490172 322
1739617337511 1.1212853328150063 323
1739617337523 0.992467814940348 324
1739617337536 1.2134439165796824 325
1739617337551 0.6276353441430843 326
1739617337564 0.9318295861092419 327
1739617337577 0.7854440131078545 328
1739617337589 0.5794708326719061 329
1739617337602 0.5657319631110226 330
1739617337614 1.6506119660239646 331
1739617337629 0.8367578277464698 332
1739617337644 0.7431858642379264 333
1739617337658 0.733991659001489 334
1739617337672 0.4763727454120323 335
1739617337685 0.6538999780666963 336
1739617337699 0.9721139502584777 337
1739617337711 0.7559500529500915 338
1739617337723 1.3624176353224362 339
1739617337736 0.988755228345613 340
1739617337749 1.252238870732113 341
1739617337761 0.9907972764741065 342
1739617337774 0.7127315941220271 343
1739617337786 1.2635717660822878 344
1739617337798 1.0538981583286051 345
1739617337810 0.7218534815623876 346
1739617337823 0.7862705831704043 347
1739617337835 1.104851769013383 348
1739617337847 0.7385579283461668 349
1739617337860 0.9753649297568717 350
1739617337872 1.215351374666784 351
1739617337884 0.975642807621454 352
