1739554726392 99.65662476126026 0
1739554726400 56.89636845272866 1
1739554726409 36.20468557096196 2
1739554726418 27.85417614215171 3
1739554726426 21.9742804485413 4
1739554726434 14.058515397530561 5
1739554726441 15.297471590222036 6
1739554726448 10.493730134722584 7
1739554726457 8.939586502906971 8
1739554726465 14.352283739280532 9
1739554726472 9.498039312407744 10
1739554726481 17.933795676610668 11
1739554726491 12.697327398760663 12
1739554726499 17.474360179343396 13
1739554726507 12.863673483691336 14
1739554726515 15.466937823341679 15
1739554726525 10.951046024303464 16
1739554726534 17.47237081614845 17
1739554726542 12.824890101386737 18
1739554726550 14.328256802216243 19
1739554726558 11.854646931812146 20
1739554726567 9.01947469724907 21
1739554726576 17.05321498270252 22
1739554726584 13.758112657718565 23
1739554726593 14.811945710463418 24
1739554726603 10.756254126610974 25
1739554726612 10.157793841649099 26
1739554726620 18.6997125146946 27
1739554726628 9.389943796157088 28
1739554726637 13.582875050641764 29
1739554726645 12.289457901394519 30
1739554726653 9.603621113279315 31
1739554726661 11.49388920241016 32
1739554726669 10.842991167623486 33
1739554726677 9.559822297892358 34
1739554726685 8.919962301247097 35
1739554726694 10.993576419252651 36
1739554726701 11.841128883344448 37
1739554726710 11.372424801198338 38
1739554726719 18.180966909663244 39
1739554726727 14.006128849157019 40
1739554726734 9.333949238136995 41
1739554726743 9.5955446968982 42
1739554726750 18.055023957215727 43
1739554726758 7.813509317286912 44
1739554726765 13.920594904544988 45
1739554726773 11.014512918456711 46
1739554726781 12.014869713060433 47
1739554726789 13.309484578529835 48
1739554726796 14.560323182955138 49
1739554726804 10.947338893043675 50
1739554726812 8.18737374184546 51
1739554726820 12.366570537523215 52
1739554726828 6.564945153321526 53
1739554726835 14.3320756708704 54
1739554726843 12.837866644321132 55
1739554726851 14.258455085475829 56
1739554726859 16.67757686111845 57
1739554726866 15.55276692821707 58
1739554726874 10.901921438107056 59
1739554726882 10.582189827224497 60
1739554726889 15.31627324043151 61
1739554726897 16.138541663174745 62
1739554726904 10.821092559121546 63
1739554726913 11.285364428110862 64
1739554726920 8.3871888271817 65
1739554726929 15.502493508685246 66
1739554726937 10.4068784409827 67
1739554726945 16.382512645150197 68
1739554726952 11.481210577456574 69
1739554726960 13.502584044269774 70
1739554726968 13.954706967503544 71
1739554726975 13.266674593858983 72
1739554726982 16.412104366446 73
1739554726990 7.649347183490313 74
1739554726998 15.878186807022164 75
1739554727005 8.844497933302593 76
1739554727014 13.971481649745803 77
1739554727022 14.05915495607581 78
1739554727030 14.30385333424871 79
1739554727038 12.487585752491258 80
1739554727045 13.989707494724954 81
1739554727053 10.562004176480292 82
1739554727061 11.528356276139528 83
1739554727068 13.164544884179161 84
1739554727076 19.52225998421966 85
1739554727085 13.345480380603222 86
1739554727092 13.462798511239908 87
1739554727129 16.71556069084942 88
1739554727138 11.11524773319192 89
1739554727147 12.357267638476772 90
1739554727155 11.525059449333886 91
1739554727164 17.484263755888936 92
1739554727173 9.442265674084325 93
1739554727181 14.252611759301173 94
1739554727188 14.434616812923002 95
1739554727196 15.525051453491775 96
1739554727204 13.732580100780417 97
1739554727213 13.970529584147286 98
1739554727220 15.742384990763778 99
1739554727229 15.054208102689731 100
1739554727236 12.060906527384725 101
1739554727244 11.92642188861672 102
1739554727252 13.693792415925715 103
1739554727261 13.050769825499572 104
1739554727268 13.193426749764972 105
1739554727277 16.944255553209743 106
1739554727284 14.037985403644072 107
1739554727292 12.333585272685601 108
1739554727300 14.27352158788517 109
1739554727308 12.023214031309568 110
1739554727316 15.859605391033533 111
1739554727324 14.938018521446725 112
1739554727332 9.29900626793802 113
1739554727340 16.859187818805008 114
1739554727348 13.516768810327845 115
1739554727356 15.011650502019672 116
1739554727365 16.150264682182364 117
1739554727372 15.342273152568731 118
1739554727380 10.896343213506364 119
1739554727388 17.253748157460585 120
1739554727396 16.346313878294776 121
1739554727404 12.924239289544104 122
1739554727413 11.44007858172542 123
1739554727421 10.82944689066228 124
1739554727429 10.861478372900995 125
1739554727437 15.391517028814627 126
1739554727445 9.15789199732591 127
