1739557739000 97.84774853196758 0
1739557739009 58.768662360975924 1
1739557739018 40.03499090730186 2
1739557739027 30.057743337245835 3
1739557739035 20.613343445813587 4
1739557739043 19.651943220917566 5
1739557739052 11.822224970660058 6
1739557739060 12.862798699252412 7
1739557739068 11.913969943151107 8
1739557739077 10.250502305987625 9
1739557739085 11.385477014531153 10
1739557739093 13.737465687619602 11
1739557739101 10.560530410097638 12
1739557739109 9.221723007243028 13
1739557739117 13.61604786610559 14
1739557739125 14.380007669640714 15
1739557739134 10.82603997962979 16
1739557739142 13.389637412541827 17
1739557739150 11.611258762691104 18
1739557739158 12.191667041628024 19
1739557739166 10.678304768888571 20
1739557739174 13.963950486596435 21
1739557739183 12.619543963986894 22
1739557739192 14.662758681588683 23
1739557739201 11.734139714687078 24
1739557739209 12.249747740140082 25
1739557739218 10.728586057058648 26
1739557739226 12.108809827678133 27
1739557739234 11.931832047842851 28
1739557739242 10.79020217231112 29
1739557739250 10.899255823761822 30
1739557739260 11.244515267465191 31
1739557739269 12.7582853249021 32
1739557739277 12.495614002475888 33
1739557739285 12.964948144269687 34
1739557739294 12.098638765245695 35
1739557739302 13.665360390191623 36
1739557739310 16.77818097345872 37
1739557739318 12.311007386110616 38
1739557739327 16.633226663682915 39
1739557739335 15.775544037526744 40
1739557739344 12.640920542506281 41
1739557739352 15.335779771385937 42
1739557739361 12.850225212708702 43
1739557739369 9.644848261062176 44
1739557739377 13.393795916165748 45
1739557739385 10.625335124005538 46
1739557739393 8.548196934533253 47
1739557739401 14.692242643806203 48
1739557739410 14.500858891819066 49
1739557739418 15.29636509310292 50
1739557739427 13.518217151062919 51
1739557739435 10.14096585759387 52
1739557739444 14.359430459112097 53
1739557739452 10.505253574760756 54
1739557739460 13.601498042522282 55
1739557739468 7.5642334381711285 56
1739557739476 13.737892053782762 57
1739557739485 13.508916904420177 58
1739557739493 14.048250673100306 59
1739557739502 7.4662176595750624 60
1739557739512 14.59065787115879 61
1739557739521 13.235320182771174 62
1739557739530 13.758799576800033 63
1739557739539 10.130476176496536 64
1739557739547 11.695846473395957 65
1739557739556 10.738923322720002 66
1739557739564 13.196802834959229 67
1739557739572 9.321161942902751 68
1739557739580 12.378958041934657 69
1739557739589 11.194871675701968 70
1739557739597 12.355601850580577 71
1739557739605 15.146185632414813 72
1739557739616 13.90642021413226 73
1739557739626 11.580415979596188 74
1739557739636 11.218155620712922 75
1739557739645 7.777987361095557 76
1739557739654 11.768562661853979 77
1739557739666 14.357009522202683 78
1739557739675 11.963053232878856 79
1739557739684 8.783098879960304 80
1739557739692 11.24902375188484 81
1739557739700 15.803342761209617 82
1739557739708 12.84380130435652 83
1739557739717 12.161633251417065 84
1739557739725 9.61343812044948 85
1739557739733 10.463369520888069 86
1739557739741 10.169249073762861 87
1739557739749 10.120970368944915 88
1739557739758 11.379715332690857 89
1739557739766 10.649153650779652 90
1739557739775 14.306735532546357 91
1739557739783 12.699907124503907 92
1739557739792 13.713359740786888 93
1739557739800 9.963390261950437 94
1739557739808 10.761037399898589 95
1739557739817 13.913686916859508 96
1739557739825 11.285822701138384 97
1739557739833 11.370449020755245 98
1739557739841 9.651785122512116 99
1739557739849 9.112990987598861 100
1739557739857 11.283813138398397 101
1739557739865 11.785393395282801 102
1739557739874 11.14193488024655 103
1739557739882 17.99322513273483 104
1739557739890 11.989755694413253 105
1739557739898 12.365135755523196 106
1739557739906 11.964989099198293 107
1739557739915 9.449945338331384 108
1739557739923 10.29925766545993 109
1739557739931 10.47848242139454 110
1739557739940 7.065547261081669 111
1739557739948 11.25399054795241 112
1739557739956 10.89390656978781 113
1739557739964 10.978491826531819 114
1739557739972 12.426217423331499 115
1739557739980 10.564151084896533 116
1739557739988 14.673791710082785 117
1739557739997 11.224669456860926 118
1739557740005 11.15818410362501 119
1739557740013 8.452353857008944 120
1739557740023 11.410705853326968 121
1739557740032 7.710464651370889 122
1739557740041 13.707847599126383 123
1739557740050 10.953764363438262 124
1739557740058 18.164632232250163 125
1739557740066 12.794442702352203 126
1739557740075 8.835843294512603 127
1739557740084 13.901041685208426 128
1739557740092 12.081427655801631 129
1739557740101 14.537979939837681 130
1739557740109 10.941219029420632 131
1739557740117 10.542310590870382 132
1739557740126 9.531508301336336 133
1739557740134 14.20729901703784 134
1739557740143 9.314671795888021 135
1739557740151 12.659396054973133 136
1739557740159 11.669426892094437 137
1739557740168 8.045598300717106 138
1739557740176 10.370027552742044 139
1739557740184 8.73586260807851 140
1739557740192 8.032539936158644 141
1739557740200 13.188741146236465 142
1739557740209 10.034681854889136 143
1739557740218 12.195997548920008 144
1739557740227 12.965945389157842 145
1739557740235 10.31111563429472 146
1739557740244 12.388687915745075 147
1739557740252 13.133193245128234 148
1739557740260 7.351000115374198 149
1739557740269 10.528343304700552 150
1739557740277 12.58749187516655 151
1739557740285 9.651088669101789 152
1739557740294 10.740761604826147 153
1739557740302 9.004110421179103 154
1739557740310 8.53378174666685 155
1739557740318 15.397381223031951 156
1739557740327 8.525610659653651 157
1739557740336 7.633644202822632 158
1739557740344 12.016073747392541 159
1739557740352 11.569356835637496 160
1739557740360 16.085445214028958 161
1739557740368 8.518430463784876 162
1739557740377 13.313491531389479 163
1739557740385 10.542396932601903 164
1739557740393 8.988457758200182 165
1739557740401 12.926167603606077 166
1739557740409 10.503008726444302 167
1739557740417 13.761692293982366 168
1739557740425 11.476917404571845 169
1739557740434 10.005551011593177 170
1739557740442 10.750448560148858 171
1739557740451 13.575947927007626 172
1739557740459 9.369644455044876 173
1739557740467 13.93766248086667 174
1739557740475 11.881787698465999 175
1739557740483 15.243478888827507 176
1739557740491 13.938068232595155 177
1739557740500 15.419368539574624 178
1739557740508 11.36375457431247 179
1739557740516 9.827656197501492 180
1739557740524 14.434765994456857 181
1739557740533 17.16456328888363 182
1739557740541 12.593032187076833 183
1739557740550 9.771311611949976 184
1739557740558 11.524180858705426 185
1739557740566 12.052686811347124 186
1739557740574 11.289878700449954 187
1739557740582 12.297390322200384 188
1739557740591 9.718749871318469 189
1739557740599 12.22318665565646 190
1739557740607 11.583347974920654 191
1739557740615 11.540861608899018 192
1739557740623 20.785205207446197 193
1739557740631 10.327428337860873 194
1739557740639 11.4201997885474 195
1739557740648 16.528742218451658 196
1739557740656 14.050057219702827 197
1739557740668 10.138103975712555 198
1739557740678 11.638077121818673 199
1739557740690 9.158639464309307 200
1739557740700 11.225046238563037 201
1739557740708 14.010433229741626 202
1739557740716 12.79595141599883 203
1739557740725 12.771180772552896 204
1739557740733 11.530617269892414 205
1739557740741 11.445442628880745 206
1739557740750 10.37346755057741 207
1739557740758 9.650770269311634 208
1739557740766 10.205909169381453 209
1739557740774 11.858771972364986 210
1739557740783 11.189689055781438 211
1739557740791 9.782500814076732 212
1739557740799 10.032571166162088 213
1739557740807 12.961745267556827 214
1739557740816 11.166925846194397 215
1739557740824 11.52453765106812 216
1739557740832 11.31612023487294 217
1739557740840 6.5068731049366075 218
1739557740849 10.973571974400404 219
1739557740857 11.573037212554155 220
1739557740865 10.241423886010859 221
1739557740874 13.466871278357802 222
1739557740882 9.618658503708906 223
1739557740890 11.239224301640958 224
1739557740898 8.627825239000764 225
1739557740907 12.905379915175835 226
1739557740915 10.392994898266608 227
1739557740923 9.53124651891338 228
1739557740931 11.934289331648246 229
1739557740941 10.213476721197983 230
1739557740951 7.973678890901024 231
1739557740960 11.779222492369096 232
1739557740969 13.390455232142738 233
1739557740978 10.374159838499416 234
1739557740987 14.629338802665828 235
1739557740995 10.443135440372783 236
1739557741004 19.537038255271987 237
1739557741013 11.158567585900604 238
1739557741022 7.581502983207665 239
1739557741031 11.495040428713747 240
1739557741040 14.543265941880072 241
1739557741049 11.00580315661737 242
1739557741057 11.300216991180422 243
1739557741066 9.146742752843926 244
1739557741075 11.878155294237983 245
1739557741083 13.902735611949824 246
1739557741091 9.383985403528763 247
1739557741099 12.179582410400808 248
1739557741107 11.430979616902551 249
1739557741116 11.964833922714842 250
1739557741124 14.39343502860446 251
1739557741132 10.872266846269113 252
1739557741140 7.224902262543082 253
1739557741149 8.346751127814333 254
1739557741158 14.32132573033664 255
1739557741166 8.979396497227196 256
1739557741174 11.946935632709597 257
1739557741182 9.589463601592856 258
1739557741191 13.97149851740404 259
1739557741199 12.67949390866397 260
1739557741207 10.936463894009362 261
1739557741215 8.224573641810014 262
1739557741223 11.271308054824226 263
1739557741231 10.230806412471209 264
1739557741239 6.141019165293923 265
1739557741248 10.8687116151795 266
1739557741256 10.359081572050432 267
1739557741264 12.510437437403391 268
1739557741272 10.034474723226324 269
1739557741281 11.777788019103317 270
1739557741290 7.231256251845103 271
1739557741298 9.418830831743838 272
1739557741306 13.111946475258897 273
1739557741314 9.54597229017664 274
1739557741322 7.556462809003439 275
1739557741330 10.814645319221732 276
1739557741339 14.076106913234442 277
1739557741347 11.90792255714427 278
1739557741356 12.012594445335722 279
1739557741364 12.709384361318648 280
1739557741372 10.476345778413112 281
1739557741381 9.526280248422326 282
1739557741389 11.14403393762051 283
1739557741397 10.881635899961193 284
1739557741405 11.515891930205624 285
1739557741413 11.573029502233371 286
1739557741421 11.73829211096615 287
1739557741429 12.784323202344591 288
1739557741438 10.243655345306534 289
1739557741446 11.970675666433376 290
1739557741454 11.38797161799045 291
1739557741463 9.686250946007386 292
1739557741471 8.444620260126959 293
1739557741480 8.34878285242378 294
1739557741488 10.01314611700688 295
1739557741496 10.006914436132659 296
1739557741504 7.120876614219395 297
1739557741516 12.025845942400116 298
1739557741524 14.522779534836571 299
1739557741532 15.145191437852302 300
1739557741540 10.227218619794616 301
1739557741549 10.990660871099237 302
1739557741557 12.405279209438643 303
1739557741565 6.218929243645037 304
1739557741573 9.922883607256743 305
1739557741581 13.120382539984574 306
1739557741589 8.618726688722461 307
1739557741597 11.987057284071605 308
1739557741605 13.642907954207717 309
1739557741614 9.358477079059456 310
1739557741622 10.529381111893894 311
1739557741630 12.164362018425503 312
1739557741638 8.45413448308757 313
1739557741647 7.156694388922211 314
1739557741655 9.130718760443608 315
1739557741664 10.89639024036647 316
1739557741675 9.743502760008557 317
1739557741683 13.283551711592198 318
1739557741691 12.882977197441472 319
1739557741699 8.11790956834606 320
1739557741708 10.696117088960065 321
1739557741716 8.110651447749744 322
1739557741724 13.104132605433188 323
1739557741732 10.041422472435448 324
1739557741741 12.8069995221299 325
1739557741749 11.79414678894944 326
1739557741757 9.707111081407705 327
1739557741765 11.724204156031465 328
1739557741773 14.925196477714595 329
1739557741782 10.62320074651872 330
1739557741791 10.05721500594759 331
1739557741799 9.181698658433502 332
1739557741807 9.637147802984408 333
1739557741815 10.752874007305559 334
1739557741824 8.366436323925994 335
1739557741833 13.511076081129294 336
1739557741843 16.74550888256258 337
1739557741851 10.952597402717812 338
1739557741859 15.94251359262974 339
1739557741868 7.536824132868854 340
1739557741876 12.723733319975652 341
1739557741884 8.449418959587144 342
1739557741893 16.50014446286325 343
1739557741901 9.907460114296258 344
1739557741910 11.659887534631524 345
1739557741918 9.879793892166328 346
1739557741926 11.834644313965903 347
1739557741934 8.981490049149302 348
1739557741947 10.890571402872785 349
1739557741956 9.403247543086803 350
1739557741965 14.430031974146447 351
1739557741975 8.045089334412124 352
1739557741984 11.565458460472057 353
1739557741993 11.586133521464024 354
1739557742002 10.612665198239648 355
1739557742010 12.116998477404321 356
1739557742019 12.731390926773953 357
1739557742027 12.357630464635868 358
1739557742036 7.556673114149326 359
1739557742044 13.871117154746974 360
1739557742053 15.407759780626888 361
1739557742061 10.570397469874498 362
1739557742070 9.282984548805345 363
1739557742078 13.724714563395832 364
1739557742086 7.808124867563367 365
1739557742095 8.29770506075912 366
1739557742103 9.84475382976669 367
1739557742111 12.603720370320508 368
1739557742119 12.840247213863744 369
1739557742127 9.04641599334066 370
1739557742136 12.925343962136564 371
1739557742144 12.17654596817987 372
1739557742153 9.211604001071072 373
1739557742161 8.302588931576997 374
1739557742169 11.502401833437304 375
1739557742178 11.756646495893346 376
1739557742186 13.386279709745592 377
1739557742194 11.818599906197942 378
1739557742202 7.09259308249088 379
1739557742210 14.666281840955392 380
1739557742219 13.873127508050036 381
1739557742227 12.745563646226211 382
1739557742235 14.196915353145773 383
1739557742243 9.4218993415319 384
1739557742252 9.98151428617794 385
1739557742261 11.49341498673254 386
1739557742269 11.43533021768763 387
1739557742277 10.760346967956432 388
1739557742286 14.358192336445969 389
1739557742294 9.807174401754402 390
1739557742303 7.789959967725485 391
1739557742311 11.099807519585667 392
1739557742319 10.369468506709772 393
1739557742327 13.77273547689877 394
1739557742336 10.755566035894077 395
1739557742344 12.601738932996788 396
1739557742353 10.495338919335198 397
1739557742361 9.839408207811509 398
1739557742369 10.955516758661672 399
1739557742377 9.732071016179688 400
1739557742385 10.148182436299232 401
1739557742394 7.75815121798002 402
1739557742402 11.333204140386425 403
1739557742410 13.656737648073985 404
1739557742419 10.815011749675383 405
1739557742427 11.118300118786248 406
1739557742435 11.157096043612786 407
1739557742443 13.228701879086541 408
1739557742452 10.097251580571722 409
1739557742460 9.719048063413277 410
1739557742468 9.429926782209876 411
1739557742477 10.80898984839111 412
1739557742485 9.257348074520307 413
1739557742493 11.628640751924701 414
1739557742501 8.538164935896972 415
1739557742510 12.500259206929073 416
1739557742518 13.76241817578128 417
1739557742526 11.113441505607806 418
1739557742534 13.330198185633353 419
1739557742543 12.343964678102838 420
1739557742551 9.982851156834792 421
1739557742559 8.723845210615588 422
1739557742568 7.67248598085151 423
1739557742576 9.461918794252165 424
1739557742584 14.831109506876393 425
1739557742593 9.46217276163664 426
1739557742601 7.090125704247241 427
1739557742609 9.420199647176924 428
1739557742618 11.958845377673406 429
1739557742627 12.915158219136112 430
1739557742635 11.913910288714591 431
1739557742643 10.29540433047734 432
1739557742652 12.20266264584581 433
1739557742660 7.746263295872032 434
1739557742668 10.073715617024282 435
1739557742679 10.18851531618621 436
1739557742687 12.10365229921558 437
1739557742695 11.873890924608341 438
1739557742703 10.931741416590906 439
1739557742711 10.580164335450348 440
1739557742720 9.698938946666935 441
1739557742728 11.744274077429413 442
1739557742736 15.509250192686853 443
1739557742744 8.609408506104101 444
1739557742752 9.799266102826456 445
1739557742761 12.499236154446914 446
1739557742769 13.383857171049845 447
1739557742778 9.100329471625143 448
1739557742786 7.847802353569998 449
1739557742794 6.813777811672344 450
1739557742803 7.662272960172616 451
1739557742811 10.866373499246711 452
1739557742819 9.798530801146821 453
1739557742827 11.056199131899408 454
1739557742836 11.905965509882105 455
1739557742844 13.106988957913996 456
1739557742853 10.84966531873162 457
1739557742861 10.819235528939423 458
1739557742869 11.114931823628346 459
1739557742877 12.344168479027532 460
1739557742885 11.945331444804577 461
1739557742893 11.89855594705422 462
1739557742902 12.74406556297894 463
1739557742910 10.892142826038764 464
1739557742918 15.459592607837282 465
1739557742926 11.669497790598736 466
1739557742934 7.654448439901398 467
1739557742943 9.334876631182285 468
1739557742951 9.10252616202597 469
1739557742959 14.160809373420484 470
1739557742967 12.87752291411863 471
1739557742976 9.688344316207017 472
1739557742984 11.98588589984638 473
1739557742992 8.789567511194301 474
1739557743000 10.638163677602142 475
1739557743009 10.905275507643376 476
1739557743017 9.796605738792062 477
1739557743025 15.026976125044916 478
1739557743034 9.282343586757928 479
1739557743042 9.325017021407813 480
1739557743051 8.345825175086953 481
1739557743062 11.663655476785125 482
1739557743072 11.602111345938214 483
1739557743080 7.9615237197664666 484
1739557743089 10.208859680268697 485
1739557743098 9.923683060151467 486
1739557743107 11.072599686598467 487
1739557743116 8.952920700252392 488
1739557743124 9.595887069792376 489
1739557743133 13.244480996003121 490
1739557743142 13.52440537480777 491
1739557743151 12.38536382580988 492
1739557743160 10.137371061126924 493
1739557743169 8.897287052615804 494
