1739554861330 162.15762553333926 0
1739554861340 169.54306346698667 1
1739554861348 163.4020804695354 2
1739554861357 157.98024166269906 3
1739554861366 159.43228350239553 4
1739554861375 154.71844996807084 5
1739554861383 151.12631382607503 6
1739554861391 156.97325249234916 7
1739554861400 147.38524329835266 8
1739554861408 144.07957401785782 9
1739554861416 150.64422948407014 10
1739554861425 139.15480500125048 11
1739554861434 140.42750598382062 12
1739554861443 137.8915086769579 13
1739554861451 132.475984014416 14
1739554861460 133.6723136537334 15
1739554861468 132.06524157674409 16
1739554861476 121.74955266110491 17
1739554861484 132.23143888276618 18
1739554861493 124.29150327640026 19
1739554861502 125.54706368474771 20
1739554861511 120.74600523236077 21
1739554861520 123.85420222877539 22
1739554861530 115.85495457336538 23
1739554861541 115.01304059298245 24
1739554861550 118.13762206382081 25
1739554861559 116.43777255019542 26
1739554861568 113.507067961684 27
1739554861577 108.65603467839682 28
1739554861585 110.71431874558756 29
1739554861594 109.3926238233552 30
1739554861603 104.13716106450242 31
1739554861612 106.43072086623873 32
1739554861621 100.21320649210435 33
1739554861630 101.16911812975427 34
1739554861638 101.51945840613074 35
1739554861647 96.79433061035898 36
1739554861655 96.61802220360514 37
1739554861664 94.44336899939196 38
1739554861677 93.40870358269855 39
1739554861685 95.1538388886827 40
1739554861694 91.01908794007971 41
1739554861702 89.90445218477927 42
1739554861710 88.73456065446892 43
1739554861718 89.95657169129703 44
1739554861727 88.59776518702145 45
1739554861735 81.43170187205773 46
1739554861744 84.12211883789325 47
1739554861752 81.60327723829096 48
1739554861760 81.768493990292 49
1739554861768 81.71563911012349 50
1739554861777 78.01211511645612 51
1739554861785 79.0260183937496 52
1739554861793 78.30241294527568 53
1739554861802 74.71121084751876 54
1739554861810 75.7441100099584 55
1739554861819 73.54024082746889 56
1739554861827 73.2562708215844 57
1739554861836 72.56701485267628 58
1739554861844 70.9222169957401 59
1739554861852 70.28106205323162 60
1739554861861 67.55840549729453 61
1739554861869 65.65820251696908 62
1739554861877 65.36646405755374 63
1739554861886 65.48105829239572 64
1739554861894 63.60899941302197 65
1739554861903 62.754707066364524 66
1739554861911 65.19998538800179 67
1739554861919 61.75298362255659 68
1739554861928 61.54989469308846 69
1739554861937 60.53800259558918 70
1739554861945 57.32249236138589 71
1739554861954 59.62102985659833 72
1739554861962 58.32670321017012 73
1739554861970 55.1816086221433 74
1739554861978 56.170676030721346 75
1739554861986 55.41793359821661 76
1739554861995 52.7296563681954 77
1739554862003 53.107105106120464 78
1739554862011 54.314296984002155 79
1739554862020 51.69708771126267 80
1739554862028 53.0662440913492 81
1739554862037 50.6580419285076 82
1739554862046 49.51660615368405 83
1739554862055 48.196840546140535 84
1739554862063 48.297624715508036 85
1739554862071 47.20642674614076 86
1739554862079 47.52252299213264 87
1739554862088 46.99636565739745 88
1739554862096 45.5581935979648 89
1739554862105 45.380356696425544 90
1739554862113 43.38659173618673 91
1739554862122 44.60075346120154 92
1739554862131 44.42851855320123 93
1739554862139 42.60096006707928 94
1739554862147 42.8898266634033 95
1739554862156 39.30763387467627 96
1739554862164 38.89554483078569 97
1739554862172 39.86872283736452 98
1739554862180 40.19863639901063 99
1739554862189 39.2943087642771 100
1739554862197 37.621457991043506 101
1739554862206 38.60298375536496 102
1739554862214 37.21547607419967 103
1739554862222 38.26957462929645 104
1739554862231 35.696842907672355 105
1739554862240 35.04939156759519 106
1739554862250 35.6224003750454 107
1739554862258 35.88593351734587 108
1739554862266 34.25179460556482 109
1739554862274 35.07887943562513 110
1739554862282 33.26158656084396 111
1739554862291 31.781344295642754 112
1739554862299 33.30980365401414 113
1739554862308 32.56909266243848 114
1739554862316 31.60302194940482 115
1739554862324 31.763270377623822 116
1739554862333 32.77699081434676 117
1739554862342 29.151177269538014 118
1739554862350 28.687528979727457 119
1739554862358 30.167306965695946 120
1739554862366 29.49832612932167 121
1739554862375 28.734856592634223 122
1739554862383 26.755938246881136 123
1739554862392 27.9175038409105 124
1739554862400 26.890999804357847 125
1739554862409 27.033040729938246 126
1739554862417 26.588827623615277 127
1739554862426 25.02273300473577 128
1739554862434 25.87140851722796 129
1739554862444 25.799186077922354 130
1739554862453 24.491222500751785 131
1739554862464 25.349558374859658 132
1739554862474 23.031413829469773 133
1739554862483 24.179777158768793 134
1739554862492 23.54818007388836 135
1739554862501 23.214852121353346 136
1739554862510 22.047584228659947 137
1739554862519 22.68867946539538 138
1739554862530 22.03071885102073 139
1739554862544 22.211053717430598 140
1739554862554 21.746986753888738 141
1739554862563 21.721639861502005 142
1739554862572 19.628588829860572 143
1739554862581 21.40331547074838 144
1739554862590 21.216637569802543 145
1739554862599 18.85814513570654 146
1739554862609 20.65574686640168 147
1739554862617 19.770214497374933 148
1739554862626 20.0204407842427 149
1739554862635 17.456155881074668 150
1739554862643 19.44261904037512 151
1739554862652 19.35850405516669 152
1739554862660 18.537891720231418 153
1739554862668 17.42312413696598 154
1739554862680 18.49379791380173 155
1739554862688 17.525561326865017 156
1739554862696 17.080942567104284 157
1739554862705 18.124069229848367 158
1739554862713 17.71509210992394 159
1739554862722 19.42305574787829 160
1739554862730 17.451715672387508 161
1739554862739 15.693555759275133 162
1739554862747 16.228715453675903 163
1739554862756 16.384784878043067 164
1739554862764 16.57816012566231 165
1739554862772 15.800997897670118 166
1739554862780 15.866485314412117 167
1739554862789 14.118531196303733 168
1739554862797 14.678948151025109 169
1739554862806 15.68720177448199 170
1739554862814 14.510389285346879 171
1739554862822 14.681920972381715 172
1739554862830 15.012225059640812 173
1739554862839 14.655579190066463 174
1739554862847 13.06841501470462 175
1739554862856 13.399845311833037 176
1739554862864 14.488545523633752 177
1739554862872 13.565032544834796 178
1739554862880 13.805778826933773 179
1739554862888 12.591082361070102 180
1739554862897 12.895513120273671 181
1739554862905 12.912043506505471 182
1739554862914 12.816374077000143 183
1739554862922 12.086569682024871 184
1739554862930 11.989174682357598 185
1739554862940 10.747875891033633 186
1739554862948 12.046157159603077 187
1739554862957 11.013626331926272 188
1739554862965 11.20311608762709 189
1739554862973 12.18924951336129 190
1739554862982 9.92655203653655 191
1739554862990 11.598534472412634 192
1739554862998 10.06259778277937 193
1739554863007 9.707973918945168 194
1739554863015 9.53523103679614 195
1739554863023 11.014345011746768 196
1739554863032 11.634746887202715 197
1739554863041 10.174628439147725 198
1739554863049 10.342779751672522 199
1739554863057 10.148769275650311 200
1739554863065 10.018289038622862 201
1739554863074 9.205215158306183 202
1739554863082 8.862816131371535 203
1739554863090 9.37285043181454 204
1739554863098 11.801125214391579 205
1739554863107 8.933442094699139 206
1739554863116 8.4366472376465 207
1739554863125 8.997940293967998 208
1739554863133 8.680810971191187 209
1739554863142 8.419863677306358 210
1739554863150 8.63482692350665 211
1739554863159 8.914463569261542 212
1739554863167 8.157161514673884 213
1739554863175 7.726321375311667 214
1739554863183 7.824172633939612 215
1739554863191 8.347283698039481 216
1739554863200 6.5349946358535815 217
1739554863208 7.652906713746918 218
1739554863216 7.596607491975763 219
1739554863225 8.118723611854492 220
1739554863233 6.754265423598642 221
1739554863242 9.81624603446873 222
1739554863250 7.1420123326601495 223
1739554863259 8.478059276725213 224
1739554863267 5.760366055823203 225
1739554863276 6.349890397437876 226
1739554863284 6.0596803958165335 227
1739554863292 7.473962558820565 228
1739554863300 6.784430042289974 229
1739554863309 6.468298182111251 230
1739554863317 7.236368937530649 231
1739554863325 7.440217068066558 232
1739554863333 6.3645274650802905 233
1739554863342 6.9066883032650646 234
1739554863350 5.633840723196445 235
1739554863359 5.543789770778522 236
1739554863368 6.445993663946928 237
1739554863376 5.989838118310341 238
1739554863384 5.6401902015207535 239
1739554863392 6.0165817057420234 240
1739554863401 5.638691172048214 241
1739554863409 5.763021183355502 242
1739554863417 6.881879297455426 243
1739554863426 5.567237822823854 244
1739554863434 4.206983905875781 245
1739554863443 6.5635837941646855 246
1739554863451 5.333374493538613 247
1739554863460 5.467967281702082 248
1739554863468 5.514006769490436 249
1739554863476 5.509305502310261 250
1739554863485 5.784631444511775 251
1739554863494 5.28928951303323 252
1739554863503 4.396742390053663 253
1739554863512 4.1625171032414325 254
1739554863520 4.614978084044268 255
1739554863529 5.341556262574897 256
1739554863537 4.572226032155727 257
1739554863545 4.767555041307927 258
1739554863554 4.8394517107494455 259
1739554863562 4.562688236900861 260
1739554863570 5.652763431254647 261
1739554863578 4.047619049466186 262
1739554863587 4.917066751031576 263
1739554863595 5.166511937003162 264
1739554863603 4.357594724954957 265
1739554863612 4.10632324458433 266
1739554863621 4.331585837688005 267
1739554863629 3.9043493939176996 268
1739554863638 4.562066906938673 269
1739554863646 3.948180565824517 270
1739554863656 5.066850178605121 271
1739554863664 4.934342757855257 272
1739554863672 4.018415569985798 273
1739554863684 3.654174318504213 274
1739554863692 3.8852506178559083 275
1739554863700 3.539362633256778 276
1739554863709 4.811921415744687 277
1739554863717 4.270812010591277 278
1739554863726 3.7914759754770855 279
1739554863734 2.7302741632497716 280
1739554863743 4.094665054452797 281
1739554863751 4.1721705955071675 282
1739554863759 3.6605441471114504 283
1739554863768 4.069103593289748 284
1739554863776 4.421142932091068 285
1739554863784 3.398253682306066 286
1739554863793 4.044229098672751 287
1739554863801 2.7376852057154855 288
1739554863810 3.6502034138397765 289
1739554863819 3.693147649006022 290
1739554863828 3.8731712349751377 291
1739554863837 4.1724722394403315 292
1739554863846 3.7286079010595854 293
1739554863855 3.5650280309334756 294
1739554863863 3.373284360151444 295
1739554863871 3.6432628522242423 296
1739554863880 3.347873325323203 297
1739554863888 2.4751936711284843 298
1739554863896 3.6244149953542983 299
1739554863906 2.7920154483712674 300
1739554863914 2.7866098968339905 301
1739554863923 3.16277114270656 302
1739554863932 2.9800377750114744 303
1739554863940 2.7626830427944853 304
1739554863948 3.0227130095028927 305
1739554863957 2.7182604436548186 306
1739554863966 2.6146918744838117 307
1739554863974 3.6272342002998923 308
1739554863982 2.2857663129158756 309
1739554863990 2.249284901857934 310
1739554863998 2.8067854424904133 311
1739554864007 2.150896697834963 312
1739554864015 2.5883715389167907 313
1739554864023 3.8286911856001025 314
1739554864031 2.5534895357753773 315
1739554864040 2.9284758869338505 316
1739554864048 3.3585440993374926 317
1739554864057 2.5020091877603448 318
1739554864066 2.741969796755869 319
1739554864074 2.2388036315439095 320
1739554864082 1.871180519271842 321
1739554864091 1.7436533038248927 322
1739554864099 2.193652929709478 323
1739554864108 3.167269147967747 324
1739554864116 2.1258560994310605 325
1739554864125 2.577447264541619 326
1739554864133 2.214671855497753 327
1739554864141 3.009258985881745 328
1739554864149 2.9366032246712277 329
1739554864158 3.501329422619984 330
1739554864166 1.9567873093577968 331
1739554864174 2.7653346489660002 332
1739554864183 1.8325288637474697 333
1739554864191 1.7709069526240508 334
1739554864199 2.3323737406344587 335
1739554864208 2.2945858783176853 336
1739554864216 2.177218784694081 337
1739554864225 2.1517055523894273 338
1739554864233 1.9299986231356923 339
1739554864242 2.9018544554241585 340
1739554864250 2.1045928813654218 341
1739554864258 1.589135684298405 342
1739554864266 1.8558830263567032 343
1739554864276 2.2526601620487 344
1739554864284 2.36908294454278 345
1739554864292 1.8204268935711827 346
1739554864301 2.521130404892625 347
1739554864309 2.119420594053522 348
1739554864317 2.6599696582646426 349
1739554864326 2.0283584733304596 350
1739554864334 2.2136667738558558 351
1739554864342 2.2171896733213385 352
1739554864351 2.1601148966603296 353
1739554864360 1.5522696092956296 354
1739554864368 1.504166916854136 355
1739554864377 2.4536260186212786 356
1739554864385 1.7279574320210602 357
1739554864393 1.6995493665400516 358
1739554864402 1.5525885688375947 359
1739554864410 1.9554977562481384 360
1739554864418 1.7977565645726339 361
1739554864427 1.8230772647124664 362
1739554864435 4.1622114147399785 363
1739554864443 1.735890209904462 364
1739554864452 1.8417058524728573 365
1739554864460 2.0542756203020516 366
1739554864469 1.7734899960811432 367
1739554864477 2.152291390456561 368
1739554864486 2.0729799481677564 369
1739554864494 2.0863952274514683 370
1739554864503 1.847257118156843 371
1739554864511 1.780615062525238 372
1739554864519 1.8468042297126122 373
1739554864528 1.631520354527853 374
1739554864536 1.6161290963663213 375
1739554864544 1.8319928433709571 376
1739554864552 1.4780034262200679 377
1739554864561 2.2295761116306996 378
1739554864569 1.6459333367404958 379
1739554864578 2.208266158286674 380
1739554864588 1.936873581517494 381
1739554864601 1.3611179405180054 382
1739554864609 2.289492756289601 383
1739554864618 1.742576162935937 384
1739554864626 1.1369917008488142 385
1739554864638 1.6746398159020597 386
1739554864646 1.5603423938301784 387
1739554864654 1.5177862750825442 388
1739554864663 1.8307308591515257 389
1739554864672 2.723712927475705 390
1739554864680 1.0682998414478289 391
1739554864689 1.6129901603944792 392
1739554864698 1.5490039452597795 393
1739554864707 1.6429138758612427 394
1739554864715 1.2867432947335673 395
1739554864724 2.1539403091449314 396
1739554864732 1.6648212352304115 397
1739554864740 1.6698541368332223 398
1739554864749 1.5557564910217008 399
1739554864757 1.5413336773124429 400
1739554864765 1.1204846536605506 401
1739554864774 1.2448685316661618 402
1739554864783 1.5387377610557444 403
1739554864791 2.048474741607341 404
1739554864800 0.8143713903087392 405
1739554864808 2.019708639258402 406
1739554864816 1.1610621611187628 407
1739554864824 1.6682048055523369 408
1739554864832 1.3600585566181396 409
1739554864841 1.1275106395037464 410
1739554864849 1.0450961640642544 411
1739554864858 1.811707708171203 412
1739554864866 0.9417909724821172 413
1739554864875 1.7445539170709032 414
1739554864883 0.6535254997024709 415
1739554864892 1.3716628619424784 416
1739554864901 1.2272774999649692 417
1739554864909 1.0490212482459005 418
1739554864917 1.0547506935168807 419
1739554864925 1.0300832734517331 420
1739554864934 0.9649830142389666 421
1739554864943 1.295741051699337 422
1739554864951 1.5704664106069655 423
1739554864960 1.8931321658088225 424
1739554864968 1.5539307149685964 425
1739554864976 1.7106240098639662 426
1739554864985 1.442595163985722 427
1739554864994 2.2829263661649626 428
1739554865002 1.4004511766155483 429
1739554865011 1.076485081447381 430
1739554865019 1.2935922844938066 431
1739554865028 1.2694029597691077 432
1739554865036 1.105152720951711 433
1739554865044 1.5191771131921414 434
1739554865053 2.2436518248729764 435
1739554865061 1.9437130693691838 436
1739554865070 1.4147392115187176 437
1739554865078 1.3452941250402788 438
1739554865087 1.2500151849051218 439
1739554865095 1.3954995220064161 440
1739554865104 1.3942396175059835 441
1739554865112 1.1072529618247342 442
1739554865121 1.327708404503886 443
1739554865130 0.9520645533911728 444
1739554865139 1.7284709555944713 445
1739554865147 0.9736963631201483 446
1739554865155 1.1976926743990268 447
1739554865163 1.271685761419797 448
1739554865172 1.1326902997952317 449
1739554865180 1.4145682913319693 450
1739554865188 1.746166500629235 451
1739554865196 1.162637326006034 452
1739554865205 1.2675574210765637 453
1739554865214 1.7250070841666494 454
1739554865223 1.5081820316180414 455
1739554865231 1.0770299430341843 456
1739554865239 1.820130748667949 457
1739554865248 1.3529850299981205 458
1739554865256 1.9566047242040925 459
1739554865265 1.403847113878483 460
1739554865274 1.11899485822694 461
1739554865283 1.1306666838005328 462
1739554865291 0.8507592764011754 463
1739554865299 0.9063919465717492 464
1739554865308 1.0164547929284748 465
1739554865316 1.8362368399705562 466
1739554865324 1.6787791620649768 467
1739554865332 0.9275398799381499 468
1739554865341 1.2612656940915679 469
1739554865349 1.139199259606814 470
1739554865358 0.9405480909490281 471
1739554865367 1.0163454796944758 472
1739554865375 2.0822162623295832 473
1739554865383 1.1054009156817535 474
1739554865392 3.415450147811988 475
1739554865400 0.7693190574207641 476
1739554865409 1.261804247319203 477
1739554865417 1.0898884920748728 478
1739554865426 1.4433796030215995 479
1739554865434 0.9709417355258659 480
1739554865442 1.2595056765227262 481
1739554865451 0.9004246734305034 482
1739554865459 1.008965300081341 483
1739554865467 0.9829954206524374 484
1739554865476 1.6255170092283604 485
1739554865484 1.6855660241804133 486
1739554865492 1.3739646855433154 487
1739554865501 0.5672341108329125 488
1739554865509 1.0373916383684902 489
1739554865518 1.4563087173143832 490
1739554865526 1.291160473696446 491
1739554865535 1.2620143166746467 492
1739554865543 1.1147042479648661 493
1739554865551 0.8176629726499486 494
1739554865560 1.0022688938778896 495
1739554865568 1.1572431685499993 496
1739554865576 1.0518682563455917 497
1739554865585 0.8406279814649708 498
1739554865594 1.4311536884118365 499
