1739554677849 174.43424056784545 0
1739554677857 167.29119190748838 1
1739554677866 166.8595955797201 2
1739554677873 162.72861622365903 3
1739554677881 161.7599093502996 4
1739554677889 162.65051766750258 5
1739554677897 165.75055986263226 6
1739554677904 156.98210678311509 7
1739554677912 160.038907156202 8
1739554677920 154.6859890637063 9
1739554677927 162.70426913385722 10
1739554677935 157.18634631613486 11
1739554677942 162.68672977180734 12
1739554677949 158.80685852480744 13
1739554677956 156.2293739415315 14
1739554677964 159.82068132140174 15
1739554677971 150.55209970384408 16
1739554677979 148.93392522324146 17
1739554677986 155.95614051725133 18
1739554677994 154.3753930754181 19
1739554678001 150.0679963257721 20
1739554678008 148.75141941038936 21
1739554678016 152.5856575179634 22
1739554678023 146.1649955954954 23
1739554678031 145.7593449368048 24
1739554678038 148.30917490589718 25
1739554678048 142.54229496500676 26
1739554678055 142.72711245579688 27
1739554678064 145.21375365605104 28
1739554678072 142.1797577625258 29
1739554678080 137.12775256192145 30
1739554678087 141.46901343039323 31
1739554678095 141.65380762372925 32
1739554678103 142.7981110214536 33
1739554678111 139.4013296432384 34
1739554678119 138.30566430935343 35
1739554678127 137.60821326811038 36
1739554678135 133.18010375311175 37
1739554678143 133.79528643876228 38
1739554678150 135.1925747721846 39
1739554678158 134.5673915589506 40
1739554678166 129.1573087600216 41
1739554678174 134.93770517880333 42
1739554678182 134.7659575313438 43
1739554678190 133.646738896914 44
1739554678197 130.33690483682636 45
1739554678205 130.40466208960788 46
1739554678213 127.5239985253329 47
1739554678220 125.51904695819142 48
1739554678229 128.85489574816546 49
1739554678237 125.42614356157881 50
1739554678245 127.93182438598595 51
1739554678253 126.47475095708496 52
1739554678261 122.07624064406548 53
1739554678268 120.54707303239977 54
1739554678276 122.90161987834779 55
1739554678283 122.89177529721064 56
1739554678291 120.3951326207276 57
1739554678299 119.68609696749449 58
1739554678307 120.27360851022313 59
1739554678315 122.4900475476252 60
1739554678322 122.14998962430309 61
1739554678330 120.46766792179166 62
1739554678338 116.21818186938992 63
1739554678347 118.28389573914612 64
1739554678354 116.6084341568309 65
1739554678362 118.6734301814078 66
1739554678370 118.29797875525928 67
1739554678377 112.56950127008858 68
1739554678385 115.41609834315248 69
1739554678393 110.74466271560048 70
1739554678402 110.02113456956832 71
1739554678410 111.1821812488201 72
1739554678418 114.61983708482528 73
1739554678426 111.07335454616415 74
1739554678434 107.76680584223175 75
1739554678442 108.99693051060592 76
1739554678450 106.52070085182781 77
1739554678457 111.13287641851711 78
1739554678465 105.37606163746766 79
1739554678472 106.03721649915467 80
1739554678480 103.98199259003893 81
1739554678488 106.15948004741206 82
1739554678495 107.2370182154007 83
1739554678503 107.86845697062425 84
1739554678511 106.13880647802243 85
1739554678520 105.87602638568974 86
1739554678529 98.69938351169972 87
1739554678537 103.43076016713869 88
1739554678545 101.3476540761639 89
1739554678552 101.89550973153504 90
1739554678560 99.03113413743121 91
1739554678568 99.49655509375029 92
1739554678575 102.4718691922863 93
1739554678583 101.6666796157732 94
1739554678591 100.73843857172231 95
1739554678598 99.916530643826 96
1739554678605 97.69261329075583 97
1739554678614 98.6787329922072 98
1739554678621 101.14323037879599 99
1739554678630 97.09342430869548 100
1739554678638 95.62046551611532 101
1739554678646 96.78524575654481 102
1739554678653 91.38395622595503 103
1739554678662 93.56030864091858 104
1739554678670 94.46792798628535 105
1739554678678 88.59446185226462 106
1739554678686 92.73259733793188 107
1739554678694 92.7049746045022 108
1739554678701 88.89755908291602 109
1739554678708 92.82058264852746 110
1739554678716 93.4641189274819 111
1739554678724 87.68094165213716 112
1739554678732 89.36190449234462 113
1739554678740 90.86817194732967 114
1739554678748 88.88795495428228 115
1739554678756 93.20702961518464 116
1739554678763 91.417210064739 117
1739554678771 88.04362796994992 118
1739554678779 86.964683239598 119
1739554678786 83.6322052809514 120
1739554678794 85.11810272461342 121
1739554678802 86.53760259488011 122
1739554678810 83.44209611706493 123
1739554678817 84.6803087218404 124
1739554678825 82.93047946358728 125
1739554678834 79.30226957035323 126
1739554678841 82.92810492615423 127
1739554678849 80.38893005217393 128
1739554678857 83.00783711497158 129
1739554678865 80.5046555462098 130
1739554678873 84.6002325970002 131
1739554678880 83.19645155704467 132
1739554678888 82.40308497527202 133
1739554678896 84.45661922485145 134
1739554678904 79.01873460098317 135
1739554678911 82.4594505328584 136
1739554678919 78.7027601437193 137
1739554678927 78.04154205964348 138
1739554678935 77.73746508448954 139
1739554678943 77.89857136232959 140
1739554678950 78.09936893728216 141
1739554678958 73.45759000843319 142
1739554678966 72.34087778886027 143
1739554678974 75.79885776480408 144
1739554678982 76.50483333668754 145
1739554678989 72.47232313160701 146
1739554678996 77.4648411477606 147
1739554679004 75.2395310639608 148
1739554679011 75.0764237161749 149
1739554679019 71.30315172231829 150
1739554679028 74.33835024011034 151
1739554679035 71.2619149331942 152
1739554679043 71.1459934408844 153
1739554679055 76.26498837495139 154
1739554679067 73.44343825596783 155
1739554679076 69.056144533 156
1739554679084 67.82736768014507 157
1739554679092 72.40284340806444 158
1739554679100 69.57281713076678 159
1739554679108 67.85286252078902 160
1739554679116 68.76165544892243 161
1739554679124 67.07558672618556 162
1739554679132 65.3118777171312 163
1739554679140 64.12747552859992 164
1739554679177 68.36713993679807 165
1739554679186 71.90966840203063 166
1739554679195 65.73899421836232 167
1739554679203 63.50272835308386 168
1739554679212 70.52464421163153 169
1739554679220 63.89149324621803 170
1739554679228 67.26751156439914 171
1739554679236 62.275277692705565 172
1739554679244 64.33168288009676 173
1739554679253 61.274794916740305 174
1739554679261 69.35054399827526 175
1739554679269 67.20078993126567 176
1739554679277 65.61110005308615 177
1739554679285 68.11981122201533 178
1739554679293 65.51594658009667 179
1739554679301 62.094115602158155 180
1739554679309 64.1418095629175 181
1739554679317 67.70014392436293 182
1739554679325 59.79341912548744 183
1739554679333 65.930762183989 184
1739554679341 57.73506102938106 185
1739554679349 55.89352740679451 186
1739554679357 60.18451482309742 187
1739554679365 60.943918300294975 188
1739554679373 61.5822628831359 189
1739554679381 64.91994987332018 190
1739554679389 62.68924157123379 191
1739554679400 58.74421926626997 192
1739554679408 57.571586717273554 193
1739554679416 59.243496778261466 194
1739554679424 61.88192146451611 195
1739554679432 57.57405502558117 196
1739554679440 56.86813133496222 197
1739554679448 57.77145100423204 198
1739554679456 62.04876280262496 199
1739554679464 56.13346794502017 200
1739554679472 60.41947430313965 201
1739554679480 54.66473278441532 202
1739554679487 56.89155086571746 203
1739554679495 59.65859856103528 204
1739554679503 59.16615736813642 205
1739554679511 55.1327430956202 206
1739554679519 55.74765052805733 207
1739554679527 52.97709403428983 208
1739554679535 52.54533800615628 209
1739554679543 58.08636797097349 210
1739554679551 52.17846494356988 211
1739554679559 54.51385554007369 212
1739554679567 56.834759829653514 213
1739554679574 55.95593782170683 214
1739554679582 48.440096804920714 215
1739554679590 53.287955075451 216
1739554679599 52.058578860168865 217
1739554679606 54.09515024216938 218
1739554679615 51.144434971218566 219
1739554679622 49.26836980153586 220
1739554679630 51.21956002061837 221
1739554679638 49.38087029744413 222
1739554679646 55.16641803929356 223
1739554679654 56.042270277537106 224
1739554679662 47.52850316209509 225
1739554679670 52.261575675078454 226
1739554679678 49.165458678395055 227
1739554679686 49.182178898978634 228
1739554679694 41.75115655058562 229
1739554679702 51.9649737095413 230
1739554679710 51.044056219951806 231
1739554679718 50.282086017616756 232
1739554679727 47.844775038417815 233
1739554679735 51.77342041465338 234
1739554679744 43.23046520824478 235
1739554679752 48.26330791369552 236
1739554679759 46.66530142116985 237
1739554679767 43.94466385386133 238
1739554679775 50.8853776806953 239
1739554679783 48.55677884359501 240
1739554679792 47.18235218607209 241
1739554679800 50.80974504475876 242
1739554679808 46.24602745122717 243
1739554679816 38.8513407857213 244
1739554679823 46.259778214180415 245
1739554679832 44.94715748101964 246
1739554679842 49.21538394463432 247
1739554679850 40.85401099881191 248
1739554679858 45.41576996686824 249
1739554679866 45.80890484964002 250
1739554679874 43.28010092963859 251
1739554679882 49.69643063418251 252
1739554679890 46.96467593314313 253
1739554679899 38.834575479311596 254
1739554679907 40.64045009195946 255
1739554679915 46.14862142757481 256
1739554679923 48.335112975527025 257
1739554679931 42.8493660863552 258
1739554679938 42.45551635365972 259
1739554679947 47.78520551673591 260
1739554679955 42.609008147974194 261
1739554679963 43.61364972260865 262
1739554679971 38.38411305490394 263
1739554679980 39.99745483026788 264
1739554679988 41.05627042484024 265
1739554679996 39.94526174316842 266
1739554680003 36.246733279627605 267
1739554680011 43.621586711337294 268
1739554680020 38.90510536706926 269
1739554680028 40.31821009669932 270
1739554680036 44.11122417115651 271
1739554680044 39.42186876607331 272
1739554680052 45.75531467698675 273
1739554680060 44.71877083708319 274
1739554680068 44.25186311071271 275
1739554680076 34.9691752633533 276
1739554680083 39.568880308320864 277
1739554680091 41.55579691731006 278
1739554680098 43.05173622221497 279
1739554680106 42.61365342604477 280
1739554680114 44.02633604567357 281
1739554680122 35.78082603717467 282
1739554680130 36.7037535532139 283
1739554680138 34.97228575944591 284
1739554680145 36.13311132962942 285
1739554680153 36.667815103575265 286
1739554680161 40.97520045301424 287
1739554680169 37.29485912235233 288
1739554680177 34.12541310397852 289
1739554680185 36.674862395522844 290
1739554680192 40.842604900693 291
1739554680200 37.69150522396008 292
1739554680207 39.090173912013576 293
1739554680215 48.37737044187128 294
1739554680222 37.53450072895013 295
1739554680230 41.700366859568156 296
1739554680238 35.01503041074803 297
1739554680246 36.42067947466126 298
1739554680253 35.585881987317684 299
1739554680261 37.199647840644815 300
1739554680269 32.77098619937435 301
1739554680277 41.3713891624113 302
1739554680284 35.40001821004461 303
1739554680291 31.17169261185755 304
1739554680299 40.40069747732481 305
1739554680307 38.37840582255629 306
1739554680314 34.072171323473455 307
1739554680322 32.19360235656345 308
1739554680330 40.529308824108895 309
1739554680337 34.852993993579375 310
1739554680345 35.1738664708076 311
1739554680353 33.02628579152215 312
1739554680361 36.540154014104424 313
1739554680369 40.351635348988836 314
1739554680377 35.69985152634575 315
1739554680384 35.935801029407024 316
1739554680392 31.91581973536655 317
1739554680403 32.31901835594414 318
1739554680411 33.25223607406702 319
1739554680418 29.996509061191972 320
1739554680425 34.8075214933785 321
1739554680433 32.12246495994993 322
1739554680441 26.298058953843594 323
1739554680448 30.92969414815155 324
1739554680456 31.66503705901175 325
1739554680464 38.42384450895196 326
1739554680472 27.889135706807654 327
1739554680480 33.322963495757385 328
1739554680487 44.14014668385404 329
1739554680495 28.10008774646663 330
1739554680503 32.465244560492856 331
1739554680510 30.559039662605915 332
1739554680518 32.20426225388649 333
1739554680525 31.769079497049525 334
1739554680533 28.23023962530817 335
1739554680540 27.928981790198097 336
1739554680548 32.2186867287346 337
1739554680556 32.374242274177895 338
1739554680564 33.45845628322317 339
1739554680572 25.573164358706347 340
1739554680580 31.57007719724824 341
1739554680587 30.36364307955879 342
1739554680595 33.387138193801405 343
1739554680603 36.13119596893606 344
1739554680610 28.173553340089722 345
1739554680617 38.24820465833343 346
1739554680625 34.4715027294518 347
1739554680633 31.219704835801913 348
1739554680641 31.144448856787267 349
1739554680648 33.54720011855748 350
1739554680656 23.94092444965579 351
1739554680664 32.96070555870814 352
1739554680672 28.28794384161463 353
1739554680680 30.22693452735425 354
1739554680688 30.534798923210868 355
1739554680696 35.759448055902446 356
1739554680703 28.769892004111767 357
1739554680711 31.914814071934124 358
1739554680719 27.05989844548417 359
1739554680727 32.489149328255955 360
1739554680734 31.287916427602987 361
1739554680741 26.731231759924057 362
1739554680749 29.477150715902866 363
1739554680757 29.33452048463557 364
1739554680765 30.05905239823888 365
1739554680773 30.24457781659208 366
1739554680781 26.8864317884148 367
1739554680788 26.317412690637916 368
1739554680796 27.30243505517583 369
1739554680804 23.9737896911909 370
1739554680812 21.604650361765284 371
1739554680819 29.29671063465589 372
1739554680827 27.515966232236764 373
1739554680835 29.359965341270215 374
1739554680843 29.159291176304237 375
1739554680850 32.66253674204623 376
1739554680858 29.738668161439254 377
1739554680867 22.4455836351759 378
1739554680875 30.353347217931137 379
1739554680883 26.701720219742175 380
1739554680890 23.372298819880196 381
1739554680898 24.888309641567044 382
1739554680906 22.756986590599467 383
1739554680913 30.913577165480365 384
1739554680921 23.708980552898147 385
1739554680929 25.88947653070318 386
1739554680937 23.789418236259497 387
1739554680944 26.71875695100544 388
1739554680952 23.66914017625178 389
1739554680960 29.433621565939486 390
1739554680967 28.27457077933884 391
1739554680974 32.42829536156475 392
1739554680982 24.489956224305804 393
1739554680990 29.283294765048062 394
1739554680998 19.353101211400116 395
1739554681006 22.642632092239804 396
1739554681014 22.5431567312166 397
1739554681021 23.015615643843176 398
1739554681028 26.05397547378853 399
1739554681036 25.18103102209976 400
1739554681043 25.82609815780193 401
1739554681051 22.781326265019516 402
1739554681059 25.021667715867792 403
1739554681066 19.801237656265663 404
1739554681074 23.83149114106348 405
1739554681082 24.013475595458605 406
1739554681090 28.396670938664705 407
1739554681098 27.468064008378708 408
1739554681106 26.312338598766424 409
1739554681114 24.072856941304543 410
1739554681121 25.216396835154054 411
1739554681130 25.236898331180114 412
1739554681137 22.940424088147967 413
1739554681144 22.667179164744717 414
1739554681152 28.10964263471158 415
1739554681159 30.111877378481886 416
1739554681167 22.427121956891586 417
1739554681175 24.269913473889712 418
1739554681183 26.132998342963838 419
1739554681191 20.29333911129615 420
1739554681199 26.464588342238038 421
1739554681207 25.793239678701195 422
1739554681215 23.492361281085387 423
1739554681222 24.393688744770415 424
1739554681230 17.628677198318762 425
1739554681237 19.906204190829246 426
1739554681245 27.85732341715028 427
1739554681253 23.04486782089055 428
1739554681261 24.51043295959513 429
1739554681268 23.693506398423313 430
1739554681276 22.87671748896612 431
1739554681284 22.820410971139346 432
1739554681292 22.070091164148415 433
1739554681301 21.334882086529426 434
1739554681308 27.49210490502353 435
1739554681316 22.20580061005302 436
1739554681323 21.243208504677863 437
1739554681331 21.637142633166093 438
1739554681339 22.270014939630034 439
1739554681347 28.60129050603925 440
1739554681354 18.76896505600925 441
1739554681362 22.065787497746523 442
1739554681369 24.507546148617685 443
1739554681378 25.013361219528846 444
1739554681386 21.969302477800795 445
1739554681394 22.212400842315432 446
1739554681403 21.74221492760017 447
1739554681411 19.859078924971136 448
1739554681419 18.537984945203387 449
1739554681426 18.06072472020523 450
1739554681433 24.871918901693437 451
1739554681441 27.677813943789168 452
1739554681448 23.706480920193055 453
1739554681456 18.329436950802183 454
1739554681464 17.050218533605342 455
1739554681472 19.158658744558647 456
1739554681480 21.013586688441425 457
1739554681487 18.78688792677568 458
1739554681495 18.062011897086933 459
1739554681503 21.24459857270102 460
1739554681510 26.71175396006062 461
1739554681518 21.902731701261818 462
1739554681526 19.42125592080981 463
1739554681534 19.438634497551696 464
1739554681541 29.33637676956424 465
1739554681549 19.001575886603764 466
1739554681556 21.00295536089304 467
1739554681565 27.413828703245056 468
1739554681572 19.71418286112969 469
1739554681580 19.297359043121254 470
1739554681588 17.800928537272576 471
1739554681596 25.806335345333334 472
1739554681603 21.977646519578087 473
1739554681611 22.322740832951794 474
1739554681619 21.50987132388308 475
1739554681627 19.427840358941513 476
1739554681635 18.944852240281968 477
1739554681642 26.127892321234043 478
1739554681650 21.03379126210883 479
1739554681658 20.89331941711694 480
1739554681665 23.38990530970145 481
1739554681673 19.48671880915771 482
1739554681681 12.397239917127946 483
1739554681689 23.474213695487872 484
1739554681697 19.437715502359787 485
1739554681705 16.21150222334813 486
1739554681712 21.810882211561147 487
1739554681719 15.565736311008504 488
1739554681727 24.521584680461604 489
1739554681735 20.867144736114106 490
1739554681742 20.47950827788033 491
1739554681750 19.38731177449028 492
1739554681758 23.325243178559116 493
1739554681766 19.46746574875105 494
1739554681773 24.132481321238707 495
1739554681781 18.26492969974837 496
1739554681789 17.842962791232164 497
1739554681797 13.42874811663167 498
1739554681805 14.629207531853941 499
