1739558073414 168.80371732817673 0
1739558073422 167.5033674120337 1
1739558073431 166.21384883213233 2
1739558073439 164.9350713557876 3
1739558073448 163.66694550201788 4
1739558073457 162.40938253528293 5
1739558073464 161.16229445927377 6
1739558073472 159.92559401075457 7
1739558073480 158.69919465345527 8
1739558073489 157.48301057201564 9
1739558073497 156.27695666597958 10
1739558073505 155.08094854383944 11
1739558073514 153.8949025171299 12
1739558073522 152.71873559457106 13
1739558073530 151.55236547626063 14
1739558073537 150.39571054791406 15
1739558073546 149.2486898751528 16
1739558073554 148.11122319784042 17
1739558073563 146.98323092446537 18
1739558073572 145.8646341265712 19
1739558073580 144.75535453323252 20
1739558073588 143.6553145255775 21
1739558073596 142.56443713135565 22
1739558073605 141.48264601955117 23
1739558073613 140.40986549504075 24
1739558073622 139.34602049329638 25
1739558073630 138.29103657513184 26
1739558073638 137.24483992149328 27
1739558073646 136.20735732829303 28
1739558073654 135.1785162012864 29
1739558073663 134.1582445509914 30
1739558073671 133.14647098765053 31
1739558073679 132.14312471623464 32
1739558073687 131.1481355314884 33
1739558073695 130.16143381301717 34
1739558073703 129.18295052041455 35
1739558073711 128.21261718843073 36
1739558073719 127.25036592218098 37
1739558073727 126.29612939239415 38
1739558073735 125.34984083070064 39
1739558073743 124.41143402495972 40
1739558073751 123.48084331462574 41
1739558073759 122.55800358615294 42
1739558073767 121.6428502684385 43
1739558073775 120.73531932830367 44
1739558073783 119.83534726601245 45
1739558073793 118.94287111082757 46
1739558073801 118.05782841660361 47
1739558073809 117.18015725741678 48
1739558073818 116.30979622323103 49
1739558073826 115.44668441560039 50
1739558073857 114.59076144340703 51
1739558073870 113.74196741863486 52
1739558073878 112.90024295217829 53
1739558073886 112.06552914968604 54
1739558073893 111.23776760743932 55
1739558073901 110.4169004082647 56
1739558073909 109.60287011748066 57
1739558073916 108.79561977887816 58
1739558073924 107.9950929107347 59
1739558073932 107.20123350186127 60
1739558073941 106.41398600768277 61
1739558073949 105.63329534635048 62
1739558073956 104.85910689488747 63
1739558073964 104.0913664853657 64
1739558073972 103.33002040111514 65
1739558073980 102.5750153729646 66
1739558073988 101.82629857551358 67
1739558073997 101.08381762343542 68
1739558074004 100.34752056781117 69
1739558074013 99.61735589249396 70
1739558074021 98.89327251050373 71
1739558074029 98.17521976045195 72
1739558074037 97.46314740299609 73
1739558074045 96.75700561732374 74
1739558074052 96.05674499766592 75
1739558074060 95.36231654983949 76
1739558074068 94.6736716878183 77
1739558074076 93.99076223033293 78
1739558074083 93.31354039749884 79
1739558074092 92.64195880747256 80
1739558074100 91.9759704731356 81
1739558074109 91.3155287988062 82
1739558074117 90.66058757697837 83
1739558074125 90.01110098508809 84
1739558074133 89.36702358230647 85
1739558074141 88.72831030635959 86
1739558074149 88.09491647037487 87
1739558074157 87.4667977597538 88
1739558074166 86.84391022907049 89
1739558074174 86.22621029899625 90
1739558074181 85.61365475324979 91
1739558074189 85.00620073557266 92
1739558074197 84.40380574673011 93
1739558074210 83.80642764153676 94
1739558074218 83.21402462590709 95
1739558074227 82.62655525393063 96
1739558074234 82.04397842497127 97
1739558074242 81.46625338079102 98
1739558074250 80.89333970269743 99
1739558074258 80.32519730871508 100
1739558074266 79.76178645078036 101
1739558074274 79.2030677119598 102
1739558074282 78.64900200369158 103
1739558074290 78.0995505630498 104
1739558074300 77.55467495003184 105
1739558074308 77.01433704486811 106
1739558074316 76.47849904535424 107
1739558074324 75.94712346420566 108
1739558074332 75.42017312643397 109
1739558074340 74.89761116674529 110
1739558074348 74.37940102696037 111
1739558074356 73.86550645345604 112
1739558074364 73.35589149462801 113
1739558074372 72.8505204983749 114
1739558074380 72.34935810960313 115
1739558074388 71.85236926775264 116
1739558074395 71.35951920434316 117
1739558074403 70.87077344054107 118
1739558074411 70.38609778474637 119
1739558074420 69.90545833019982 120
1739558074427 69.42882145261004 121
1739558074435 68.95615380780028 122
1739558074443 68.48742232937497 123
1739558074451 68.02259422640547 124
1739558074459 67.56163698113538 125
1739558074467 67.1045183467047 126
1739558074475 66.65120634489307 127
1739558074483 66.20166926388191 128
1739558074491 65.75587565603497 129
1739558074499 65.31379433569762 130
1739558074507 64.87539437701427 131
1739558074514 64.4406451117641 132
1739558074522 64.00951612721468 133
1739558074530 63.581977263993736 134
1739558074538 63.15799861397837 135
1739558074546 62.73755051820194 136
1739558074554 62.32060356477847 137
1739558074562 61.90712858684433 138
1739558074569 61.49709666051687 139
1739558074578 61.09047910287036 140
1739558074586 60.68724746992861 141
1739558074594 60.28737355467428 142
1739558074602 59.89082938507491 143
1739558074610 59.497587222125325 144
1739558074618 59.107619557906304 145
1739558074627 58.72089911365949 146
1739558074636 58.337398837878325 147
1739558074645 57.95709190441487 148
1739558074654 57.5799517106024 149
1739558074662 57.20595187539365 150
1739558074670 56.835066237514575 151
1739558074679 56.46726885363343 152
1739558074691 56.10253399654519 153
1739558074699 55.7408361533711 154
1739558074708 55.382150023773114 155
1739558074715 55.0264505181833 156
1739558074724 54.67371275604794 157
1739558074731 54.3239120640864 158
1739558074739 53.97702397456425 159
1739558074747 53.63302422358101 160
1739558074755 53.29188874937205 161
1739558074763 52.95359369062462 162
1739558074771 52.61811538480797 163
1739558074779 52.285430366517346 164
1739558074787 51.95551536583181 165
1739558074795 51.628347306685626 166
1739558074802 51.303903305253456 167
1739558074810 50.9821606683487 168
1739558074818 50.663096891835465 169
1739558074826 50.34668965905358 170
1739558074834 50.032916839256764 171
1739558074842 49.72175648606385 172
1739558074850 49.41318683592295 173
1739558074858 49.107186306588254 174
1739558074866 48.80373349560966 175
1739558074874 48.50280717883499 176
1739558074882 48.204386308924576 177
1739558074891 47.908450013878294 178
1739558074899 47.61497759557489 179
1739558074906 47.32394852832343 180
1739558074914 47.035342457426815 181
1739558074922 46.74913919775728 182
1739558074930 46.4653187323438 183
1739558074938 46.18386121097114 184
1739558074946 45.90474694879078 185
1739558074953 45.62795642494316 186
1739558074961 45.35347028119159 187
1739558074969 45.08126932056754 188
1739558074977 44.811334506027045 189
1739558074985 44.543646959118526 190
1739558074992 44.27818795866152 191
1739558075000 44.01493893943654 192
1739558075008 43.7538814908858 193
1739558075016 43.49499735582477 194
1739558075024 43.23826842916447 195
1739558075032 42.983676756644385 196
1739558075040 42.731204533575955 197
1739558075048 42.48083410359658 198
1739558075056 42.23254795743389 199
1739558075064 41.98632873168044 200
1739558075072 41.742159207578496 201
1739558075079 41.500022309815 202
1739558075088 41.259901105326655 203
1739558075096 41.02177880211476 204
1739558075103 40.78563874807011 205
1739558075111 40.55146442980763 206
1739558075120 40.319239471510656 207
1739558075128 40.088947633784926 208
1739558075136 39.86057281252203 209
1739558075144 39.63409903777245 210
1739558075151 39.4095104726279 211
1739558075159 39.18679141211295 212
1739558075168 38.96592628208597 213
1739558075176 38.7468996381492 214
1739558075184 38.52969616456788 215
1739558075191 38.31430067319834 216
1739558075199 38.10069810242516 217
1739558075213 37.88887351610705 218
1739558075222 37.67881210253157 219
1739558075230 37.47049917337854 220
1739558075237 37.26392016269209 221
1739558075246 37.059060625861285 222
1739558075253 36.85590623860928 223
1739558075261 36.65444279599073 224
1739558075270 36.45465621139781 225
1739558075277 36.25653251557428 226
1739558075285 36.060057855637886 227
1739558075293 35.86521849411093 228
1739558075306 35.67200080795877 229
1739558075317 35.480391287636536 230
1739558075326 35.290376536143604 231
1739558075335 35.101943268086025 232
1739558075344 34.91507830874679 233
1739558075353 34.72976859316381 234
1739558075361 34.54600116521554 235
1739558075368 34.363763176714315 236
1739558075376 34.18304188650711 237
1739558075384 34.003824659583934 238
1739558075393 33.826098966193555 239
1739558075401 33.649852380966614 240
1739558075409 33.47507258204604 241
1739558075418 33.30174735022474 242
1739558075427 33.129864568090426 243
1739558075436 32.959412219177615 244
1739558075444 32.790378387126644 245
1739558075452 32.62275125484975 246
1739558075460 32.456519103704025 247
1739558075468 32.29167031267132 248
1739558075476 32.12819335754498 249
1739558075484 31.96607681012326 250
1739558075493 31.80530933740963 251
1739558075501 31.64587970081957 252
1739558075509 31.487776755394123 253
1739558075517 31.33098944901984 254
1739558075525 31.17550682165538 255
1739558075533 31.02131800456445 256
1739558075541 30.868412219555168 257
1739558075549 30.716778778225788 258
1739558075556 30.56640708121665 259
1739558075564 30.417286617468392 260
1739558075572 30.2694069634864 261
1739558075580 30.122757782611274 262
1739558075588 29.977328824295437 263
1739558075597 29.833109923385784 264
1739558075605 29.69009099941225 265
1739558075613 29.548262055882383 266
1739558075621 29.407613179581713 267
1739558075629 29.268134539880005 268
1739558075637 29.129816388043253 269
1739558075645 28.992649056551453 270
1739558075653 28.856622958422008 271
1739558075661 28.721728586538802 272
1739558075669 28.587956512986864 273
1739558075678 28.455297388392548 274
1739558075687 28.323741941269237 275
1739558075695 28.193280977368463 276
1739558075703 28.063905379036512 277
1739558075711 27.935606104576284 278
1739558075719 27.80837418761455 279
1739558075727 27.68220073647442 280
1739558075735 27.557076933553084 281
1739558075742 27.43299403470474 282
1739558075750 27.309943368628602 283
1739558075758 27.187916336262095 284
1739558075766 27.066904410179028 285
1739558075774 26.946899133992794 286
1739558075782 26.82789212176463 287
1739558075791 26.709875057416646 288
1739558075799 26.592839694149905 289
1739558075807 26.47677785386723 290
1739558075815 26.3616814266009 291
1739558075823 26.247542369945066 292
1739558075831 26.13435270849292 293
1739558075840 26.02210453327854 294
1739558075848 25.91079000122339 295
1739558075856 25.800401334587434 296
1739558075864 25.690930820424807 297
1739558075872 25.582370810044054 298
1739558075880 25.47471371847281 299
1739558075887 25.367952023927025 300
1739558075895 25.26207826728451 301
1739558075903 25.157085051562937 302
1739558075913 25.052965041402175 303
1739558075921 24.94971096255094 304
1739558075929 24.84731560135769 305
1739558075937 24.74577180426577 306
1739558075945 24.645072477312873 307
1739558075953 24.545210585634436 308
1739558075962 24.446179152971425 309
1739558075970 24.347971261182057 310
1739558075978 24.250580049757655 311
1739558075986 24.153998715342535 312
1739558075995 24.058220511257826 313
1739558076003 23.96323874702939 314
1739558076011 23.86904678791953 315
1739558076019 23.775638054462704 316
1739558076027 23.68300602200506 317
1739558076036 23.591144220247788 318
1739558076044 23.500046232794347 319
1739558076052 23.409705696701398 320
1739558076060 23.32011630203349 321
1739558076067 23.23127179142147 322
1739558076075 23.14316595962459 323
1739558076083 23.055792653096216 324
1739558076091 22.96914576955319 325
1739558076098 22.883219257548763 326
1739558076106 22.798007116049074 327
1739558076114 22.713503394013227 328
1739558076123 22.62970218997675 329
1739558076131 22.54659765163864 330
1739558076139 22.464183975451736 331
1739558076147 22.382455406216632 332
1739558076155 22.301406236678876 333
1739558076163 22.221030807129516 334
1739558076171 22.141323505009083 335
1739558076179 22.062278764514744 336
1739558076187 21.98389106621081 337
1739558076196 21.90615493664247 338
1739558076205 21.829064947952716 339
1739558076219 21.752615717502504 340
1739558076227 21.67680190749403 341
1739558076236 21.601618224597196 342
1739558076244 21.527059419579132 343
1739558076252 21.45312028693687 344
1739558076260 21.379795664533017 345
1739558076268 21.307080433234486 346
1739558076275 21.234969516554262 347
1739558076283 21.163457880296114 348
1739558076291 21.092540532202268 349
1739558076299 21.02221252160406 350
1739558076307 20.952468939075455 351
1739558076319 20.88330491608945 352
1739558076329 20.814715624677383 353
1739558076337 20.746696277091022 354
1739558076345 20.67924212546754 355
1739558076353 20.612348461497206 356
1739558076361 20.546010616093884 357
1739558076369 20.48022395906829 358
1739558076377 20.414983898803946 359
1739558076385 20.350285881935825 360
1739558076393 20.286125393031693 361
1739558076401 20.222497954276133 362
1739558076409 20.15939912515713 363
1739558076418 20.096824502155307 364
1739558076426 20.034769718435804 365
1739558076433 19.973230443542594 366
1739558076441 19.912202383095472 367
1739558076449 19.8516812784895 368
1739558076457 19.791662906596976 369
1739558076465 19.73214307947187 370
1739558076473 19.673117644056777 371
1739558076481 19.6145824818922 372
1739558076489 19.55653350882841 373
1739558076497 19.49896667473953 374
1739558076505 19.44187796324016 375
1739558076513 19.385263391404262 376
1739558076521 19.329119009486448 377
1739558076529 19.273440900645507 378
1739558076537 19.218225180670366 379
1739558076544 19.16346799770818 380
1739558076552 19.10916553199481 381
1739558076560 19.055313995587504 382
1739558076568 19.001909632099757 383
1739558076575 18.94894871643849 384
1739558076584 18.89642755454331 385
1739558076592 18.84434248312797 386
1739558076599 18.79268986942406 387
1739558076608 18.741466110926705 388
1739558076615 18.690667635142482 389
1739558076623 18.64029089933941 390
1739558076631 18.590332390298993 391
1739558076639 18.540788624070352 392
1739558076647 18.491656145726434 393
1739558076655 18.442931529122195 394
1739558076663 18.39461137665481 395
1739558076671 18.34669231902596 396
1739558076679 18.299171015005964 397
1739558076687 18.25204415119998 398
1739558076695 18.205308441816108 399
1739558076703 18.15896062843547 400
1739558076710 18.11299747978413 401
1739558076718 18.06741579150699 402
1739558076726 18.022212385943497 403
1739558076734 17.977384111905312 404
1739558076742 17.93292784445573 405
1739558076750 17.888840484691016 406
1739558076758 17.845118959523504 407
1739558076766 17.801760221466562 408
1739558076773 17.758761248421298 409
1739558076781 17.716119043465046 410
1739558076789 17.67383063464167 411
1739558076797 17.631893074753545 412
1739558076805 17.5903034411553 413
1739558076813 17.549058835549307 414
1739558076821 17.508156383782804 415
1739558076829 17.467593235646795 416
1739558076837 17.427366564676557 417
1739558076845 17.387473567953823 418
1739558076853 17.347911465910652 419
1739558076861 17.308677502134884 420
1739558076869 17.26976894317724 421
1739558076877 17.23118307836003 422
1739558076885 17.192917219587425 423
1739558076893 17.15496870115738 424
1739558076901 17.11733487957503 425
1739558076908 17.080013133367714 426
1739558076916 17.04300086290151 427
1739558076924 17.006295490199314 428
1739558076932 16.969894458760375 429
1739558076940 16.933795233381456 430
1739558076948 16.89799529997934 431
1739558076956 16.86249216541494 432
1739558076964 16.827283357318773 433
1739558076972 16.79236642391797 434
1739558076980 16.757738933864676 435
1739558076988 16.7233984760659 436
1739558076996 16.68934265951475 437
1739558077003 16.655569113123153 438
1739558077011 16.622075485555882 439
1739558077019 16.588859445065992 440
1739558077027 16.555918679331672 441
1739558077035 16.52325089529438 442
1739558077042 16.490853818998396 443
1739558077050 16.45872519543166 444
1739558077058 16.426862788367977 445
1739558077066 16.3952643802105 446
1739558077073 16.363927771836547 447
1739558077081 16.332850782443685 448
1739558077089 16.302031249397125 449
1739558077097 16.27146702807836 450
1739558077105 16.24115599173507 451
1739558077113 16.211096031332314 452
1739558077121 16.181285055404896 453
1739558077129 16.151720989911016 454
1739558077137 16.122401778087116 455
1739558077145 16.093325380303945 456
1739558077152 16.064489773923807 457
1739558077160 16.03589295315901 458
1739558077168 16.007532928931504 459
1739558077176 15.979407728733673 460
1739558077184 15.95151539649028 461
1739558077191 15.923853992421588 462
1739558077199 15.896421592907618 463
1739558077207 15.869216290353485 464
1739558077214 15.842236193055935 465
1739558077229 15.815479425070949 466
1739558077237 15.78894412608243 467
1739558077244 15.762628451272063 468
1739558077252 15.736530571190155 469
1739558077261 15.710648671627636 470
1739558077269 15.684980953489086 471
1739558077277 15.65952563266681 472
1739558077286 15.634280939916003 473
1739558077294 15.609245120730929 474
1739558077302 15.58441643522212 475
1739558077310 15.559793157994612 476
1739558077318 15.535373578027224 477
1739558077326 15.511155998552761 478
1739558077334 15.487138736939329 479
1739558077343 15.463320124572528 480
1739558077351 15.439698506738704 481
1739558077361 15.41627224250915 482
1739558077371 15.393039704625224 483
1739558077379 15.369999279384531 484
1739558077387 15.34714936652794 485
1739558077396 15.324488379127617 486
1739558077404 15.302014743475945 487
1739558077413 15.279726898975419 488
1739558077423 15.2576232980294 489
1739558077432 15.235702405933838 490
1739558077440 15.213962700769834 491
1739558077449 15.19240267329715 492
1739558077459 15.171020826848597 493
1739558077468 15.149815677225265 494
1739558077476 15.128785752592666 495
1739558077484 15.107929593377756 496
1739558077492 15.087245752166734 497
1739558077501 15.066732793603789 498
1739558077509 15.046389294290634 499
