1739553517282 170.77860818888567 0
1739553517292 160.35239692972837 1
1739553517305 163.87151393311643 2
1739553517316 165.54700921096045 3
1739553517324 165.75482411794056 4
1739553517332 160.08791006291716 5
1739553517340 162.69900236923144 6
1739553517348 158.4974107344378 7
1739553517356 163.10070814740308 8
1739553517364 158.5546248242629 9
1739553517373 164.673158688268 10
1739553517380 160.19960491940216 11
1739553517391 157.06817702390353 12
1739553517398 155.60505215252238 13
1739553517405 156.06013393849872 14
1739553517414 155.03863331998593 15
1739553517426 153.1785480261966 16
1739553517435 150.53109870349022 17
1739553517443 147.83722354099325 18
1739553517452 149.21144250688684 19
1739553517461 151.15442562294507 20
1739553517469 149.91862248312344 21
1739553517478 145.1190843017883 22
1739553517487 149.27506527717892 23
1739553517495 141.70939412249135 24
1739553517503 142.8110660201249 25
1739553517511 146.28771360738517 26
1739553517520 145.92627272562996 27
1739553517527 144.30038823992385 28
1739553517534 141.14113915872505 29
1739553517541 141.16274452372352 30
1739553517547 143.59539852722648 31
1739553517556 140.39292997375992 32
1739553517564 139.1334047553682 33
1739553517572 137.2072787527877 34
1739553517583 137.65071949806338 35
1739553517592 138.85790074736184 36
1739553517600 134.64124541576194 37
1739553517606 139.5539329281837 38
1739553517613 135.0211490196288 39
1739553517622 131.11503992643824 40
1739553517630 135.42414931265586 41
1739553517638 132.657777130023 42
1739553517646 128.553519689028 43
1739553517656 133.96010859993058 44
1739553517663 132.1527952570757 45
1739553517670 127.238524816102 46
1739553517677 130.05841960656068 47
1739553517686 130.44968349037808 48
1739553517695 127.6702679627199 49
1739553517703 129.4107718130908 50
1739553517711 126.90980288076241 51
1739553517720 127.7576132136638 52
1739553517728 125.4570553125216 53
1739553517736 122.8823949806793 54
1739553517743 124.73224967796648 55
1739553517753 124.02607103156264 56
1739553517762 120.95475926504288 57
1739553517769 125.09924529422823 58
1739553517777 120.95155153895257 59
1739553517784 117.92243481179398 60
1739553517792 118.59765207732568 61
1739553517799 119.42501223003829 62
1739553517807 117.02571919324079 63
1739553517815 118.50937906028129 64
1739553517826 118.85047774610425 65
1739553517834 115.08039803369965 66
1739553517843 115.48220102171302 67
1739553517852 118.49108330069481 68
1739553517859 115.98960152162847 69
1739553517867 115.07095336667271 70
1739553517874 113.55257376549838 71
1739553517881 113.68029254368321 72
1739553517889 113.85483679449447 73
1739553517897 109.71440202646053 74
1739553517905 110.46713862041875 75
1739553517912 110.35358458534002 76
1739553517919 109.0834996315457 77
1739553517926 107.83790919184347 78
1739553517933 113.47238997954774 79
1739553517940 108.99574673637673 80
1739553517947 109.07280227364058 81
1739553517955 107.9516698893795 82
1739553517964 107.55285091442562 83
1739553517972 107.50215981400709 84
1739553517979 109.95885114847012 85
1739553517987 107.46895307956774 86
1739553517994 104.24164702137901 87
1739553518002 106.27638692164817 88
1739553518009 103.5905626809445 89
1739553518015 104.85806015562186 90
1739553518022 103.88219335710127 91
1739553518029 103.32672366524729 92
1739553518036 101.86180283943798 93
1739553518042 103.7968639851243 94
1739553518049 101.52685871380463 95
1739553518056 98.63514575110666 96
1739553518063 102.46825361303726 97
1739553518070 98.70788592708877 98
1739553518076 98.58265849064655 99
1739553518083 96.46959491080133 100
1739553518093 96.39610597853613 101
1739553518101 100.73079119192391 102
1739553518108 99.56334651050155 103
1739553518116 99.46657166929577 104
1739553518124 97.70515194354554 105
1739553518130 97.46237378365103 106
1739553518138 94.13871214775246 107
1739553518145 95.41484237929106 108
1739553518152 96.59724756757807 109
1739553518160 94.85068544152307 110
1739553518167 89.87792031808758 111
1739553518176 90.30514685908449 112
1739553518186 92.87544568800067 113
1739553518194 92.2270191168789 114
1739553518201 94.2618479450355 115
1739553518208 93.03878508004603 116
1739553518216 94.87848569941306 117
1739553518225 91.8924655392824 118
1739553518233 90.26246398348263 119
1739553518241 90.91499641218303 120
1739553518248 87.78811947864372 121
1739553518256 90.00883940992874 122
1739553518264 89.10697282368237 123
1739553518272 81.90336803328317 124
1739553518279 88.42554637072321 125
1739553518286 83.43479267560552 126
1739553518295 88.5714966598482 127
1739553518305 93.400499187742 128
1739553518315 85.8264982523641 129
1739553518324 82.38193741055724 130
1739553518332 87.64511131031507 131
1739553518340 82.80762657859985 132
1739553518406 86.31286862496873 133
1739553518417 84.95060806717406 134
1739553518425 87.6622654382351 135
1739553518433 84.30807908049789 136
1739553518440 82.58484240447899 137
1739553518447 83.99346271943375 138
1739553518456 80.51328802636397 139
1739553518464 83.43019744174698 140
1739553518471 83.97078261728899 141
1739553518479 82.38994039800441 142
1739553518491 83.77105615912974 143
1739553518500 82.98880061212823 144
1739553518507 78.9041968586024 145
1739553518516 76.14214290293012 146
1739553518524 81.46371806700984 147
1739553518532 82.71316651882725 148
1739553518540 77.74447160775745 149
1739553518550 75.7768730555316 150
1739553518559 77.09862767575606 151
1739553518566 77.78559583997475 152
1739553518574 75.82029765494812 153
1739553518581 77.39152275010589 154
1739553518591 80.24875917354447 155
1739553518599 77.48090889518001 156
1739553518606 77.39872100270058 157
1739553518613 76.06397907087559 158
1739553518625 75.43012528381679 159
1739553518634 79.27395375804146 160
1739553518643 79.5048832675141 161
1739553518653 74.22695461248232 162
1739553518662 79.7101697136989 163
1739553518670 78.21734007533382 164
1739553518678 76.65093010996132 165
1739553518689 76.43027137383689 166
1739553518697 73.25383222177537 167
1739553518705 69.23425695623622 168
1739553518713 72.27208332096177 169
1739553518723 79.6023187123165 170
1739553518731 73.69898529389828 171
1739553518739 70.34796118671385 172
1739553518746 73.9159835581411 173
1739553518756 73.00465902715997 174
1739553518765 71.63923023606304 175
1739553518773 72.88533361230873 176
1739553518783 71.31822764206598 177
1739553518792 71.92217924879093 178
1739553518800 74.18104961277824 179
1739553518807 70.13323478802035 180
1739553518815 70.38928306106403 181
1739553518823 73.09204802589109 182
1739553518830 73.6241457797301 183
1739553518837 63.7210098514801 184
1739553518844 68.53672114155258 185
1739553518852 68.5921774965697 186
1739553518859 72.43702199514168 187
1739553518866 66.16899963271645 188
1739553518873 64.56954898706712 189
1739553518881 71.9507881248248 190
1739553518892 66.35886802280393 191
1739553518933 70.25708190979523 192
1739553518950 69.86441348069535 193
1739553518959 66.65714706537948 194
1739553518968 67.69039118963018 195
1739553518977 71.69969530453461 196
1739553518987 68.92593186597506 197
1739553518995 63.99357020216964 198
1739553519005 68.22274964766382 199
1739553519016 71.38110120901828 200
1739553519026 68.98248401718799 201
1739553519034 70.20880167567545 202
1739553519042 66.3033597100622 203
1739553519052 65.36467727946435 204
1739553519060 66.28159283866475 205
1739553519068 65.13460285090144 206
1739553519077 68.65074818757081 207
1739553519087 62.638302030375414 208
1739553519095 66.20169958038753 209
1739553519103 68.36652827168679 210
1739553519112 62.486438208875505 211
1739553519121 65.42255897011366 212
1739553519129 68.15174259879501 213
1739553519137 62.75050761581615 214
1739553519146 62.072692262281365 215
1739553519156 65.21087040651433 216
1739553519164 59.88451682248183 217
1739553519172 61.404396439461564 218
1739553519182 63.30522948586809 219
1739553519191 59.907510411546156 220
1739553519199 66.10835446254058 221
1739553519206 61.240577029833624 222
1739553519214 60.51462946309748 223
1739553519224 62.421979269840264 224
1739553519231 61.27308235790787 225
1739553519239 61.80361747069971 226
1739553519247 60.177947067688045 227
1739553519254 59.81385995296214 228
1739553519262 63.25509602339624 229
1739553519270 61.36147039576343 230
1739553519277 63.375107441992846 231
1739553519287 59.25688223063771 232
1739553519296 59.368058572936214 233
1739553519307 60.42441404759658 234
1739553519317 55.5751536241388 235
1739553519325 54.84234544170091 236
1739553519333 60.43253762281671 237
1739553519340 57.57472150335121 238
1739553519348 60.64461246340984 239
1739553519357 59.699658470767794 240
1739553519364 61.12408049335366 241
1739553519372 53.74222239723442 242
1739553519384 55.57689170588704 243
1739553519393 56.46605009999331 244
1739553519401 57.48524969593649 245
1739553519410 57.17961489014795 246
1739553519421 58.91042538197457 247
1739553519430 58.388951938117046 248
1739553519439 59.064944294496115 249
1739553519449 54.393560441122624 250
1739553519458 54.23189213028174 251
1739553519466 58.073987338351046 252
1739553519474 52.44080690404194 253
1739553519483 61.06418904424749 254
1739553519492 54.90470298065364 255
1739553519500 54.00567435070295 256
1739553519509 52.84843512161947 257
1739553519518 57.194651325617066 258
1739553519526 58.4160663714248 259
1739553519533 50.27985317779917 260
1739553519541 52.43344655004845 261
1739553519549 57.96098416230317 262
1739553519559 53.47961158398731 263
1739553519567 51.996467475609336 264
1739553519575 52.14608283697422 265
1739553519586 53.159942116868855 266
1739553519593 59.22417543630109 267
1739553519601 49.96381360552583 268
1739553519609 50.46155384325476 269
1739553519619 51.242462871547964 270
1739553519627 51.46526123707394 271
1739553519634 54.688420956777584 272
1739553519642 45.89849447492856 273
1739553519649 49.939046397266615 274
1739553519656 52.60630998604658 275
1739553519663 47.198583828841215 276
1739553519671 52.428791856562206 277
1739553519679 49.076704491199074 278
1739553519689 51.07057633210097 279
1739553519698 54.747688772298815 280
1739553519705 46.803282561600405 281
1739553519712 51.18254514700816 282
1739553519721 49.18333387700033 283
1739553519728 53.750831822744935 284
1739553519736 50.94154799595582 285
1739553519743 49.76046500494675 286
1739553519752 50.017938541709476 287
1739553519760 53.343212303084634 288
1739553519767 48.095197347713004 289
1739553519775 53.01902618613583 290
1739553519782 48.85572412992803 291
1739553519791 52.13264823045168 292
1739553519799 44.40336113876129 293
1739553519806 51.22694806865606 294
1739553519813 46.87219012296492 295
1739553519823 53.41410505549362 296
1739553519831 52.7507126225203 297
1739553519839 49.489516137063596 298
1739553519847 50.98844509104599 299
1739553519856 45.32620918516237 300
1739553519863 54.090452215185735 301
1739553519869 54.34936174507212 302
1739553519876 46.82116974180874 303
1739553519885 49.71524370868794 304
1739553519893 45.53291818099719 305
1739553519899 55.40656419837682 306
1739553519907 49.201900561418704 307
1739553519913 50.988380041324206 308
1739553519921 52.69932285236259 309
1739553519928 48.18017258355811 310
1739553519936 46.56066183739568 311
1739553519943 48.027150809294106 312
1739553519950 47.504893324076946 313
1739553519958 50.81827467053725 314
1739553519966 47.177371009416945 315
1739553519974 44.13708041598109 316
1739553519983 49.00416493508778 317
1739553519991 42.935091802910485 318
1739553519999 45.39484926823138 319
1739553520007 50.548934002929045 320
1739553520014 46.777238704255886 321
1739553520021 48.15857707868142 322
1739553520027 49.36137166531906 323
1739553520034 46.6598348507585 324
1739553520041 42.30225781682713 325
1739553520050 43.461558794309056 326
1739553520058 46.40432415380772 327
1739553520066 50.51347901564751 328
1739553520073 48.04935728392476 329
1739553520080 43.52809030302026 330
1739553520090 45.920045120370055 331
1739553520098 42.82301491441962 332
1739553520105 45.27752607905649 333
1739553520112 46.63855735708749 334
1739553520120 44.530613338043075 335
1739553520127 41.993095713070595 336
1739553520134 47.59003310637261 337
1739553520141 51.142449894018405 338
1739553520148 43.57297186460171 339
1739553520157 43.513461631216295 340
1739553520165 37.14528376584628 341
1739553520173 49.70842008037816 342
1739553520180 42.25252081563153 343
1739553520187 43.99266194143527 344
1739553520194 41.33590779785208 345
1739553520201 45.1869221023352 346
1739553520209 46.23701392946282 347
1739553520216 45.74097361090697 348
1739553520226 43.52904313537191 349
1739553520235 40.03529163701049 350
1739553520243 42.105672029339665 351
1739553520251 43.136463671177296 352
1739553520259 47.71452430138128 353
1739553520266 47.57890277284092 354
1739553520273 43.60064697512234 355
1739553520281 41.908794631253784 356
1739553520288 40.34757175272539 357
1739553520296 40.2196493785595 358
1739553520305 50.29191485848562 359
1739553520312 47.00008842384156 360
1739553520321 43.65402980759803 361
1739553520329 41.95886537495323 362
1739553520336 43.17493270579478 363
1739553520343 44.63785224277735 364
1739553520352 42.39538078846682 365
1739553520361 44.8829798305731 366
1739553520368 42.62645261215891 367
1739553520375 44.99307551725952 368
1739553520383 39.31784155956383 369
1739553520391 41.78456549318558 370
1739553520399 41.028231888609035 371
1739553520406 45.770763631894745 372
1739553520414 46.94835885246845 373
1739553520423 42.630319632063525 374
1739553520431 47.71238333584761 375
1739553520438 43.83099812627069 376
1739553520445 45.27972738536759 377
1739553520452 47.48685585945418 378
1739553520459 43.38643026041212 379
1739553520466 39.13801219095309 380
1739553520473 37.10473144163751 381
1739553520480 39.642324777626506 382
1739553520490 44.67106603258952 383
1739553520498 37.33357273004875 384
1739553520506 44.14221162280312 385
1739553520515 45.30912820804616 386
1739553520523 41.73364928875945 387
1739553520530 39.41085076951072 388
1739553520537 44.378794320489 389
1739553520544 39.58913547773929 390
1739553520553 39.68823892652921 391
1739553520560 41.78404737801198 392
1739553520567 41.94752647804326 393
1739553520574 43.25210162048892 394
1739553520581 41.54031371276352 395
1739553520590 45.03877192579089 396
1739553520597 38.85596091663667 397
1739553520604 44.17692660482441 398
1739553520611 36.5255320334581 399
1739553520618 41.84132609050168 400
1739553520628 43.70136587008206 401
1739553520636 44.72388860585332 402
1739553520645 36.19311341436576 403
1739553520654 38.30694763926289 404
1739553520664 40.26399489567118 405
1739553520672 40.9707082546431 406
1739553520680 39.3279410463371 407
1739553520690 40.94978869580352 408
1739553520699 43.081125251858545 409
1739553520706 39.541819586778146 410
1739553520713 44.975590288942165 411
1739553520721 39.08697150034741 412
1739553520728 38.702709665447834 413
1739553520735 42.51607032961545 414
1739553520742 37.79756570531321 415
1739553520749 38.065675141961435 416
1739553520760 41.149923618010725 417
1739553520769 46.49284211993879 418
1739553520776 41.252367061489984 419
1739553520784 40.289715232626016 420
1739553520792 41.23246569637741 421
1739553520799 39.73393500017873 422
1739553520806 38.560410800918305 423
1739553520815 40.44514031910637 424
1739553520823 32.96204771943685 425
1739553520831 36.44034409429093 426
1739553520838 34.43521480438256 427
1739553520846 46.851682629337645 428
1739553520853 37.252134772504625 429
1739553520860 41.689821684599146 430
1739553520867 37.90060363820167 431
1739553520874 36.36849039299934 432
1739553520884 37.4954753064731 433
1739553520893 34.24321100360442 434
1739553520903 40.56106335763753 435
1739553520912 38.50631371364369 436
1739553520921 42.074091800887324 437
1739553520929 42.459930256374065 438
1739553520937 40.06029381243744 439
1739553520944 39.527171772671785 440
1739553520953 44.06499602590356 441
1739553520961 34.32506153433871 442
1739553520968 34.859430379147796 443
1739553520975 35.3107494013893 444
1739553520982 34.70872122144818 445
1739553520990 32.574304461993854 446
1739553520997 34.70611523734171 447
1739553521004 38.30879905544723 448
1739553521011 38.770906487542014 449
1739553521020 32.50576324377819 450
1739553521029 40.40510971842677 451
1739553521037 43.09175815313486 452
1739553521045 38.665750070733154 453
1739553521053 40.90705618009574 454
1739553521061 40.55565269310232 455
1739553521068 37.24152186551272 456
1739553521075 36.066843697608704 457
1739553521083 31.273065787885105 458
1739553521092 40.095822322112284 459
1739553521099 34.10247567954784 460
1739553521106 36.93852844683939 461
1739553521114 35.56713234970446 462
1739553521121 33.455357929794715 463
1739553521128 37.423684788150666 464
1739553521136 32.03137681620799 465
1739553521143 36.52530812452352 466
1739553521152 35.5775126928018 467
1739553521161 42.156945896017355 468
1739553521169 34.3111437607703 469
1739553521177 37.500200728970725 470
1739553521187 39.60527628757022 471
1739553521194 32.59430505308867 472
1739553521201 37.69995255823881 473
1739553521208 34.642571913939776 474
1739553521216 32.933055054934165 475
1739553521225 38.450592894389956 476
1739553521232 39.967510544857966 477
1739553521239 42.744144326426024 478
1739553521246 37.08448364957337 479
1739553521255 32.86868269553318 480
1739553521262 38.683672622768455 481
1739553521269 32.64747374536758 482
1739553521276 31.128227424564557 483
1739553521284 40.1260230760396 484
1739553521293 37.81582897004087 485
1739553521302 37.43543000177946 486
1739553521311 39.96412163921961 487
1739553521320 32.59217468465921 488
1739553521328 35.60525264862547 489
1739553521335 35.501902499113456 490
1739553521342 39.39805166783231 491
1739553521350 35.121704266611204 492
1739553521359 37.77329158592187 493
1739553521366 32.50235397352732 494
1739553521373 35.2050432205363 495
1739553521380 33.71141579944833 496
1739553521389 34.893174280127695 497
1739553521397 43.685195375077306 498
1739553521404 37.963275438907296 499
