1739556283321 157.64705871198765 0
1739556283330 152.57769321425377 1
1739556283341 145.46646597414647 2
1739556283351 136.5354364662515 3
1739556283361 127.55773047753738 4
1739556283371 118.12881357094568 5
1739556283381 110.62447060194218 6
1739556283389 108.47809178818166 7
1739556283398 102.38618836001987 8
1739556283408 95.13419197986646 9
1739556283417 92.46227171150673 10
1739556283427 86.81941237324176 11
1739556283436 83.5014296002543 12
1739556283445 76.6960266695275 13
1739556283454 75.5945827133256 14
1739556283464 70.90393164237062 15
1739556283473 68.06644807418735 16
1739556283482 64.79516373736287 17
1739556283494 66.03128675136708 18
1739556283504 61.88386608686992 19
1739556283513 54.97190303721949 20
1739556283524 53.66020890732377 21
1739556283534 49.47446230896205 22
1739556283545 48.7790584321894 23
1739556283554 48.83359833910324 24
1739556283564 43.25617885496577 25
1739556283574 47.895671654683554 26
1739556283583 40.42740976560121 27
1739556283592 38.316867911677974 28
1739556283602 40.51717911690994 29
1739556283611 39.32963660374796 30
1739556283620 40.64472958651453 31
1739556283629 36.650146049569244 32
1739556283639 37.385030456286565 33
1739556283649 39.521788953639735 34
1739556283658 38.20832635040274 35
1739556283668 40.070938110960704 36
1739556283678 29.14724863533638 37
1739556283687 27.830714874852628 38
1739556283696 31.52896861744541 39
1739556283706 33.934338762315136 40
1739556283716 25.354228124613773 41
1739556283726 29.638593357411793 42
1739556283736 19.533624131323318 43
1739556283745 25.90568001540958 44
1739556283755 25.037367309906966 45
1739556283765 25.596271001674435 46
1739556283774 21.204827055396112 47
1739556283784 26.601029817167213 48
1739556283793 25.118745501468755 49
1739556283803 18.618032659521262 50
1739556283812 21.06891711822297 51
1739556283821 25.22636674124802 52
1739556283830 24.31653261867364 53
1739556283840 21.148257108188137 54
1739556283850 21.332389245980945 55
1739556283859 24.79669417077971 56
1739556283869 20.45473995139625 57
1739556283878 19.425542791513127 58
1739556283887 21.668630352713688 59
1739556283896 20.193437587788914 60
1739556283905 20.50579223148807 61
1739556283914 15.74520798850853 62
1739556283923 19.915503659861255 63
1739556283932 20.169517526864702 64
1739556283942 16.674880344422725 65
1739556283951 16.008045183843635 66
1739556283961 16.662382452051016 67
1739556283970 18.696965638048706 68
1739556283979 17.261036908928983 69
1739556283988 16.898248506360297 70
1739556284000 13.173196506179673 71
1739556284009 14.78655854815052 72
1739556284018 16.15310961051081 73
1739556284027 19.26025236326167 74
1739556284036 18.171196506914292 75
1739556284045 13.2604241969854 76
1739556284054 18.550827211747094 77
1739556284063 15.918166028399241 78
1739556284072 16.64384822696403 79
1739556284082 15.29248120274594 80
1739556284092 24.341370672771873 81
1739556284102 17.496683341121823 82
1739556284111 15.52396752113973 83
1739556284120 16.847205200079305 84
1739556284129 17.043552350937897 85
1739556284138 15.039330000592194 86
1739556284148 21.879548486763678 87
1739556284157 14.263766911888087 88
1739556284166 14.26200765847464 89
1739556284175 14.371913573483356 90
1739556284184 14.33907202415285 91
1739556284193 14.092488226738732 92
1739556284204 16.34550686499762 93
1739556284213 13.000783902549632 94
1739556284222 21.35014323698618 95
1739556284231 17.266889406262706 96
1739556284240 15.767211982229526 97
1739556284250 13.564200768095896 98
1739556284259 18.597786911661817 99
1739556284268 18.57821547601756 100
1739556284277 14.49444632895168 101
1739556284286 17.738622752738728 102
1739556284295 14.265033336171669 103
1739556284305 16.644369668089787 104
1739556284314 13.742511139740904 105
1739556284323 13.51667962017525 106
1739556284332 17.23980458524309 107
1739556284342 13.73090672639371 108
1739556284351 10.621980587518632 109
1739556284360 15.368765382208755 110
1739556284369 13.01804961664682 111
1739556284378 16.331575899665793 112
1739556284388 19.426308043125225 113
1739556284397 14.757791090667423 114
1739556284406 15.584813840716972 115
1739556284416 12.411288168444317 116
1739556284425 19.099218105913984 117
1739556284434 16.21905322673936 118
1739556284443 17.637231871134546 119
1739556284453 14.574119744544767 120
1739556284462 13.732346436432408 121
1739556284472 13.418383061615874 122
1739556284480 15.795820780999785 123
1739556284490 11.542875261838834 124
1739556284499 24.713291537421572 125
1739556284508 14.080275985824976 126
1739556284518 16.047006094355254 127
1739556284531 12.78604966806554 128
1739556284543 13.436682338848573 129
1739556284554 13.321611489429625 130
1739556284565 14.259423389931904 131
1739556284575 13.02319888333572 132
1739556284586 15.218416334733174 133
1739556284598 15.175987742871971 134
1739556284608 13.544674959880826 135
1739556284618 15.633937842112326 136
1739556284627 10.426401948601447 137
1739556284637 12.182590685034345 138
1739556284647 20.592141094332764 139
1739556284657 12.634133901934744 140
1739556284667 18.843325631033952 141
1739556284676 15.009167713248493 142
1739556284687 12.674757092441814 143
1739556284697 12.953623683734193 144
1739556284707 19.177210118249995 145
1739556284717 14.285582388907953 146
1739556284726 12.84416017758097 147
1739556284736 14.212787722479307 148
1739556284745 18.68181832961748 149
1739556284754 16.28628683855977 150
1739556284762 21.244295032890818 151
1739556284773 19.30614220973273 152
1739556284782 17.202454919365294 153
1739556284793 10.781300265469898 154
1739556284808 20.98069394330023 155
1739556284818 18.72688286514176 156
1739556284827 14.979565611048171 157
1739556284837 11.802742076982334 158
1739556284847 16.05282679760574 159
1739556284856 14.05703804069992 160
1739556284866 16.877491810460146 161
1739556284876 14.941814889696191 162
1739556284912 10.485465539438794 163
1739556284926 11.008433325997071 164
1739556284936 16.60850789071112 165
1739556284946 13.058150254513812 166
1739556284956 14.665954831365891 167
1739556284966 15.599375057964053 168
1739556284976 14.361440003735504 169
1739556284986 14.932327360364 170
1739556284999 12.721876695003584 171
1739556285009 12.985341494167155 172
1739556285019 10.484027143997372 173
1739556285029 17.344373271991852 174
1739556285039 14.409550103679047 175
1739556285049 16.0939936822677 176
1739556285059 15.13437798806765 177
1739556285069 22.35801023266197 178
1739556285078 15.502843319534913 179
1739556285088 14.235364582295839 180
1739556285098 16.948439392035322 181
1739556285108 16.134484240639505 182
1739556285118 15.1934035391174 183
1739556285127 14.727783254615973 184
1739556285137 16.01458811022945 185
1739556285147 18.227564558182905 186
1739556285156 18.507931071524336 187
1739556285166 16.738799090546742 188
1739556285176 12.379042918628166 189
1739556285186 15.535699555475503 190
1739556285195 15.914156853694086 191
1739556285206 13.66214134616327 192
1739556285216 14.080254441758798 193
1739556285226 15.109518953797174 194
1739556285235 14.841259544190704 195
1739556285245 14.417466294405605 196
1739556285255 13.619849653297 197
1739556285265 12.587646240271347 198
1739556285275 16.06465191791883 199
1739556285285 15.264561255454897 200
1739556285294 14.614769115436662 201
1739556285304 15.735201918395466 202
1739556285314 12.360531688803809 203
1739556285324 16.319683742398215 204
1739556285334 12.142752184413219 205
1739556285343 11.87351115540463 206
1739556285352 11.428483976620733 207
1739556285362 12.36683781763227 208
1739556285372 15.707346542228386 209
1739556285381 18.342766102033202 210
1739556285390 13.276631022702498 211
1739556285399 9.931264331192057 212
1739556285409 17.601820604266685 213
1739556285418 15.477436408316377 214
1739556285427 16.349810173704444 215
1739556285436 15.010110227526495 216
1739556285445 10.514911524148285 217
1739556285454 10.826214489898671 218
1739556285464 11.100791723429715 219
1739556285473 10.209610514291244 220
1739556285482 15.306148743772109 221
1739556285491 19.157254565702022 222
1739556285501 12.749431236117994 223
1739556285511 13.327533260960372 224
1739556285520 12.643114401814978 225
1739556285530 11.689174672002897 226
1739556285539 13.714633534922825 227
1739556285548 17.527691920319672 228
1739556285558 11.695370500107742 229
1739556285567 14.559672793159521 230
1739556285576 15.662056101238443 231
1739556285586 11.210579007381307 232
1739556285594 16.045328179694923 233
1739556285604 18.39361334975731 234
1739556285614 16.405909897980433 235
1739556285623 16.71520568807032 236
1739556285632 11.759128085331422 237
1739556285641 11.876979552032147 238
1739556285650 17.989768647550175 239
1739556285659 11.023362614802325 240
1739556285668 8.904810088545261 241
1739556285677 13.397900112944262 242
1739556285686 14.542993948380913 243
1739556285695 19.6656783553458 244
1739556285705 13.923748505554501 245
1739556285714 18.86051697321547 246
1739556285723 15.311395079077197 247
1739556285733 13.98999322908826 248
1739556285742 15.914641203537649 249
1739556285750 18.350966667409796 250
1739556285760 12.055961118238967 251
1739556285769 14.229996417503141 252
1739556285778 13.728297901076997 253
1739556285787 17.751279732255192 254
1739556285796 13.04045063598593 255
1739556285805 13.814013567833523 256
1739556285815 14.681402609146664 257
1739556285825 12.449047734619302 258
1739556285836 13.471208434267814 259
1739556285845 19.686755901006023 260
1739556285856 17.224128723542144 261
1739556285865 14.661806859870781 262
1739556285874 15.295570073176892 263
1739556285883 14.824881504106118 264
1739556285892 15.495610471093194 265
1739556285901 13.586357207314084 266
1739556285910 14.218151415685991 267
1739556285920 15.020333340249888 268
1739556285929 13.665230636987642 269
1739556285938 12.606874536640014 270
1739556285948 13.947579022410823 271
1739556285957 19.048362444384132 272
1739556285966 10.52430877204312 273
1739556285975 17.003297452088926 274
1739556285984 16.282613992901044 275
1739556285993 16.2427889886597 276
1739556286006 13.091491551737034 277
1739556286015 15.054171801118787 278
1739556286025 12.15084300709211 279
