1739615710621 155.67016946718778 0
1739615710634 149.91503224803415 1
1739615710647 137.74659921176647 2
1739615710658 123.99400855829961 3
1739615710670 114.50729923327006 4
1739615710684 107.30692964095554 5
1739615710695 97.62454527192759 6
1739615710707 95.29997488314157 7
1739615710719 87.9385971503946 8
1739615710730 81.43799606842605 9
1739615710742 73.11102170334189 10
1739615710755 72.458368511505 11
1739615710766 65.78815393693826 12
1739615710778 61.98873310960061 13
1739615710800 56.4235045936352 14
1739615710812 53.0273413642783 15
1739615710824 48.59421387349132 16
1739615710838 47.24390402663175 17
1739615710851 42.65731936746215 18
1739615710864 39.39448489839267 19
1739615710877 34.77601983003876 20
1739615710890 34.7065587987864 21
1739615710903 33.60761136190934 22
1739615710916 32.4307154720682 23
1739615710928 29.804175894013344 24
1739615710941 25.311445957647265 25
1739615710964 25.104278964226236 26
1739615710977 24.56511378655548 27
1739615710990 21.719255154677075 28
1739615711005 19.750526047095594 29
1739615711018 20.732678724917523 30
1739615711033 18.375828957874077 31
1739615711046 17.125363264378763 32
1739615711059 15.939475534613084 33
1739615711072 15.991349691109022 34
1739615711086 14.331522845498588 35
1739615711099 13.331625760579419 36
1739615711113 12.965134473713714 37
1739615711128 13.224944060337572 38
1739615711142 12.069755029559657 39
1739615711156 10.749759025247153 40
1739615711170 10.279660173154303 41
1739615711184 9.803962484165325 42
1739615711197 9.270299651707658 43
1739615711211 9.065530441117465 44
1739615711224 7.647293052269295 45
1739615711238 8.262478772673017 46
1739615711250 8.650834907385233 47
1739615711264 7.180820027201068 48
1739615711277 6.752859864062236 49
1739615711290 6.724771526489182 50
1739615711304 6.640754382602222 51
1739615711317 6.250773658694909 52
1739615711329 5.75853613666907 53
1739615711342 4.378283961387576 54
1739615711355 5.924671349306796 55
1739615711368 4.456676958500098 56
1739615711380 5.705919101191759 57
1739615711393 4.8116367339333435 58
1739615711407 4.945942355812859 59
1739615711420 5.045778634474484 60
1739615711432 3.5259674593574273 61
1739615711445 3.7857983798468604 62
1739615711458 2.6878207750129364 63
1739615711471 4.817526408686333 64
1739615711485 3.227007245284866 65
1739615711498 3.474891291553225 66
1739615711511 2.774206833109779 67
1739615711524 3.134070090874321 68
1739615711536 2.2918139307371646 69
1739615711549 2.924404076255076 70
1739615711563 2.988112867464123 71
1739615711575 2.078553385623284 72
1739615711588 2.764685670324313 73
1739615711600 2.1705188150865222 74
1739615711613 2.6049455896298825 75
1739615711626 2.4523014736752202 76
1739615711638 3.3960234588381786 77
1739615711652 2.4539528346273043 78
1739615711665 2.8173415151828496 79
1739615711678 2.033958152056392 80
1739615711691 2.6764684580462235 81
1739615711704 2.3501760486972 82
1739615711717 3.0637334684461304 83
1739615711729 2.5610995046081113 84
1739615711742 2.2618701487774566 85
1739615711755 2.378255179645463 86
1739615711768 2.947971349951405 87
1739615711781 1.643127407948025 88
1739615711794 2.000092350534362 89
1739615711808 2.1464895241781985 90
1739615711822 1.8295032755220517 91
1739615711836 1.8420849411828415 92
1739615711850 2.4852992155015103 93
1739615711865 1.3918895585461053 94
1739615711886 2.4269807011313644 95
1739615711903 1.2914208545334405 96
1739615711917 2.2466203157581113 97
1739615711931 1.4006640217517785 98
1739615711945 2.081047767522264 99
1739615711960 2.525881935501498 100
1739615711975 1.8703691599833319 101
1739615711989 1.3281479500669127 102
1739615712003 1.5431689029322269 103
1739615712017 1.9212611871917225 104
1739615712030 1.0499921158298737 105
1739615712044 2.0645105094728686 106
1739615712058 1.4027884498156744 107
1739615712072 1.3194503798311346 108
1739615712085 1.6817724440736395 109
1739615712099 1.503744722436275 110
1739615712114 1.4581258812498816 111
1739615712132 2.280445087377082 112
1739615712145 1.6977284597822802 113
1739615712158 2.0233846750361333 114
1739615712172 1.6747024993434645 115
1739615712185 1.582172884384334 116
1739615712197 2.11531686274008 117
1739615712210 1.109780772003127 118
1739615712224 1.1614315771248946 119
1739615712236 1.8418537456317174 120
1739615712249 1.3870142831065542 121
1739615712262 1.9512566066628143 122
1739615712275 1.6496143232985125 123
1739615712288 1.1642285792443956 124
1739615712301 1.6065290705137838 125
1739615712314 1.0807325920993518 126
1739615712327 1.4251482838009795 127
1739615712340 1.0548987250029467 128
1739615712353 1.5369191005187777 129
1739615712366 1.2685482828788042 130
1739615712380 0.6975601717057375 131
1739615712393 1.9098238048581302 132
1739615712406 2.2392722559026783 133
1739615712419 1.9029145534096485 134
1739615712432 2.9964861934810676 135
1739615712444 2.0600602981031555 136
1739615712458 1.5024921529139805 137
1739615712471 1.8784735712590943 138
1739615712484 1.2676617561691608 139
1739615712496 2.7584924777577258 140
1739615712509 1.0863871432798238 141
1739615712523 1.789040787816971 142
1739615712535 1.3070393696818376 143
1739615712549 1.5935940324523403 144
1739615712562 1.6683498663477567 145
1739615712575 1.8179041819364337 146
1739615712587 1.286669006479416 147
1739615712601 1.3604072531395242 148
1739615712614 1.427453066562838 149
1739615712627 1.5340750284012927 150
1739615712640 1.366784153195099 151
1739615712654 2.183110123854629 152
1739615712667 2.7407368458330224 153
1739615712679 1.3256135954585526 154
1739615712692 1.6717959863947098 155
1739615712705 1.1898984813627478 156
1739615712718 1.1274963063086345 157
1739615712730 0.7326354601698665 158
1739615712743 1.2815705738882357 159
1739615712756 2.181077689200506 160
1739615712769 1.635609382948749 161
1739615712782 1.6651787321139673 162
1739615712796 1.2949421212182974 163
1739615712808 1.0715229517400495 164
1739615712830 1.8659507863790394 165
1739615712843 1.5803680988413769 166
1739615712856 0.9743638105395995 167
1739615712869 1.7530539109028882 168
1739615712882 0.765429126842101 169
1739615712894 1.5657160301715485 170
1739615712908 1.3381189084014218 171
1739615712921 1.298745285350643 172
1739615712934 1.2616490947337582 173
1739615712946 0.7990883106650636 174
1739615712959 1.0614408032532523 175
1739615712972 2.197467087680541 176
1739615712985 0.8803281517923386 177
1739615712998 1.4606196032602303 178
1739615713010 1.5695688364992193 179
1739615713023 0.9699057413084088 180
1739615713037 1.3351255350386322 181
1739615713049 2.401581514625127 182
1739615713062 1.6306916047075874 183
1739615713075 2.0077501681045864 184
1739615713088 1.474273294979411 185
1739615713101 1.2714705849134413 186
1739615713116 1.4836814338407323 187
1739615713128 1.3352187890117484 188
1739615713143 1.4430483177935418 189
1739615713156 1.2778787978687982 190
1739615713204 1.6353862147127856 191
1739615713226 1.4072782432142907 192
1739615713241 1.2785054576275283 193
1739615713256 1.6104943337059534 194
1739615713270 1.0632026500838507 195
1739615713284 1.3501476158411025 196
1739615713297 1.6257183676953402 197
1739615713311 1.1301334294277858 198
1739615713325 1.1353011234692338 199
1739615713340 1.2540047338319735 200
1739615713354 1.567808102704342 201
1739615713367 1.3532266318918718 202
1739615713382 1.3858256986894084 203
1739615713396 1.0894837217124165 204
1739615713410 1.7303263032141012 205
1739615713424 1.662069441778689 206
1739615713439 1.0844596939458933 207
1739615713452 1.4388977534450555 208
1739615713466 1.481432320227268 209
1739615713478 1.414791308910867 210
1739615713492 1.0062617470659434 211
