1739614621663 74.59816794443965 0
1739614621702 80.82337648017169 1
1739614621741 0.0043892121105675985 2
1739614621780 1.781475094994031 3
1739614621819 2.1867874076516105 4
1739614621859 8.944311127208957 5
1739614621898 13.273149500054483 6
1739614621937 5.4119439238918465 7
1739614621975 0.16883288653757791 8
1739614622014 59.839213656331204 9
1739614622054 13.161740830057303 10
1739614622093 0.445889865234426 11
1739614622133 7.023868361698376 12
1739614622172 1.7586281558568273 13
1739614622211 11.180387326379742 14
1739614622250 0.0020557698278538474 15
1739614622288 0.1594100206297531 16
1739614622327 23.589938527593358 17
1739614622366 15.953935251809813 18
1739614622404 28.07144584833755 19
1739614622443 6.743494772472865 20
1739614622481 13.48310377139516 21
1739614622520 1.000162584745983 22
1739614622558 56.0936479430481 23
1739614622596 92.4513509466821 24
1739614622635 7.74266305932059 25
1739614622673 5.784087840319465 26
1739614622711 0.24582648465176593 27
1739614622750 3.766791346311293 28
1739614622788 24.398107219311182 29
1739614622827 5.83654821520023 30
1739614622866 6.442510484629445 31
1739614622905 12.158122599659105 32
1739614622943 0.00012778344914517975 33
1739614622982 12.82758091714683 34
1739614623021 4.167313703431672 35
1739614623063 13.609162117111445 36
1739614623102 0.20140390298957261 37
1739614623140 39.52211862093522 38
1739614623178 21.693714737952877 39
1739614623217 1.977149743686516 40
1739614623255 8.438060940841819 41
1739614623294 16.527412658713065 42
1739614623332 7.868051229903143 43
1739614623372 23.649083900923685 44
1739614623411 2.56577172071108 45
1739614623450 0.7435338025726972 46
1739614623489 0.0065688372398866 47
1739614623527 25.283900851657872 48
1739614623566 9.618544466791876 49
1739614623604 23.33272356489373 50
1739614623643 5.404947305239814 51
1739614623681 41.338893331869265 52
1739614623720 1.2586790508911636 53
1739614623758 1.1772472793968292 54
1739614623797 11.241521591725688 55
1739614623836 8.716131291597193 56
1739614623874 0.12115436375353174 57
1739614623913 25.889549520850903 58
1739614623952 16.94048935690298 59
1739614624022 0.0005057135784381518 60
1739614624064 80.6869373675724 61
1739614624107 32.61230072351653 62
1739614624149 15.655425861214633 63
1739614624196 65.7628111568199 64
1739614624240 60.526024577368226 65
1739614624279 9.042956701541048 66
1739614624318 17.896550596646858 67
1739614624357 36.38239513077907 68
1739614624396 46.59807596602467 69
1739614624434 1.5250910885960072e-05 70
1739614624473 0.6767445286539336 71
1739614624511 19.89195928948863 72
1739614624550 2.665474725273513 73
1739614624588 0.013791045857065922 74
1739614624627 11.908903294549908 75
1739614624666 5.217756507329706 76
1739614624704 30.432698019678735 77
1739614624743 63.503927465602075 78
1739614624782 31.28233289628868 79
1739614624820 0.0004139483217405695 80
1739614624859 15.262411817970154 81
1739614624897 1.4994332460078386 82
1739614624936 0.20738947818685835 83
1739614624975 22.413339027096793 84
1739614625013 2.0018131378209056 85
1739614625052 2.2052213620321015 86
1739614625091 0.633591503820935 87
1739614625129 4.955397555644263 88
1739614625168 1.8036723945378914 89
1739614625206 5.552513945893051 90
1739614625245 9.069672313564169 91
1739614625284 0.00032397613134739505 92
1739614625323 1.1133452902675869 93
1739614625362 54.767438077517326 94
1739614625401 16.098219161319157 95
1739614625439 2.4966510159834 96
1739614625478 6.162896418564844 97
1739614625518 4.34298896360892 98
1739614625556 3.672857209730667 99
1739614625595 4.020039916691634 100
1739614625634 12.048726817373508 101
1739614625673 7.7345236831309885 102
1739614625712 49.61599699411237 103
1739614625750 1.1190108172952407 104
1739614625789 4.892751412148385 105
1739614625827 15.533425020654601 106
1739614625866 3.5853992299188198 107
1739614625904 0.33829444057031255 108
1739614625943 0.04530104714896028 109
1739614625982 60.0452423667469 110
1739614626020 0.2459996726110793 111
1739614626059 14.691083800659053 112
1739614626097 18.947228319480757 113
1739614626136 7.89386337965051 114
1739614626175 19.84542721859947 115
1739614626213 71.77285091415183 116
1739614626252 12.142190261005316 117
1739614626292 101.3226649477443 118
1739614626330 3.0560655464936075 119
1739614626369 0.03960309339506509 120
1739614626407 2.7530650679840654 121
1739614626446 6.345669539992034 122
1739614626485 51.78775846664315 123
1739614626523 3.7141964353061434 124
1739614626562 6.93649058952832 125
1739614626602 4.139455485621244 126
1739614626641 7.302514731545804 127
1739614626679 9.992682577813028 128
1739614626718 9.618023350603147 129
1739614626757 33.22100091974532 130
1739614626795 3.8353047511808387 131
1739614626834 94.83575954507452 132
1739614626872 0.5514920596798603 133
1739614626911 0.0022481917078835175 134
1739614626950 54.36991754522659 135
1739614626988 5.236380807581576 136
1739614627026 3.4682416469982997 137
1739614627065 30.28044931910697 138
1739614627104 11.190386113496048 139
1739614627143 1.975634172577633 140
1739614627181 0.2614591794449425 141
1739614627220 0.17952914641303033 142
1739614627259 10.345747829601523 143
1739614627298 63.683734578889656 144
1739614627336 23.829066862822433 145
1739614627374 27.854086605728465 146
1739614627413 19.318640561882113 147
1739614627451 23.021468579864408 148
1739614627489 55.869308422679325 149
1739614627528 0.8215929702529278 150
1739614627567 4.456822911184611 151
1739614627606 4.9009547027453335 152
1739614627645 3.6595020701211576 153
1739614627684 68.19108114868072 154
1739614627723 0.47165359059829626 155
1739614627761 19.059256699479988 156
1739614627800 0.0014287339923984318 157
1739614627839 18.509293134667175 158
1739614627878 10.009149572922928 159
1739614627916 51.04365979996175 160
1739614627955 22.996635694815858 161
1739614627993 7.983613009869107 162
1739614628032 12.756049402273051 163
1739614628070 4.6758539030956126 164
1739614628108 20.203564819656975 165
1739614628147 6.376846407290503 166
1739614628186 0.6070597263172487 167
1739614628224 0.667306495305762 168
1739614628263 41.88180594026425 169
1739614628302 0.12537627447209443 170
1739614628340 0.3260510409965491 171
1739614628379 3.3058901768061375 172
1739614628419 0.23324085322826318 173
1739614628458 3.7197413189091524 174
1739614628497 0.43307002927609983 175
1739614628536 11.203757157232827 176
1739614628575 2.0525417734448266 177
1739614628614 19.002209725666184 178
1739614628652 0.0003632396703923127 179
1739614628690 0.9482901199127018 180
1739614628729 2.5893459355842645 181
1739614628768 4.279520667856197 182
1739614628814 57.11068678882833 183
1739614628857 0.42866408126104244 184
1739614628904 2.2828283276433585 185
1739614628949 80.87522015584358 186
1739614628999 13.738095783154135 187
1739614629046 0.3282475938637242 188
1739614629094 6.865583378818139 189
1739614629141 14.314222877669678 190
1739614629190 28.034474633703045 191
1739614629242 18.288163891983473 192
1739614629288 15.790660852818942 193
1739614629343 0.30973202147589024 194
1739614629385 9.461764066261448 195
1739614629427 18.86753113238436 196
1739614629474 0.7556510942380824 197
1739614629519 29.642008259100244 198
1739614629572 16.42012862229539 199
1739614629615 0.07689246109907542 200
1739614629662 9.593852052404161 201
1739614629702 7.020030330003212 202
1739614629742 0.020727475451312993 203
1739614629782 2.9664925954478347 204
1739614629821 28.076610753904358 205
1739614629860 7.983274873889056 206
1739614629899 8.055664047628571 207
1739614629937 6.404566335149191 208
1739614629976 0.041727841748035226 209
1739614630014 5.115734320708715 210
1739614630053 1.1823057465266473 211
1739614630091 22.0768873252021 212
1739614630130 13.917382470202302 213
1739614630169 63.94480262327073 214
1739614630207 67.58560903540767 215
1739614630246 0.004623920532013715 216
1739614630285 2.3455268059462204 217
1739614630323 1.7937770715394739 218
1739614630362 26.602973601646156 219
1739614630400 0.0886963750513795 220
1739614630439 1.2411782774808031 221
1739614630478 37.981862923415875 222
1739614630518 0.24020769759639543 223
1739614630557 57.55195389073721 224
1739614630595 0.07848917742125415 225
1739614630635 5.894935479156469 226
1739614630677 9.774046983141345 227
1739614630734 1.961988801830122 228
1739614630777 34.233903410299156 229
1739614630822 0.07795771586406232 230
1739614630866 7.308753787057669 231
1739614630921 8.523093995303599 232
1739614630964 16.48352789382801 233
1739614631009 39.00825299298919 234
1739614631051 0.9959836222383072 235
1739614631089 13.434348093758475 236
1739614631128 15.56373795559195 237
1739614631167 46.70796878926789 238
1739614631206 0.011933379234834812 239
1739614631244 5.522778954669007 240
1739614631285 36.12438671329526 241
1739614631324 23.88650711056536 242
1739614631363 1.629327599152877 243
1739614631401 2.2070396826824625 244
1739614631440 29.891138926882206 245
1739614631478 19.777895085171586 246
1739614631517 17.791939015520533 247
1739614631555 0.007259079144070139 248
1739614631594 1.2403692602620102 249
1739614631633 11.78988539868218 250
1739614631672 11.723616434910133 251
1739614631710 16.944319198099613 252
1739614631749 4.443797999959141 253
1739614631787 8.289070105176721 254
1739614631826 7.186556707387408 255
1739614631866 7.373595359949624 256
1739614631905 0.6574686967719241 257
1739614631943 21.660897427008962 258
1739614631982 3.436265196633691 259
1739614632021 19.18907764649764 260
1739614632060 0.36286412684241 261
1739614632099 0.2693466401479951 262
1739614632139 0.003726015966954726 263
1739614632178 6.5942381334911895 264
1739614632216 22.09269642842591 265
1739614632254 4.707209162166039 266
1739614632293 2.6927664757007017 267
1739614632331 28.862962063053605 268
1739614632370 4.600923696335433 269
1739614632408 1.5181557129578462 270
1739614632447 0.016058507935829077 271
1739614632486 1.1252610856410643 272
1739614632524 23.550416101590727 273
1739614632562 2.6737988935097023 274
1739614632602 12.355809526267159 275
1739614632642 0.0014038093446499694 276
1739614632681 0.4790185655912996 277
1739614632720 0.014343937967138384 278
1739614632759 0.08873914026350818 279
1739614632798 5.497864848338674 280
1739614632836 1.6577454164492325 281
1739614632875 14.915398596965721 282
1739614632914 43.63668100306322 283
1739614632952 15.049192025989987 284
1739614632990 0.009512144163495032 285
1739614633029 17.478263538879837 286
1739614633068 4.652700245438715 287
1739614633109 25.5031701910048 288
1739614633148 2.0679046746305616 289
1739614633186 16.21550260696339 290
1739614633225 23.851391906671005 291
1739614633264 6.073557939099772 292
1739614633303 2.9188806966630625 293
1739614633341 0.1260866001354788 294
1739614633380 58.462710898654166 295
1739614633419 0.3298747390462594 296
1739614633458 17.21997326011163 297
1739614633497 25.025394850844197 298
1739614633536 7.465588114199672 299
1739614633575 4.394979157958853 300
1739614633614 14.276874031005146 301
1739614633652 22.292978664565336 302
1739614633690 3.2840441589490847 303
1739614633729 0.03997356476763715 304
1739614633768 0.012029234459229418 305
1739614633806 8.492636639707053 306
1739614633845 0.32857753469862055 307
1739614633883 2.3914757817465673 308
1739614633922 0.0013408493470832652 309
1739614633961 123.1485436507165 310
1739614634001 72.97671815890156 311
1739614634039 1.529745075204363 312
1739614634077 11.33485912666098 313
1739614634116 4.821169238999206 314
1739614634155 26.127153746886872 315
1739614634194 24.47862220763973 316
1739614634233 13.567317881482646 317
1739614634271 31.539135026811252 318
1739614634310 0.7805394542240933 319
1739614634349 32.13269308493818 320
1739614634388 4.346354475084919 321
1739614634427 0.39366239651262724 322
1739614634465 6.290476146963869 323
1739614634504 2.127137072955382 324
1739614634543 35.480794874464976 325
1739614634581 2.016382219275227 326
1739614634620 14.654873519816961 327
1739614634659 8.426342934602813 328
1739614634698 0.07151283742790143 329
1739614634737 6.845859012414112 330
1739614634776 0.01278341190978681 331
1739614634815 4.160501193226879 332
1739614634854 0.20073744403720692 333
1739614634893 0.020802875709534704 334
1739614634932 1.038469992395983 335
1739614634971 2.0175671447160517 336
1739614635009 0.9584582860653631 337
1739614635048 59.83987129142224 338
1739614635087 27.3325295653734 339
1739614635125 12.56472487898524 340
1739614635164 0.21085441397366333 341
1739614635202 0.46932849911504726 342
1739614635241 1.8250886415087169 343
1739614635279 64.25424561676449 344
1739614635318 11.174068969173721 345
1739614635357 0.04158917244349293 346
1739614635395 0.870493113389072 347
1739614635434 6.5394608497601405 348
1739614635473 1.0860918552536685 349
1739614635511 5.947683084740358 350
1739614635550 13.944967014027128 351
1739614635589 3.156194727507659 352
1739614635627 24.569567434876202 353
1739614635666 79.10657477610363 354
1739614635705 0.8826652313485841 355
1739614635744 0.8399196400538314 356
1739614635782 1.687039736568297 357
1739614635821 11.22430385747918 358
1739614635859 25.353339023248246 359
1739614635898 0.13542304788584045 360
1739614635936 15.954224349540041 361
1739614635974 4.969917183802386 362
1739614636013 0.6248782164768315 363
1739614636052 41.035589409435616 364
1739614636091 27.133975748341467 365
1739614636131 18.329371062956266 366
1739614636169 0.27074791391803577 367
1739614636208 85.30145286475047 368
1739614636246 14.919794075573671 369
1739614636287 21.869189938455246 370
1739614636326 2.10702299213132 371
1739614636365 3.4306353025636382 372
1739614636403 9.691082186817878 373
1739614636442 18.764146195555565 374
1739614636480 22.20617297343957 375
1739614636519 4.063562477711273 376
1739614636559 2.4265518833519897 377
1739614636598 0.0396343003224726 378
1739614636637 21.435802027120197 379
1739614636676 22.159859935999354 380
1739614636715 0.8484669222326775 381
1739614636753 40.997787709568044 382
1739614636792 39.505378190347976 383
1739614636831 51.217437871913155 384
1739614636871 14.574689726963781 385
1739614636909 0.9566593430804358 386
1739614636948 16.250454333636068 387
1739614636987 1.954479472855501 388
1739614637025 0.6293970001148274 389
1739614637063 34.63055523311906 390
1739614637102 5.814457172455125 391
1739614637141 8.64935127459608 392
1739614637180 23.092307669286715 393
1739614637218 34.828513177310455 394
1739614637257 1.109269262609235 395
1739614637295 3.5250481922613552 396
1739614637334 6.074709749025709 397
1739614637373 36.02150849059345 398
1739614637413 0.9513463375449166 399
1739614637452 2.3050648989031775 400
1739614637491 20.577662933564397 401
1739614637529 67.642982135074 402
1739614637568 36.789767598379214 403
1739614637607 29.415134129779123 404
1739614637646 4.407969048925722 405
1739614637685 6.249451040260379 406
1739614637723 84.94492946665696 407
1739614637762 11.18758386813361 408
1739614637801 6.808575876995001 409
1739614637839 36.49163541050251 410
1739614637878 15.445315670701037 411
1739614637917 4.687930039725667 412
1739614637956 23.24893056456963 413
1739614637994 5.075699839442861 414
1739614638033 0.5998403205233516 415
1739614638072 12.831940845358858 416
1739614638111 13.206377954281066 417
1739614638150 20.75827438392541 418
1739614638189 19.494111094161845 419
1739614638229 5.34462372201189 420
1739614638268 9.00123652453746 421
1739614638306 0.9641076943264119 422
1739614638346 33.28005341150427 423
1739614638384 1.142953192782668 424
1739614638423 0.35346597598042023 425
1739614638461 16.48365879177742 426
1739614638500 4.4611068022944655 427
1739614638539 57.60929294226792 428
1739614638578 1.485579505374183 429
1739614638616 7.439701350302235 430
1739614638655 2.667817592926107 431
1739614638694 2.6645059220811826 432
1739614638732 16.266654046470002 433
1739614638771 6.517637769569344 434
1739614638810 0.13818017164376437 435
1739614638848 0.5639522566078689 436
1739614638886 21.372926203256117 437
1739614638925 15.645551647471429 438
1739614638964 28.352849802505517 439
1739614639004 66.49332890693996 440
1739614639042 22.561213469843786 441
1739614639081 1.448425710101453 442
1739614639120 0.06720947646070816 443
1739614639159 19.6011652254157 444
1739614639198 9.507455678556742 445
1739614639236 0.29359304810746684 446
1739614639275 31.82006999225275 447
1739614639314 0.05908464446221742 448
1739614639352 1.1465243529915388 449
1739614639391 3.519570970872545 450
1739614639430 6.4942979458390235 451
1739614639469 0.014299464129514635 452
1739614639507 2.169105835937828 453
1739614639545 33.024482661599514 454
1739614639584 10.771003321553229 455
1739614639623 1.8230523263442218 456
1739614639664 0.011922912588775465 457
1739614639703 1.77931161721359 458
1739614639742 28.857355470284297 459
1739614639780 57.98751050966274 460
1739614639818 2.612485625015918 461
1739614639857 0.5196845760503471 462
1739614639896 28.775740074375605 463
1739614639934 0.17562298041583246 464
1739614639973 0.26616621731536905 465
1739614640011 26.879080249491313 466
1739614640050 0.05221502463527464 467
1739614640088 50.983831008412395 468
1739614640126 78.76912197470507 469
1739614640165 26.30395220756058 470
1739614640204 0.1605777443326945 471
1739614640242 4.761907303051377 472
1739614640281 1.226483716382395 473
1739614640320 28.38477886263897 474
1739614640359 0.009824724950492743 475
1739614640398 1.5937387353830714 476
1739614640437 4.979940263339764 477
1739614640475 0.35600237077896724 478
1739614640514 2.0307155911428065 479
1739614640552 28.847959211097145 480
1739614640592 0.37611300578970264 481
1739614640633 2.430579067120057 482
1739614640672 13.189878522760116 483
1739614640711 14.532952865068278 484
1739614640749 1.6232038709282037 485
1739614640788 0.0017211588551936075 486
1739614640827 12.711529402266706 487
1739614640865 27.725492078891566 488
1739614640904 0.1357609228637326 489
1739614640942 1.085522613532776 490
1739614640981 27.494604266414818 491
1739614641020 57.46188632878517 492
1739614641060 12.144826410754563 493
1739614641101 43.16414497839268 494
1739614641140 1.0530646403775887 495
1739614641179 8.623478645710291 496
1739614641217 42.15721108640877 497
1739614641256 4.634708820231589 498
1739614641295 0.5109625641728885 499
