1739615392350 16.483975919302093 0
1739615392390 2.526478000399393 1
1739615392429 0.10251953341800434 2
1739615392468 3.2034495953571835 3
1739615392507 0.06850133022961448 4
1739615392547 0.36969342007381345 5
1739615392586 0.32611634834687625 6
1739615392624 0.0041090010105724354 7
1739615392663 0.6107441250875679 8
1739615392702 3.394131985779423 9
1739615392741 0.4551358585199154 10
1739615392781 2.3798088664205332 11
1739615392821 0.01988123051412712 12
1739615392859 0.012275424633795148 13
1739615392897 0.16727270033965724 14
1739615392936 2.421613934359702 15
1739615392975 0.515617764728805 16
1739615393013 0.5132210503808153 17
1739615393052 0.30030175389186875 18
1739615393091 4.74759885833238 19
1739615393129 0.23581025732875466 20
1739615393168 4.501496659747928 21
1739615393208 0.5584311918638667 22
1739615393248 0.7712257314827544 23
1739615393286 0.08388867429683498 24
1739615393326 1.5496597499026357 25
1739615393365 1.2782268028662238 26
1739615393403 0.06935531351643603 27
1739615393442 1.335855950432599 28
1739615393481 0.7770771851498908 29
1739615393520 1.7161228275522946 30
1739615393559 0.1309030463946591 31
1739615393598 0.21927993897086748 32
1739615393637 1.8628059272130846 33
1739615393676 1.8835432039833808 34
1739615393715 0.012694158624243564 35
1739615393754 0.004132844879271398 36
1739615393792 0.13651719379848457 37
1739615393831 0.35788434626715016 38
1739615393870 0.5944690348262727 39
1739615393909 0.9950605943715088 40
1739615393947 5.575909891549745 41
1739615393986 0.09071278992774998 42
1739615394025 1.57238824091874 43
1739615394063 0.004337121226604988 44
1739615394102 3.8274905024546904 45
1739615394197 3.2094686435860567 46
1739615394253 0.23309214320846275 47
1739615394297 0.0076304262659601775 48
1739615394337 2.3402764739470765 49
1739615394376 0.11972328567355286 50
1739615394414 0.8726501948271793 51
1739615394453 0.000299032215486534 52
1739615394492 0.7757430223493055 53
1739615394531 0.0018114084775492365 54
1739615394570 0.005823000232782299 55
1739615394608 0.6682663184273219 56
1739615394647 1.0993652203693007 57
1739615394687 0.12343783763892578 58
1739615394725 1.1000864167566815 59
1739615394764 2.497248931154015 60
1739615394803 0.02940259319756602 61
1739615394841 0.23377039996531063 62
1739615394880 0.3706477638911905 63
1739615394919 0.4859297297558258 64
1739615394957 3.8105520788161447 65
1739615394999 2.424790602957455 66
1739615395038 0.43482920743759457 67
1739615395077 0.15989119482383632 68
1739615395115 0.10393960122832632 69
1739615395154 0.4615484298412586 70
1739615395192 0.2020794487904195 71
1739615395231 0.03609473154917562 72
1739615395269 0.06807452997502572 73
1739615395309 0.18901611001370855 74
1739615395348 0.13262724273728002 75
1739615395387 1.2989791379306572 76
1739615395426 3.007266484856663 77
1739615395464 0.006896530438725772 78
1739615395503 1.9504813752560264 79
1739615395542 1.9639688923949614 80
1739615395581 2.3852237071677744 81
1739615395619 0.2197843371707303 82
1739615395658 1.538329297923418 83
1739615395696 1.3486320180210032 84
1739615395735 4.805546740391755 85
1739615395774 0.008089987485826988 86
1739615395813 0.02145192221609758 87
1739615395852 0.28199532003513156 88
1739615395891 1.3330784946363774 89
1739615395929 2.2291568122636707 90
1739615395968 3.5376319925358595 91
1739615396006 0.5780025947061577 92
1739615396045 3.3010737186769474 93
1739615396083 0.08167483604000494 94
1739615396122 0.7667159058984896 95
1739615396160 2.0053144722241147 96
1739615396199 0.1252542905046407 97
1739615396238 1.9607917155011618 98
1739615396276 0.0010166672088111812 99
1739615396315 1.5513467935308198 100
1739615396354 0.07176492685659185 101
1739615396393 5.974735693149094 102
1739615396432 0.03333976862669854 103
1739615396476 0.9217944598362426 104
1739615396528 0.047779318161880205 105
1739615396581 1.0459594209997976 106
1739615396629 0.3999425888825567 107
1739615396673 0.23037205140523115 108
