1739556797607 169.33370035675028 0
1739556797617 165.980869623937 1
1739556797627 162.71626269017193 2
1739556797637 159.51807568619546 3
1739556797647 156.38493913646323 4
1739556797657 153.3155119976971 5
1739556797666 150.30848106650302 6
1739556797676 147.3625603993544 7
1739556797685 144.47649074468058 8
1739556797694 141.64903898680842 9
1739556797704 138.87899760150987 10
1739556797714 136.16518412291205 11
1739556797724 133.50644062153305 12
1739556797733 130.90163319321107 13
1739556797743 128.34965145869904 14
1739556797752 125.84940807370232 15
1739556797761 123.39983824914083 16
1739556797770 120.99989928142257 17
1739556797779 118.64857009251898 18
1739556797789 116.34485077963755 19
1739556797802 114.08776217429136 20
1739556797812 111.87634541056897 21
1739556797823 109.70966150241269 22
1739556797833 107.58679092971694 23
1739556797843 105.50683323306285 24
1739556797852 103.4689066169078 25
1739556797862 101.47214756105456 26
1739556797871 99.51571044022599 27
1739556797881 97.59876715157661 28
1739556797890 95.72050674997517 29
1739556797899 93.88013509089579 30
1739556797909 92.07687448075876 31
1739556797918 90.30996333456562 32
1739556797930 88.57865584067592 33
1739556797940 86.88222163257673 34
1739556797949 85.21994546749855 35
1739556797959 83.59112691173515 36
1739556797968 81.99508003252669 37
1739556797977 80.4311330963696 38
1739556797986 78.89862827361877 39
1739556797996 77.39692134925053 40
1739556798005 75.92538143965804 41
1739556798014 74.48339071535291 42
1739556798024 73.07034412944986 43
1739556798034 71.68564915181344 44
1739556798043 70.32872550874885 45
1739556798051 68.99900492812083 46
1739556798061 67.69593088978752 47
1739556798070 66.41895838123817 48
1739556798079 65.16755365832591 49
1739556798089 63.941194010989555 50
1739556798098 62.73936753385993 51
1739556798108 61.56157290164883 52
1739556798117 60.40731914922096 53
1739556798127 59.27612545625065 54
1739556798136 58.167520936368135 55
1739556798146 57.0810444307012 56
1739556798156 56.016244305720726 57
1739556798165 54.97267825530018 58
1739556798174 53.94991310690107 59
1739556798183 52.94752463179823 60
1739556798193 51.96509735926049 61
1739556798202 51.00222439460457 62
1739556798212 50.05850724104065 63
1739556798221 49.13355562523116 64
1739556798231 48.22698732648481 65
1739556798240 47.33842800951019 66
1739556798249 46.46751106065447 67
1739556798259 45.61387742755482 68
1739556798268 44.777175462130664 69
1739556798278 43.957060766847825 70
1739556798288 43.15319604418555 71
1739556798297 42.36525094924006 72
1739556798306 41.5929019453989 73
1739556798315 40.83583216302206 74
1739556798325 40.09373126106723 75
1739556798334 39.36629529159747 76
1739556798344 38.65322656711143 77
1739556798353 37.95423353063706 78
1739556798362 37.26903062853112 79
1739556798371 36.59733818592805 80
1739556798381 35.93888228478312 81
1739556798390 35.29339464445518 82
1739556798399 34.660612504776665 83
1739556798409 34.04027851155855 84
1739556798418 33.432140604479486 85
1739556798428 32.83595190730946 86
1739556798438 32.25147062041928 87
1739556798447 31.67845991552808 88
1739556798457 31.116687832642203 89
1739556798466 30.565927179139802 90
1739556798475 30.025955430956287 91
1739556798484 29.496554635826847 92
1739556798493 28.977511318543087 93
1739556798503 28.468616388181875 94
1739556798513 27.96966504726502 95
1739556798521 27.480456702809803 96
1739556798531 27.00079487923066 97
1739556798540 26.530487133053523 98
1739556798550 26.06934496940501 99
1739556798559 25.617183760239378 100
1739556798568 25.173822664267078 101
1739556798578 24.739084548549293 102
1739556798587 24.312795911723843 103
1739556798597 23.89478680882839 104
1739556798606 23.484890777687532 105
1739556798615 23.08294476683133 106
1739556798625 22.68878906491322 107
1739556798634 22.302267231596012 108
1739556798643 21.923226029875536 109
1739556798653 21.55151535981167 110
1739556798662 21.18698819363773 111
1739556798671 20.829500512219205 112
1739556798680 20.478911242833828 113
1739556798689 20.135082198245414 114
1739556798699 19.797878017044532 115
1739556798709 19.467166105229474 116
1739556798719 19.142816579001757 117
1739556798728 18.824702208750875 118
1739556798737 18.512698364203363 119
1739556798747 18.206682960712048 120
1739556798757 17.906536406661616 121
1739556798767 17.612141551967277 122
1739556798776 17.323383637643722 123
1739556798785 17.040150246422073 124
1739556798794 16.762331254392947 125
1739556798805 16.489818783654307 126
1739556798848 16.222507155943088 127
1739556798861 15.960292847230157 128
1739556798871 15.703074443258483 129
1739556798882 15.450752596004879 130
1739556798892 15.20322998104605 131
1739556798902 14.960411255810168 132
1739556798912 14.722203018695401 133
1739556798923 14.488513769037445 134
1739556798936 14.259253867908326 135
1739556798947 14.034335499729115 136
1739556798957 13.813672634679639 137
1739556798967 13.597180991888623 138
1739556798976 13.384778003387872 139
1739556798986 13.17638277881472 140
1739556798995 12.971916070847065 141
1739556799004 12.771300241355778 142
1739556799014 12.574459228259503 143
1739556799023 12.381318513067253 144
1739556799034 12.191805089094464 145
1739556799047 12.00584743033846 146
1739556799058 11.823375460999625 147
1739556799068 11.644320525634795 148
1739556799079 11.46861535992977 149
1739556799089 11.296194062077996 150
1739556799100 11.126992064752773 151
1739556799110 10.96094610766074 152
1739556799120 10.797994210664378 153
1739556799130 10.63807564746183 154
1739556799141 10.481130919812331 155
1739556799151 10.327101732295974 156
1739556799161 10.175930967596567 157
1739556799170 10.027562662296832 158
1739556799180 9.881941983175205 159
1739556799190 9.739015203993782 160
1739556799199 9.598729682767214 161
1739556799209 9.461033839502557 162
1739556799218 9.32587713440027 163
1739556799228 9.193210046506696 164
1739556799237 9.062984052808737 165
1739556799247 8.935151607761458 166
1739556799256 8.809666123239607 167
1739556799266 8.686481948904257 168
1739556799275 8.565554352975935 169
1739556799285 8.446839503405732 170
1739556799295 8.330294449436202 171
1739556799304 8.215877103543844 172
1739556799314 8.103546223755293 173
1739556799324 7.993261396329455 174
1739556799333 7.884983018797882 175
1739556799343 7.778672283356093 176
1739556799352 7.674291160598359 177
1739556799362 7.5718023835889765 178
1739556799372 7.471169432262938 179
1739556799381 7.37235651814912 180
1739556799390 7.275328569409413 181
1739556799399 7.1800512161871035 182
1739556799409 7.086490776258111 183
1739556799418 6.994614240978813 184
1739556799428 6.904389261524268 185
1739556799437 6.815784135410799 186
1739556799448 6.728767793297044 187
1739556799458 6.643309786057661 188
1739556799467 6.559380272124055 189
1739556799477 6.476950005086543 190
1739556799486 6.3959903215525395 191
1739556799496 6.316473129255468 192
1739556799505 6.238370895409115 193
1739556799514 6.161656635302435 194
1739556799524 6.086303901129733 195
1739556799533 6.012286771051315 196
1739556799543 5.939579838479929 197
1739556799553 5.868158201588191 198
1739556799562 5.797997453032469 199
1739556799571 5.729073669888715 200
1739556799581 5.661363403795852 201
1739556799591 5.594843671302369 202
1739556799600 5.529491944411963 203
1739556799610 5.46528614132407 204
1739556799619 5.4022046173652125 205
1739556799629 5.340226156107235 206
1739556799640 5.279329960668544 207
1739556799650 5.219495645194568 208
1739556799659 5.160703226513652 209
1739556799669 5.102933115964854 210
1739556799678 5.046166111393974 211
1739556799687 4.990383389314376 212
1739556799697 4.935566497229209 213
1739556799707 4.88169734611159 214
1739556799716 4.828758203039593 215
1739556799725 4.776731683982714 216
1739556799735 4.725600746736763 217
1739556799745 4.675348684004048 218
1739556799754 4.625959116615871 219
1739556799764 4.577415986894367 220
1739556799773 4.529703552150805 221
1739556799782 4.482806378317517 222
1739556799792 4.436709333710701 223
1739556799802 4.3913975829213445 224
1739556799812 4.346856580831678 225
1739556799821 4.303072066754498 226
1739556799831 4.260030058692857 227
1739556799841 4.217716847717567 228
1739556799850 4.176118992460158 229
1739556799860 4.1352233137188525 230
1739556799869 4.095016889175194 231
1739556799879 4.055487048219075 232
1739556799888 4.016621366879934 233
1739556799899 3.97840766286186 234
1739556799909 3.9408339906805168 235
1739556799918 3.9038886368997483 236
1739556799928 3.867560115465801 237
1739556799939 3.83183716313716 238
1739556799949 3.7967087350079947 239
1739556799958 3.762164000123309 240
1739556799968 3.728192337183868 241
1739556799978 3.6947833303390634 242
1739556799988 3.661926765065885 243
1739556799997 3.629612624132253 244
1739556800006 3.597831083642882 245
1739556800016 3.566572509166089 246
1739556800025 3.5358274519397677 247
1739556800035 3.5055866451549376 248
1739556800044 3.4758410003152926 249
1739556800054 3.446581603671106 250
1739556800064 3.417799712726015 251
1739556800073 3.3894867528151558 252
1739556800083 3.3616343137531897 253
1739556800092 3.334234146550733 254
1739556800101 3.3072781601978525 255
1739556800112 3.28075841851317 256
1739556800121 3.2546671370572504 257
1739556800130 3.2289966801089687 258
1739556800140 3.2037395577034955 259
1739556800149 3.1788884227307013 260
1739556800159 3.154436068092682 261
1739556800169 3.1303754239191957 262
1739556800178 3.1066995548398273 263
1739556800188 3.083401657311702 264
1739556800197 3.060475057001608 265
1739556800206 3.0379132062214005 266
1739556800216 3.0157096814155797 267
1739556800226 2.993858180699995 268
1739556800235 2.9723525214505937 269
1739556800244 2.9511866379411846 270
1739556800254 2.930354579029226 271
1739556800264 2.9098505058886377 272
1739556800274 2.8896686897886488 273
1739556800283 2.869803509917777 274
1739556800292 2.8502494512519627 275
1739556800302 2.831001102465979 276
1739556800311 2.8120531538872164 277
1739556800321 2.793400395490965 278
1739556800331 2.7750377149363525 279
1739556800340 2.7569600956420888 280
1739556800349 2.739162614901206 281
1739556800359 2.721640442033996 282
1739556800369 2.704388836578332 283
1739556800378 2.687403146516644 284
1739556800387 2.6706788065387794 285
1739556800397 2.6542113363399817 286
1739556800406 2.637996338953324 287
1739556800415 2.6220294991158424 288
1739556800425 2.6063065816676723 289
1739556800434 2.590823429983567 290
1739556800443 2.575575964436056 291
1739556800452 2.560560180889666 292
1739556800462 2.5457721492255048 293
1739556800472 2.5312080118956137 294
1739556800481 2.516863982506505 295
1739556800490 2.502736344431224 296
1739556800500 2.4888214494493934 297
1739556800509 2.475115716414671 298
1739556800518 2.4616156299490095 299
1739556800527 2.4483177391632354 300
1739556800536 2.4352186564033564 301
1739556800546 2.422315056022087 302
1739556800555 2.4096036731750865 303
1739556800564 2.3970813026413755 304
1739556800573 2.3847447976674805 305
1739556800582 2.3725910688347565 306
1739556800592 2.3606170829494757 307
1739556800601 2.348819861955187 308
1739556800611 2.3371964818668785 309
1739556800620 2.325744071726522 310
1739556800629 2.3144598125795515 311
1739556800638 2.303340936471851 312
1739556800647 2.2923847254668104 313
1739556800657 2.2815885106820795 314
1739556800667 2.270949671345587 315
1739556800677 2.260465633870437 316
1739556800687 2.2501338709482863 317
1739556800696 2.239951900660873 318
1739556800705 2.2299172856092615 319
1739556800714 2.220027632060471 320
1739556800724 2.2102805891111568 321
1739556800734 2.200673847867945 322
1739556800744 2.191205140644126 323
1739556800752 2.181872240172356 324
1739556800761 2.1726729588330254 325
1739556800771 2.1636051478980036 326
1739556800781 2.154666696789425 327
1739556800790 2.1458555323532233 328
1739556800799 2.137169618147098 329
1739556800809 2.1286069537426355 330
1739556800819 2.1201655740412866 331
1739556800827 2.1118435486039253 332
1739556800836 2.1036389809937046 333
1739556800846 2.0955500081319385 334
1739556800856 2.087574799666764 335
1739556800866 2.0797115573542975 336
1739556800875 2.0719585144520467 337
1739556800885 2.064313935124316 338
1739556800894 2.0567761138593914 339
1739556800903 2.049343374898229 340
1739556800913 2.0420140716744264 341
1739556800923 2.0347865862652785 342
1739556800932 2.0276593288536287 343
1739556800942 2.0206307372003596 344
1739556800951 2.013699276127271 345
1739556800960 2.006863437010157 346
1739556800969 2.0001217372818427 347
1739556800979 1.9934727199450182 348
1739556800989 1.9869149530946462 349
1739556800998 1.9804470294497583 350
1739556801008 1.9740675658944382 351
1739556801018 1.9677752030278364 352
1739556801027 1.9615686047229879 353
1739556801036 1.9554464576943043 354
1739556801045 1.9494074710735183 355
1739556801054 1.9434503759939443 356
1739556801064 1.9375739251828854 357
1739556801074 1.9317768925619805 358
1739556801083 1.9260580728554015 359
1739556801092 1.9204162812056684 360
1739556801102 1.914850352796987 361
1739556801111 1.9093591424859293 362
1739556801119 1.9039415244392999 363
1739556801129 1.8985963917790798 364
1739556801138 1.8933226562342678 365
1739556801148 1.8881192477994901 366
1739556801158 1.8829851144002665 367
1739556801171 1.8779192215647627 368
1739556801181 1.8729205521019239 369
1739556801191 1.8679881057858512 370
1739556801200 1.8631208990462926 371
1739556801209 1.8583179646651398 372
1739556801218 1.853578351478792 373
1739556801228 1.848901124086281 374
1739556801238 1.844285362563046 375
1739556801247 1.8397301621802193 376
1739556801256 1.8352346331293543 377
1739556801266 1.8307979002524408 378
1739556801277 1.8264191027771401 379
1739556801287 1.8220973940571161 380
1739556801297 1.8178319413173543 381
1739556801307 1.8136219254043913 382
1739556801316 1.8094665405413355 383
1739556801326 1.8053649940875967 384
1739556801335 1.801316506303219 385
1739556801344 1.797320310117736 386
1739556801354 1.7933756509034542 387
1739556801363 1.7894817862530745 388
1739556801373 1.785637985761563 389
1739556801382 1.7818435308121954 390
1739556801391 1.7780977143666827 391
1739556801401 1.7743998407592962 392
1739556801410 1.7707492254949304 393
1739556801419 1.7671451950509987 394
1739556801430 1.7635870866830976 395
1739556801440 1.7600742482343816 396
1739556801450 1.756606037948537 397
1739556801459 1.7531818242863222 398
1739556801469 1.7498009857455772 399
1739556801478 1.7464629106846525 400
1739556801488 1.743166997149167 401
1739556801497 1.739912652702052 402
1739556801507 1.7366992942568056 403
1739556801517 1.733526347913887 404
1739556801526 1.7303932488002092 405
1739556801535 1.7272994409116427 406
1739556801545 1.7242443769584959 407
1739556801554 1.721227518213889 408
1739556801564 1.7182483343649846 409
1739556801574 1.715306303367016 410
1739556801583 1.712400911300038 411
1739556801593 1.709531652228376 412
1739556801602 1.7066980280626995 413
1739556801612 1.7038995484246675 414
1739556801622 1.7011357305141215 415
1739556801631 1.698406098978732 416
1739556801641 1.6957101857860963 417
1739556801650 1.6930475300982109 418
1739556801659 1.690417678148278 419
1739556801669 1.6878201831197934 420
1739556801678 1.6852546050278978 421
1739556801687 1.6827205106029186 422
1739556801698 1.6802174731760637 423
1739556801708 1.6777450725672456 424
1739556801717 1.6753028949749629 425
1739556801727 1.6728905328682293 426
1739556801736 1.6705075848804876 427
1739556801746 1.668153655705489 428
1739556801755 1.6658283559950715 429
1739556801765 1.6635313022588378 430
1739556801775 1.6612621167656656 431
1739556801784 1.6590204274470266 432
1739556801794 1.6568058678020743 433
1739556801803 1.65461807680448 434
1739556801812 1.6524566988109601 435
1739556801822 1.6503213834714796 436
1739556801832 1.6482117856411003 437
1739556801842 1.6461275652934184 438
1739556801851 1.6440683874356021 439
1739556801861 1.6420339220249505 440
1739556801869 1.6400238438869803 441
1739556801879 1.638037832635002 442
1739556801888 1.6360755725911367 443
1739556801898 1.6341367527087853 444
1739556801908 1.6322210664964796 445
1739556801917 1.6303282119431137 446
1739556801926 1.6284578914445302 447
1739556801936 1.626609811731421 448
1739556801949 1.6247836837985221 449
1739556801958 1.6229792228350994 450
1739556801966 1.6211961481566521 451
1739556801975 1.6194341831378682 452
1739556801984 1.6176930551467583 453
1739556801994 1.6159724954799846 454
1739556802003 1.6142722392993283 455
1739556802012 1.6125920255692971 456
1739556802022 1.6109315969958522 457
1739556802031 1.6092906999662089 458
1739556802040 1.607669084489715 459
1739556802049 1.60606650413978 460
1739556802058 1.6044827159968231 461
1739556802067 1.6029174805922441 462
1739556802076 1.6013705618533727 463
1739556802086 1.5998417270493932 464
1739556802096 1.5983307467382246 465
1739556802105 1.5968373947143295 466
1739556802115 1.5953614479574478 467
1739556802124 1.5939026865822215 468
1739556802132 1.5924608937887053 469
1739556802142 1.5910358558137487 470
1739556802151 1.5896273618832206 471
1739556802160 1.5882352041650671 472
1739556802169 1.586859177723194 473
1739556802179 1.5854990804721507 474
1739556802189 1.5841547131325928 475
1739556802198 1.5828258791875245 476
1739556802207 1.5815123848393011 477
1739556802217 1.5802140389673744 478
1739556802226 1.578930653086759 479
1739556802235 1.577662041307231 480
1739556802244 1.5764080202932165 481
1739556802254 1.575168409224374 482
1739556802263 1.5739430297568555 483
1739556802273 1.5727317059852364 484
1739556802282 1.5715342644050838 485
1739556802291 1.5703505338761772 486
1739556802300 1.5691803455863553 487
1739556802310 1.5680235330159709 488
1739556802319 1.5668799319029658 489
1739556802329 1.5657493802085256 490
1739556802338 1.5646317180833196 491
1739556802348 1.563526787834324 492
1739556802357 1.5624344338921898 493
1739556802367 1.5613545027791775 494
1739556802377 1.560286843077618 495
1739556802386 1.5592313053989206 496
1739556802396 1.5581877423530883 497
1739556802405 1.5571560085187506 498
1739556802415 1.5561359604137026 499
