1739618094386 169.11241715452073 0
1739618094398 165.90222285644498 1
1739618094412 164.27141316712667 2
1739618094425 162.64907839229036 3
1739618094437 161.04290059041676 4
1739618094449 159.45268036428544 5
1739618094461 157.8782593639873 6
1739618094472 156.31948061734744 7
1739618094485 154.77618871274734 8
1739618094501 153.2482297826365 9
1739618094512 151.7354514881966 10
1739618094524 150.2377030041528 11
1739618094536 148.75483500373628 12
1739618094548 147.28669964379586 13
1739618094560 145.8331505500578 14
1739618094583 144.39404280253197 15
1739618094595 142.96923292106288 16
1739618094607 141.55857885102446 17
1739618094619 140.1619399491568 18
1739618094631 138.77917696954398 19
1739618094643 137.4101520497305 20
1739618094656 136.05472869697635 21
1739618094669 134.71277177464844 22
1739618094681 133.38414748874692 23
1739618094693 132.06872337456574 24
1739618094705 130.7663682834857 25
1739618094717 129.4769523698984 26
1739618094730 128.2003470782607 27
1739618094743 126.93642513027699 28
1739618094755 125.68506051220962 29
1739618094766 124.44612846231483 30
1739618094778 123.21950545840384 31
1739618094790 122.00506920552732 32
1739618094802 120.80269862378236 33
1739618094814 119.61227383624046 34
1739618094827 118.43367615699563 35
1739618094839 117.26678807933102 36
1739618094851 116.11149326400334 37
1739618094863 114.96767652764343 38
1739618094874 113.83522383127236 39
1739618094886 112.71402226893139 40
1739618094897 111.60396005642505 41
1739618094909 110.50492652017596 42
1739618094922 109.41681208619038 43
1739618094934 108.3395082691335 44
1739618094946 107.27290766151322 45
1739618094958 106.21690392297128 46
1739618094970 105.17139176968102 47
1739618094982 104.13626696385015 48
1739618094994 103.11142630332824 49
1739618095005 102.09676761131699 50
1739618095017 101.09218972618316 51
1739618095029 100.09759249137244 52
1739618095041 99.11287674542355 53
1739618095053 98.13794431208179 54
1739618095065 97.17269799051044 55
1739618095077 96.21704154559978 56
1739618095089 95.27087969837211 57
1739618095101 94.3341181164823 58
1739618095113 93.40666340481255 59
1739618095124 92.48842309616083 60
1739618095137 91.57930564202151 61
1739618095148 90.6792204034579 62
1739618095160 89.78807764206526 63
1739618095172 88.90578851102372 64
1739618095185 88.03226504624006 65
1739618095196 87.16742015757741 66
1739618095208 86.31116762017223 67
1739618095220 85.46342206583752 68
1739618095231 84.62409897455133 69
1739618095244 83.79311466602998 70
1739618095255 82.97038629138494 71
1739618095267 82.1558318248626 72
1739618095279 81.34937005566609 73
1739618095291 80.55092057985837 74
1739618095303 79.76040379234587 75
1739618095315 78.97774087894159 76
1739618095326 78.20285380850711 77
1739618095339 77.43566532517283 78
1739618095350 76.67609894063527 79
1739618095363 75.9240789265311 80
1739618095374 75.17953030688675 81
1739618095387 74.44237885064324 82
1739618095398 73.71255106425508 83
1739618095410 72.98997418436284 84
1739618095422 72.27457617053848 85
1739618095434 71.5662856981028 86
1739618095446 70.86503215101405 87
1739618095458 70.17074561482757 88
1739618095469 69.48335686972491 89
1739618095482 68.80279738361267 90
1739618095494 68.12899930528964 91
1739618095508 67.46189545768175 92
1739618095520 66.80141933114453 93
1739618095533 66.14750507683188 94
1739618095545 65.50008750013075 95
1739618095558 64.85910205416114 96
1739618095570 64.22448483334063 97
1739618095582 63.59617256701282 98
1739618095595 62.974102613139095 99
1739618095609 62.3582129520531 100
1739618095622 61.748442180277216 101
1739618095634 61.144729504400516 102
1739618095646 60.54701473501749 103
1739618095657 59.95523828072701 104
1739618095669 59.369341142191054 105
1739618095681 58.789264906252114 106
1739618095693 58.21495174010951 107
1739618095704 57.64634438555317 108
1739618095715 57.083386153254885 109
1739618095727 56.5260209171163 110
1739618095739 55.97419310867297 111
1739618095751 55.42784771155408 112
1739618095762 54.88693025599715 113
1739618095776 54.35138681341735 114
1739618095788 53.8211639910306 115
1739618095800 53.29620892653027 116
1739618095812 52.77646928281661 117
1739618095824 52.26189324277871 118
1739618095836 51.752429504128166 119
1739618095848 51.24802727428408 120
1739618095859 50.748636265309024 121
1739618095871 50.25420668889515 122
1739618095882 49.76468925140017 123
1739618095894 49.280035148932726 124
1739618095906 48.80019606248648 125
1739618095917 48.3251241531226 126
1739618095928 47.854772057200165 127
1739618095940 47.38909288165382 128
1739618095952 46.92804019931852 129
1739618095964 46.471568044300525 130
1739618095975 46.01963090739458 131
1739618095986 45.57218373154655 132
1739618095998 45.12918190736105 133
1739618096009 44.69058126865386 134
1739618096020 44.256338088048416 135
1739618096032 43.82640907261612 136
1739618096044 43.40075135955989 137
1739618096055 42.97932251194071 138
1739618096069 42.56208051444649 139
1739618096081 42.14898376920313 140
1739618096092 41.739991091627004 141
1739618096103 41.3350617063189 142
1739618096115 40.934155242998486 143
1739618096126 40.53723173247942 144
1739618096137 40.14425160268421 145
1739618096149 39.75517567469891 146
1739618096160 39.3699651588668 147
1739618096172 38.988581650921 148
1739618096184 38.610987128155514 149
1739618096195 38.237143945634166 150
1739618096207 37.8670148324375 151
1739618096218 37.50056288794655 152
1739618096230 37.137751578164014 153
1739618096242 36.778544732071516 154
1739618096253 36.422906538023405 155
1739618096267 36.070801540176184 156
1739618096281 35.72219463495354 157
1739618096294 35.37705106754636 158
1739618096306 35.035336428447664 159
1739618096318 34.6970166500219 160
1739618096331 34.36205800310825 161
1739618096343 34.030427093657835 162
1739618096354 33.702090859404215 163
1739618096366 33.377016566566994 164
1739618096378 33.05517180658822 165
1739618096389 32.73652449290116 166
1739618096400 32.421042857731194 167
1739618096412 32.10869544892849 168
1739618096424 31.79945112683219 169
1739618096435 31.493279061165648 170
1739618096447 31.190148727962647 171
1739618096458 30.89002990652404 172
1739618096469 30.59289267640472 173
1739618096481 30.29870741443043 174
1739618096492 30.007444791744334 175
1739618096504 29.71907577088279 176
1739618096515 29.43357160288032 177
1739618096527 29.150903824403215 178
1739618096539 28.87104425491168 179
1739618096550 28.593964993850232 180
1739618096562 28.31963841786585 181
1739618096574 28.04803717805396 182
1739618096585 27.779134197231627 183
1739618096597 27.512902667237924 184
1739618096608 27.24931604626108 185
1739618096619 26.988348056192223 186
1739618096631 26.729972680005368 187
1739618096643 26.47416415916347 188
1739618096654 26.220896991050243 189
1739618096666 25.97014592642749 190
1739618096678 25.721885966917696 191
1739618096690 25.476092362511636 192
1739618096702 25.232740609100713 193
1739618096713 24.991806446033902 194
1739618096725 24.753265853698835 195
1739618096737 24.517095051127054 196
1739618096748 24.283270493622975 197
1739618096761 24.051768870416396 198
1739618096772 23.82256710233839 199
1739618096783 23.59564233952026 200
1739618096795 23.37097195911536 201
1739618096806 23.148533563043507 202
1739618096817 22.928304975757904 203
1739618096829 22.710264242034125 204
1739618096841 22.49438962478115 205
1739618096852 22.280659602874167 206
1739618096863 22.069052869008807 207
1739618096875 21.85954832757678 208
1739618096886 21.65212509256262 209
1739618096897 21.44676248546125 210
1739618096909 21.243440033216345 211
1739618096920 21.042137466179064 212
1739618096932 20.842834716087182 213
1739618096943 20.645511914064176 214
1739618096955 20.450149388638305 215
1739618096967 20.256727663781273 216
1739618096979 20.065227456966472 217
1739618096991 19.87562967724644 218
1739618097007 19.68791542334944 219
1739618097019 19.502065981794985 220
1739618097030 19.318062825028065 221
1739618097041 19.135887609571874 222
1739618097054 18.955522174198958 223
1739618097065 18.77694853812048 224
1739618097076 18.600148899193496 225
1739618097088 18.425105632146046 226
1739618097100 18.25180128681989 227
1739618097111 18.080218586430643 228
1739618097123 17.910340425845277 229
1739618097134 17.742149869876698 230
1739618097145 17.575630151595245 231
1739618097157 17.410764670657006 232
1739618097168 17.247536991648758 233
1739618097180 17.08593084244924 234
1739618097192 16.92593011260686 235
1739618097203 16.767518851733403 236
1739618097215 16.610681267913765 237
1739618097226 16.455401726131445 238
1739618097238 16.301664746709708 239
1739618097249 16.14945500376822 240
1739618097260 15.998757323695049 241
1739618097274 15.849556683633763 242
1739618097286 15.701838209985684 243
1739618097298 15.555587176926917 244
1739618097310 15.410789004940154 245
1739618097321 15.267429259361066 246
1739618097333 15.125493648939143 247
1739618097345 14.984968024412824 248
1739618097356 14.845838377098765 249
1739618097367 14.708090837495169 250
1739618097379 14.571711673898927 251
1739618097390 14.436687291036575 252
1739618097402 14.30300422870879 253
1739618097414 14.170649160448395 254
1739618097425 14.039608892191652 255
1739618097437 13.909870360962811 256
1739618097449 13.781420633571708 257
1739618097460 13.654246905324255 258
1739618097471 13.528336498745816 259
1739618097483 13.403676862317237 260
1739618097495 13.280255569223401 261
1739618097506 13.158060316114293 262
1739618097519 13.037078921878267 263
1739618097531 12.917299326427614 264
1739618097543 12.798709589496125 265
1739618097555 12.681297889448617 266
1739618097567 12.565052522102281 267
1739618097578 12.449961899559778 268
1739618097589 12.336014549053859 269
1739618097601 12.223199111803533 270
1739618097614 12.111504341881565 271
1739618097627 12.000919105093217 272
1739618097640 11.891432377866163 273
1739618097652 11.783033246151412 274
1739618097664 11.675710904335128 275
1739618097677 11.569454654161316 276
1739618097722 11.46425390366517 277
1739618097736 11.360098166117021 278
1739618097749 11.256977058976815 279
1739618097761 11.154880302858906 280
1739618097774 11.053797720507204 281
1739618097787 10.953719235780486 282
1739618097800 10.854634872647772 283
1739618097813 10.756534754193678 284
1739618097826 10.659409101633695 285
1739618097838 10.5632482333392 286
1739618097851 10.468042563872174 287
1739618097863 10.373782603029545 288
1739618097875 10.280458954896943 289
1739618097888 10.188062316911951 290
1739618097901 10.096583478936578 291
1739618097913 10.006013322339019 292
1739618097926 9.916342819084505 293
1739618097938 9.827563030835158 294
1739618097950 9.739665108058853 295
1739618097962 9.65264028914688 296
1739618097974 9.566479899540386 297
1739618097986 9.481175350865524 298
1739618097999 9.39671814007717 299
1739618098011 9.313099848611119 300
1739618098023 9.230312141544779 301
1739618098035 9.148346766766116 302
1739618098047 9.06719555415094 303
1739618098059 8.986850414748286 304
1739618098073 8.907303339973982 305
1739618098086 8.828546400812106 306
1739618098098 8.750571747024498 307
1739618098110 8.673371606368068 308
1739618098122 8.596938283819835 309
1739618098135 8.521264160809787 310
1739618098147 8.446341694461253 311
1739618098160 8.37216341683886 312
1739618098171 8.298721934203984 313
1739618098183 8.22600992627755 314
1739618098195 8.154020145510193 315
1739618098206 8.08274541635968 316
1739618098219 8.012178634575465 317
1739618098230 7.9423127664904065 318
1739618098241 7.873140848319462 319
1739618098253 7.804655985465419 320
1739618098264 7.7368513518314534 321
1739618098276 7.669720189140586 322
1739618098288 7.603255806261825 323
1739618098299 7.537451578543093 324
1739618098311 7.472300947150702 325
1739618098323 7.407797418415419 326
1739618098337 7.343934563185073 327
1739618098349 7.2807060161835055 328
1739618098361 7.2181054753759595 329
1739618098373 7.156126701340755 330
1739618098385 7.094763516647194 331
1739618098397 7.034009805239681 332
1739618098408 6.973859511827908 333
1739618098420 6.914306641283139 334
1739618098432 6.855345258040495 335
1739618098443 6.796969485507146 336
1739618098455 6.739173505476409 337
1739618098466 6.681951557547661 338
1739618098478 6.625297938552022 339
1739618098489 6.5692070019837185 340
1739618098500 6.513673157437117 341
1739618098512 6.4586908700493675 342
1739618098523 6.404254659948541 343
1739618098536 6.350359101707291 344
1739618098547 6.296998823801913 345
1739618098558 6.24416850807681 346
1739618098570 6.191862889214234 347
1739618098581 6.140076754209336 348
1739618098592 6.088804941850439 349
1739618098604 6.038042342204407 350
1739618098616 5.987783896107211 351
1739618098627 5.938024594659506 352
1739618098639 5.888759478727232 353
1739618098650 5.839983638447174 354
1739618098662 5.791692212737448 355
1739618098673 5.74388038881283 356
1739618098685 5.696543401704906 357
1739618098696 5.6496765337870185 358
1739618098708 5.603275114303878 359
1739618098720 5.557334518905906 360
1739618098732 5.5118501691881505 361
1739618098743 5.466817532233815 362
1739618098754 5.422232120162351 363
1739618098766 5.3780894896819555 364
1739618098777 5.3343852416465865 365
1739618098789 5.291115020617369 366
1739618098801 5.248274514428333 367
1739618098812 5.205859453756481 368
1739618098825 5.163865611696135 369
1739618098837 5.122288803337507 370
1739618098850 5.081124885349448 371
1739618098861 5.04036975556634 372
1739618098874 5.00001935257911 373
1739618098886 4.960069655330301 374
1739618098898 4.9205166827131706 375
1739618098910 4.881356493174742 376
1739618098922 4.842585184322832 377
1739618098934 4.804198892536998 378
1739618098945 4.766193792583279 379
1739618098956 4.728566097232868 380
1739618098968 4.691312056884461 381
1739618098980 4.6544279591904525 382
1739618098991 4.617910128686792 383
1739618099003 4.581754926426522 384
1739618099014 4.545958749616986 385
1739618099026 4.510518031260623 386
1739618099037 4.475429239799301 387
1739618099048 4.440688878762242 388
1739618099060 4.406293486417411 389
1739618099074 4.372239635426363 390
1739618099086 4.338523932502535 391
1739618099097 4.305143018072934 392
1739618099108 4.272093565943163 393
1739618099119 4.23937228296581 394
1739618099131 4.206975908712107 395
1739618099143 4.174901215146862 396
1739618099154 4.143145006306596 397
1739618099165 4.1117041179809295 398
1739618099177 4.080575417397089 399
1739618099188 4.049755802907561 400
1739618099201 4.019242203680846 401
1739618099213 3.989031579395299 402
1739618099225 3.959120919936002 403
1739618099237 3.929507245094645 404
1739618099249 3.900187604272395 405
1739618099261 3.8711590761857115 406
1739618099273 3.842418768575096 407
1739618099285 3.8139638179167106 408
1739618099297 3.7857913891369024 409
1739618099309 3.7578986753295176 410
1739618099320 3.730282897476055 411
1739618099332 3.7029413041686 412
1739618099344 3.675871171335491 413
1739618099356 3.6490698019697305 414
1739618099368 3.622534525860082 415
1739618099380 3.596262699324857 416
1739618099392 3.57025170494831 417
1739618099404 3.5444989513196963 418
1739618099416 3.5190018727749033 419
1739618099428 3.4937579291406347 420
1739618099440 3.4687646054811565 421
1739618099452 3.4440194118475596 422
1739618099464 3.4195198830294884 423
1739618099477 3.395263578309373 424
1739618099488 3.371248081219073 425
1739618099501 3.347470999298957 426
1739618099512 3.3239299638593534 427
1739618099524 3.300622629744409 428
1739618099536 3.2775466750982547 429
1739618099548 3.254699801133528 430
1739618099560 3.2320797319021555 431
1739618099572 3.2096842140684587 432
1739618099584 3.1875110166844767 433
1739618099595 3.1655579309675477 434
1739618099607 3.1438227700800714 435
1739618099619 3.122303368911492 436
1739618099631 3.100997583862424 437
1739618099643 3.079903292630938 438
1739618099654 3.0590183940009545 439
1739618099665 3.0383408076327543 440
1739618099677 3.017868473855553 441
1739618099689 2.9975993534621574 442
1739618099701 2.977531427505658 443
1739618099713 2.957662697098119 444
1739618099724 2.9379911832112966 445
1739618099737 2.9185149264793173 446
1739618099750 2.899231987003333 447
1739618099762 2.8801404441581058 448
1739618099774 2.861238396400515 449
1739618099786 2.842523961079972 450
1739618099797 2.8239952742507146 451
1739618099809 2.805650490485967 452
1739618099820 2.7874877826939515 453
1739618099832 2.7695053419357145 454
1739618099844 2.7517013772447743 455
1739618099855 2.734074115448563 456
1739618099867 2.7166218009916343 457
1739618099878 2.6993426957606315 458
1739618099889 2.6822350789109914 459
1739618099904 2.665297246695372 460
1739618099915 2.648527512293784 461
1739618099926 2.631924205645426 462
1739618099937 2.6154856732821474 463
1739618099948 2.5992102781636204 464
1739618099960 2.5830963995141127 465
1739618099972 2.5671424326608885 466
1739618099983 2.551346788874231 467
1739618099994 2.535707895209035 468
1739618100007 2.520224194347969 469
1739618100021 2.5048941444462307 470
1739618100033 2.489716218977811 471
1739618100045 2.4746889065832907 472
1739618100058 2.459810710919166 473
1739618100070 2.4450801505086455 474
1739618100082 2.430495758593959 475
1739618100094 2.4160560829900986 476
1739618100105 2.401759685940063 477
1739618100117 2.3876051439714794 478
1739618100129 2.373591047754696 479
1739618100141 2.3597160019622674 480
1739618100152 2.345978625129837 481
1739618100163 2.3323775495184007 482
1739618100175 2.3189114209779325 483
1739618100186 2.3055788988123913 484
1739618100198 2.2923786556460355 485
1739618100210 2.2793093772910815 486
1739618100221 2.26636976261669 487
1739618100233 2.253558523419222 488
1739618100245 2.240874384293816 489
1739618100256 2.228316082507221 490
1739618100268 2.2158823678718957 491
1739618100279 2.2035720026213723 492
1739618100291 2.1913837612868416 493
1739618100303 2.17931643057497 494
1739618100314 2.167368809246939 495
1739618100326 2.1555397079986682 496
1739618100337 2.143827949342247 497
1739618100348 2.13223236748854 498
1739618100360 2.1207518082309456 499
