1739615585450 147.76911768014838 0
1739615585464 123.38458151144475 1
1739615585478 106.4829670573287 2
1739615585491 92.95295978601946 3
1739615585504 82.35246394634281 4
1739615585516 72.86269886225455 5
1739615585529 64.73354811999029 6
1739615585543 53.41229349292926 7
1739615585556 46.011525427191934 8
1739615585569 40.48517750601054 9
1739615585581 34.466517121826975 10
1739615585594 31.110541587654744 11
1739615585607 26.92570818993758 12
1739615585620 26.06891545994982 13
1739615585634 20.76983474756042 14
1739615585647 17.40538536430293 15
1739615585660 15.685522253483377 16
1739615585673 14.528144162279512 17
1739615585685 12.221694952268496 18
1739615585698 11.09721831933858 19
1739615585712 10.125453543377471 20
1739615585724 8.408670204748828 21
1739615585738 8.967164297401409 22
1739615585750 7.79577255716223 23
1739615585763 7.196046380836325 24
1739615585776 6.66281118560747 25
1739615585789 5.592931704024412 26
1739615585801 4.876946159645227 27
1739615585815 4.74197363044292 28
1739615585828 4.2475645065793435 29
1739615585841 5.049864563698992 30
1739615585854 3.2487624319964117 31
1739615585869 3.5548235976585842 32
1739615585881 3.7258860008930377 33
1739615585894 3.1587616434253234 34
1739615585907 3.20975995653184 35
1739615585921 2.5634935911898666 36
1739615585933 2.359403705672149 37
1739615585946 3.4724051802218145 38
1739615585958 1.815931840380846 39
1739615585971 2.449184337749343 40
1739615585984 2.048460014179402 41
1739615585999 1.7784688395930481 42
1739615586012 1.9295355791724476 43
1739615586027 2.1251599984663243 44
1739615586040 1.792764497764031 45
1739615586061 1.7008925015717455 46
1739615586075 2.4492628366315627 47
1739615586088 2.253263116135648 48
1739615586100 1.4310078549850103 49
1739615586113 2.316563731975258 50
1739615586128 1.1626549599992277 51
1739615586142 2.1123148343375306 52
1739615586158 1.2338493028002453 53
1739615586178 1.5778858655598007 54
1739615586193 1.6120067493756927 55
1739615586208 1.9859692069789951 56
1739615586222 1.3345745831192979 57
1739615586237 1.7621349485145494 58
1739615586250 1.2155478326000606 59
1739615586265 1.1092839314058038 60
1739615586278 1.0874127850529458 61
1739615586291 1.5218148239608202 62
1739615586305 1.5623226869222508 63
1739615586320 1.5084557802217777 64
1739615586333 1.1676678110636882 65
1739615586346 1.80052618312356 66
1739615586358 2.0310163629391544 67
1739615586371 1.4164243328988444 68
1739615586384 1.2662143398477332 69
1739615586397 1.562647952238701 70
1739615586409 2.27338172918326 71
1739615586422 1.4951622402713751 72
1739615586434 1.2465493422305418 73
1739615586448 1.4336903321178545 74
1739615586461 1.5440254505173052 75
1739615586473 1.912486554667916 76
1739615586485 2.215771101189404 77
1739615586497 1.6455060763853364 78
1739615586511 1.6800923996557433 79
1739615586523 2.3420937235401644 80
1739615586537 1.296447466752905 81
1739615586550 0.9516069793610988 82
1739615586563 1.7350882862867814 83
1739615586576 1.230834490165158 84
1739615586589 1.187627366433147 85
1739615586601 1.682750421467111 86
1739615586614 1.3211100970136291 87
1739615586627 1.5461333912388617 88
1739615586640 1.347310867387384 89
1739615586654 0.9969849545550007 90
1739615586669 1.1731325756656255 91
1739615586682 1.5855285078174959 92
1739615586695 1.287032446829865 93
1739615586708 1.1279949650370624 94
1739615586720 1.7219303202895702 95
1739615586732 1.1451560806237466 96
1739615586746 1.2311933237815469 97
1739615586760 1.099703728206601 98
1739615586780 1.023440239562426 99
1739615586795 0.8328152437651412 100
1739615586809 1.3438392518197493 101
1739615586822 1.7124934561642196 102
1739615586836 1.5411662721605264 103
1739615586850 1.0509930807395857 104
1739615586863 1.775016381141843 105
1739615586919 1.5411927729840622 106
1739615586933 0.9239066486096005 107
1739615586946 1.824800917568727 108
1739615586959 0.9631457827563857 109
1739615586973 1.5992650772550894 110
1739615586987 1.7409299922021813 111
1739615587000 0.9540677969653955 112
1739615587013 1.1159100147143337 113
1739615587027 1.7793446343140966 114
1739615587041 1.7764333460148165 115
1739615587053 2.0751892096508366 116
1739615587065 1.1694557477279581 117
1739615587078 1.3471288104343349 118
1739615587091 1.018322389235706 119
1739615587104 0.9407858449087506 120
1739615587121 1.666844946416992 121
1739615587134 1.8824241669040267 122
1739615587146 1.4481196859544325 123
1739615587160 1.0342026377032965 124
1739615587173 1.2064141280065823 125
1739615587185 1.0812876531350863 126
1739615587199 1.6898793710414544 127
1739615587211 0.9380931649807096 128
1739615587224 1.8826799895342838 129
1739615587238 1.696865673371314 130
1739615587251 1.0628910739007111 131
1739615587264 0.9647143461094245 132
1739615587278 1.477551373169769 133
1739615587292 1.3791378628320026 134
1739615587304 1.3383905190729128 135
1739615587317 1.405019922087017 136
1739615587332 1.2967176925004447 137
1739615587345 2.342116856042836 138
1739615587359 1.160137832504422 139
1739615587373 0.9299363289323886 140
1739615587386 1.8303907185781567 141
1739615587399 1.5804684903852781 142
