1739553684182 167.02428310651302 0
1739553684190 162.65706644825318 1
1739553684201 155.79074743011458 2
1739553684209 164.95661663735288 3
1739553684217 159.2948623750498 4
1739553684225 152.80969732974827 5
1739553684234 150.6962917889587 6
1739553684243 146.35392383803094 7
1739553684251 148.21844886329325 8
1739553684258 148.651249849541 9
1739553684268 141.93646968140888 10
1739553684277 142.40736464456361 11
1739553684285 141.99267086803366 12
1739553684297 135.1768579501649 13
1739553684307 140.08080298918185 14
1739553684315 131.16891492502072 15
1739553684323 133.86291745904435 16
1739553684332 125.91243334199953 17
1739553684343 125.87376019016983 18
1739553684351 127.78041548115118 19
1739553684359 127.09477537654787 20
1739553684369 122.24508083358569 21
1739553684379 121.97287838241688 22
1739553684387 115.11353106585763 23
1739553684395 120.76871631977083 24
1739553684408 112.91614992708958 25
1739553684416 114.53154818363352 26
1739553684424 113.60770954602171 27
1739553684435 110.68097431862363 28
1739553684443 113.20585575123415 29
1739553684451 110.12423183556443 30
1739553684459 106.65610029128806 31
1739553684468 104.54214679560346 32
1739553684476 99.81403309195048 33
1739553684484 99.12276014308237 34
1739553684493 102.78626308658056 35
1739553684503 100.11685229745429 36
1739553684512 95.01927013712096 37
1739553684519 95.57623296796281 38
1739553684528 94.7953706077501 39
1739553684539 91.51555001760417 40
1739553684548 95.89368440317371 41
1739553684556 88.36070709945088 42
1739553684563 90.79784908248995 43
1739553684574 90.71165629048164 44
1739553684583 87.5884540648207 45
1739553684591 88.00311416132406 46
1739553684598 85.59398059352701 47
1739553684608 84.33309389576088 48
1739553684617 83.0130548680413 49
1739553684625 82.170955210666 50
1739553684635 83.01373180655115 51
1739553684644 77.59712881668507 52
1739553684652 77.98895070676134 53
1739553684660 77.18538009141473 54
1739553684672 76.07736174722955 55
1739553684682 76.8486833372538 56
1739553684692 77.34731277110157 57
1739553684703 74.65918899696312 58
1739553684714 71.15810934267326 59
1739553684724 72.4451688133778 60
1739553684735 70.13591289837825 61
1739553684744 69.23676991462075 62
1739553684753 67.78453111949607 63
1739553684761 69.18363563156942 64
1739553684771 66.99379919097088 65
1739553684780 66.9917544986541 66
1739553684787 65.09841904038026 67
1739553684795 64.41398195972134 68
1739553684807 62.498912852083066 69
1739553684815 63.657589474474285 70
1739553684823 60.7376871637367 71
1739553684832 61.32047524737221 72
1739553684842 59.391928044116824 73
1739553684850 58.77017250287039 74
1739553684858 57.3410439539847 75
1739553684868 59.43316040065285 76
1739553684877 56.452599497365355 77
1739553684885 56.15836664228699 78
1739553684893 55.11346794640572 79
1739553684904 53.82344377906336 80
1739553684913 54.0045006836844 81
1739553684921 51.76173477317956 82
1739553684934 54.694603366701735 83
1739553684943 51.48203096883826 84
1739553684951 54.41846261907687 85
1739553684960 51.505069750470504 86
1739553684971 49.72892815348124 87
1739553684979 49.0566814795455 88
1739553684986 49.69868051651711 89
1739553684995 48.88741397134082 90
1739553685005 51.35357419680322 91
1739553685013 47.92378280405028 92
1739553685021 45.38898438949806 93
1739553685029 46.52442354239593 94
1739553685040 46.831131036555355 95
1739553685048 46.44649621432006 96
1739553685056 44.43337594391905 97
1739553685064 43.79116864796901 98
1739553685075 44.52489298400777 99
1739553685083 42.06866547004561 100
1739553685091 42.446438283603776 101
1739553685106 41.9518620238946 102
1739553685114 41.3628629242969 103
1739553685122 40.532103186355464 104
1739553685132 39.759920522230836 105
1739553685142 41.921294784119524 106
1739553685150 40.55986420910818 107
1739553685159 37.85630149691996 108
1739553685169 38.18517645434174 109
1739553685178 38.99137132729041 110
1739553685186 37.45313841165294 111
1739553685194 37.16179410619944 112
1739553685209 35.39551198158144 113
1739553685218 37.0201319862505 114
1739553685226 37.52247174660687 115
1739553685237 36.70622565974547 116
1739553685246 34.772529532413266 117
1739553685254 35.74624841462687 118
1739553685262 36.01982162446089 119
1739553685272 33.98914115699692 120
1739553685281 32.92482257848949 121
1739553685289 33.893446395591035 122
1739553685301 33.20017440180708 123
1739553685311 31.387275520052427 124
1739553685320 33.37437893275104 125
1739553685328 32.69988045784954 126
1739553685342 33.48974788111352 127
1739553685351 32.83795243815984 128
1739553685359 31.438069709135423 129
1739553685370 32.73066201708225 130
1739553685379 28.772878690020725 131
1739553685387 29.633607032938052 132
1739553685394 31.323781368071288 133
1739553685405 29.3963356226572 134
1739553685414 28.521170797450825 135
1739553685422 28.56220677676404 136
1739553685430 29.051865630481892 137
1739553685440 27.409620088946234 138
1739553685448 28.932413056391535 139
1739553685456 27.722922245212654 140
1739553685464 28.93248727375203 141
1739553685477 28.11602715274614 142
1739553685490 27.200686820476296 143
1739553685501 25.97552031246681 144
1739553685511 25.854995221746485 145
1739553685520 28.298512718004382 146
1739553685529 27.32640846839911 147
1739553685540 28.741546582387933 148
1739553685549 25.693328190392904 149
1739553685557 23.968498980011137 150
1739553685564 24.02194762550927 151
1739553685575 25.16975146315795 152
1739553685583 23.917553302431592 153
1739553685592 22.35695288448811 154
1739553685602 25.664883080156688 155
1739553685613 24.957606639539158 156
1739553685622 24.525080861097372 157
1739553685633 22.931840105930522 158
1739553685642 24.663275895056653 159
1739553685650 23.772916226168284 160
1739553685658 22.91007901230712 161
1739553685667 21.778222909513655 162
1739553685676 23.281308062248364 163
1739553685685 22.959531538956977 164
1739553685693 20.851463089277054 165
1739553685702 24.65539218431163 166
1739553685711 20.743760782825895 167
1739553685719 21.085245021868886 168
1739553685727 20.212723152994375 169
1739553685737 21.909192981610094 170
1739553685746 20.71246638093995 171
1739553685755 20.103019540151955 172
1739553685763 20.043797596438868 173
1739553685774 20.4908405455767 174
1739553685782 20.26040256780231 175
1739553685790 19.403153213012743 176
1739553685800 19.697470306872038 177
1739553685809 20.333284766025873 178
1739553685817 19.199609766850973 179
1739553685825 19.532894176502232 180
1739553685834 18.982089270357406 181
1739553685843 19.096596425634917 182
1739553685852 18.754597877574437 183
1739553685860 18.885127125689678 184
1739553685873 19.396022412585285 185
1739553685884 17.051693866252496 186
1739553685893 19.026083916217296 187
1739553685903 18.434027700273045 188
1739553685912 17.288635391901703 189
1739553685920 16.80908352893082 190
1739553685927 16.07482314910126 191
1739553685938 18.160221815426382 192
1739553685947 17.37044444211719 193
1739553685955 16.436685233153643 194
1739553685963 15.577365318841517 195
1739553685973 17.187031502180872 196
1739553685983 17.33180127031145 197
1739553685994 16.567057641402005 198
1739553686007 16.566983090161717 199
1739553686016 16.574398438979788 200
1739553686025 16.887788301726474 201
1739553686035 16.288961869912246 202
1739553686044 16.70433362254685 203
1739553686052 17.165924896661064 204
1739553686060 14.799763498952846 205
1739553686071 14.903271711310575 206
1739553686080 16.62350548622847 207
1739553686088 14.075458926595829 208
1739553686099 15.58394211879382 209
1739553686111 15.30733874577775 210
1739553686120 14.144085685085662 211
1739553686129 13.187542528176902 212
1739553686141 15.13950099800602 213
1739553686151 16.745467425395777 214
1739553686159 15.098668134763221 215
1739553686170 13.933606556506076 216
1739553686178 14.878646735460247 217
1739553686187 14.21666306931841 218
1739553686195 13.728266186390282 219
1739553686208 13.708680425141123 220
1739553686218 14.726824758819912 221
1739553686227 13.717227230683958 222
1739553686238 12.332958948279256 223
1739553686248 13.40100643655501 224
1739553686256 14.191400369548754 225
1739553686264 14.95351373658904 226
1739553686276 12.942351878099595 227
1739553686286 14.831263370072998 228
1739553686297 13.163007897369358 229
1739553686308 14.052614136364722 230
1739553686317 12.589639508220746 231
1739553686325 13.544083547475497 232
1739553686336 12.509815735513381 233
1739553686345 11.974091586796135 234
1739553686353 14.642909972465802 235
1739553686361 12.199725569375218 236
1739553686371 11.761472530568117 237
1739553686379 12.891260304481374 238
1739553686387 13.03009136334028 239
1739553686395 12.828451624627343 240
1739553686407 12.088128126117821 241
1739553686415 11.42377229128425 242
1739553686424 12.030289529900736 243
1739553686435 11.534020718282514 244
1739553686445 12.2026776184577 245
1739553686453 12.080976215249148 246
1739553686461 12.51533628057337 247
1739553686470 12.428087767598578 248
1739553686479 11.229305204902067 249
1739553686488 11.184220559747864 250
1739553686498 10.617536134997343 251
1739553686508 10.345332599349899 252
1739553686516 11.486150545610101 253
1739553686524 11.526002945313238 254
1739553686536 11.602991383312089 255
1739553686545 11.941357362467517 256
1739553686554 11.938566995094982 257
1739553686561 10.497802140264259 258
1739553686573 10.92367061744781 259
1739553686581 10.603088938565357 260
1739553686590 9.437905576550838 261
1739553686601 11.373928955090618 262
1739553686610 11.031619470867753 263
1739553686619 11.575146145903837 264
1739553686626 11.664733785496868 265
1739553686638 9.990106087679633 266
1739553686646 9.427860751210739 267
1739553686654 11.504957307901831 268
1739553686662 10.953208249291336 269
1739553686673 10.459097619057827 270
1739553686681 11.323088925052737 271
1739553686689 10.760862118639757 272
1739553686700 10.44298689880692 273
1739553686712 10.022956868445949 274
1739553686722 8.365549440417935 275
1739553686734 10.875408827194354 276
1739553686744 10.93621799664109 277
1739553686753 10.815355152512863 278
1739553686762 8.850623285424609 279
1739553686772 9.858906780024315 280
1739553686780 10.471467735537258 281
1739553686788 10.503581045642525 282
1739553686796 11.332957262218054 283
1739553686809 10.95050681503025 284
1739553686818 10.948159197250845 285
1739553686827 8.246469409559083 286
1739553686838 9.070007933047684 287
1739553686847 9.218712662493925 288
1739553686855 11.033967987655917 289
1739553686863 11.597494742526706 290
1739553686874 8.708532139380406 291
1739553686883 9.641687621972386 292
1739553686891 10.372069843803962 293
1739553686902 9.854918425803975 294
1739553686911 10.135571357532989 295
1739553686920 8.732537085687042 296
1739553686928 9.775342345421304 297
1739553686940 8.99128392485274 298
1739553686949 9.746766416036973 299
1739553686958 9.241520492746293 300
1739553686969 10.526772513080505 301
1739553686978 9.219551867483052 302
1739553686986 9.619612658376395 303
1739553686994 9.41869810453504 304
1739553687003 8.213476751950195 305
1739553687013 8.550884501636697 306
1739553687022 8.277811408174166 307
1739553687031 8.287539712122069 308
1739553687040 9.204512662129094 309
1739553687048 8.355733328348 310
1739553687056 8.741537940809541 311
1739553687068 9.851104800959071 312
1739553687077 8.3016461263506 313
1739553687087 9.02322807932842 314
1739553687095 8.724563457204754 315
1739553687106 8.348255451931166 316
1739553687118 8.177497648745945 317
1739553687126 8.847152923200321 318
1739553687138 8.873511638542382 319
1739553687146 7.072242704428499 320
1739553687154 7.40221798675589 321
1739553687161 8.747363261087083 322
1739553687171 8.876951416634094 323
1739553687179 7.567969487138552 324
1739553687187 9.293185624364103 325
1739553687195 9.19967355198209 326
1739553687207 7.727288245636393 327
1739553687216 7.636566029850464 328
1739553687225 7.652097471891743 329
1739553687236 8.706581942065535 330
1739553687245 7.556398491955787 331
1739553687253 8.245133080853146 332
1739553687261 8.124333276303583 333
1739553687271 9.11630208793181 334
1739553687279 8.500791173170201 335
1739553687288 9.458986440682876 336
1739553687299 8.065126653835957 337
1739553687309 8.666001466267295 338
1739553687317 6.649740888586579 339
1739553687325 7.526886918871634 340
1739553687338 8.493013359869664 341
1739553687347 8.938406655497227 342
1739553687355 7.715569884202358 343
1739553687365 7.811524636795926 344
1739553687374 8.42275277618302 345
1739553687384 7.795601754605994 346
1739553687392 7.461972208262607 347
1739553687405 8.57184583636571 348
1739553687414 7.418187318948349 349
1739553687422 7.442934505902217 350
1739553687433 8.20880444566241 351
1739553687442 8.077518971364167 352
1739553687451 7.87909619760824 353
1739553687459 7.466666441445625 354
1739553687472 7.880068271166702 355
1739553687481 7.5546753327552345 356
1739553687491 8.081333861862827 357
1739553687509 7.392031421973917 358
1739553687522 7.793495363471767 359
1739553687538 8.413653016080634 360
1739553687549 7.082099189143678 361
1739553687560 8.40266524929741 362
1739553687573 7.082332017238949 363
1739553687584 8.503530763661317 364
1739553687596 8.04297515596724 365
1739553687609 8.045033278447614 366
1739553687620 7.797109246686908 367
1739553687634 7.124132335046109 368
1739553687645 6.750989356444204 369
1739553687655 7.1268600343788515 370
1739553687669 7.00800972081676 371
1739553687679 7.471594473727948 372
1739553687689 8.951952718954217 373
1739553687701 7.500394532584917 374
1739553687712 7.622249356928651 375
1739553687721 8.153062080735879 376
1739553687733 8.025872046892303 377
1739553687743 7.846619389104909 378
1739553687752 6.0593141148952405 379
1739553687761 7.407001077937673 380
1739553687773 7.503024119288596 381
1739553687782 6.267193805356887 382
1739553687791 7.440306127102768 383
1739553687802 6.77418123893232 384
1739553687811 7.906425336011333 385
1739553687820 6.594907437987814 386
1739553687830 8.285007470178856 387
1739553687839 7.798651126394155 388
1739553687848 7.101165100065635 389
1739553687856 7.526778986611277 390
1739553687864 7.395636422481838 391
1739553687876 6.519508747463232 392
1739553687886 6.538032121214637 393
1739553687897 7.837852770620271 394
1739553687907 7.085264688508614 395
1739553687915 6.808425638696354 396
1739553687924 6.5550847754756525 397
1739553687936 6.943709121774601 398
1739553687944 6.773456141826654 399
1739553687952 7.310943543897186 400
1739553687961 7.17340660067787 401
1739553687971 8.012934698078935 402
1739553687980 7.049582459250525 403
1739553687988 7.276032855425544 404
1739553687997 7.403831425464767 405
1739553688008 5.399122614045974 406
1739553688017 6.9056409532735055 407
1739553688027 6.009805829541607 408
1739553688038 6.7550376108584915 409
1739553688047 7.116032136813618 410
1739553688056 7.426302240588971 411
1739553688069 8.075998403009413 412
1739553688078 6.817361920895883 413
1739553688086 7.181094478951031 414
1739553688094 7.7443914366583195 415
1739553688107 6.784780888806217 416
1739553688116 6.661169428315942 417
1739553688124 6.307293548498842 418
1739553688136 5.775081732068366 419
1739553688145 7.203429088541093 420
1739553688155 8.114979970073366 421
1739553688167 6.484126786092652 422
1739553688221 6.474724457447324 423
1739553688238 6.662923102583896 424
1739553688251 6.431239117675126 425
1739553688268 8.115287095653699 426
1739553688285 6.661233830317143 427
1739553688298 6.380437125773167 428
1739553688309 6.0148527910068506 429
1739553688319 5.739485003738473 430
1739553688332 6.412216851335516 431
1739553688342 7.771746446391913 432
1739553688353 7.966744072506201 433
1739553688370 6.044991111210727 434
1739553688382 7.350573107045976 435
1739553688396 5.716981331372093 436
1739553688410 6.58707957194511 437
1739553688421 6.262244645728199 438
1739553688435 6.679638678486372 439
1739553688447 7.504872600252923 440
1739553688458 6.244857278888361 441
1739553688479 5.635699977346292 442
1739553688530 6.651617823320989 443
1739553688548 7.161956370109828 444
1739553688560 7.731250859845794 445
1739553688578 6.753433393824826 446
1739553688603 6.4840420123981275 447
1739553688614 5.525679065119712 448
1739553688625 6.98217590933259 449
1739553688639 5.414886117160667 450
1739553688651 7.266101725872396 451
1739553688666 6.472816709242619 452
1739553688679 7.024555273473028 453
1739553688691 6.252745096737165 454
1739553688704 5.870989082847435 455
1739553688716 8.111138720127947 456
1739553688730 7.012051475048623 457
1739553688742 6.159761774904765 458
1739553688752 5.9266967779071 459
1739553688764 5.531432365374673 460
1739553688775 6.647556918039438 461
1739553688785 6.706564027274447 462
1739553688796 6.735446578280465 463
1739553688807 5.848875637784444 464
1739553688816 6.419424079686669 465
1739553688826 5.743950954737696 466
1739553688837 6.088731924568079 467
1739553688846 6.247367500612288 468
1739553688855 7.16421690244063 469
1739553688866 6.9073718518418845 470
1739553688876 6.100398244214253 471
1739553688885 5.752529312882132 472
1739553688896 6.679169103414798 473
1739553688906 7.334173255256621 474
1739553688916 6.332451960854599 475
1739553688925 6.197803782328597 476
1739553688939 5.835384533505641 477
1739553688949 6.652579904808407 478
1739553688963 6.28045840180561 479
1739553688975 6.043801222634395 480
1739553688987 8.731537826562246 481
1739553689001 6.269998050547458 482
1739553689012 4.9346828165133605 483
1739553689023 5.8839193956225575 484
1739553689037 6.7155789339375955 485
1739553689047 5.899418330898951 486
1739553689060 5.6651972562861825 487
1739553689075 6.311176225191964 488
1739553689090 6.731018093165431 489
1739553689103 6.256488850333654 490
1739553689112 6.155518005234206 491
1739553689123 5.240519120861021 492
1739553689137 7.5600107721421 493
1739553689148 5.94216221130021 494
1739553689158 5.470201678151476 495
1739553689170 5.387090561468861 496
1739553689179 6.703567949400338 497
1739553689188 6.2399981168773255 498
1739553689202 6.401962624352522 499
