1739612679200 148.11465167389872 0
1739612679211 129.6146232771085 1
1739612679221 108.97928147314933 2
1739612679231 97.46527936493213 3
1739612679241 82.08260753363146 4
1739612679251 72.61495721851769 5
1739612679260 63.19280919158922 6
1739612679269 58.21522721377901 7
1739612679279 51.83963496220567 8
1739612679289 44.660881363785144 9
1739612679299 38.815607929476606 10
1739612679309 36.68251324133452 11
1739612679319 29.462502035293948 12
1739612679328 30.938521372678057 13
1739612679338 25.96468495623996 14
1739612679347 24.942099564138136 15
1739612679358 21.206654607390202 16
1739612679368 20.806220232384057 17
1739612679378 17.12337263574702 18
1739612679388 16.830822301430626 19
1739612679397 14.149195191816565 20
1739612679407 16.474957222209344 21
1739612679417 13.004320498986237 22
1739612679427 12.97203699131038 23
1739612679437 11.523127968474993 24
1739612679447 11.159370462438932 25
1739612679457 11.366394108576124 26
1739612679472 10.669891922027206 27
1739612679483 10.33873008608774 28
1739612679493 11.074698270924703 29
1739612679503 8.562340311541638 30
1739612679514 9.591757522118241 31
1739612679524 7.677218768670719 32
1739612679535 9.014544484036032 33
1739612679545 7.746394782192211 34
1739612679554 8.418031149119958 35
1739612679564 8.132502403509536 36
1739612679574 7.23898393625009 37
1739612679584 7.83093886707531 38
1739612679593 7.529463235506136 39
1739612679603 7.45542025443133 40
1739612679613 6.0999218321829405 41
1739612679623 6.593407391544121 42
1739612679633 7.4132886326718905 43
1739612679643 6.275157185644731 44
1739612679653 5.631869158623291 45
1739612679663 6.031626693415393 46
1739612679672 5.8936537433700815 47
1739612679682 6.50172852330105 48
1739612679691 7.46138789013489 49
1739612679701 6.689120333276754 50
1739612679711 6.670006003574201 51
1739612679721 5.7022980265745895 52
1739612679730 6.294646589697465 53
1739612679740 7.298587442142087 54
1739612679749 6.2631844951824895 55
1739612679759 6.267352979292415 56
1739612679769 6.361787720775134 57
1739612679778 5.846464988803199 58
1739612679788 5.468667616494597 59
1739612679797 6.392615566487408 60
1739612679807 6.488573324416962 61
1739612679817 5.661396120532401 62
1739612679827 6.304873383318242 63
1739612679837 5.776229861242404 64
1739612679846 5.977908150620041 65
1739612679856 5.849167481614926 66
1739612679866 6.5777457664842895 67
1739612679875 4.7467095293692925 68
1739612679885 6.357241637899054 69
1739612679895 4.934859695407126 70
1739612679906 5.367446179150559 71
1739612679916 5.600792772212916 72
1739612679926 7.307230127937957 73
1739612679936 6.039222860899303 74
1739612679946 6.229416701283028 75
1739612679955 5.9134401198763396 76
1739612679965 5.62212793763501 77
1739612679974 5.835346301408812 78
1739612679985 6.069385633236117 79
1739612679994 5.136815908867972 80
1739612680004 6.110435429403184 81
1739612680014 5.806489741622022 82
1739612680024 5.511993570831263 83
1739612680034 6.03556893566381 84
1739612680043 6.1478308206956624 85
1739612680053 6.211491800093361 86
1739612680063 5.928907847151703 87
1739612680073 5.938680934499547 88
1739612680082 6.990675338465791 89
1739612680092 5.434113061246543 90
1739612680102 5.55235418306165 91
1739612680112 5.187335352243823 92
1739612680121 6.0536247734105055 93
1739612680130 6.432271880094362 94
1739612680140 6.5488575240985645 95
1739612680149 4.5874573849639075 96
1739612680160 5.121267206983143 97
1739612680172 6.578477262689182 98
1739612680182 5.01323024413685 99
1739612680193 5.709492760795635 100
1739612680204 5.459141520037655 101
1739612680215 5.935612703787899 102
1739612680226 5.556456170897435 103
1739612680238 5.2069247497940365 104
1739612680248 6.094956462940657 105
1739612680259 4.813747091538047 106
1739612680270 5.742955348487841 107
1739612680279 7.948014893924493 108
1739612680289 6.2975569289155 109
1739612680299 5.035669750958166 110
1739612680309 4.858059206669522 111
1739612680320 5.467479378783613 112
1739612680330 5.03598589956779 113
1739612680340 4.861601565351619 114
