1739556351251 41.896158247986534 0
1739556351267 10.329738932430985 1
1739556351281 4.6492359040741205 2
1739556351295 2.9134353449592054 3
1739556351309 2.1045910814837474 4
1739556351323 1.0413241937224846 5
1739556351336 2.2339061329744747 6
1739556351350 1.43142946989946 7
1739556351364 1.4067660129526853 8
1739556351377 3.0618449758621975 9
1739556351389 1.1126038028116338 10
1739556351404 1.6738508148369098 11
1739556351416 0.7462569158930957 12
1739556351429 1.2730512994850245 13
1739556351442 1.4520104581010917 14
1739556351455 0.9098292303752847 15
1739556351468 1.587243064176362 16
1739556351480 1.1127698770448988 17
1739556351493 1.372451783041902 18
1739556351505 1.692995223380542 19
1739556351517 1.9677371208515908 20
1739556351530 1.0183963842040893 21
1739556351542 1.860138711445036 22
1739556351553 1.448717506402522 23
1739556351564 1.1950689193552864 24
1739556351575 2.041226347058831 25
1739556351585 2.1408295149795356 26
1739556351596 1.3155713330457262 27
1739556351607 1.2413901437061694 28
1739556351617 1.7406649562043923 29
1739556351628 2.018907355580283 30
1739556351640 2.7200645639787338 31
1739556351650 1.6434734653189518 32
1739556351662 2.06560688390625 33
1739556351673 1.3991206482394247 34
1739556351684 1.2063496503695517 35
1739556351695 1.9753293718809786 36
1739556351705 2.9774393450876464 37
1739556351716 1.6990674231597744 38
1739556351727 1.4337836426793518 39
1739556351736 1.6723981304780768 40
1739556351746 1.343623733806548 41
1739556351756 1.1048466179478222 42
1739556351767 1.1049979392710492 43
1739556351777 1.1787663193507607 44
1739556351787 1.189009139711795 45
1739556351797 1.7264091541826379 46
1739556351806 1.434888905679568 47
1739556351816 1.7865154454456358 48
1739556351826 1.3146610498374316 49
1739556351836 1.0476459147714183 50
1739556351845 1.1156592612572993 51
1739556351855 1.1365673162844627 52
1739556351865 0.7338411746577941 53
1739556351875 1.637716220835926 54
1739556351885 1.1989286583099164 55
1739556351895 1.5725386490419309 56
1739556351905 1.83330579678881 57
1739556351915 1.2378253876396803 58
1739556351925 0.8754587853193447 59
1739556351934 0.8804182911813229 60
1739556351944 1.5277829061234147 61
1739556351954 1.3721362375405806 62
1739556351964 1.0052692969461388 63
1739556351974 2.018979165241944 64
1739556351984 1.185697858084857 65
1739556351994 1.8876384946124463 66
1739556352004 0.9142590056157645 67
1739556352014 1.1013637813118853 68
1739556352025 1.219180449905777 69
1739556352034 1.9187810073869511 70
1739556352044 1.8415216517230082 71
1739556352054 0.8615871745290775 72
1739556352064 1.2775380513765489 73
1739556352073 2.09131433615949 74
1739556352083 1.1978335004713165 75
1739556352093 1.3108474450188752 76
1739556352103 1.8474240430916486 77
1739556352113 1.2789685540430735 78
1739556352122 1.3882821979366933 79
1739556352131 1.708303618857654 80
1739556352140 1.322039289133918 81
1739556352150 1.8096827408785343 82
1739556352160 0.7806033754110614 83
1739556352169 1.2384384657445342 84
1739556352180 1.071722652457423 85
1739556352189 1.364698934825767 86
1739556352199 1.2768833888383135 87
1739556352209 1.055377997818262 88
1739556352218 1.5351932479439978 89
1739556352228 2.346396240283033 90
1739556352237 1.6364139560274034 91
1739556352246 1.2505663680185202 92
1739556352256 0.9824388966988467 93
1739556352266 1.1230071743917458 94
1739556352275 1.7958440890304113 95
1739556352285 2.4653342753853686 96
1739556352294 1.0504232822112702 97
1739556352303 0.9891702040108507 98
1739556352312 1.0937535574528903 99
1739556352321 1.7879527154103936 100
1739556352332 1.4382075012373112 101
1739556352341 2.0224751984692513 102
1739556352350 3.6864168056568904 103
1739556352359 1.416568084146203 104
1739556352369 1.6145710940701323 105
1739556352378 1.354288177417576 106
1739556352389 1.5223810452597342 107
1739556352399 1.0457173658458854 108
1739556352410 1.7785751721336172 109
1739556352419 1.3552138107707896 110
1739556352430 1.7802358045359774 111
