1739611914139 169.1301060942902 0
1739611914175 109.72926116225143 1
1739611914210 155.05894061063557 2
1739611914245 98.3757297563832 3
1739611914280 113.6966335336016 4
1739611914317 67.90820052150181 5
1739611914353 46.62945990614184 6
1739611914389 79.4475587560491 7
1739611914425 57.30186122972829 8
1739611914461 30.473156227617643 9
1739611914495 54.14336315748612 10
1739611914530 38.319369293876576 11
1739611914565 45.25654745248737 12
1739611914600 52.782589294280875 13
1739611914634 33.050036190592195 14
1739611914669 45.32524929357848 15
1739611914706 53.605315097280396 16
1739611914744 7.112028269709204 17
1739611914781 5.1531217383126116 18
1739611914820 23.616803141771317 19
1739611914858 4.528794920148083 20
1739611914897 32.65371769685668 21
1739611914934 17.03080033498927 22
1739611914972 29.768091690233465 23
1739611915008 73.0634501830265 24
1739611915043 12.979837436587609 25
1739611915077 3.0776802420418985 26
1739611915111 5.222604403629212 27
1739611915144 54.707994692548084 28
1739611915178 71.82853451098254 29
1739611915212 15.28330294772243 30
1739611915247 16.824036967411626 31
1739611915281 5.030640783114875 32
1739611915316 42.661940775013484 33
1739611915351 9.901918060234243 34
1739611915384 18.153657676965505 35
1739611915418 40.93454227848006 36
1739611915452 35.38728053983711 37
1739611915485 65.82716414162618 38
1739611915519 2.7455824543098855 39
1739611915552 77.22889759718845 40
1739611915585 17.711552049105766 41
1739611915619 1.932075072152349 42
1739611915652 22.110565217464742 43
1739611915685 34.48300684476399 44
1739611915719 35.14853554265983 45
1739611915752 27.44929740867108 46
1739611915785 35.15164859279438 47
1739611915819 21.189217233694123 48
1739611915852 55.05120386354915 49
1739611915886 75.22403866423883 50
1739611915920 8.666182868366809 51
1739611915954 45.41293900736549 52
1739611915987 77.2789988710569 53
1739611916021 4.871055161072966 54
1739611916054 7.130580071910464 55
1739611916088 1.0951407690181452 56
1739611916121 54.47504628846044 57
1739611916154 8.877796606350943 58
1739611916188 35.60490241472753 59
1739611916222 33.71823707064973 60
1739611916255 16.434038572026175 61
1739611916289 58.85773743921572 62
1739611916322 45.71944178208206 63
1739611916355 20.65605132318026 64
1739611916389 17.34519282991473 65
1739611916423 22.22672067266121 66
1739611916456 52.027549592604714 67
1739611916490 25.05302388490736 68
1739611916524 41.160892028616836 69
1739611916557 44.605116249082755 70
1739611916591 52.13383311408736 71
1739611916624 12.356728475935492 72
1739611916657 11.751395195657148 73
1739611916691 10.993471329730236 74
1739611916725 59.115087165693126 75
1739611916758 26.546387805064136 76
1739611916791 5.316215162960187 77
1739611916825 13.73523196076066 78
1739611916858 34.25493220159371 79
1739611916891 40.97998259051411 80
