1739553121194 3.157555316485579 0
1739553121226 1.4674874826008601 1
1739553121260 1.6846076899321574 2
1739553121292 5.8525036003192055 3
1739553121324 4.62165696327821 4
1739553121357 6.63042485436538 5
1739553121391 4.0757826425407035 6
1739553121424 5.970878857959113 7
1739553121457 4.040657672723193 8
1739553121488 7.685998135747914 9
1739553121523 1.9778647566490348 10
1739553121555 2.882285812799989 11
1739553121588 6.265649247926897 12
1739553121619 5.546220312171512 13
1739553121652 4.676715380673854 14
1739553121684 7.422288280818343 15
1739553121716 5.587628356988602 16
1739553121747 6.924877651452451 17
1739553121780 0.22580675637177916 18
1739553121812 2.4209005698203323 19
1739553121844 11.933020344627055 20
1739553121876 7.483543859277677 21
1739553121908 9.009824334780939 22
1739553121941 7.5150773549861 23
1739553121973 11.711922577115732 24
1739553122006 2.5405422440802616 25
1739553122038 5.213158033765972 26
1739553122073 4.541452174776605 27
1739553122104 2.194010450768991 28
1739553122136 5.566292474537092 29
1739553122167 2.27830803446814 30
1739553122201 4.68711819006434 31
1739553122234 7.809912424201906 32
1739553122267 5.767613507373121 33
1739553122299 9.079808308057714 34
1739553122333 9.958168092978449 35
1739553122366 3.238648288613965 36
1739553122397 4.163997644705692 37
1739553122429 8.536147016882264 38
1739553122462 3.642050574292785 39
1739553122498 5.849608389309756 40
1739553122537 18.293364567157848 41
1739553122571 5.680152321164566 42
1739553122603 4.123793607169377 43
1739553122636 3.849273343376741 44
1739553122669 5.820227599241462 45
1739553122700 9.58676482503661 46
1739553122737 19.98889359190518 47
1739553122768 4.48402451660371 48
1739553122801 7.68680802680317 49
1739553122834 3.5304253383258577 50
1739553122867 1.7541304369896886 51
1739553122899 3.350872962802309 52
1739553122931 8.235742890702575 53
1739553122963 3.7208426168416087 54
1739553122995 3.677988564760954 55
1739553123028 7.745757023477864 56
1739553123060 6.6831837421405735 57
1739553123091 7.014585830600586 58
1739553123123 5.083592472757433 59
1739553123156 11.800690668006803 60
1739553123188 4.2615227523969645 61
1739553123220 11.60779370213659 62
1739553123255 2.1469087691452056 63
1739553123287 3.02829643740021 64
1739553123346 3.7360617181986076 65
1739553123380 3.0224953007441484 66
1739553123414 3.8108411372345365 67
1739553123447 3.0394648507587005 68
1739553123480 5.062545618322912 69
1739553123513 5.596337294045717 70
1739553123545 0.879520809339433 71
1739553123577 7.8599095612049865 72
1739553123609 0.00915677245223658 73
1739553123642 2.8544625313739003 74
1739553123674 6.626151037292923 75
1739553123704 2.7460576122159948 76
1739553123736 7.822760971783082 77
1739553123767 2.282719402596547 78
1739553123801 8.20748398474307 79
1739553123833 16.55321838438398 80
1739553123865 2.275073872449596 81
1739553123899 0.42571109885101927 82
1739553123933 6.16222893857936 83
1739553123965 6.724775887280387 84
1739553123996 2.750159595617557 85
1739553124028 4.042127683919592 86
1739553124060 4.347608726241407 87
1739553124092 0.5760382564951336 88
1739553124125 3.991400538240762 89
1739553124156 5.77685220728118 90
1739553124189 4.484491914955742 91
1739553124221 7.561186518310535 92
1739553124254 2.405119994232492 93
1739553124288 7.403020498090208 94
1739553124321 3.39313933804772 95
1739553124354 8.18025665473005 96
1739553124386 7.19600401122793 97
1739553124420 5.502136562642258 98
1739553124453 6.53606753207182 99
1739553124485 2.518063753737961 100
1739553124517 2.5678073530547314 101
1739553124551 8.298599458873802 102
1739553124583 7.770395937304318 103
1739553124616 1.3799809216185899 104
1739553124648 3.823832200545634 105
1739553124680 0.5170728485624692 106
1739553124713 1.7801226438793 107
1739553124745 4.6378898398600965 108
1739553124778 3.425616179319661 109
1739553124810 7.6792717246414455 110
1739553124843 4.331728581648762 111
1739553124874 3.8183808773352634 112
1739553124905 4.072530935905732 113
1739553124936 2.6289594854949603 114
1739553124968 6.999056088929047 115
1739553125003 11.193327504161818 116
1739553125034 6.320712000298924 117
1739553125066 2.6817391188765316 118
1739553125097 1.912878491320388 119
1739553125128 8.504192046746889 120
1739553125162 0.42962756199866525 121
1739553125192 2.178960273338695 122
1739553125223 2.886204804635468 123
1739553125255 2.1358018382369464 124
1739553125289 1.5992893462440039 125
1739553125321 2.471987022847725 126
1739553125353 2.945581906485838 127
1739553125386 8.929941762575003 128
1739553125418 4.646072997950048 129
1739553125449 1.1278888944472325 130
1739553125481 10.003301772067195 131
1739553125516 8.982406525347992 132
1739553125548 5.972079072582301 133
1739553125579 5.936533807470848 134
1739553125611 6.414931267801664 135
1739553125644 4.399167793448425 136
1739553125677 4.426017631014043 137
1739553125708 13.796391298817351 138
1739553125740 5.691287849381777 139
1739553125772 5.915114226935052 140
1739553125805 5.444567733701108 141
1739553125837 5.3067647354311385 142
1739553125869 5.7947939310069305 143
1739553125900 5.379507928866428 144
1739553125931 1.886682380454874 145
1739553125964 3.6627195269713444 146
1739553125996 2.0552572370307147 147
1739553126030 5.152929289155682 148
1739553126062 6.815248722928083 149
1739553126094 1.4288128211074098 150
1739553126126 7.843361413376337 151
1739553126158 8.697337517883598 152
1739553126192 6.238663894984869 153
1739553126224 11.576984545827255 154
1739553126255 5.682396424304291 155
1739553126286 4.340478556509845 156
1739553126319 3.9710517349443797 157
1739553126352 10.673634626011346 158
1739553126384 5.366220757229634 159
1739553126415 6.733557772718907 160
1739553126448 3.6640215600671673 161
1739553126481 3.4890659444466117 162
1739553126513 2.2669611855789387 163
1739553126546 2.0300730218292813 164
1739553126578 5.3507302315899565 165
1739553126610 3.700013040425167 166
1739553126642 5.397759992426392 167
1739553126674 17.663676056206185 168
1739553126707 4.459129104164565 169
1739553126739 0.6511400777178737 170
1739553126771 2.2215707919727636 171
1739553126802 9.046018000937082 172
1739553126834 2.521105792060414 173
1739553126867 20.385059116137757 174
1739553126900 7.514651770640565 175
1739553126933 5.617215417452433 176
1739553126965 6.6215814140346865 177
1739553126999 7.747795074592882 178
1739553127031 2.386753125277678 179
1739553127063 1.5379275724177321 180
1739553127096 7.45033175806859 181
1739553127132 2.4636625266958707 182
1739553127164 1.4542115357874401 183
1739553127197 5.816589497583145 184
1739553127235 1.132633555253978 185
1739553127270 11.138843023575687 186
1739553127305 1.782651567408111 187
1739553127338 3.6365463643265774 188
1739553127370 10.677304384791803 189
1739553127404 18.901422303338467 190
1739553127438 4.054621731135885 191
1739553127470 0.6717169044718181 192
1739553127501 3.5637614919492444 193
1739553127535 17.55620614706998 194
1739553127567 8.320998388190166 195
1739553127599 4.208797827282509 196
1739553127632 7.717125606004605 197
1739553127665 3.241332059305371 198
1739553127699 4.073743267015525 199
1739553127732 1.9618678089592307 200
1739553127764 9.605176460643237 201
1739553127796 4.597660793846058 202
1739553127830 6.836415842787593 203
1739553127864 2.2249671070895705 204
1739553127896 6.045745681851418 205
1739553127930 6.986409166887927 206
1739553127963 7.793712593618391 207
1739553127995 3.673534533793432 208
1739553128026 5.835015569958454 209
1739553128058 0.9088592071920368 210
1739553128090 3.564586578712089 211
1739553128122 3.5944025056361784 212
1739553128154 5.957161770606395 213
1739553128186 5.011383107265695 214
1739553128218 2.871203453878911 215
1739553128250 4.686173369632254 216
1739553128283 5.262183750893263 217
1739553128317 4.610775228038411 218
1739553128350 5.307452552700584 219
1739553128382 11.875649547399986 220
1739553128414 3.400352903945779 221
1739553128447 1.1217932132317903 222
1739553128481 3.5227161205088278 223
1739553128513 2.5612334296185524 224
1739553128546 3.265299573376092 225
1739553128579 7.633385171265677 226
1739553128612 9.05066159133022 227
1739553128650 4.006799366412847 228
1739553128681 9.201387524810066 229
1739553128714 12.342565927825762 230
1739553128748 23.352687556606057 231
1739553128780 3.337522561283649 232
1739553128814 2.8890285894504038 233
1739553128846 0.6605680234758678 234
1739553128880 0.9671432056815821 235
1739553128914 1.6770326862037184 236
1739553128947 1.3799147148845485 237
1739553128979 2.396560007363977 238
1739553129014 2.2773256525462546 239
1739553129046 6.864139502568006 240
1739553129078 4.755223991323449 241
1739553129109 14.40942999433269 242
1739553129141 7.777759350614243 243
1739553129173 3.3791188050300525 244
1739553129204 2.9720395833554942 245
1739553129235 5.1615878680953795 246
1739553129269 5.111779967480827 247
1739553129301 3.0358624894513473 248
1739553129335 1.5786309219243244 249
1739553129369 2.1879878332789655 250
1739553129401 4.65423999204376 251
1739553129432 7.524445984661019 252
1739553129463 5.25612661396478 253
1739553129495 2.124813684106504 254
1739553129527 11.06279122172918 255
1739553129558 2.5413382187655182 256
1739553129589 11.205660472004217 257
1739553129621 9.16072487344096 258
1739553129653 5.142847355063378 259
1739553129687 7.120649629991079 260
1739553129718 3.742542627490105 261
1739553129750 10.551140832919058 262
1739553129782 3.221189319668948 263
1739553129813 1.6898961605066112 264
1739553129845 7.387418595182749 265
1739553129877 3.5652763992870886 266
1739553129909 1.630791339661708 267
1739553129940 9.673666002337969 268
1739553129973 5.27456996373128 269
1739553130005 7.233858594450206 270
1739553130038 6.23754250589977 271
1739553130070 15.968378589028005 272
1739553130102 30.277365197480268 273
1739553130133 4.32607109486023 274
1739553130164 7.886110154638297 275
1739553130196 3.902740137448063 276
1739553130228 0.9482341705397718 277
1739553130260 1.3686606335993363 278
1739553130291 2.7451844131037375 279
1739553130324 3.8178032232331076 280
1739553130357 9.676609735053217 281
1739553130389 5.936050240338691 282
1739553130420 2.95250857463563 283
1739553130452 2.565527744723092 284
1739553130484 11.77374632540813 285
1739553130515 1.9371686350800865 286
1739553130548 5.1365004025623975 287
1739553130580 4.39189630632453 288
1739553130612 2.464685693169017 289
1739553130643 11.666679902055561 290
1739553130675 4.923329142292371 291
1739553130709 2.066776951277037 292
1739553130741 3.324661507866379 293
1739553130772 2.8225303462043763 294
1739553130803 4.296205663460423 295
1739553130834 6.762416945237109 296
1739553130868 1.6031143509833643 297
1739553130900 5.041140833445579 298
1739553130932 7.60289906002324 299
1739553130963 16.774542400125558 300
1739553130998 7.351048509239599 301
1739553131031 11.486244518936145 302
1739553131064 5.19211888621633 303
1739553131095 4.139467735726736 304
1739553131127 27.801537155099066 305
1739553131160 3.8447484488402215 306
1739553131192 10.231240097506012 307
1739553131223 2.093890931817024 308
1739553131255 3.5218363052128265 309
1739553131288 9.356309159346432 310
1739553131320 5.4102549187418205 311
1739553131353 2.941104553006261 312
1739553131385 4.0590759266395136 313
1739553131417 2.456603209813828 314
1739553131449 5.3385646049480275 315
1739553131480 20.38305519256529 316
1739553131512 2.8485468562864424 317
1739553131544 4.122419967212194 318
1739553131576 2.0223088959835316 319
1739553131609 4.788321885697415 320
1739553131644 10.731415263584637 321
1739553131676 8.796750375965168 322
1739553131708 3.161630185542508 323
1739553131740 2.0848990945756958 324
1739553131772 0.6970371242015713 325
1739553131805 3.1003652855544037 326
1739553131837 2.9526090740126456 327
1739553131868 5.565255532003572 328
1739553131899 2.2590410267672096 329
1739553131932 29.956934852724817 330
1739553131964 2.0938155263671603 331
1739553131998 1.7593709103999708 332
1739553132030 2.1194040277249884 333
1739553132062 2.506101171935813 334
1739553132094 5.232070062722217 335
1739553132127 4.764126965410248 336
1739553132161 24.15919549605104 337
1739553132195 11.3143880036776 338
1739553132226 8.214768432718836 339
1739553132258 2.8944698003304006 340
1739553132291 2.668374672713566 341
1739553132325 5.5494619069433435 342
1739553132359 6.160121197969001 343
1739553132391 11.620654351806039 344
1739553132423 1.8236269981072148 345
1739553132455 5.4286643361428 346
1739553132487 0.7706446646978606 347
1739553132519 1.6724256656197625 348
1739553132551 3.287307786411666 349
1739553132583 2.969836656165307 350
1739553132615 1.5359627439029202 351
1739553132646 1.323498869281062 352
1739553132678 4.239876255885942 353
1739553132710 3.2922241800134833 354
1739553132742 7.163536258334613 355
1739553132773 3.492527173883367 356
1739553132804 3.3477807346111175 357
1739553132838 7.8717784608629495 358
1739553132870 3.9600764684908305 359
1739553132902 8.385082702861421 360
1739553132933 3.4124085687475936 361
1739553132964 7.0544361542646925 362
1739553132997 6.260305324624104 363
1739553133030 0.9692738725466787 364
1739553133062 9.202926844281283 365
1739553133094 6.277687606482399 366
1739553133127 6.69192294874136 367
1739553133159 1.829883721512854 368
1739553133191 8.140454959800078 369
1739553133222 3.4638250388272773 370
1739553133256 4.794516944331108 371
1739553133289 4.479741647683642 372
1739553133322 9.31789694716036 373
1739553133354 2.040555635612125 374
1739553133387 4.936488221199037 375
1739553133418 8.76090173110089 376
1739553133450 1.6886612203730134 377
1739553133481 10.698875072456394 378
1739553133513 5.676870216593237 379
1739553133545 9.100064434421904 380
1739553133577 4.63946963539029 381
1739553133608 2.222886336666284 382
1739553133640 4.118284107129552 383
1739553133672 6.868462445415267 384
1739553133703 1.6854613364828592 385
1739553133735 4.136722627487778 386
1739553133766 11.522397527895945 387
1739553133798 2.2781017935509205 388
1739553133829 8.716977455032197 389
1739553133862 5.2015473076951455 390
1739553133893 8.762439619128026 391
1739553133925 3.110203522911913 392
1739553133958 5.466557239460007 393
1739553133990 11.941576443723086 394
1739553134021 4.34660369056643 395
1739553134053 12.191287918657904 396
1739553134084 1.4569479908355876 397
1739553134116 9.469472571090984 398
1739553134148 3.6251006987141032 399
1739553134180 11.594438036004147 400
1739553134211 2.8088931336779317 401
1739553134243 5.994978338854404 402
1739553134275 0.5921323213676069 403
1739553134308 4.246936627438373 404
1739553134341 11.185148099490863 405
1739553134372 5.8935460481156206 406
1739553134403 9.86141872451766 407
1739553134436 4.277178681808288 408
1739553134474 5.309895765629934 409
1739553134505 6.351284704183837 410
1739553134537 11.385294931405992 411
1739553134569 1.2957155622247671 412
1739553134601 8.338811754245135 413
1739553134632 8.714726737610476 414
1739553134666 4.260294064743932 415
1739553134697 5.426423550097981 416
1739553134730 4.364702710810811 417
1739553134762 2.122959866282207 418
1739553134793 8.19249337608223 419
1739553134824 1.863236552131258 420
1739553134857 5.037131229010134 421
1739553134889 5.300161302621618 422
1739553134922 7.40647709049584 423
1739553134953 4.1020041142561015 424
1739553134986 2.376890262948452 425
1739553135020 3.0690376883050945 426
1739553135052 7.224045008987019 427
1739553135085 5.778845903808912 428
1739553135118 4.962094315501147 429
1739553135149 3.4243522383203753 430
1739553135181 6.789904965071438 431
1739553135212 6.014262210167288 432
1739553135245 4.557062206215327 433
1739553135279 3.4611136024798794 434
1739553135314 18.376131596705473 435
1739553135346 4.707922402899733 436
1739553135380 4.4486427748424635 437
1739553135412 0.9472549742144327 438
1739553135444 3.0346046539580005 439
1739553135476 5.686262248763916 440
1739553135510 1.8632164380048624 441
1739553135542 4.565626502853388 442
1739553135573 7.013905319140132 443
1739553135606 2.5744100591698027 444
1739553135639 1.2919744245265243 445
1739553135671 3.633557987823365 446
1739553135704 5.49999755915281 447
1739553135735 2.203022798179527 448
1739553135766 9.405237483620757 449
1739553135800 8.615501078771807 450
1739553135831 1.4854022631693877 451
1739553135863 6.044539018591901 452
1739553135894 6.61154292030184 453
1739553135927 7.162039283128684 454
1739553135959 0.2849902303112684 455
1739553135990 8.701190770912556 456
1739553136022 6.326543623705255 457
1739553136055 1.3306531885051407 458
1739553136087 3.512280406879685 459
1739553136119 0.47253414223344864 460
1739553136151 5.325592372500888 461
1739553136183 2.371346699476828 462
1739553136214 11.228669582045027 463
1739553136245 5.594242158664641 464
1739553136277 1.447170858524859 465
1739553136341 2.654109023275719 466
1739553136374 0.5808956153585315 467
1739553136406 16.40067870697014 468
1739553136438 4.738746685823371 469
1739553136469 3.176764222534658 470
1739553136501 3.7935985081870296 471
1739553136532 0.851506659190504 472
1739553136562 2.6605185366927695 473
1739553136595 4.9862405075326315 474
1739553136628 2.7113123635987475 475
1739553136660 3.9465467219354213 476
1739553136692 3.8473551209873547 477
1739553136724 12.367850647730604 478
1739553136757 5.257513416759718 479
1739553136788 3.5775697832991713 480
1739553136819 8.092813778616733 481
1739553136851 6.777245743259929 482
1739553136882 8.442204524389686 483
1739553136914 2.151977567424776 484
1739553136946 7.059483825266114 485
1739553136980 7.667959597016451 486
1739553137012 1.822809029027139 487
1739553137044 4.955523999000437 488
1739553137075 4.717902456627879 489
1739553137108 6.960307420547295 490
1739553137141 1.934526488786796 491
1739553137173 2.6754789302197635 492
1739553137205 5.870729908755516 493
1739553137238 8.690565868484565 494
1739553137273 6.613841769603594 495
1739553137305 5.283218979224639 496
1739553137337 13.817388800498843 497
1739553137371 6.084519366934798 498
1739553137403 4.714845852273208 499
