1739558280033 168.66988989506956 0
1739558280042 168.6365265008293 1
1739558280050 168.60316974390344 2
1739558280059 168.56981962297155 3
1739558280068 168.53647613671342 4
1739558280076 168.50313928380916 5
1739558280084 168.46980906293913 6
1739558280092 168.4364854727839 7
1739558280100 168.40316851202434 8
1739558280108 168.36985817934166 9
1739558280117 168.33655447341715 10
1739558280125 168.30325739293255 11
1739558280133 168.26996693656977 12
1739558280141 168.236683103011 13
1739558280149 168.20340589093857 14
1739558280157 168.17013529903534 15
1739558280165 168.1368713259842 16
1739558280173 168.1036139704684 17
1739558280181 168.07036323117148 18
1739558280189 168.0371191067771 19
1739558280197 168.00388159596935 20
1739558280205 167.97065069743246 21
1739558280214 167.93742640985104 22
1739558280223 167.90420873190985 23
1739558280232 167.8709976622939 24
1739558280240 167.83779319968863 25
1739558280248 167.80459534277952 26
1739558280256 167.77140409025256 27
1739558280265 167.73821944079367 28
1739558280273 167.70504139308932 29
1739558280282 167.6718699458262 30
1739558280290 167.63870509769112 31
1739558280298 167.6055468473713 32
1739558280306 167.5723951935541 33
1739558280315 167.5392501349272 34
1739558280323 167.50611167017848 35
1739558280331 167.47297979799635 36
1739558280340 167.43985451706908 37
1739558280348 167.40673582608542 38
1739558280356 167.37362372373443 39
1739558280365 167.34051820870528 40
1739558280373 167.30741927968756 41
1739558280381 167.2743269353709 42
1739558280389 167.24124117444546 43
1739558280397 167.20816199560144 44
1739558280405 167.1750893975294 45
1739558280414 167.1420233789202 46
1739558280422 167.10896393846483 47
1739558280431 167.07591107485464 48
1739558280440 167.04286478678134 49
1739558280448 167.00982507293656 50
1739558280457 166.97679193201262 51
1739558280465 166.94376536270173 52
1739558280473 166.9107453636966 53
1739558280481 166.87773193369014 54
1739558280489 166.84472507137542 55
1739558280497 166.8117247754459 56
1739558280506 166.77873104459528 57
1739558280514 166.74574387751738 58
1739558280523 166.7127632729065 59
1739558280531 166.67978922945707 60
1739558280540 166.64682174586378 61
1739558280548 166.61386082082154 62
1739558280556 166.58090645302568 63
1739558280564 166.54795864117165 64
1739558280572 166.51501738395515 65
1739558280581 166.4820826800723 66
1739558280589 166.44915452821925 67
1739558280597 166.41623292709258 68
1739558280605 166.38331787538908 69
1739558280613 166.3504093718057 70
1739558280622 166.3175074150399 71
1739558280630 166.2846120037891 72
1739558280639 166.25172313675125 73
1739558280647 166.21884081262436 74
1739558280655 166.18596503010676 75
1739558280663 166.15309578789706 76
1739558280672 166.12023308469412 77
1739558280684 166.08737691919708 78
1739558280693 166.05452729010526 79
1739558280701 166.02168419611834 80
1739558280709 165.9888476359362 81
1739558280717 165.956017608259 82
1739558280725 165.92319411178715 83
1739558280733 165.89037714522127 84
1739558280741 165.85756670726235 85
1739558280750 165.82476279661157 86
1739558280758 165.79196541197027 87
1739558280767 165.75917455204035 88
1739558280775 165.7263902155236 89
1739558280784 165.6936124011223 90
1739558280792 165.6608411075389 91
1739558280800 165.62807633347617 92
1739558280808 165.5953180776371 93
1739558280816 165.56256633872493 94
1739558280824 165.52982111544318 95
1739558280832 165.4970824064956 96
1739558280840 165.46435021058622 97
1739558280848 165.43162452641934 98
1739558280856 165.39890535269942 99
1739558280864 165.3661926881314 100
1739558280872 165.33348653142022 101
1739558280880 165.30078688127125 102
1739558280889 165.26809373639003 103
1739558280897 165.2354070954824 104
1739558280905 165.20272695725447 105
1739558280913 165.17005332041253 106
1739558280921 165.1373861836632 107
1739558280929 165.10472554571336 108
1739558280937 165.07207140527012 109
1739558280945 165.03942376104087 110
1739558280953 165.0067826117332 111
1739558280962 164.974147956055 112
1739558280970 164.94151979271444 113
1739558280978 164.9088981204199 114
1739558280986 164.87628293788 115
1739558280994 164.84367424380378 116
1739558281002 164.8110720369003 117
1739558281010 164.778476315879 118
1739558281018 164.74588707944955 119
1739558281027 164.713304326322 120
1739558281035 164.68072805520646 121
1739558281043 164.6481582648134 122
1739558281051 164.61559495385347 123
1739558281059 164.58303812103776 124
1739558281067 164.5504877650774 125
1739558281075 164.51794388468392 126
1739558281083 164.4854064785691 127
1739558281091 164.45287554544478 128
1739558281099 164.42035108402334 129
1739558281107 164.38783309301726 130
1739558281115 164.35532157113929 131
1739558281123 164.32281651710247 132
1739558281131 164.29031792962002 133
1739558281141 164.2578258074055 134
1739558281150 164.22534014917275 135
1739558281158 164.19286095363574 136
1739558281167 164.16038821950877 137
1739558281176 164.12792194550636 138
1739558281184 164.09546213034346 139
1739558281193 164.06300877273506 140
1739558281201 164.03056187139643 141
1739558281210 163.99812142504317 142
1739558281218 163.96568743239115 143
1739558281226 163.93325989215643 144
1739558281235 163.90083880305534 145
1739558281244 163.86842416380455 146
1739558281253 163.8360159731208 147
1739558281262 163.80361422972126 148
1739558281270 163.7712189323233 149
1739558281278 163.73883007964457 150
1739558281287 163.70644767040287 151
1739558281295 163.67407170331637 152
1739558281303 163.6417021771034 153
1739558281311 163.6093390904827 154
1739558281319 163.57698244217312 155
1739558281328 163.54463223089377 156
1739558281336 163.5122884553641 157
1739558281345 163.4799511143037 158
1739558281353 163.4476202064326 159
1739558281361 163.4152957304709 160
1739558281369 163.38297768513897 161
1739558281377 163.35066606915757 162
1739558281386 163.31836088124763 163
1739558281396 163.28606212013025 164
1739558281405 163.25376978452695 165
1739558281413 163.22148387315946 166
1739558281421 163.18920438474956 167
1739558281430 163.15693131801967 168
1739558281438 163.1246646716921 169
1739558281447 163.09240444448963 170
1739558281455 163.06015063513524 171
1739558281463 163.02790324235204 172
1739558281472 162.99566226486357 173
1739558281480 162.96342770139358 174
1739558281488 162.93119955066607 175
1739558281496 162.89897781140525 176
1739558281504 162.86676248233556 177
1739558281512 162.83455356218178 178
1739558281520 162.80235104966894 179
1739558281528 162.77015494352227 180
1739558281537 162.7379652424672 181
1739558281545 162.7057819452296 182
1739558281553 162.67360505053543 183
1739558281561 162.64143455711093 184
1739558281570 162.6092704636827 185
1739558281578 162.57711276897743 186
1739558281586 162.5449614717222 187
1739558281595 162.51281657064422 188
1739558281603 162.48067806447105 189
1739558281611 162.44854595193053 190
1739558281619 162.41642023175064 191
1739558281627 162.38430090265967 192
1739558281635 162.3521879633862 193
1739558281643 162.32008141265896 194
1739558281651 162.2879812492071 195
1739558281659 162.25588747175982 196
1739558281667 162.22380007904678 197
1739558281675 162.19171906979764 198
1739558281683 162.1596444427426 199
1739558281715 162.12757619661193 200
1739558281734 162.09551433013615 201
1739558281742 162.06345884204617 202
1739558281751 162.03140973107296 203
1739558281759 161.99936699594792 204
1739558281767 161.96733063540256 205
1739558281775 161.93530064816875 206
1739558281783 161.90327703297856 207
1739558281792 161.87125978856434 208
1739558281800 161.83924891365862 209
1739558281809 161.80724440699433 210
1739558281817 161.77524626730448 211
1739558281825 161.7432544933224 212
1739558281833 161.71126908378176 213
1739558281841 161.67929003741634 214
1739558281849 161.64731735296027 215
1739558281858 161.6153510291479 216
1739558281866 161.58339106471377 217
1739558281874 161.55143745839283 218
1739558281883 161.51949020892013 219
1739558281891 161.487549315031 220
1739558281899 161.45561477546107 221
1739558281908 161.4236865889462 222
1739558281916 161.39176475422258 223
1739558281924 161.35984927002642 224
1739558281933 161.3279401350944 225
1739558281941 161.29603734816345 226
1739558281949 161.26414090797059 227
1739558281957 161.23225081325322 228
1739558281965 161.20036706274897 229
1739558281973 161.16848965519569 230
1739558281982 161.13661858933153 231
1739558281990 161.10475386389484 232
1739558281999 161.07289547762423 233
1739558282007 161.04104342925862 234
1739558282016 161.0091977175371 235
1739558282024 160.97735834119902 236
1739558282032 160.94552529898402 237
1739558282040 160.91369858963196 238
1739558282049 160.88187821188305 239
1739558282057 160.85006416447763 240
1739558282068 160.81825644615628 241
1739558282085 160.78645505565987 242
1739558282094 160.75465999172962 243
1739558282103 160.72287125310686 244
1739558282111 160.69108883853315 245
1739558282120 160.65931274675054 246
1739558282128 160.627542976501 247
1739558282137 160.595779526527 248
1739558282145 160.56402239557113 249
1739558282153 160.53227158237624 250
1739558282162 160.50052708568555 251
1739558282171 160.4687889042424 252
1739558282180 160.43705703679038 253
1739558282189 160.40533148207348 254
1739558282197 160.3736122388357 255
1739558282205 160.34189930582147 256
1739558282214 160.31019268177548 257
1739558282222 160.27849236544253 258
1739558282231 160.2467983555678 259
1739558282239 160.21511065089663 260
1739558282247 160.1834292501747 261
1739558282255 160.15175415214784 262
1739558282263 160.12008535556222 263
1739558282271 160.08842285916418 264
1739558282280 160.05676666170035 265
1739558282288 160.0251167619177 266
1739558282296 159.99347315856323 267
1739558282305 159.96183585038435 268
1739558282314 159.93020483612872 269
1739558282322 159.8985801145442 270
1739558282330 159.86696168437888 271
1739558282339 159.83534954438116 272
1739558282348 159.80374369329968 273
1739558282356 159.7721441298833 274
1739558282365 159.74055085288103 275
1739558282374 159.70896386104246 276
1739558282382 159.677383153117 277
1739558282390 159.64580872785464 278
1739558282398 159.61424058400547 279
1739558282407 159.5826787203198 280
1739558282415 159.55112313554827 281
1739558282423 159.51957382844174 282
1739558282431 159.48803079775132 283
1739558282439 159.4564940422284 284
1739558282447 159.42496356062455 285
1739558282455 159.3934393516916 286
1739558282464 159.3619214141817 287
1739558282472 159.33040974684718 288
1739558282480 159.29890434844057 289
1739558282488 159.2674052177149 290
1739558282496 159.23591235342306 291
1739558282504 159.20442575431852 292
1739558282512 159.17294541915481 293
1739558282520 159.14147134668585 294
1739558282528 159.11000353566558 295
1739558282536 159.07854198484844 296
1739558282544 159.047086692989 297
1739558282552 159.0156376588421 298
1739558282560 158.98419488116278 299
1739558282568 158.95275835870643 300
1739558282576 158.92132809022854 301
1739558282585 158.88990407448497 302
1739558282593 158.85848631023183 303
1739558282601 158.82707479622536 304
1739558282610 158.79566953122213 305
1739558282618 158.764270513979 306
1739558282626 158.73287774325294 307
1739558282634 158.70149121780142 308
1739558282643 158.67011093638183 309
1739558282651 158.638736897752 310
1739558282660 158.60736910067007 311
1739558282668 158.5760075438943 312
1739558282676 158.5446522261831 313
1739558282684 158.5133031462954 314
1739558282698 158.4819603029902 315
1739558282707 158.45062369502676 316
1739558282715 158.41929332116462 317
1739558282723 158.38796918016357 318
1739558282732 158.3566512707836 319
1739558282740 158.325339591785 320
1739558282748 158.2940341419283 321
1739558282756 158.26273491997424 322
1739558282764 158.23144192468376 323
1739558282772 158.20015515481825 324
1739558282781 158.16887460913912 325
1739558282789 158.13760028640814 326
1739558282797 158.10633218538737 327
1739558282805 158.07507030483893 328
1739558282813 158.04381464352534 329
1739558282821 158.01256520020937 330
1739558282829 157.981321973654 331
1739558282838 157.9500849626224 332
1739558282846 157.91885416587814 333
1739558282854 157.88762958218484 334
1739558282862 157.85641121030653 335
1739558282870 157.82519904900732 336
1739558282878 157.7939930970518 337
1739558282887 157.76279335320456 338
1739558282895 157.7315998162306 339
1739558282903 157.70041248489508 340
1739558282911 157.6692313579635 341
1739558282919 157.63805643420145 342
1739558282928 157.60688771237494 343
1739558282936 157.5757251912501 344
1739558282944 157.54456886959338 345
1739558282952 157.5134187461714 346
1739558282960 157.4822748197511 347
1739558282969 157.45113708909963 348
1739558282977 157.42000555298438 349
1739558282985 157.38888021017303 350
1739558282993 157.35776105943347 351
1739558283001 157.3266480995338 352
1739558283009 157.2955413292424 353
1739558283018 157.2644407473279 354
1739558283026 157.23334635255918 355
1739558283035 157.2022581437054 356
1739558283043 157.17117611953591 357
1739558283051 157.14010027882023 358
1739558283060 157.1090306203283 359
1739558283068 157.07796714283015 360
1739558283077 157.04690984509617 361
1739558283085 157.01585872589692 362
1739558283093 156.98481378400328 363
1739558283101 156.95377501818624 364
1739558283110 156.92274242721717 365
1739558283118 156.89171600986768 366
1739558283127 156.86069576490945 367
1739558283135 156.82968169111464 368
1739558283143 156.79867378725547 369
1739558283151 156.76767205210456 370
1739558283159 156.73667648443464 371
1739558283167 156.70568708301877 372
1739558283175 156.67470384663014 373
1739558283184 156.64372677404242 374
1739558283192 156.6127558640292 375
1739558283201 156.58179111536464 376
1739558283209 156.55083252682283 377
1739558283218 156.51988009717843 378
1739558283226 156.48893382520606 379
1739558283234 156.45799370968072 380
1739558283242 156.4270597493777 381
1739558283251 156.39613194307233 382
1739558283261 156.36521028954044 383
1739558283269 156.33429478755798 384
1739558283278 156.3033854359011 385
1739558283286 156.27248223334618 386
1739558283294 156.24158517867008 387
1739558283302 156.21069427064958 388
1739558283310 156.17980950806196 389
1739558283319 156.14893088968452 390
1739558283327 156.118058414295 391
1739558283335 156.0871920806713 392
1739558283343 156.05633188759148 393
1739558283351 156.02547783383406 394
1739558283359 155.99462991817754 395
1739558283368 155.9637881394009 396
1739558283376 155.93295249628315 397
1739558283384 155.90212298760378 398
1739558283393 155.87129961214228 399
1739558283401 155.8404823686785 400
1739558283410 155.8096712559926 401
1739558283419 155.77886627286486 402
1739558283427 155.74806741807586 403
1739558283436 155.71727469040644 404
1739558283444 155.68648808863765 405
1739558283453 155.65570761155072 406
1739558283461 155.6249332579273 407
1739558283470 155.59416502654915 408
1739558283478 155.56340291619824 409
1739558283487 155.53264692565688 410
1739558283496 155.50189705370755 411
1739558283506 155.47115329913308 412
1739558283516 155.44041566071638 413
1739558283524 155.40968413724076 414
1739558283533 155.37895872748965 415
1739558283542 155.34823943024676 416
1739558283551 155.31752624429618 417
1739558283560 155.28681916842194 418
1739558283568 155.25611820140858 419
1739558283577 155.2254233420408 420
1739558283585 155.19473458910352 421
1739558283594 155.1640519413819 422
1739558283602 155.13337539766138 423
1739558283610 155.10270495672756 424
1739558283618 155.0720406173664 425
1739558283627 155.04138237836403 426
1739558283635 155.01073023850682 427
1739558283643 154.98008419658137 428
1739558283652 154.9494442513746 429
1739558283660 154.9188104016736 430
1739558283668 154.88818264626568 431
1739558283677 154.85756098393844 432
1739558283685 154.82694541347976 433
1739558283693 154.79633593367765 434
1739558283707 154.7657325433204 435
1739558283715 154.7351352411967 436
1739558283724 154.70454402609522 437
1739558283732 154.673958896805 438
1739558283741 154.64337985211532 439
1739558283749 154.61280689081582 440
1739558283757 154.58224001169606 441
1739558283766 154.5516792135462 442
1739558283774 154.52112449515636 443
1739558283782 154.4905758553171 444
1739558283790 154.46003329281913 445
1739558283799 154.42949680645341 446
1739558283807 154.3989663950111 447
1739558283816 154.36844205728366 448
1739558283824 154.33792379206278 449
1739558283832 154.30741159814042 450
1739558283840 154.27690547430868 451
1739558283848 154.24640541936003 452
1739558283856 154.21591143208704 453
1739558283864 154.18542351128264 454
1739558283872 154.15494165573995 455
1739558283880 154.1244658642523 456
1739558283888 154.09399613561337 457
1739558283896 154.06353246861696 458
1739558283905 154.03307486205713 459
1739558283913 154.0026233147282 460
1739558283921 153.97217782542478 461
1739558283929 153.94173839294166 462
1739558283936 153.91130501607387 463
1739558283945 153.8808776936167 464
1739558283953 153.8504564243657 465
1739558283960 153.82004120711656 466
1739558283969 153.78963204066534 467
1739558283977 153.75922892380828 468
1739558283985 153.72883185534184 469
1739558283994 153.69844083406272 470
1739558284002 153.66805585876799 471
1739558284010 153.6376769282547 472
1739558284018 153.6073040413204 473
1739558284026 153.5769371967627 474
1739558284034 153.54657639337958 475
1739558284042 153.5162216299691 476
1739558284050 153.48587290532976 477
1739558284059 153.45553021826012 478
1739558284067 153.4251935675591 479
1739558284075 153.39486295202582 480
1739558284083 153.36453837045957 481
1739558284091 153.33421982165996 482
1739558284099 153.30390730442687 483
1739558284107 153.27360081756035 484
1739558284115 153.2433003598606 485
1739558284123 153.21300593012836 486
1739558284131 153.18271752716421 487
1739558284139 153.15243514976933 488
1739558284147 153.1221587967449 489
1739558284155 153.09188846689244 490
1739558284163 153.0616241590137 491
1739558284171 153.03136587191065 492
1739558284179 153.00111360438547 493
1739558284187 152.97086735524064 494
1739558284194 152.94062712327886 495
1739558284202 152.91039290730305 496
1739558284211 152.88016470611637 497
1739558284219 152.84994251852223 498
1739558284227 152.81972634332428 499
