1739558216347 169.6210407770955 0
1739558216356 169.2834233199014 1
1739558216365 169.11507924842775 2
1739558216374 168.9468190758159 3
1739558216383 168.77872733588936 4
1739558216392 168.61080381770927 5
1739558216400 168.44304835294298 6
1739558216408 168.2754607734051 7
1739558216417 168.10804091107866 8
1739558216425 167.94078859811464 9
1739558216434 167.77370366683226 10
1739558216442 167.60678594971833 11
1739558216451 167.4400352794274 12
1739558216459 167.27345148878146 13
1739558216468 167.10703441076987 14
1739558216476 166.94078387854913 15
1739558216485 166.77469972544262 16
1739558216494 166.60878178494062 17
1739558216502 166.44302989070002 18
1739558216511 166.27744387654414 19
1739558216520 166.11202357646272 20
1739558216528 165.9467688246115 21
1739558216538 165.78167945531234 22
1739558216546 165.61675530305277 23
1739558216555 165.4519962024861 24
1739558216563 165.28740198843096 25
1739558216572 165.12297249587144 26
1739558216580 164.95870755995662 27
1739558216589 164.79460701600075 28
1739558216597 164.63067069948275 29
1739558216606 164.4668984460462 30
1739558216614 164.3032900914993 31
1739558216622 164.13984547181443 32
1739558216631 163.9765644231281 33
1739558216639 163.81344678174094 34
1739558216648 163.65049238411737 35
1739558216656 163.4877010668854 36
1739558216665 163.32507266683663 37
1739558216673 163.16260702092592 38
1739558216682 163.0003039662714 39
1739558216690 162.8381633401541 40
1739558216698 162.67618498001792 41
1739558216707 162.51436872346963 42
1739558216715 162.3527144082782 43
1739558216723 162.19122187237517 44
1739558216732 162.02989095385425 45
1739558216740 161.86872149097113 46
1739558216749 161.70771332214346 47
1739558216757 161.5468662859505 48
1739558216765 161.3861802211331 49
1739558216774 161.22565496659348 50
1739558216782 161.06529036139514 51
1739558216791 160.90508624476257 52
1739558216799 160.7450424560812 53
1739558216808 160.5851588348972 54
1739558216816 160.42543522091736 55
1739558216825 160.26587145400873 56
1739558216833 160.10646737419881 57
1739558216841 159.9472228216752 58
1739558216850 159.7881376367852 59
1739558216858 159.62921166003616 60
1739558216866 159.47044473209488 61
1739558216875 159.3118366937877 62
1739558216884 159.15338738610023 63
1739558216892 158.99509665017717 64
1739558216901 158.8369643273224 65
1739558216909 158.67899025899828 66
1739558216917 158.52117428682612 67
1739558216925 158.36351625258564 68
1739558216934 158.2060159982149 69
1739558216943 158.04867336581017 70
1739558216951 157.89148819762562 71
1739558216959 157.7344603360735 72
1739558216968 157.57758962372372 73
1739558216976 157.42087590330354 74
1739558216984 157.26431901769786 75
1739558216992 157.1079188099487 76
1739558217000 156.95167512325523 77
1739558217009 156.7955878009734 78
1739558217017 156.63965668661615 79
1739558217025 156.48388162385282 80
1739558217033 156.32826245650935 81
1739558217042 156.17279902856788 82
1739558217050 156.01749118416674 83
1739558217058 155.86233876760022 84
1739558217067 155.70734162331846 85
1739558217075 155.5524995959273 86
1739558217083 155.39781253018805 87
1739558217091 155.2432802710173 88
1739558217100 155.088902663487 89
1739558217108 154.93467955282415 90
1739558217116 154.7806107844105 91
1739558217124 154.62669620378261 92
1739558217132 154.47293565663168 93
1739558217141 154.31932898880325 94
1739558217149 154.16587604629726 95
1739558217158 154.0125766752676 96
1739558217166 153.85943072202224 97
1739558217174 153.70643803302298 98
1739558217182 153.5535984548852 99
1739558217191 153.4009118343778 100
1739558217199 153.24837801842315 101
1739558217208 153.09599685409665 102
1739558217216 152.94376818862685 103
1739558217225 152.79169186939512 104
1739558217233 152.6397677439356 105
1739558217241 152.4879956599351 106
1739558217249 152.33637546523275 107
1739558217258 152.18490700782 108
1739558217266 152.03359013584034 109
1739558217274 151.88242469758947 110
1739558217282 151.7314105415147 111
1739558217290 151.580547516215 112
1739558217302 151.42983547044105 113
1739558217310 151.2792742530947 114
1739558217319 151.12886371322918 115
1739558217327 150.97860370004864 116
1739558217335 150.82849406290822 117
1739558217343 150.67853465131387 118
1739558217351 150.52872531492204 119
1739558217359 150.3790659035397 120
1739558217368 150.22955626712414 121
1739558217376 150.08019625578282 122
1739558217385 149.93098571977316 123
1739558217396 149.78192450950252 124
1739558217405 149.63301247552783 125
1739558217413 149.48424946855576 126
1739558217421 149.3356353394422 127
1739558217429 149.18716993919253 128
1739558217437 149.03885311896104 129
1739558217446 148.89068473005105 130
1739558217454 148.74266462391472 131
1739558217462 148.59479265215282 132
1739558217470 148.44706866651475 133
1739558217479 148.29949251889812 134
1739558217487 148.15206406134885 135
1739558217495 148.004783146061 136
1739558217503 147.85764962537635 137
1739558217512 147.7106633517846 138
1739558217520 147.56382417792315 139
1739558217528 147.41713195657664 140
1739558217537 147.27058654067724 141
1739558217545 147.12418778330422 142
1739558217553 146.97793553768398 143
1739558217562 146.83182965718967 144
1739558217571 146.68586999534122 145
1739558217579 146.54005640580527 146
1739558217588 146.39438874239474 147
1739558217596 146.248866859069 148
1739558217606 146.1034906099335 149
1739558217615 145.95825984923968 150
1739558217623 145.81317443138485 151
1739558217631 145.66823421091212 152
1739558217639 145.5234390425101 153
1739558217648 145.3787887810128 154
1739558217656 145.2342832813995 155
1739558217664 145.0899223987948 156
1739558217673 144.94570598846806 157
1739558217681 144.80163390583357 158
1739558217689 144.65770600645035 159
1739558217700 144.5139221460219 160
1739558217712 144.37028218039626 161
1739558217721 144.2267859655656 162
1739558217729 144.08343335766625 163
1739558217738 143.94022421297853 164
1739558217747 143.79715838792663 165
1739558217755 143.65423573907836 166
1739558217764 143.51145612314517 167
1739558217772 143.36881939698176 168
1739558217780 143.22632541758617 169
1739558217789 143.08397404209967 170
1739558217797 142.9417651278063 171
1739558217805 142.79969853213302 172
1739558217813 142.65777411264952 173
1739558217822 142.5159917270679 174
1739558217830 142.37435123324283 175
1739558217838 142.23285248917114 176
1739558217846 142.09149535299176 177
1739558217856 141.95027968298564 178
1739558217864 141.8092053375755 179
1739558217872 141.66827217532582 180
1739558217881 141.52748005494257 181
1739558217889 141.38682883527326 182
1739558217897 141.2463183753064 183
1739558217906 141.10594853417186 184
1739558217914 140.9657191711404 185
1739558217923 140.82563014562353 186
1739558217931 140.68568131717376 187
1739558217939 140.54587254548375 188
1739558217947 140.40620369038686 189
1739558217955 140.2666746118567 190
1739558217964 140.12728517000687 191
1739558217972 139.98803522509112 192
1739558217980 139.84892463750296 193
1739558217989 139.70995326777566 194
1739558217997 139.5711209765821 195
1739558218005 139.43242762473452 196
1739558218014 139.2938730731845 197
1739558218022 139.15545718302272 198
1739558218030 139.01717981547898 199
1739558218038 138.8790408319219 200
1739558218046 138.74104009385889 201
1739558218055 138.60317746293583 202
1739558218063 138.46545280093721 203
1739558218071 138.3278659697858 204
1739558218079 138.19041683154248 205
1739558218088 138.05310524840627 206
1739558218096 137.91593108271408 207
1739558218104 137.77889419694054 208
1739558218112 137.641994453698 209
1739558218121 137.50523171573624 210
1739558218129 137.36860584594245 211
1739558218137 137.23211670734094 212
1739558218145 137.0957641630932 213
1739558218154 136.95954807649764 214
1739558218162 136.8234683109895 215
1739558218170 136.68752473014064 216
1739558218178 136.55171719765946 217
1739558218186 136.4160455773908 218
1739558218195 136.28050973331577 219
1739558218203 136.14510952955155 220
1739558218212 136.00984483035134 221
1739558218220 135.8747155001042 222
1739558218228 135.7397214033349 223
1739558218236 135.6048624047038 224
1739558218245 135.47013836900666 225
1739558218253 135.33554916117464 226
1739558218261 135.20109464627396 227
1739558218269 135.066774689506 228
1739558218278 134.93258915620697 229
1739558218286 134.79853791184783 230
1739558218294 134.6646208220343 231
1739558218308 134.5308377525064 232
1739558218317 134.39718856913865 233
1739558218325 134.26367313793986 234
1739558218333 134.13029132505278 235
1739558218341 133.99704299675423 236
1739558218350 133.86392801945476 237
1739558218358 133.73094625969878 238
1739558218367 133.5980975841641 239
1739558218375 133.46538185966202 240
1739558218384 133.33279895313711 241
1739558218392 133.20034873166716 242
1739558218400 133.0680310624629 243
1739558218409 132.93584581286805 244
1739558218417 132.803792850359 245
1739558218426 132.67187204254483 246
1739558218434 132.54008325716708 247
1739558218442 132.40842636209968 248
1739558218451 132.27690122534875 249
1739558218459 132.14550771505256 250
1739558218467 132.0142456994813 251
1739558218475 131.88311504703702 252
1739558218484 131.75211562625344 253
1739558218492 131.6212473057959 254
1739558218500 131.49050995446115 255
1739558218509 131.3599034411772 256
1739558218517 131.22942763500336 257
1739558218525 131.09908240512982 258
1739558218534 130.96886762087783 259
1739558218542 130.83878315169932 260
1739558218550 130.70882886717692 261
1739558218558 130.57900463702381 262
1739558218567 130.44931033108344 263
1739558218575 130.31974581932963 264
1739558218583 130.19031097186635 265
1739558218592 130.06100565892743 266
1739558218600 129.9318297508767 267
1739558218608 129.80278311820763 268
1739558218617 129.6738656315434 269
1739558218625 129.5450771616366 270
1739558218633 129.4164175793692 271
1739558218641 129.28788675575234 272
1739558218650 129.15948456192632 273
1739558218658 129.03121086916033 274
1739558218666 128.90306554885245 275
1739558218675 128.77504847252945 276
1739558218683 128.64715951184664 277
1739558218691 128.51939853858778 278
1739558218700 128.39176542466504 279
1739558218709 128.26426004211862 280
1739558218717 128.13688226311695 281
1739558218725 128.0096319599562 282
1739558218733 127.88250900506058 283
1739558218742 127.75551327098175 284
1739558218750 127.62864463039907 285
1739558218758 127.50190295611924 286
1739558218767 127.37528812107628 287
1739558218775 127.24879999833136 288
1739558218783 127.12243846107278 289
1739558218791 126.99620338261559 290
1739558218800 126.87009463640176 291
1739558218808 126.74411209599984 292
1739558218816 126.61825563510496 293
1739558218824 126.49252512753861 294
1739558218833 126.3669204472486 295
1739558218841 126.24144146830885 296
1739558218849 126.11608806491935 297
1739558218858 125.99086011140595 298
1739558218866 125.8657574822203 299
1739558218874 125.74078005193967 300
1739558218883 125.6159276952669 301
1739558218891 125.49120028703013 302
1739558218899 125.3665977021829 303
1739558218907 125.24211981580376 304
1739558218916 125.11776650309639 305
1739558218924 124.99353763938932 306
1739558218933 124.86943310013585 307
1739558218941 124.74545276091389 308
1739558218950 124.62159649742595 309
1739558218958 124.49786418549886 310
1739558218966 124.37425570108378 311
1739558218975 124.25077092025595 312
1739558218983 124.12740971921467 313
1739558218991 124.00417197428321 314
1739558218999 123.88105756190842 315
1739558219008 123.75806635866101 316
1739558219016 123.63519824123509 317
1739558219024 123.51245308644822 318
1739558219033 123.38983077124124 319
1739558219041 123.26733117267808 320
1739558219049 123.14495416794584 321
1739558219058 123.02269963435442 322
1739558219066 122.90056744933649 323
1739558219074 122.77855749044747 324
1739558219082 122.65666963536526 325
1739558219090 122.5349037618902 326
1739558219099 122.4132597479449 327
1739558219107 122.29173747157424 328
1739558219115 122.17033681094497 329
1739558219124 122.04905764434594 330
1739558219132 121.92789985018773 331
1739558219140 121.80686330700263 332
1739558219148 121.68594789344445 333
1739558219157 121.56515348828849 334
1739558219165 121.44447997043132 335
1739558219174 121.32392721889079 336
1739558219182 121.20349511280574 337
1739558219190 121.08318353143602 338
1739558219199 120.96299235416228 339
1739558219207 120.84292146048593 340
1739558219215 120.7229707300289 341
1739558219224 120.60314004253368 342
1739558219232 120.48342927786307 343
1739558219240 120.36383831600007 344
1739558219248 120.24436703704784 345
1739558219256 120.12501532122951 346
1739558219264 120.00578304888808 347
1739558219272 119.88667010048633 348
1739558219280 119.7676763566066 349
1739558219288 119.64880169795082 350
1739558219297 119.53004600534028 351
1739558219308 119.41140915971553 352
1739558219317 119.29289104213632 353
1739558219325 119.17449153378135 354
1739558219333 119.05621051594831 355
1739558219342 118.93804787005365 356
1739558219350 118.82000347763251 357
1739558219358 118.70207722033858 358
1739558219366 118.58426897994399 359
1739558219375 118.46657863833921 360
1739558219383 118.34900607753286 361
1739558219391 118.23155117965175 362
1739558219399 118.11421382694051 363
1739558219407 117.99699390176171 364
1739558219416 117.87989128659568 365
1739558219424 117.76290586404029 366
1739558219432 117.64603751681089 367
1739558219441 117.52928612774026 368
1739558219449 117.4126515797785 369
1739558219458 117.29613375599268 370
1739558219466 117.17973253956707 371
1739558219474 117.06344781380268 372
1739558219482 116.9472794621175 373
1739558219490 116.83122736804604 374
1739558219499 116.71529141523943 375
1739558219507 116.59947148746524 376
1739558219516 116.48376746860734 377
1739558219524 116.36817924266583 378
1739558219532 116.25270669375686 379
1739558219540 116.13734970611267 380
1739558219548 116.02210816408122 381
1739558219557 115.90698195212624 382
1739558219565 115.79197095482719 383
1739558219573 115.67707505687892 384
1739558219582 115.56229414309175 385
1739558219590 115.4476280983912 386
1739558219598 115.3330768078181 387
1739558219606 115.21864015652817 388
1739558219615 115.10431802979215 389
1739558219623 114.9901103129956 390
1739558219631 114.87601689163873 391
1739558219639 114.76203765133639 392
1739558219648 114.64817247781791 393
1739558219656 114.53442125692695 394
1739558219664 114.4207838746214 395
1739558219672 114.3072602169734 396
1739558219681 114.1938501701689 397
1739558219689 114.08055362050794 398
1739558219697 113.96737045440427 399
1739558219706 113.85430055838533 400
1739558219715 113.7413438190921 401
1739558219724 113.62850012327904 402
1739558219733 113.5157693578139 403
1739558219741 113.4031514096777 404
1739558219749 113.29064616596457 405
1739558219758 113.17825351388159 406
1739558219766 113.06597334074873 407
1739558219775 112.95380553399877 408
1739558219783 112.84174998117712 409
1739558219791 112.72980656994172 410
1739558219799 112.61797518806294 411
1739558219807 112.50625572342348 412
1739558219816 112.39464806401827 413
1739558219824 112.28315209795429 414
1739558219832 112.17176771345054 415
1739558219840 112.06049479883784 416
1739558219849 111.94933324255882 417
1739558219857 111.8382829331677 418
1739558219865 111.7273437593303 419
1739558219873 111.61651560982376 420
1739558219881 111.50579837353666 421
1739558219890 111.3951919394687 422
1739558219898 111.28469619673065 423
1739558219906 111.17431103454433 424
1739558219914 111.06403634224236 425
1739558219923 110.95387200926812 426
1739558219931 110.84381792517568 427
1739558219939 110.7338739796296 428
1739558219947 110.62404006240492 429
1739558219956 110.51431606338687 430
1739558219964 110.40470187257098 431
1739558219975 110.29519738006287 432
1739558219983 110.18580247607815 433
1739558219992 110.07651705094219 434
1739558220000 109.96734099509024 435
1739558220008 109.85827419906718 436
1739558220017 109.7493165535274 437
1739558220026 109.64046794923472 438
1739558220035 109.5317282770623 439
1739558220043 109.42309742799252 440
1739558220052 109.31457529311686 441
1739558220060 109.20616176363578 442
1739558220068 109.09785673085861 443
1739558220076 108.98966008620349 444
1739558220085 108.88157172119722 445
1739558220093 108.77359152747515 446
1739558220102 108.66571939678109 447
1739558220110 108.55795522096717 448
1739558220118 108.45029889199378 449
1739558220126 108.3427503019294 450
1739558220134 108.23530934295057 451
1739558220143 108.12797590734172 452
1739558220151 108.02074988749504 453
1739558220160 107.91363117591047 454
1739558220168 107.80661966519553 455
1739558220176 107.6997152480652 456
1739558220184 107.5929178173418 457
1739558220192 107.48622726595494 458
1739558220200 107.37964348694142 459
1739558220209 107.273166373445 460
1739558220217 107.16679581871648 461
1739558220225 107.06053171611343 462
1739558220234 106.95437395910015 463
1739558220242 106.8483224412476 464
1739558220250 106.7423770562332 465
1739558220258 106.63653769784078 466
1739558220266 106.53080425996053 467
1739558220275 106.42517663658877 468
1739558220283 106.31965472182796 469
1739558220291 106.21423840988648 470
1739558220299 106.1089275950786 471
1739558220308 106.0037221718244 472
1739558220322 105.89862203464962 473
1739558220331 105.79362707818548 474
1739558220339 105.68873719716876 475
1739558220347 105.58395228644149 476
1739558220355 105.47927224095099 477
1739558220364 105.37469695574971 478
1739558220372 105.27022632599514 479
1739558220380 105.16586024694965 480
1739558220389 105.0615986139805 481
1739558220397 104.95744132255957 482
1739558220406 104.85338826826349 483
1739558220414 104.74943934677326 484
1739558220422 104.64559445387435 485
1739558220430 104.5418534854565 486
1739558220438 104.43821633751364 487
1739558220447 104.33468290614381 488
1739558220455 104.23125308754904 489
1739558220463 104.12792677803519 490
1739558220471 104.02470387401196 491
1739558220480 103.92158427199267 492
1739558220488 103.81856786859423 493
1739558220496 103.71565456053703 494
1739558220504 103.61284424464478 495
1739558220512 103.51013681784448 496
1739558220520 103.40753217716627 497
1739558220529 103.30503021974334 498
1739558220537 103.20263084281187 499
