1739613008756 168.72090282371335 0
1739613008765 168.5115513281501 1
1739613008774 168.34507192757172 2
1739613008784 168.17874913274363 3
1739613008793 168.01260825401474 4
1739613008803 167.84664906893818 5
1739613008812 167.680871370563 6
1739613008821 167.5152749521702 7
1739613008830 167.3498596072816 8
1739613008839 167.18462512965954 9
1739613008848 167.0195713133068 10
1739613008857 166.85469795246598 11
1739613008866 166.69000484161938 12
1739613008875 166.52549177548883 13
1739613008884 166.3611585490352 14
1739613008893 166.1970049574583 15
1739613008902 166.0330307961964 16
1739613008910 165.8692358609262 17
1739613008920 165.7056199475623 18
1739613008928 165.54218285225707 19
1739613008937 165.37892437140036 20
1739613008948 165.2158443016192 21
1739613008957 165.05294243977738 22
1739613008966 164.89021858297548 23
1739613008975 164.7276725285503 24
1739613008984 164.56530407407467 25
1739613008993 164.40311301735736 26
1739613009002 164.2410991564425 27
1739613009011 164.0792622896094 28
1739613009020 163.91760221537245 29
1739613009029 163.75611873248062 30
1739613009038 163.59481163991734 31
1739613009046 163.43368073690007 32
1739613009055 163.2727258228801 33
1739613009064 163.11194669754235 34
1739613009076 162.95134316080507 35
1739613009086 162.79091501281934 36
1739613009094 162.6306620539692 37
1739613009103 162.47058408487092 38
1739613009113 162.31068090637322 39
1739613009121 162.15095231955647 40
1739613009131 161.99139812573287 41
1739613009140 161.83201812644592 42
1739613009149 161.67281212347024 43
1739613009157 161.5137799188112 44
1739613009166 161.3549213147048 45
1739613009175 161.19623611361732 46
1739613009185 161.03772411824502 47
1739613009194 160.87938513151389 48
1739613009204 160.7212189565794 49
1739613009213 160.5632253968262 50
1739613009222 160.40540425586786 51
1739613009232 160.2477553375467 52
1739613009241 160.09027844593328 53
1739613009250 159.9329733853263 54
1739613009259 159.77583996025254 55
1739613009268 159.618877975466 56
1739613009277 159.46208723594827 57
1739613009286 159.30546754690778 58
1739613009295 159.14901871377992 59
1739613009304 158.9927405422265 60
1739613009312 158.83663283813553 61
1739613009321 158.6806954076211 62
1739613009330 158.5249280570229 63
1739613009339 158.36933059290615 64
1739613009348 158.2139028220612 65
1739613009357 158.05864455150336 66
1739613009366 157.90355558847241 67
1739613009375 157.74863574043283 68
1739613009383 157.59388481507298 69
1739613009392 157.43930262030509 70
1739613009401 157.28488896426504 71
1739613009410 157.13064365531204 72
1739613009419 156.97656650202828 73
1739613009428 156.8226573132189 74
1739613009437 156.6689158979115 75
1739613009446 156.5153420653558 76
1739613009455 156.36193562502385 77
1739613009464 156.20869638660918 78
1739613009478 156.05562416002687 79
1739613009488 155.9027187554134 80
1739613009497 155.749979983126 81
1739613009506 155.59740765374272 82
1739613009515 155.44500157806198 83
1739613009524 155.29276156710256 84
1739613009534 155.14068743210294 85
1739613009543 154.98877898452145 86
1739613009552 154.8370360360357 87
1739613009561 154.68545839854258 88
1739613009570 154.5340458841578 89
1739613009579 154.3827983052157 90
1739613009588 154.23171547426898 91
1739613009597 154.08079720408853 92
1739613009606 153.9300433076631 93
1739613009615 153.77945359819898 94
1739613009624 153.62902788911984 95
1739613009633 153.47876599406652 96
1739613009642 153.32866772689658 97
1739613009651 153.17873290168419 98
1739613009660 153.02896133271992 99
1739613009669 152.8793528345104 100
1739613009678 152.72990722177795 101
1739613009687 152.5806243094607 102
1739613009696 152.4315039127118 103
1739613009705 152.28254584689972 104
1739613009714 152.1337499276076 105
1739613009722 151.98511597063302 106
1739613009731 151.83664379198814 107
1739613009740 151.68833320789895 108
1739613009749 151.5401840348053 109
1739613009758 151.39219608936057 110
1739613009767 151.24436918843145 111
1739613009775 151.09670314909766 112
1739613009784 150.9491977886517 113
1739613009793 150.80185292459862 114
1739613009802 150.65466837465573 115
1739613009811 150.50764395675236 116
1739613009820 150.36077948902974 117
1739613009829 150.21407478984054 118
1739613009838 150.0675296777487 119
1739613009847 149.92114397152926 120
1739613009856 149.77491749016804 121
1739613009865 149.62885005286134 122
1739613009873 149.48294147901584 123
1739613009882 149.33719158824826 124
1739613009891 149.19160020038504 125
1739613009900 149.0461671354622 126
1739613009908 148.90089221372514 127
1739613009917 148.75577525562832 128
1739613009926 148.61081608183483 129
1739613009935 148.46601451321652 130
1739613009943 148.3213703708535 131
1739613009952 148.17688347603394 132
1739613009962 148.03255365025382 133
1739613009971 147.88838071521675 134
1739613009981 147.74436449283374 135
1739613009990 147.6005048052227 136
1739613010000 147.4568014747086 137
1739613010009 147.31325432382292 138
1739613010018 147.1698631753035 139
1739613010027 147.0266278520944 140
1739613010036 146.88354817734538 141
1739613010045 146.740623974412 142
1739613010053 146.59785506685512 143
1739613010062 146.4552412784408 144
1739613010071 146.31278243314006 145
1739613010080 146.17047835512847 146
1739613010089 146.02832886878608 147
1739613010098 145.8863337986972 148
1739613010107 145.74449296964997 149
1739613010116 145.6028062066363 150
1739613010125 145.4612733348516 151
1739613010134 145.31989417969447 152
1739613010143 145.17866856676648 153
1739613010152 145.03759632187197 154
1739613010161 144.8966772710178 155
1739613010170 144.75591124041304 156
1739613010179 144.61529805646896 157
1739613010188 144.47483754579844 158
1739613010197 144.334529535216 159
1739613010206 144.19437385173748 160
1739613010214 144.05437032257979 161
1739613010223 143.9145187751607 162
1739613010232 143.77481903709867 163
1739613010241 143.6352709362123 164
1739613010250 143.4958743005206 165
1739613010259 143.3566289582423 166
1739613010268 143.21753473779592 167
1739613010276 143.0785914677993 168
1739613010285 142.9397989770696 169
1739613010294 142.80115709462277 170
1739613010303 142.66266564967367 171
1739613010312 142.5243244716356 172
1739613010320 142.38613339012002 173
1739613010329 142.24809223493656 174
1739613010338 142.11020083609264 175
1739613010347 141.97245902379302 176
1739613010356 141.83486662844007 177
1739613010364 141.69742348063312 178
1739613010373 141.5601294111684 179
1739613010382 141.4229842510387 180
1739613010391 141.28598783143337 181
1739613010400 141.14913998373774 182
1739613010409 141.0124405395332 183
1739613010418 140.87588933059678 184
1739613010427 140.73948618890108 185
1739613010435 140.60323094661388 186
1739613010444 140.46712343609792 187
1739613010453 140.3311634899109 188
1739613010462 140.19535094080493 189
1739613010471 140.05968562172646 190
1739613010485 139.92416736581612 191
1739613010494 139.78879600640835 192
1739613010503 139.65357137703128 193
1739613010512 139.51849331140642 194
1739613010522 139.38356164344845 195
1739613010531 139.24877620726502 196
1739613010540 139.11413683715662 197
1739613010549 138.97964336761612 198
1739613010558 138.84529563332867 199
1739613010567 138.71109346917157 200
1739613010576 138.57703671021386 201
1739613010585 138.4431251917162 202
1739613010594 138.30935874913072 203
1739613010603 138.17573721810052 204
1739613010611 138.04226043445976 205
1739613010620 137.90892823423331 206
1739613010629 137.77574045363644 207
1739613010637 137.6426969290747 208
1739613010646 137.50979749714372 209
1739613010655 137.37704199462885 210
1739613010664 137.24443025850508 211
1739613010672 137.1119621259367 212
1739613010681 136.97963743427727 213
1739613010690 136.84745602106912 214
1739613010699 136.71541772404328 215
1739613010708 136.58352238111934 216
1739613010716 136.4517698304051 217
1739613010725 136.3201599101963 218
1739613010734 136.18869245897665 219
1739613010743 136.05736731541725 220
1739613010752 135.92618431837673 221
1739613010761 135.79514330690074 222
1739613010770 135.66424412022192 223
1739613010779 135.53348659775963 224
1739613010787 135.40287057911962 225
1739613010796 135.27239590409397 226
1739613010805 135.14206241266078 227
1739613010814 135.01186994498394 228
1739613010823 134.88181834141312 229
1739613010832 134.7519074424831 230
1739613010841 134.62213708891397 231
1739613010850 134.4925071216109 232
1739613010859 134.36301738166352 233
1739613010867 134.23366771034623 234
1739613010876 134.10445794911752 235
1739613010885 133.9753879396201 236
1739613010894 133.84645752368053 237
1739613010903 133.7176665433089 238
1739613010912 133.58901484069887 239
1739613010921 133.46050225822728 240
1739613010930 133.33212863845395 241
1739613010957 133.20389382412148 242
1739613010996 133.075797658155 243
1739613011006 132.94783998366213 244
1739613011015 132.82002064393254 245
1739613011023 132.69233948243775 246
1739613011033 132.56479634283113 247
1739613011042 132.43739106894748 248
1739613011050 132.3101235048029 249
1739613011059 132.18299349459454 250
1739613011069 132.05600088270046 251
1739613011077 131.9291455136793 252
1739613011086 131.80242723227016 253
1739613011095 131.67584588339238 254
1739613011104 131.54940131214528 255
1739613011113 131.423093363808 256
1739613011122 131.2969218838392 257
1739613011131 131.170886717877 258
1739613011140 131.04498771173868 259
1739613011149 130.9192247114204 260
1739613011158 130.7935975630971 261
1739613011167 130.6681061131223 262
1739613011176 130.5427502080277 263
1739613011186 130.4175296945233 264
1739613011198 130.29244441949683 265
1739613011207 130.16749423001383 266
1739613011216 130.04267897331724 267
1739613011224 129.91799849682732 268
1739613011233 129.79345264814143 269
1739613011242 129.66904127503372 270
1739613011251 129.544764225455 271
1739613011260 129.42062134753252 272
1739613011269 129.2966124895698 273
1739613011278 129.1727375000464 274
1739613011287 129.04899622761764 275
1739613011297 128.92538852111443 276
1739613011306 128.80191422954317 277
1739613011315 128.67857320208543 278
1739613011323 128.5553652880977 279
1739613011333 128.43229033711143 280
1739613011342 128.30934819883245 281
1739613011351 128.18653872314113 282
1739613011361 128.06386176009187 283
1739613011373 127.94131715991314 284
1739613011382 127.81890477300715 285
1739613011391 127.69662444994962 286
1739613011400 127.57447604148967 287
1739613011409 127.45245939854959 288
1739613011418 127.33057437222455 289
1739613011427 127.20882081378248 290
1739613011436 127.0871985746639 291
1739613011445 126.96570750648159 292
1739613011454 126.84434746102052 293
1739613011463 126.7231182902376 294
1739613011473 126.60201984626137 295
1739613011483 126.48105198139204 296
1739613011492 126.360214548101 297
1739613011501 126.23950739903087 298
1739613011510 126.11893038699516 299
1739613011519 125.99848336497809 300
1739613011528 125.8781661861344 301
1739613011537 125.75797870378912 302
1739613011546 125.63792077143749 303
1739613011556 125.51799224274461 304
1739613011565 125.39819297154521 305
1739613011574 125.27852281184374 306
1739613011583 125.15898161781382 307
1739613011592 125.03956924379818 308
1739613011601 124.9202855443086 309
1739613011610 124.80113037402543 310
1739613011619 124.68210358779764 311
1739613011627 124.56320504064256 312
1739613011636 124.44443458774553 313
1739613011645 124.3257920844599 314
1739613011654 124.20727738630676 315
1739613011663 124.08889034897466 316
1739613011672 123.97063082831959 317
1739613011681 123.8524986803646 318
1739613011690 123.73449376129975 319
1739613011699 123.61661592748179 320
1739613011707 123.49886503543405 321
1739613011716 123.38124094184624 322
1739613011725 123.26374350357419 323
1739613011734 123.14637257763974 324
1739613011743 123.02912802123045 325
1739613011752 122.91200969169948 326
1739613011761 122.79501744656538 327
1739613011770 122.67815114351188 328
1739613011779 122.56141064038769 329
1739613011787 122.44479579520637 330
1739613011797 122.32830646614597 331
1739613011805 122.21194251154911 332
1739613011814 122.09570378992248 333
1739613011823 121.9795901599369 334
1739613011832 121.86360148042695 335
1739613011841 121.74773761039087 336
1739613011850 121.6319984089904 337
1739613011859 121.51638373555045 338
1739613011868 121.40089344955902 339
1739613011877 121.28552741066703 340
1739613011885 121.170285478688 341
1739613011894 121.05516751359802 342
1739613011904 120.94017337553541 343
1739613011912 120.82530292480065 344
1739613011921 120.71055602185606 345
1739613011930 120.59593252732577 346
1739613011939 120.48143230199537 347
1739613011950 120.36705520681188 348
1739613011975 120.25280110288338 349
1739613011994 120.138669851479 350
1739613012023 120.02466131402858 351
1739613012062 119.91077535212257 352
1739613012097 119.79701182751185 353
1739613012111 119.68337060210747 354
1739613012124 119.56985153798053 355
1739613012137 119.45645449736192 356
1739613012148 119.34317934264223 357
1739613012159 119.23002593637148 358
1739613012169 119.11699414125893 359
1739613012179 119.00408382017301 360
1739613012190 118.89129483614096 361
1739613012200 118.77862705234874 362
1739613012211 118.66608033214091 363
1739613012223 118.55365453902026 364
1739613012232 118.44134953664778 365
1739613012243 118.32916518884247 366
1739613012253 118.21710135958101 367
1739613012263 118.10515791299774 368
1739613012274 117.99333471338444 369
1739613012284 117.88163162519002 370
1739613012295 117.77004851302046 371
1739613012305 117.65858524163865 372
1739613012315 117.54724167596406 373
1739613012325 117.43601768107274 374
1739613012335 117.32491312219696 375
1739613012352 117.21392786472516 376
1739613012365 117.10306177420166 377
1739613012376 116.9923147163266 378
1739613012385 116.88168655695563 379
1739613012394 116.77117716209979 380
1739613012405 116.66078639792535 381
1739613012415 116.5505141307536 382
1739613012425 116.44036022706061 383
1739613012434 116.33032455347721 384
1739613012444 116.22040697678858 385
1739613012453 116.11060736393426 386
1739613012462 116.00092558200792 387
1739613012473 115.8913614982571 388
1739613012486 115.78191498008313 389
1739613012497 115.67258589504092 390
1739613012509 115.56337411083875 391
1739613012520 115.45427949533803 392
1739613012530 115.34530191655332 393
1739613012541 115.23644124265198 394
1739613012550 115.127697341954 395
1739613012561 115.0190700829319 396
1739613012572 114.91055933421049 397
1739613012581 114.80216496456674 398
1739613012592 114.69388684292954 399
1739613012601 114.58572483837952 400
1739613012624 114.47767882014898 401
1739613012633 114.36974865762159 402
1739613012644 114.2619342203323 403
1739613012656 114.154235377967 404
1739613012665 114.04665200036263 405
1739613012677 113.93918395750671 406
1739613012689 113.83183111953734 407
1739613012698 113.72459335674296 408
1739613012709 113.61747053956219 409
1739613012719 113.51046253858365 410
1739613012729 113.40356922454579 411
1739613012742 113.29679046833665 412
1739613012754 113.19012614099381 413
1739613012764 113.08357611370408 414
1739613012775 112.97714025780348 415
1739613012784 112.87081844477687 416
1739613012795 112.76461054625794 417
1739613012805 112.65851643402898 418
1739613012815 112.55253598002066 419
1739613012827 112.4466690563119 420
1739613012836 112.34091553512968 421
1739613012847 112.235275288849 422
1739613012858 112.12974818999234 423
1739613012867 112.02433411122999 424
1739613012877 111.91903292537943 425
1739613012887 111.81384450540541 426
1739613012897 111.70876872441974 427
1739613012907 111.60380545568104 428
1739613012916 111.49895457259463 429
1739613012930 111.39421594871234 430
1739613012941 111.28958945773232 431
1739613012951 111.18507497349893 432
1739613012962 111.0806723700025 433
1739613012973 110.9763815213792 434
1739613012984 110.87220230191082 435
1739613012994 110.76813458602466 436
1739613013004 110.66417824829333 437
1739613013014 110.56033316343459 438
1739613013025 110.45659920631113 439
1739613013034 110.35297625193044 440
1739613013045 110.24946417544473 441
1739613013056 110.14606285215055 442
1739613013065 110.04277215748883 443
1739613013075 109.93959196704456 444
1739613013085 109.83652215654674 445
1739613013095 109.73356260186806 446
1739613013106 109.63071317902491 447
1739613013116 109.52797376417708 448
1739613013126 109.4253442336277 449
1739613013136 109.32282446382288 450
1739613013146 109.22041433135182 451
1739613013158 109.11811371294637 452
1739613013167 109.01592248548103 453
1739613013177 108.91384052597276 454
1739613013188 108.81186771158077 455
1739613013198 108.71000391960634 456
1739613013208 108.60824902749273 457
1739613013217 108.50660291282496 458
1739613013228 108.40506545332963 459
1739613013239 108.30363652687481 460
1739613013248 108.2023160114698 461
1739613013259 108.10110378526501 462
1739613013269 107.99999972655179 463
1739613013279 107.89900371376233 464
1739613013291 107.79811562546932 465
1739613013301 107.69733534038593 466
1739613013320 107.59666273736562 467
1739613013330 107.496097695402 468
1739613013340 107.39564009362853 469
1739613013349 107.29528981131853 470
1739613013360 107.19504672788493 471
1739613013371 107.09491072288004 472
1739613013381 106.9948816759956 473
1739613013391 106.89495946706235 474
1739613013404 106.79514397605004 475
1739613013413 106.69543508306724 476
1739613013425 106.59583266836113 477
1739613013434 106.49633661231739 478
1739613013445 106.39694679545998 479
1739613013457 106.29766309845101 480
1739613013466 106.19848540209065 481
1739613013476 106.09941358731679 482
1739613013486 106.00044753520505 483
1739613013501 105.90158712696854 484
1739613013511 105.8028322439577 485
1739613013521 105.70418276766016 486
1739613013531 105.60563857970055 487
1739613013551 105.50719956184037 488
1739613013562 105.40886559597783 489
1739613013573 105.31063656414766 490
1739613013582 105.21251234852097 491
1739613013592 105.11449283140509 492
1739613013604 105.01657789524339 493
1739613013614 104.91876742261513 494
1739613013624 104.82106129623536 495
1739613013633 104.72345939895465 496
1739613013643 104.62596161375897 497
1739613013653 104.52856782376963 498
1739613013663 104.43127791224299 499
