1739557723885 168.99975012257713 0
1739557723894 172.09946767300912 1
1739557723903 166.00166475890373 2
1739557723913 165.56788109190475 3
1739557723921 163.44431642375406 4
1739557723930 164.06198937794426 5
1739557723939 169.4454073599715 6
1739557723947 162.84930204954318 7
1739557723955 160.66027522547623 8
1739557723964 168.34686961837386 9
1739557723974 163.3918998621745 10
1739557723988 158.92311750273208 11
1739557723998 162.50914577927944 12
1739557724007 160.41722284106822 13
1739557724016 160.90831595240562 14
1739557724026 157.77683982056155 15
1739557724035 162.29620791414183 16
1739557724046 157.37980514634427 17
1739557724055 156.88097375833914 18
1739557724066 159.70614341423126 19
1739557724076 157.38295080190852 20
1739557724086 156.87290066348555 21
1739557724096 160.5897036102499 22
1739557724105 156.10493331468567 23
1739557724114 159.8835884642745 24
1739557724124 157.21305039823298 25
1739557724133 153.0318493229046 26
1739557724142 156.11626610769972 27
1739557724151 152.71208793993387 28
1739557724161 156.15260874936794 29
1739557724169 154.23542347394795 30
1739557724178 155.16410185789258 31
1739557724187 153.06853623368127 32
1739557724196 154.72063027422269 33
1739557724204 154.3957327479503 34
1739557724213 146.7585072476277 35
1739557724223 150.89773066431226 36
1739557724231 151.63986667879385 37
1739557724240 152.34409771619224 38
1739557724249 145.8787492098003 39
1739557724258 148.3543988352681 40
1739557724266 152.13801310404205 41
1739557724275 152.48962414201156 42
1739557724284 148.82212899715375 43
1739557724293 145.91432905612785 44
1739557724302 147.6421700741517 45
1739557724310 148.2276768128485 46
1739557724319 146.56848835982188 47
1739557724328 144.5365611277057 48
1739557724336 145.58371402616578 49
1739557724345 142.83880535891672 50
1739557724353 145.5488482297159 51
1739557724362 146.1878826470554 52
1739557724370 143.64028586883325 53
1739557724378 145.69793349281065 54
1739557724387 146.2947973395948 55
1739557724395 144.10561410001208 56
1739557724403 143.54768021413432 57
1739557724412 144.75544915322106 58
1739557724420 141.2258949691926 59
1739557724428 141.13175217967927 60
1739557724437 142.41234805135548 61
1739557724445 144.20499475717057 62
1739557724454 141.45580701634887 63
1739557724462 142.18416683487885 64
1739557724470 138.78791304147055 65
1739557724484 138.66976095455541 66
1739557724492 141.62367487704643 67
1739557724500 139.7946683193838 68
1739557724509 137.74065112504292 69
1739557724517 136.78556475829652 70
1739557724525 135.23616555137787 71
1739557724533 138.870233994133 72
1739557724542 136.6831664822721 73
1739557724551 135.73728510095088 74
1739557724559 135.56318592097458 75
1739557724568 133.58242183859502 76
1739557724576 132.59136823159702 77
1739557724585 135.31761902329984 78
1739557724593 134.0862989336364 79
1739557724602 133.3866099136867 80
1739557724610 131.13122708556182 81
1739557724618 134.93412156117589 82
1739557724626 132.53456353242348 83
1739557724635 134.5384392345601 84
1739557724643 133.36543499091042 85
1739557724652 132.50176911749088 86
1739557724660 131.3157782604646 87
1739557724668 130.61553293658474 88
1739557724676 131.81319837885127 89
1739557724684 127.90836469014086 90
1739557724693 125.6065867192304 91
1739557724701 127.90819879678686 92
1739557724709 129.7973328208786 93
1739557724718 129.15494796907868 94
1739557724726 129.09482738315012 95
1739557724734 128.19205606613045 96
1739557724742 127.21420375094803 97
1739557724751 124.88416437193028 98
1739557724759 129.23507119446097 99
1739557724767 129.67859056067888 100
1739557724775 124.04116302205811 101
1739557724784 123.76028743239578 102
1739557724792 121.43591833779807 103
1739557724801 126.60233965204286 104
1739557724809 124.17407897909125 105
1739557724818 123.99725167607747 106
1739557724827 127.92035429264398 107
1739557724835 123.71838678503345 108
1739557724843 124.1730240052223 109
1739557724851 125.14382076972495 110
1739557724860 121.34972067055318 111
1739557724868 123.90466957734094 112
1739557724876 124.09425064185699 113
1739557724884 118.81716280539993 114
1739557724893 123.21848251372293 115
1739557724901 119.55278269945858 116
1739557724909 121.78058838410267 117
1739557724918 118.0372525927937 118
1739557724926 119.97304845478511 119
1739557724934 116.7102051819647 120
1739557724943 120.12322986683753 121
1739557724951 117.17415983387922 122
1739557724960 118.2909857232471 123
1739557724968 118.06757181291377 124
1739557724976 117.99125861503444 125
1739557724984 114.6493872107661 126
1739557724992 115.38455718718124 127
1739557725005 114.91515405557497 128
1739557725014 116.1466295098505 129
1739557725022 115.61829473033654 130
1739557725030 116.56515297219302 131
1739557725039 116.95182872575212 132
1739557725047 115.49213270108461 133
1739557725055 110.08505841681831 134
1739557725064 116.34386191643281 135
1739557725072 112.65880065638068 136
1739557725081 118.53801092498134 137
1739557725090 114.78639014656991 138
1739557725098 114.45977138707111 139
1739557725106 115.33944873761548 140
1739557725115 109.93428139806748 141
1739557725123 108.83641014704827 142
1739557725132 112.99938703258177 143
1739557725140 113.00836774509742 144
1739557725148 110.30772499510367 145
1739557725157 112.42347466389614 146
1739557725165 110.05120819837778 147
1739557725174 111.42757211062938 148
1739557725182 111.46683683626294 149
1739557725190 109.45292578089663 150
1739557725198 110.66266286876368 151
1739557725207 108.2617073243108 152
1739557725215 108.65862623286284 153
1739557725224 108.06625728056044 154
1739557725232 108.1774710762811 155
1739557725240 104.67151517775504 156
1739557725249 106.03590673373498 157
1739557725257 109.64289337644423 158
1739557725266 106.33825691010786 159
1739557725275 110.8957949700708 160
1739557725283 109.4038455047517 161
1739557725292 105.56387051215592 162
1739557725300 103.55451543284461 163
1739557725308 104.94028256236423 164
1739557725317 107.13458687879256 165
1739557725326 106.39753517334682 166
1739557725334 110.42482265666368 167
1739557725343 104.7596205545103 168
1739557725351 105.64542708866934 169
1739557725360 103.26846330508606 170
1739557725368 102.91158912397886 171
1739557725377 101.59653843598353 172
1739557725386 100.69828150275517 173
1739557725394 100.67250808776856 174
1739557725402 100.44418164224957 175
1739557725410 99.59372187479015 176
1739557725419 102.7041337416391 177
1739557725427 100.47252216489188 178
1739557725435 104.64704242261686 179
1739557725444 97.29277333295077 180
1739557725452 97.6677232419189 181
1739557725460 101.37635217529817 182
1739557725468 101.07170220335759 183
1739557725477 101.0964647768838 184
1739557725488 99.87974101576447 185
1739557725497 98.5217219028763 186
1739557725505 98.0792148289822 187
1739557725513 95.91302838671554 188
1739557725521 101.85240522822299 189
1739557725529 98.87316695649683 190
1739557725537 100.45719466528156 191
1739557725545 97.19871731379666 192
1739557725554 97.64744423219821 193
1739557725562 96.74008784846471 194
1739557725570 97.7234531908886 195
1739557725579 98.04381144264912 196
1739557725587 99.16899051567792 197
1739557725595 96.52073036731822 198
1739557725604 97.03505422191101 199
1739557725612 92.45147794325305 200
1739557725621 94.22646860238982 201
1739557725629 96.39612912247267 202
1739557725637 94.5429998572563 203
1739557725646 97.82048874912167 204
1739557725654 93.73485086042285 205
1739557725662 94.05812805113992 206
1739557725671 93.82015647605466 207
1739557725685 95.02410970650328 208
1739557725695 93.58413030566123 209
1739557725703 94.6864940429322 210
1739557725712 93.18972771647945 211
1739557725720 89.99813755855268 212
1739557725729 92.28119578776622 213
1739557725737 89.63057488276418 214
1739557725746 91.11833855888563 215
1739557725754 95.83307256887207 216
1739557725762 88.72025723817669 217
1739557725770 92.43666738360416 218
1739557725779 91.7907531093825 219
1739557725787 91.35672189921692 220
1739557725796 94.795416066828 221
1739557725804 93.73851675730305 222
1739557725812 90.87593234502147 223
1739557725820 88.74432157080255 224
1739557725829 89.92153508937747 225
1739557725838 87.11780843265095 226
1739557725846 89.36947193513211 227
1739557725854 87.13316340460828 228
1739557725862 92.31541404552384 229
1739557725871 88.76299967386537 230
1739557725879 90.25869162012299 231
1739557725887 86.58512044038747 232
1739557725896 87.73349692551969 233
1739557725904 89.00293916215556 234
1739557725912 84.5048196214496 235
1739557725920 90.03508965885757 236
1739557725929 86.16156757175052 237
1739557725937 86.23887991138476 238
1739557725945 88.48866755503106 239
1739557725953 86.43429664929906 240
1739557725962 84.22586906986072 241
1739557725970 86.33964260808607 242
1739557725978 88.47190006693675 243
1739557725986 86.59233231349488 244
1739557725995 83.15277427524802 245
1739557726003 86.16956826521181 246
1739557726012 87.37792773599351 247
1739557726020 82.90102310745021 248
1739557726028 82.07582728060136 249
1739557726036 79.5437268521816 250
1739557726044 85.58747044674867 251
1739557726053 90.15037528936601 252
1739557726061 83.01897283913347 253
1739557726069 83.13752983336906 254
1739557726078 83.91997727151677 255
1739557726087 80.65712861656297 256
1739557726097 78.4890802974149 257
1739557726107 80.93856336111203 258
1739557726116 84.51737373695428 259
1739557726124 82.02742059958578 260
1739557726133 84.60955274958181 261
1739557726142 81.75302618818401 262
1739557726151 82.65994424088774 263
1739557726161 82.91852312958812 264
1739557726171 82.47317790541679 265
1739557726179 79.6704592433013 266
1739557726188 77.82303977895563 267
1739557726197 80.26172900283757 268
1739557726206 78.56057580293114 269
1739557726215 81.689125894877 270
1739557726224 76.77771428633017 271
1739557726233 80.98797832758324 272
1739557726242 81.61774522388451 273
1739557726250 78.26778390103392 274
1739557726259 78.29927496916545 275
1739557726271 74.61656736144577 276
1739557726280 79.9661809856675 277
1739557726289 75.0383497990883 278
1739557726299 75.90148436330132 279
1739557726308 76.43738311800026 280
1739557726317 75.20984460297241 281
1739557726326 77.04350087057763 282
1739557726334 73.69866585341597 283
1739557726343 77.70647477199813 284
1739557726352 76.92442343061296 285
1739557726360 75.68091129851575 286
1739557726368 77.0605956718634 287
1739557726377 73.40918992313864 288
1739557726385 77.08949864485396 289
1739557726394 73.03818046202134 290
1739557726402 76.5914126632378 291
1739557726411 76.11991549949336 292
1739557726419 80.37025048628296 293
1739557726427 77.09605392826663 294
1739557726436 75.62922724823848 295
1739557726444 75.3185062870592 296
1739557726452 74.80513949258044 297
1739557726460 73.71178407707328 298
1739557726469 77.80689234809498 299
1739557726478 74.20229152949811 300
1739557726486 76.1124067002026 301
1739557726499 74.75830505489773 302
1739557726507 74.80070492759509 303
1739557726515 73.04100805913947 304
1739557726523 75.52907151449632 305
1739557726532 74.29519727867306 306
1739557726540 74.59970957345242 307
1739557726548 74.84952350042242 308
1739557726556 65.38320253506843 309
1739557726564 72.50161343386667 310
1739557726572 72.78364525210603 311
1739557726581 70.97929593101661 312
1739557726589 69.80344373319876 313
1739557726598 75.1304543789459 314
1739557726607 68.89337397356817 315
1739557726615 71.22862254918255 316
1739557726623 63.935626547432676 317
1739557726631 72.03571258762037 318
1739557726639 68.84648006112481 319
1739557726648 73.53789145838049 320
1739557726657 68.70294168982343 321
1739557726665 76.1314982854244 322
1739557726673 67.70241436175031 323
1739557726681 70.7498936478002 324
1739557726690 69.2766307290678 325
1739557726698 70.90175943848503 326
1739557726707 67.4175699331138 327
1739557726715 70.43743703361137 328
1739557726723 66.79364040524221 329
1739557726732 63.059910165731296 330
1739557726740 70.0373306686705 331
1739557726748 64.68724810748051 332
1739557726757 68.41183269225012 333
1739557726766 64.62448529801416 334
1739557726774 69.22282627732793 335
1739557726783 68.86408491944307 336
1739557726792 62.42494036528686 337
1739557726800 61.48236318091672 338
1739557726808 65.87365701756653 339
1739557726817 71.56313854952253 340
1739557726825 65.06213339677375 341
1739557726833 70.39685724689728 342
1739557726842 68.24919045167992 343
1739557726850 68.38587583629716 344
1739557726858 65.07449218430577 345
1739557726867 68.71629349446762 346
1739557726876 60.35284511335574 347
1739557726884 60.26578384498412 348
1739557726892 66.3357715146191 349
1739557726900 57.82944340966668 350
1739557726908 67.67078311842923 351
1739557726917 61.502399466939366 352
1739557726925 63.25969151163269 353
1739557726933 69.13784887306124 354
1739557726942 58.654240751577944 355
1739557726950 64.22781862609139 356
1739557726959 60.06250250959591 357
1739557726967 63.26132071139676 358
1739557726975 65.6678400759818 359
1739557726983 56.58568397336932 360
1739557726992 56.75320403475235 361
1739557727001 62.106954533719225 362
1739557727009 67.68606098544369 363
1739557727017 64.57902119532355 364
1739557727025 63.33592833773424 365
1739557727034 58.70611554134628 366
1739557727042 65.5385769587695 367
1739557727050 67.1932975504489 368
1739557727058 59.3804440641338 369
1739557727067 59.723285415057894 370
1739557727075 61.661289108262025 371
1739557727083 62.42837098895732 372
1739557727091 63.303593448126065 373
1739557727100 64.54197893789558 374
1739557727109 59.03224869496243 375
1739557727117 67.17898890881862 376
1739557727125 57.806988167185786 377
1739557727133 59.781576340649 378
1739557727142 58.655424636452324 379
1739557727150 52.851865386899135 380
1739557727158 59.70609918047966 381
1739557727166 59.19046709032364 382
1739557727175 62.03161878272342 383
1739557727183 60.362761072731644 384
1739557727192 57.1708359265852 385
1739557727200 54.92325001789868 386
1739557727209 56.15013582187412 387
1739557727217 57.157933179086406 388
1739557727226 56.16221966771105 389
1739557727234 58.669313584132325 390
1739557727242 62.282792334985345 391
1739557727250 56.988052750787254 392
1739557727258 59.74862694610665 393
1739557727267 60.6866374004684 394
1739557727275 59.727330430293804 395
1739557727283 60.59172905310303 396
1739557727292 63.10647276728387 397
1739557727300 58.858631508905226 398
1739557727308 53.94175224206528 399
1739557727317 56.429856233059304 400
1739557727325 57.0686540647031 401
1739557727334 55.35733840278486 402
1739557727342 57.729157646101065 403
1739557727350 55.84673921103062 404
1739557727359 58.03856238710472 405
1739557727367 51.76708969699989 406
1739557727375 59.90084858669441 407
1739557727384 56.69673149607206 408
1739557727392 52.17081335875064 409
1739557727400 56.7840067357882 410
1739557727409 55.30602223292358 411
1739557727417 60.18991866238381 412
1739557727425 57.73198997785534 413
1739557727434 54.22905686853261 414
1739557727442 56.80790525313018 415
1739557727451 49.72414175687072 416
1739557727459 52.56901526274523 417
1739557727467 49.997817786733094 418
1739557727475 55.49341462147949 419
1739557727484 50.88277656748798 420
1739557727492 52.358749144962914 421
1739557727505 53.152543670378996 422
1739557727513 60.18571432346023 423
1739557727521 56.859700833142846 424
1739557727530 54.84287647064167 425
1739557727538 54.38990350124778 426
1739557727546 58.80412795563554 427
1739557727554 56.62780454349821 428
1739557727562 53.79160961568057 429
1739557727570 53.31838547955678 430
1739557727578 55.50764910270727 431
1739557727587 53.81130779600572 432
1739557727624 59.478698336853924 433
1739557727634 54.21252549592188 434
1739557727643 50.61225365718271 435
1739557727653 51.93935327197952 436
1739557727662 47.63728210010501 437
1739557727671 52.87301491463351 438
1739557727680 50.9620451469607 439
1739557727690 47.4873711092448 440
1739557727698 51.05750090926187 441
1739557727707 56.01279491280499 442
1739557727716 49.60249203334837 443
1739557727725 52.052619383302115 444
1739557727734 48.123677024032084 445
1739557727743 57.19735919073924 446
1739557727752 50.549765950582994 447
1739557727761 52.63262559213062 448
1739557727770 53.37292845389392 449
1739557727778 45.1398765497458 450
1739557727787 58.70876360477806 451
1739557727796 44.87005699181479 452
1739557727805 46.05576951347946 453
1739557727813 45.784375596009696 454
1739557727822 53.20968680643684 455
1739557727831 49.89210182972627 456
1739557727840 51.80238002806192 457
1739557727849 47.249864749187665 458
1739557727858 51.553746499852885 459
1739557727866 46.74246443134188 460
1739557727875 49.96926111035565 461
1739557727884 50.97112991455583 462
1739557727892 49.718348355282494 463
1739557727901 50.08099317299259 464
1739557727910 45.58416174446488 465
1739557727918 50.91095869835441 466
1739557727926 50.53604261610794 467
1739557727934 56.43792500386453 468
1739557727942 48.136244549999354 469
1739557727952 48.95189991920695 470
1739557727961 54.88666352504704 471
1739557727969 48.11027032235102 472
1739557727977 45.62212792111199 473
1739557727985 46.89680677259985 474
1739557727993 45.05586421813478 475
1739557728001 41.43799557330126 476
1739557728010 48.62152291690586 477
1739557728018 51.87031945290892 478
1739557728027 49.142655020800476 479
1739557728035 48.5887605578196 480
1739557728044 52.1585412585559 481
1739557728053 43.68425035725694 482
1739557728061 43.7690106170779 483
1739557728069 43.343375677745115 484
1739557728078 45.38004128415062 485
1739557728086 44.62242352260584 486
1739557728094 45.00885058922143 487
1739557728103 41.43373488854224 488
1739557728111 43.24283411566364 489
1739557728119 47.133449508267226 490
1739557728128 47.45617847298806 491
1739557728136 48.630492252096204 492
1739557728144 45.16049901979364 493
1739557728153 43.51325209846578 494
1739557728161 48.86309011456326 495
1739557728169 45.30601909906793 496
1739557728177 53.92873398845758 497
1739557728185 44.96845217931859 498
1739557728194 50.73443587113901 499
