1739558290470 169.61384606731886 0
1739558290480 166.25303868681732 1
1739558290490 164.61864301377653 2
1739558290499 162.9920370253365 3
1739558290508 161.3816422952475 4
1739558290516 159.78725511633152 5
1739558290525 158.2087165803677 6
1739558290533 156.6458691445471 7
1739558290541 155.09855683317136 8
1739558290550 153.56662522099714 9
1739558290558 152.04992141782918 10
1739558290566 150.5482940532617 11
1739558290575 149.06159326157058 12
1739558290583 147.58967066675643 13
1739558290591 146.13237936773638 14
1739558290599 144.68957392368245 15
1739558290608 143.26111033950627 16
1739558290616 141.84684605148774 17
1739558290624 140.44663991304668 18
1739558290632 139.06035218065594 19
1739558290641 137.68784449989457 20
1739558290650 136.32897989163934 21
1739558290660 134.98362273839388 22
1739558290669 133.65163877075358 23
1739558290677 132.3328950540049 24
1739558290686 131.02725997485823 25
1739558290694 129.73460322831215 26
1739558290702 128.45479580464877 27
1739558290710 127.18770997655784 28
1739558290718 125.93321928638937 29
1739558290727 124.69119853353256 30
1739558290735 123.46152376192029 31
1739558290743 122.24407224765801 32
1739558290752 121.03872248677533 33
1739558290760 119.84535418309953 34
1739558290768 118.66384823624959 35
1739558290776 117.49408672974951 36
1739558290784 116.3359529192599 37
1739558290792 115.1893312209263 38
1739558290800 114.0541071998438 39
1739558290809 112.93016755863565 40
1739558290817 111.81740012614611 41
1739558290825 110.71569384624522 42
1739558290833 109.6249387667449 43
1739558290841 108.5450260284256 44
1739558290850 107.47584785417148 45
1739558290858 106.41729753821404 46
1739558290866 105.36926943548247 47
1739558290874 104.33165895105982 48
1739558290882 103.30436252974415 49
1739558290891 102.28727764571327 50
1739558290899 101.28030279229243 51
1739558290908 100.28333747182339 52
1739558290916 99.29628218563452 53
1739558290924 98.31903842411056 54
1739558290933 97.35150865686077 55
1739558290941 96.39359632298529 56
1739558290949 95.44520582143784 57
1739558290958 94.5062425014845 58
1739558290966 93.57661265325716 59
1739558290974 92.65622349840105 60
1739558290982 91.74498318081496 61
1739558290991 90.84280075748387 62
1739558291000 89.9495861894023 63
1739558291008 89.06525033258823 64
1739558291016 88.18970492918625 65
1739558291025 87.32286259865897 66
1739558291033 86.46463682906621 67
1739558291041 85.61494196843088 68
1739558291049 84.77369321619041 69
1739558291058 83.9408066147335 70
1739558291066 83.11619904102085 71
1739558291074 82.29978819828908 72
1739558291082 81.49149260783733 73
1739558291091 80.69123160089532 74
1739558291099 79.89892531057237 75
1739558291107 79.11449466388638 76
1739558291115 78.337861373872 77
1739558291124 77.56894793176743 78
1739558291132 76.80767759927868 79
1739558291140 76.05397440092086 80
1739558291148 75.30776311643552 81
1739558291156 74.56896927328341 82
1739558291164 73.83751913921192 83
1739558291173 73.11333971489616 84
1739558291181 72.3963587266536 85
1739558291189 71.6865046192307 86
1739558291198 70.98370654866162 87
1739558291206 70.28789437519751 88
1739558291214 69.59899865630655 89
1739558291222 68.91695063974316 90
1739558291231 68.24168225668643 91
1739558291239 67.57312611494645 92
1739558291247 66.91121549223844 93
1739558291256 66.2558843295236 94
1739558291264 65.60706722441616 95
1739558291273 64.96469942465605 96
1739558291282 64.32871682164625 97
1739558291290 63.69905594405474 98
1739558291298 63.07565395147962 99
1739558291306 62.458448628177564 100
1739558291314 61.84737837685441 101
1739558291323 61.24238221251748 102
1739558291331 60.643399756389165 103
1739558291340 60.05037122988082 104
1739558291348 59.463237448626664 105
1739558291356 58.881939816577045 106
1739558291364 58.306420320150224 107
1739558291372 57.736621522442526 108
1739558291381 57.1724865574958 109
1739558291389 56.61395912462217 110
1739558291398 56.060983482784835 111
1739558291406 55.513504445035046 112
1739558291414 54.97146737300423 113
1739558291427 54.434818171450814 114
1739558291435 53.90350328286145 115
1739558291443 53.37746968210562 116
1739558291452 52.85666487114372 117
1739558291460 52.341036873787424 118
1739558291468 51.830534230512335 119
1739558291476 51.32510599332216 120
1739558291484 50.82470172066388 121
1739558291493 50.3292714723935 122
1739558291501 49.83876580479189 123
1739558291510 49.35313576563007 124
1739558291518 48.87233288928364 125
1739558291526 48.39630919189569 126
1739558291534 47.92501716658794 127
1739558291543 47.45840977871926 128
1739558291551 46.99644046119155 129
1739558291559 46.53906310980207 130
1739558291567 46.0862320786422 131
1739558291575 45.637902175541704 132
1739558291584 45.19402865755847 133
1739558291592 44.75456722651294 134
1739558291600 44.31947402456707 135
1739558291608 43.88870562984705 136
1739558291617 43.462219052109766 137
1739558291625 43.03997172845215 138
1739558291633 42.62192151906327 139
1739558291641 42.20802670301861 140
1739558291649 41.79824597411618 141
1739558291658 41.39253843675404 142
1739558291666 40.990863601848744 143
1739558291675 40.59318138279435 144
1739558291684 40.199452091461715 145
1739558291693 39.809636434237426 146
1739558291705 39.423695508102156 147
1739558291716 39.041590796748 148
1739558291725 38.663284166734435 149
1739558291734 38.28873786368248 150
1739558291743 37.9179145085066 151
1739558291751 37.550777093684225 152
1739558291759 37.187288979562226 153
1739558291768 36.82741389070012 154
1739558291776 36.471115912249736 155
1739558291785 36.118359486370686 156
1739558291793 35.769109408681615 157
1739558291801 35.42333082474671 158
1739558291809 35.080989226597005 159
1739558291818 34.742050449286474 160
1739558291826 34.40648066748219 161
1739558291834 34.074246392088426 162
1739558291842 33.74531446690436 163
1739558291850 33.41965206531492 164
1739558291858 33.09722668701464 165
1739558291867 32.77800615476392 166
1739558291876 32.46195861117773 167
1739558291884 32.14905251554603 168
1739558291893 31.839256640685974 169
1739558291901 31.53254006982527 170
1739558291909 31.228872193516594 171
1739558291917 30.92822270658266 172
1739558291926 30.630561605091668 173
1739558291934 30.335859183362768 174
1739558291942 30.044086031001378 175
1739558291950 29.755213029963876 176
1739558291958 29.469211351651538 177
1739558291967 29.186052454033334 178
1739558291977 28.90570807879733 179
1739558291986 28.628150248530428 180
1739558291994 28.353351263926083 181
1739558292002 28.08128370101984 182
1739558292010 27.811920408452327 183
1739558292018 27.545234504759428 184
1739558292027 27.28119937568943 185
1739558292035 27.01978867154685 186
1739558292043 26.760976304562593 187
1739558292052 26.50473644629034 188
1739558292060 26.251043525028773 189
1739558292068 25.999872223269396 190
1739558292077 25.751197475169786 191
1739558292086 25.50499446405193 192
1739558292094 25.26123861992542 193
1739558292102 25.019905617035278 194
1739558292110 24.780971371434205 195
1739558292118 24.54441203857883 196
1739558292126 24.31020401095002 197
1739558292135 24.07832391569673 198
1739558292143 23.848748612303318 199
1739558292151 23.621455190280017 200
1739558292159 23.39642096687643 201
1739558292168 23.173623484817657 202
1739558292176 22.953040510063015 203
1739558292184 22.734650029587016 204
1739558292192 22.518430249182334 205
1739558292200 22.304359591284708 206
1739558292209 22.092416692819423 207
1739558292217 21.882580403069163 208
1739558292225 21.674829781563147 209
1739558292234 21.46914409598715 210
1739558292242 21.265502820114367 211
1739558292250 21.063885631756822 212
1739558292258 20.864272410737136 213
1739558292267 20.66664323688044 214
1739558292275 20.470978388026325 215
1739558292283 20.277258338060435 216
1739558292292 20.085463754965755 217
1739558292300 19.89557549889314 218
1739558292309 19.707574620251165 219
1739558292317 19.52144235781481 220
1739558292325 19.33716013685309 221
1739558292333 19.154709567275184 222
1739558292342 18.974072441795055 223
1739558292350 18.79523073411431 224
1739558292358 18.618166597123086 225
1739558292366 18.442862361118866 226
1739558292375 18.269300532042976 227
1739558292383 18.097463789734597 228
1739558292391 17.927334986202176 229
1739558292399 17.758897143911987 230
1739558292408 17.592133454093705 231
1739558292416 17.427027275062848 232
1739558292429 17.263562130559844 233
1739558292437 17.101721708105686 234
1739558292445 16.941489857373842 235
1739558292454 16.782850588578434 236
1739558292462 16.625788070878386 237
1739558292470 16.470286630797442 238
1739558292479 16.316330750659922 239
1739558292487 16.16390506704195 240
1739558292495 16.012994369238175 241
1739558292503 15.863583597743693 242
1739558292511 15.715657842751039 243
1739558292520 15.569202342662127 244
1739558292528 15.424202482614985 245
1739558292537 15.280643793025169 246
1739558292545 15.138511948141621 247
1739558292553 14.99779276461692 248
1739558292561 14.858472200091741 249
1739558292569 14.720536351793353 250
1739558292578 14.58397145514809 251
1739558292586 14.448763882407595 252
1739558292594 14.314900141288728 253
1739558292602 14.182366873626977 254
1739558292611 14.051150854043263 255
1739558292619 13.921238988624017 256
1739558292627 13.792618313614343 257
1739558292635 13.665275994124205 258
1739558292643 13.539199322847443 259
1739558292652 13.414375718793554 260
1739558292660 13.290792726032052 261
1739558292668 13.16843801244933 262
1739558292676 13.047299368517866 263
1739558292684 12.927364706077668 264
1739558292692 12.808622057129837 265
1739558292701 12.691059572642118 266
1739558292709 12.574665521366327 267
1739558292717 12.459428288667507 268
1739558292725 12.345336375364784 269
1739558292734 12.232378396583702 270
1739558292742 12.120543080619914 271
1739558292750 12.009819267814308 272
1739558292758 11.90019590943918 273
1739558292766 11.791662066595565 274
1739558292774 11.684206909121457 275
1739558292783 11.577819714510944 276
1739558292791 11.47248986684408 277
1739558292799 11.368206855727351 278
1739558292808 11.264960275244691 279
1739558292816 11.162739822918978 280
1739558292824 11.06153529868378 281
1739558292833 10.961336603865341 282
1739558292841 10.862133740174736 283
1739558292849 10.763916808709956 284
1739558292857 10.666676008968018 285
1739558292866 10.570401637866789 286
1739558292874 10.475084088776622 287
1739558292882 10.380713850561559 288
1739558292890 10.28728150663009 289
1739558292899 10.194777733995354 290
1739558292907 10.103193302344648 291
1739558292915 10.012519073118233 292
1739558292923 9.922745998597255 293
1739558292932 9.833865121000782 294
1739558292940 9.745867571591743 295
1739558292948 9.65874456979181 296
1739558292957 9.572487422305102 297
1739558292966 9.487087522250494 298
1739558292974 9.402536348302691 299
1739558292983 9.318825463841721 300
1739558292991 9.235946516110952 301
1739558292999 9.153891235383444 302
1739558293007 9.072651434136622 303
1739558293016 8.992219006235104 304
1739558293025 8.912585926121691 305
1739558293033 8.833744248016414 306
1739558293041 8.755686105123464 307
1739558293050 8.678403708846112 308
1739558293058 8.601889348009344 309
1739558293066 8.526135388090267 310
1739558293074 8.451134270456167 311
1739558293082 8.37687851161012 312
1739558293090 8.303360702444113 313
1739558293098 8.230573507499592 314
1739558293107 8.158509664235352 315
1739558293115 8.087161982302707 316
1739558293123 8.016523342827902 317
1739558293131 7.946586697701568 318
1739558293139 7.877345068875331 319
1739558293147 7.808791547665376 320
1739558293156 7.740919294062921 321
1739558293164 7.673721536051574 322
1739558293172 7.607191568931467 323
1739558293180 7.541322754650083 324
1739558293189 7.476108521139764 325
1739558293197 7.411542361661791 326
1739558293205 7.347617834157017 327
1739558293213 7.284328560602874 328
1739558293221 7.221668226376875 329
1739558293230 7.159630579626358 330
1739558293238 7.098209430644534 331
1739558293247 7.037398651252761 332
1739558293255 6.977192174188897 333
1739558293263 6.917583992501775 334
1739558293271 6.858568158951698 335
1739558293280 6.800138785416861 336
1739558293288 6.742290042305725 337
1739558293296 6.6850161579751735 338
1739558293304 6.6283114181545155 339
1739558293313 6.572170165375153 340
1739558293321 6.5165867984059505 341
1739558293329 6.461555771694213 342
1739558293338 6.407071594812238 343
1739558293346 6.353128831909321 344
1739558293355 6.299722101169263 345
1739558293363 6.246846074273242 346
1739558293371 6.194495475868019 347
1739558293380 6.142665083039443 348
1739558293388 6.091349724791179 349
1739558293396 6.040544281528641 350
1739558293405 5.99024368454802 351
1739558293413 5.94044291553043 352
1739558293421 5.891137006041048 353
1739558293435 5.84232103703324 354
1739558293443 5.793990138357635 355
1739558293451 5.746139488276062 356
1739558293459 5.698764312980323 357
1739558293468 5.651859886115759 358
1739558293476 5.605421528309528 359
1739558293484 5.559444606703599 360
1739558293492 5.513924534492371 361
1739558293501 5.468856770464898 362
1739558293509 5.424236818551653 363
1739558293517 5.380060227375808 364
1739558293526 5.336322589808974 365
1739558293534 5.293019542531347 366
1739558293542 5.250146765596237 367
1739558293550 5.207699981998923 368
1739558293558 5.165674957249792 369
1739558293567 5.124067498951726 370
1739558293575 5.082873456381672 371
1739558293583 5.042088720076414 372
1739558293592 5.001709221422396 373
1739558293600 4.961730932249682 374
1739558293608 4.92214986442993 375
1739558293616 4.882962069478368 376
1739558293624 4.844163638159702 377
1739558293632 4.805750700097983 378
1739558293640 4.767719423390307 379
1739558293649 4.7300660142243975 380
1739558293657 4.69278671649995 381
1739558293665 4.655877811453788 382
1739558293673 4.619335617288695 383
1739558293682 4.583156488805948 384
1739558293690 4.547336817041559 385
1739558293698 4.511873028906027 386
1739558293706 4.476761586827791 387
1739558293714 4.441998988400117 388
1739558293722 4.407581766031576 389
1739558293730 4.373506486599955 390
1739558293739 4.339769751109633 391
1739558293747 4.306368194352323 392
1739558293755 4.273298484571238 393
1739558293764 4.240557323128553 394
1739558293772 4.208141444176198 395
1739558293781 4.176047614329919 396
1739558293789 4.144272632346563 397
1739558293797 4.112813328804577 398
1739558293805 4.081666565787723 399
1739558293813 4.050829236571863 400
1739558293822 4.020298265314915 401
1739558293830 3.990070606749879 402
1739558293838 3.9601432458808983 403
1739558293846 3.9305131976823455 404
1739558293856 3.901177506800934 405
1739558293864 3.872133247260739 406
1739558293872 3.8433775221711706 407
1739558293881 3.814907463437877 408
1739558293889 3.7867202314764805 409
1739558293897 3.7588130149291867 410
1739558293905 3.731183030384195 411
1739558293914 3.7038275220979107 412
1739558293922 3.676743761719898 413
1739558293930 3.6499290480205997 414
1739558293939 3.623380706621735 415
1739558293947 3.59709608972939 416
1739558293955 3.5710725758697492 417
1739558293964 3.5453075696274765 418
1739558293972 3.5197985013866857 419
1739558293980 3.4945428270744565 420
1739558293989 3.4695380279069634 421
1739558293997 3.444781610138072 422
1739558294005 3.420271104810456 423
1739558294013 3.396004067509196 424
1739558294022 3.3719780781177957 425
1739558294030 3.348190740576675 426
1739558294039 3.3246396826440097 427
1739558294047 3.3013225556589965 428
1739558294055 3.2782370343074323 429
1739558294064 3.2553808163896347 430
1739558294072 3.2327516225906967 431
1739558294081 3.210347196252981 432
1739558294090 3.1881653031509174 433
1739558294099 3.1662037312679967 434
1739558294108 3.144460290576017 435
1739558294116 3.1229328128165177 436
1739558294124 3.101619151284365 437
1739558294133 3.0805171806135117 438
1739558294141 3.0596247965648784 439
1739558294150 3.0389399158163393 440
1739558294158 3.0184604757548015 441
1739558294167 2.998184434270347 442
1739558294175 2.97810976955243 443
1739558294183 2.958234479888086 444
1739558294191 2.93855658346215 445
1739558294200 2.919074118159475 446
1739558294208 2.899785141369104 447
1739558294216 2.88068772979038 448
1739558294224 2.861779979241011 449
1739558294232 2.8430600044670125 450
1739558294241 2.824525938954554 451
1739558294249 2.8061759347436794 452
1739558294257 2.7880081622438704 453
1739558294266 2.770020810051454 454
1739558294275 2.7522120847688116 455
1739558294283 2.7345802108253823 456
1739558294291 2.717123430300482 457
1739558294299 2.699840002747826 458
1739558294307 2.682728205021842 459
1739558294316 2.6657863311057 460
1739558294324 2.6490126919410315 461
1739558294333 2.63240561525937 462
1739558294341 2.6159634454152347 463
1739558294349 2.5996845432209112 464
1739558294357 2.5835672857828436 465
1739558294365 2.567610066339666 466
1739558294374 2.551811294101837 467
1739558294382 2.5361693940928833 468
1739558294390 2.520682806992207 469
1739558294398 2.5053499889794586 470
1739558294406 2.4901694115804616 471
1739558294414 2.4751395615146548 472
1739558294423 2.460258940544088 473
1739558294431 2.4455260653238575 474
1739558294442 2.4309394672540905 475
1739558294450 2.4164976923333596 476
1739558294459 2.4021993010135763 477
1739558294467 2.3880428680563117 478
1739558294475 2.374026982390558 479
1739558294483 2.360150246971902 480
1739558294493 2.3464112786430826 481
1739558294502 2.3328087079959587 482
1739558294510 2.3193411792348306 483
1739558294518 2.306007350041133 484
1739558294526 2.292805891439469 485
1739558294535 2.2797354876649627 486
1739558294543 2.26679483603195 487
1739558294552 2.2539826468039608 488
1739558294560 2.2412976430649976 489
1739558294569 2.228738560592108 490
1739558294577 2.216304147729198 491
1739558294585 2.203993165262118 492
1739558294593 2.1918043862949763 493
1739558294601 2.1797365961277047 494
1739558294609 2.1677885921348117 495
1739558294617 2.1559591836453733 496
1739558294626 2.1442471918241863 497
1739558294634 2.1326514495541287 498
1739558294642 2.12117080131966 499
