1739617932136 168.72090282371335 0
1739617932153 168.68752948798834 1
1739617932170 168.65416279155463 2
1739617932186 168.62080273309135 3
1739617932202 168.58744931127796 4
1739617932217 168.5541025247941 5
1739617932232 168.5207623723198 6
1739617932248 168.48742885253523 7
1739617932264 168.45410196412087 8
1739617932280 168.4207817057574 9
1739617932295 168.387468076126 10
1739617932329 168.35416107390773 11
1739617932346 168.32086069778427 12
1739617932362 168.2875669464373 13
1739617932377 168.25427981854892 14
1739617932393 168.2209993128015 15
1739617932411 168.18772542787752 16
1739617932427 168.1544581624599 17
1739617932443 168.1211975152317 18
1739617932461 168.0879434848763 19
1739617932480 168.05469607007726 20
1739617932497 168.02145526951858 21
1739617932514 167.98822108188438 22
1739617932584 167.95499350585902 23
1739617932605 167.92177254012717 24
1739617932629 167.88855818337382 25
1739617932649 167.85535043428413 26
1739617932669 167.82214929154352 27
1739617932688 167.78895475383783 28
1739617932708 167.7557668198529 29
1739617932727 167.72258548827512 30
1739617932746 167.68941075779085 31
1739617932764 167.65624262708693 32
1739617932783 167.62308109485033 33
1739617932802 167.58992615976842 34
1739617932823 167.5567778205287 35
1739617932842 167.523636075819 36
1739617932860 167.4905009243274 37
1739617932879 167.45737236474213 38
1739617932897 167.42425039575193 39
1739617932915 167.39113501604552 40
1739617932935 167.35802622431214 41
1739617932954 167.32492401924105 42
1739617932973 167.291828399522 43
1739617932993 167.2587393638448 44
1739617933020 167.2256569108996 45
1739617933044 167.19258103937685 46
1739617933064 167.15951174796723 47
1739617933084 167.12644903536173 48
1739617933105 167.09339290025142 49
1739617933125 167.0603433413279 50
1739617933145 167.02730035728277 51
1739617933165 166.9942639468081 52
1739617933186 166.96123410859607 53
1739617933206 166.9282108413392 54
1739617933226 166.89519414373027 55
1739617933249 166.8621840144623 56
1739617933272 166.8291804522285 57
1739617933293 166.7961834557225 58
1739617933337 166.76319302363808 59
1739617933366 166.73020915466927 60
1739617933395 166.6972318475104 61
1739617933415 166.66426110085607 62
1739617933434 166.6312969134011 63
1739617933454 166.5983392838406 64
1739617933476 166.5653882108699 65
1739617933497 166.53244369318466 66
1739617933517 166.49950572948072 67
1739617933536 166.46657431845426 68
1739617933556 166.43364945880165 69
1739617933576 166.40073114921958 70
1739617933595 166.36781938840488 71
1739617933614 166.3349141750548 72
1739617933634 166.30201550786674 73
1739617933653 166.2691233855384 74
1739617933674 166.23623780676778 75
1739617933693 166.203358770253 76
1739617933712 166.17048627469265 77
1739617933732 166.13762031878534 78
1739617933756 166.1047609012301 79
1739617933788 166.07190802072617 80
1739617933815 166.03906167597307 81
1739617933841 166.0062218656706 82
1739617933870 165.9733885885187 83
1739617933899 165.94056184321772 84
1739617933921 165.90774162846816 85
1739617933945 165.87492794297088 86
1739617933968 165.84212078542683 87
1739617933988 165.80932015453743 88
1739617934009 165.7765260490042 89
1739617934031 165.74373846752897 90
1739617934052 165.7109574088138 91
1739617934072 165.67818287156115 92
1739617934091 165.6454148544735 93
1739617934111 165.61265335625382 94
1739617934130 165.57989837560515 95
1739617934149 165.54714991123092 96
1739617934168 165.51440796183476 97
1739617934186 165.48167252612055 98
1739617934204 165.44894360279244 99
1739617934222 165.41622119055492 100
1739617934241 165.3835052881125 101
1739617934262 165.35079589417026 102
1739617934307 165.31809300743336 103
1739617934347 165.28539662660717 104
1739617934388 165.25270675039744 105
1739617934423 165.2200233775101 106
1739617934459 165.18734650665144 107
1739617934494 165.15467613652785 108
1739617934531 165.12201226584608 109
1739617934554 165.08935489331316 110
1739617934577 165.05670401763626 111
1739617934599 165.02405963752295 112
1739617934620 164.99142175168097 113
1739617934642 164.9587903588183 114
1739617934663 164.92616545764326 115
1739617934685 164.89354704686437 116
1739617934706 164.86093512519042 117
1739617934729 164.82832969133042 118
1739617934751 164.79573074399372 119
1739617934773 164.76313828188984 120
1739617934793 164.7305523037286 121
1739617934815 164.69797280822007 122
1739617934840 164.6653997940746 123
1739617934868 164.63283326000274 124
1739617934893 164.60027320471534 125
1739617934922 164.56771962692352 126
1739617934947 164.53517252533862 127
1739617934973 164.50263189867226 128
1739617934995 164.47009774563628 129
1739617935017 164.43757006494283 130
1739617935037 164.40504885530427 131
1739617935062 164.37253411543324 132
1739617935084 164.34002584404266 133
1739617935105 164.3075240398456 134
1739617935125 164.27502870155556 135
1739617935145 164.2425398278861 136
1739617935166 164.2100574175512 137
1739617935186 164.17758146926502 138
1739617935211 164.14511198174205 139
1739617935236 164.11264895369683 140
1739617935296 164.08019238384438 141
1739617935327 164.0477422708999 142
1739617935351 164.01529861357884 143
1739617935376 163.98286141059685 144
1739617935404 163.95043066066998 145
1739617935434 163.91800636251438 146
1739617935459 163.88558851484652 147
1739617935496 163.8531771163832 148
1739617935544 163.8207721658413 149
1739617935649 163.7883736619381 150
1739617935707 163.75598160339112 151
1739617935762 163.72359598891808 152
1739617935797 163.69121681723692 153
1739617935833 163.65884408706603 154
1739617935862 163.62647779712387 155
1739617935889 163.59411794612916 156
1739617935918 163.56176453280094 157
1739617935977 163.52941755585852 158
1739617936077 163.49707701402144 159
1739617936447 163.46474290600943 160
1739617936609 163.4324152305426 161
1739617936792 163.4000939863412 162
1739617936843 163.36777917212575 163
1739617936881 163.33547078661715 164
1739617936912 163.30316882853631 165
1739617936937 163.27087329660472 166
1739617936962 163.23858418954384 167
1739617937004 163.20630150607553 168
1739617937060 163.17402524492184 169
1739617937098 163.1417554048051 170
1739617937125 163.109491984448 171
1739617937150 163.07723498257323 172
1739617937175 163.0449843979039 173
1739617937200 163.01274022916346 174
1739617937221 162.9805024750755 175
1739617937241 162.94827113436375 176
1739617937263 162.91604620575242 177
1739617937284 162.8838276879659 178
1739617937305 162.8516155797287 179
1739617937326 162.8194098797658 180
1739617937346 162.7872105868023 181
1739617937366 162.75501769956347 182
1739617937386 162.7228312167751 183
1739617937406 162.69065113716294 184
1739617937426 162.65847745945322 185
1739617937447 162.62631018237235 186
1739617937467 162.59414930464686 187
1739617937489 162.56199482500378 188
1739617937509 162.52984674217012 189
1739617937530 162.49770505487342 190
1739617937550 162.46556976184127 191
1739617937570 162.4334408618016 192
1739617937588 162.4013183534826 193
1739617937607 162.3692022356126 194
1739617937626 162.33709250692036 195
1739617937646 162.30498916613473 196
1739617937664 162.27289221198498 197
1739617937682 162.24080164320043 198
1739617937700 162.20871745851088 199
1739617937718 162.1766396566462 200
1739617937734 162.14456823633657 201
1739617937750 162.11250319631242 202
1739617937766 162.08044453530448 203
1739617937782 162.04839225204367 204
1739617937798 162.01634634526124 205
1739617937815 161.9843068136886 206
1739617937831 161.95227365605737 207
1739617937849 161.92024687109966 208
1739617937865 161.88822645754755 209
1739617937882 161.85621241413358 210
1739617937898 161.8242047395904 211
1739617937914 161.79220343265106 212
1739617937932 161.7602084920487 213
1739617937947 161.7282199165168 214
1739617937963 161.6962377047891 215
1739617937977 161.66426185559953 216
1739617937991 161.63229236768237 217
1739617938006 161.6003292397721 218
1739617938024 161.56837247060335 219
1739617938040 161.5364220589112 220
1739617938055 161.50447800343082 221
1739617938070 161.47254030289773 222
1739617938084 161.44060895604767 223
1739617938099 161.4086839616166 224
1739617938115 161.37676531834074 225
1739617938132 161.34485302495665 226
1739617938147 161.31294708020096 227
1739617938162 161.28104748281075 228
1739617938177 161.24915423152325 229
1739617938192 161.21726732507588 230
1739617938207 161.1853867622065 231
1739617938222 161.153512541653 232
1739617938237 161.12164466215364 233
1739617938252 161.089783122447 234
1739617938268 161.05792792127178 235
1739617938283 161.02607905736696 236
1739617938298 160.9942365294718 237
1739617938314 160.96240033632583 238
1739617938329 160.93057047666875 239
1739617938345 160.8987469492406 240
1739617938359 160.86692975278166 241
1739617938374 160.83511888603238 242
1739617938389 160.80331434773348 243
1739617938404 160.77151613662608 244
1739617938419 160.73972425145135 245
1739617938435 160.70793869095078 246
1739617938450 160.67615945386623 247
1739617938465 160.6443865389396 248
1739617938480 160.6126199449132 249
1739617938496 160.58085967052952 250
1739617938511 160.54910571453135 251
1739617938526 160.51735807566166 252
1739617938542 160.48561675266367 253
1739617938557 160.45388174428098 254
1739617938575 160.42215304925728 255
1739617938594 160.39043066633658 256
1739617938616 160.35871459426318 257
1739617938631 160.32700483178152 258
1739617938646 160.2953013776365 259
1739617938661 160.26360423057295 260
1739617938676 160.23191338933617 261
1739617938692 160.20022885267176 262
1739617938707 160.16855061932537 263
1739617938722 160.13687868804305 264
1739617938736 160.1052130575711 265
1739617938751 160.07355372665592 266
1739617938765 160.04190069404433 267
1739617938780 160.0102539584833 268
1739617938795 159.97861351872015 269
1739617938810 159.94697937350227 270
1739617938826 159.91535152157755 271
1739617938841 159.88372996169386 272
1739617938856 159.85211469259949 273
1739617938871 159.820505713043 274
1739617938886 159.788903021773 275
1739617938901 159.75730661753863 276
1739617938917 159.7257164990891 277
1739617938931 159.69413266517378 278
1739617938946 159.66255511454258 279
1739617938961 159.63098384594537 280
1739617938976 159.59941885813245 281
1739617938993 159.5678601498543 282
1739617939009 159.53630771986164 283
1739617939025 159.50476156690547 284
1739617939042 159.47322168973704 285
1739617939057 159.44168808710776 286
1739617939072 159.41016075776946 287
1739617939087 159.37863970047403 288
1739617939101 159.34712491397377 289
1739617939116 159.3156163970211 290
1739617939132 159.28411414836876 291
1739617939146 159.2526181667697 292
1739617939162 159.2211284509772 293
1739617939177 159.18964499974467 294
1739617939193 159.15816781182588 295
1739617939207 159.1266968859747 296
1739617939223 159.09523222094543 297
1739617939241 159.0637738154925 298
1739617939261 159.03232166837066 299
1739617939279 159.00087577833472 300
1739617939296 158.96943614414005 301
1739617939315 158.93800276454203 302
1739617939330 158.90657563829635 303
1739617939344 158.87515476415896 304
1739617939359 158.8437401408861 305
1739617939375 158.8123317672341 306
1739617939390 158.78092964195974 307
1739617939405 158.74953376381995 308
1739617939419 158.71814413157188 309
1739617939435 158.68676074397294 310
1739617939450 158.6553835997809 311
1739617939465 158.62401269775353 312
1739617939480 158.5926480366492 313
1739617939496 158.56128961522612 314
1739617939512 158.5299374322431 315
1739617939527 158.49859148645902 316
1739617939541 158.46725177663302 317
1739617939555 158.43591830152448 318
1739617939570 158.4045910598931 319
1739617939586 158.37327005049877 320
1739617939601 158.34195527210161 321
1739617939615 158.310646723462 322
1739617939630 158.27934440334067 323
1739617939644 158.24804831049843 324
1739617939658 158.21675844369645 325
1739617939673 158.185474801696 326
1739617939689 158.15419738325886 327
1739617939704 158.12292618714682 328
1739617939720 158.091661212122 329
1739617939736 158.06040245694678 330
1739617939753 158.02914992038373 331
1739617939768 157.9979036011958 332
1739617939783 157.96666349814598 333
1739617939797 157.93542960999767 334
1739617939813 157.90420193551446 335
1739617939829 157.87298047346022 336
1739617939844 157.841765222599 337
1739617939860 157.81055618169515 338
1739617939876 157.77935334951323 339
1739617939891 157.7481567248181 340
1739617939906 157.71696630637476 341
1739617939920 157.6857820929486 342
1739617939935 157.6546040833052 343
1739617939950 157.62343227621025 344
1739617939964 157.5922666704299 345
1739617939979 157.56110726473042 346
1739617939994 157.5299540578783 347
1739617940009 157.49880704864043 348
1739617940024 157.46766623578375 349
1739617940041 157.4365316180756 350
1739617940058 157.4054031942835 351
1739617940073 157.3742809631752 352
1739617940088 157.34316492351874 353
1739617940103 157.3120550740823 354
1739617940117 157.28095141363454 355
1739617940132 157.24985394094404 356
1739617940147 157.21876265477988 357
1739617940162 157.18767755391133 358
1739617940177 157.15659863710775 359
1739617940192 157.12552590313896 360
1739617940208 157.094459350775 361
1739617940223 157.06339897878598 362
1739617940238 157.03234478594237 363
1739617940253 157.00129677101495 364
1739617940267 156.97025493277457 365
1739617940283 156.93921926999252 366
1739617940298 156.9081897814402 367
1739617940314 156.87716646588933 368
1739617940329 156.84614932211178 369
1739617940344 156.81513834887977 370
1739617940359 156.7841335449657 371
1739617940375 156.75313490914223 372
1739617940392 156.72214244018232 373
1739617940406 156.691156136859 374
1739617940421 156.6601759979458 375
1739617940436 156.62920202221628 376
1739617940452 156.59823420844435 377
1739617940467 156.56727255540412 378
1739617940483 156.53631706187 379
1739617940498 156.50536772661656 380
1739617940514 156.47442454841865 381
1739617940529 156.44348752605148 382
1739617940544 156.41255665829024 383
1739617940560 156.38163194391063 384
1739617940574 156.35071338168842 385
1739617940589 156.31980097039977 386
1739617940604 156.2888947088209 387
1739617940619 156.25799459572843 388
1739617940634 156.22710062989918 389
1739617940648 156.19621281011018 390
1739617940664 156.16533113513867 391
1739617940678 156.13445560376226 392
1739617940692 156.10358621475874 393
1739617940708 156.07272296690607 394
1739617940725 156.04186585898256 395
1739617940741 156.01101488976673 396
1739617940757 155.9801700580373 397
1739617940774 155.94933136257325 398
1739617940790 155.9184988021539 399
1739617940806 155.88767237555865 400
1739617940821 155.85685208156727 401
1739617940836 155.82603791895966 402
1739617940851 155.7952298865161 403
1739617940868 155.76442798301704 404
1739617940883 155.73363220724315 405
1739617940897 155.7028425579754 406
1739617940912 155.6720590339949 407
1739617940927 155.64128163408313 408
1739617940942 155.61051035702172 409
1739617940956 155.57974520159266 410
1739617940971 155.548986166578 411
1739617940987 155.51823325076015 412
1739617941002 155.48748645292181 413
1739617941017 155.4567457718458 414
1739617941032 155.4260112063152 415
1739617941047 155.39528275511347 416
1739617941062 155.3645604170241 417
1739617941077 155.3338441908311 418
1739617941091 155.3031340753184 419
1739617941109 155.27243006927034 420
1739617941124 155.24173217147163 421
1739617941139 155.21104038070692 422
1739617941154 155.1803546957613 423
1739617941169 155.14967511542017 424
1739617941184 155.11900163846894 425
1739617941199 155.08833426369347 426
1739617941214 155.05767298987973 427
1739617941230 155.02701781581402 428
1739617941245 154.99636874028283 429
1739617941259 154.96572576207288 430
1739617941275 154.9350888799712 431
1739617941290 154.904458092765 432
1739617941305 154.8738333992417 433
1739617941320 154.8432147981891 434
1739617941336 154.81260228839508 435
1739617941351 154.7819958686479 436
1739617941367 154.75139553773587 437
1739617941383 154.7208012944478 438
1739617941398 154.69021313757256 439
1739617941413 154.65963106589925 440
1739617941427 154.62905507821733 441
1739617941442 154.59848517331642 442
1739617941457 154.56792134998645 443
1739617941472 154.53736360701745 444
1739617941489 154.5068119431998 445
1739617941503 154.4762663573242 446
1739617941517 154.44572684818135 447
1739617941532 154.4151934145624 448
1739617941547 154.3846660552587 449
1739617941562 154.35414476906172 450
1739617941576 154.32362955476336 451
1739617941591 154.29312041115563 452
1739617941606 154.26261733703083 453
1739617941620 154.23212033118145 454
1739617941636 154.20162939240026 455
1739617941651 154.17114451948026 456
1739617941666 154.14066571121475 457
1739617941680 154.1101929663972 458
1739617941695 154.07972628382126 459
1739617941710 154.04926566228096 460
1739617941724 154.01881110057047 461
1739617941739 153.98836259748427 462
1739617941754 153.95792015181706 463
1739617941769 153.9274837623637 464
1739617941783 153.89705342791942 465
1739617941798 153.86662914727958 466
1739617941813 153.8362109192398 467
1739617941828 153.805798742596 468
1739617941842 153.7753926161444 469
1739617941927 153.74499253868117 470
1739617941949 153.71459850900303 471
1739617941966 153.6842105259068 472
1739617941982 153.65382858818955 473
1739617941998 153.62345269464865 474
1739617942014 153.59308284408158 475
1739617942031 153.5627190352862 476
1739617942047 153.53236126706045 477
1739617942064 153.50200953820277 478
1739617942080 153.4716638475115 479
1739617942096 153.44132419378553 480
1739617942112 153.4109905758238 481
1739617942128 153.38066299242556 482
1739617942144 153.35034144239023 483
1739617942160 153.32002592451752 484
1739617942176 153.28971643760747 485
1739617942192 153.25941298046024 486
1739617942209 153.2291155518762 487
1739617942225 153.19882415065604 488
1739617942242 153.16853877560067 489
1739617942258 153.13825942551122 490
1739617942274 153.10798609918908 491
1739617942290 153.07771879543586 492
1739617942305 153.04745751305347 493
1739617942321 153.01720225084395 494
1739617942341 152.9869530076096 495
1739617942358 152.95670978215304 496
1739617942376 152.92647257327715 497
1739617942395 152.8962413797849 498
1739617942412 152.86601620047952 499
