1739614010445 156.66216352888833 0
1739614010456 147.9831247347457 1
1739614010467 135.1090617877011 2
1739614010478 126.27583601858689 3
1739614010489 117.14830981098197 4
1739614010499 110.8289163828446 5
1739614010510 102.95934832600351 6
1739614010520 92.52710204658351 7
1739614010531 88.49384580183647 8
1739614010543 80.63218786030015 9
1739614010553 76.12829748685623 10
1739614010563 71.49386216697481 11
1739614010574 66.82778963150626 12
1739614010585 61.08436810798147 13
1739614010596 56.70960750265915 14
1739614010607 51.64148297993345 15
1739614010617 46.648529544566124 16
1739614010629 46.93182204641728 17
1739614010641 43.67105785681546 18
1739614010652 39.416080443642215 19
1739614010663 36.34054312794757 20
1739614010673 34.542597684548674 21
1739614010684 32.13697952382832 22
1739614010694 29.342394052933805 23
1739614010705 26.141569552727866 24
1739614010715 25.490229814197896 25
1739614010726 24.10507799468722 26
1739614010736 21.97349450489944 27
1739614010747 21.817766909150137 28
1739614010757 20.009844080468696 29
1739614010768 18.4584813891334 30
1739614010779 17.441842541269192 31
1739614010790 16.5229287066017 32
1739614010801 13.78465308111254 33
1739614010812 13.834878257358719 34
1739614010822 13.453452304751599 35
1739614010832 12.435279484599036 36
1739614010843 12.717903996176574 37
1739614010854 11.692383149569265 38
1739614010864 9.66945304583733 39
1739614010874 9.001214373262158 40
1739614010885 8.671499498808348 41
1739614010896 9.200778603217769 42
1739614010906 6.933043692341437 43
1739614010916 6.940587650890447 44
1739614010927 6.104669096514565 45
1739614010941 8.418682468864167 46
1739614010952 5.674613007846443 47
1739614010963 6.830878089068466 48
1739614010984 4.56521455155929 49
1739614010994 4.313032710962925 50
1739614011006 5.836922172304349 51
1739614011017 5.140367294127105 52
1739614011028 3.99652687335382 53
1739614011039 4.465887928860262 54
1739614011049 3.299010756319766 55
1739614011060 3.6082378125094134 56
1739614011071 3.6327721576631653 57
1739614011081 3.310440182618125 58
1739614011092 3.282695095132546 59
1739614011103 3.2224235975698297 60
1739614011114 2.5474423227495193 61
1739614011125 3.1961007752063564 62
1739614011135 2.166720673789013 63
1739614011145 2.8982156509229715 64
1739614011157 2.867159699436971 65
1739614011169 3.139529002529556 66
1739614011179 2.0603521314886875 67
1739614011190 1.8038205112829524 68
1739614011200 1.5043649372675787 69
1739614011210 1.4800817071573333 70
1739614011220 2.5289718389213816 71
1739614011231 2.4515418592502853 72
1739614011242 1.9571307344168962 73
1739614011253 2.1349250973259783 74
1739614011263 1.945948526824257 75
1739614011274 1.8404750904362752 76
1739614011285 1.8016460890697963 77
1739614011296 2.373749631198982 78
1739614011307 1.5080416692512204 79
1739614011317 1.1120549659451862 80
1739614011328 1.3577776980467824 81
1739614011339 1.6128413127023524 82
1739614011350 1.4844666277031262 83
1739614011360 1.6894647325097842 84
1739614011371 1.6539676201489242 85
1739614011381 1.0469450592994627 86
1739614011392 1.728074724905369 87
1739614011402 0.7446458828133775 88
1739614011413 1.4467438962414922 89
1739614011424 1.2888904989759467 90
1739614011434 1.1569038646397376 91
1739614011444 1.2515675084752305 92
1739614011455 1.4439040071335982 93
1739614011465 2.5634341712249222 94
1739614011475 1.5404558036078217 95
1739614011485 1.2083661478493266 96
1739614011496 1.2781542169157578 97
1739614011507 1.4496437035862881 98
1739614011517 0.9899637212800656 99
1739614011528 1.4312332944835404 100
1739614011539 1.4871470509582447 101
1739614011549 1.5166949523182032 102
1739614011561 1.5721633458419688 103
1739614011572 1.208055321722021 104
1739614011583 1.158038266406691 105
1739614011594 0.9148519275782568 106
1739614011605 0.8862409188715129 107
1739614011615 1.1244258368467563 108
1739614011626 1.27779613637736 109
1739614011637 0.946201243297996 110
1739614011648 0.6728202999138907 111
1739614011659 1.3167953001021586 112
1739614011670 1.6257085729280727 113
1739614011681 1.1096854795436415 114
1739614011692 0.8391793295386236 115
1739614011702 1.254580786708148 116
1739614011712 1.2055599227616958 117
1739614011723 0.7737649162854427 118
1739614011735 0.6786923293661569 119
1739614011746 1.6638942077759031 120
1739614011757 1.2704962089922147 121
1739614011768 0.7109946823704935 122
1739614011778 0.9710067746725144 123
1739614011789 0.9130056223617963 124
1739614011799 0.8826954783144924 125
1739614011811 1.3019063589916766 126
1739614011821 0.5230531012846765 127
1739614011831 1.0028285309768301 128
1739614011842 1.178963871777744 129
1739614011853 1.4486862227311863 130
1739614011863 0.8505315909142624 131
1739614011874 1.4062252742485404 132
1739614011885 0.9628762333463468 133
1739614011896 1.3792560893370038 134
1739614011907 1.0962225927532243 135
1739614011918 0.5145461272414034 136
1739614011940 0.965768831665529 137
1739614011952 1.4787758431938165 138
1739614011963 1.1145251204340803 139
1739614011974 1.2450506928971985 140
1739614011985 0.9717434089857615 141
1739614011995 0.8361099473318568 142
1739614012006 1.3268528773455635 143
1739614012045 0.7322162931530414 144
1739614012064 1.6445243386527277 145
1739614012076 1.7747621195226488 146
1739614012087 1.5884436128589576 147
1739614012099 1.2223491220485223 148
1739614012110 0.9389819108781081 149
1739614012121 1.5560895312223273 150
1739614012132 0.9802724586346269 151
1739614012144 0.7074042955310282 152
1739614012154 1.9944375565203587 153
1739614012165 0.8120437935336937 154
1739614012176 0.9913107639014519 155
1739614012187 1.3562633116896199 156
1739614012197 0.9642334895394147 157
1739614012208 1.1158429615578773 158
1739614012219 0.6078896848166966 159
1739614012230 1.0619462947196514 160
1739614012241 0.7810090369465794 161
1739614012251 1.1152788897221706 162
1739614012261 0.6631883582526039 163
1739614012272 1.4019438768805492 164
1739614012283 0.7420385820461218 165
1739614012293 0.5038301507995859 166
1739614012304 0.8288846160031582 167
1739614012315 1.2330935620713352 168
1739614012326 1.0298267420002838 169
1739614012336 1.0961019534337861 170
1739614012347 0.6887717201217388 171
1739614012357 0.6325578017064233 172
1739614012367 1.3731524569325837 173
1739614012378 0.989352270489016 174
1739614012388 1.1289546367941992 175
1739614012399 0.8494564040120073 176
1739614012410 1.2594572240499748 177
1739614012420 1.3596816043347248 178
1739614012430 0.9538600847574068 179
1739614012440 1.2871185714584306 180
1739614012451 1.2303822919140557 181
1739614012462 1.276603223440417 182
1739614012472 0.8513324665747004 183
1739614012483 1.2177500417243372 184
1739614012493 1.0352964659423387 185
1739614012503 1.6423140190543968 186
1739614012514 0.6988542681677324 187
1739614012525 0.8735621690058032 188
1739614012537 1.0169123522428847 189
1739614012548 1.1914579448352776 190
1739614012560 0.9163001025731267 191
1739614012571 0.678279001637799 192
1739614012582 1.6617547076111758 193
1739614012592 1.2466097599259387 194
