1739553822391 169.39770570871877 0
1739553822398 168.06880248976734 1
1739553822405 166.75380470237465 2
1739553822411 165.4525556738415 3
1739553822417 164.16490057968264 4
1739553822424 162.89068642125162 5
1739553822431 161.62976200363929 6
1739553822437 160.38197791384445 7
1739553822443 159.14718649921173 8
1739553822450 157.92524184613464 9
1739553822456 156.71599975901964 10
1739553822462 155.51931773950824 11
1739553822469 154.33505496595444 12
1739553822476 153.16307227315335 13
1739553822482 152.00323213231914 14
1739553822488 150.855398631308 15
1739553822495 149.71943745508378 16
1739553822501 148.59521586642356 17
1739553822507 147.4826026868592 18
1739553822513 146.3814682778532 19
1739553822519 145.29168452220466 20
1739553822526 144.21312480568383 21
1739553822533 143.14566399889114 22
1739553822540 142.08917843933938 23
1739553822547 141.04354591375426 24
1739553822553 140.00864564059336 25
1739553822560 138.98435825277775 26
1739553822568 137.9705657806363 27
1739553822574 136.96715163505826 28
1739553822581 135.97400059085265 29
1739553822587 134.99099877031105 30
1739553822596 134.01803362697189 31
1739553822603 133.0549939295835 32
1739553822610 132.10176974626367 33
1739553822617 131.15825242885282 34
1739553822624 130.22433459745884 35
1739553822631 129.29991012519125 36
1739553822637 128.384874123082 37
1739553822644 127.47912292519084 38
1739553822650 126.58255407389288 39
1739553822656 125.69506630534634 40
1739553822663 124.81655953513786 41
1739553822670 123.94693484410345 42
1739553822676 123.08609446432298 43
1739553822684 122.23394176528576 44
1739553822690 121.39038124022527 45
1739553822697 120.55531849262132 46
1739553822703 119.72866022286664 47
1739553822709 118.91031421509697 48
1739553822716 118.10018932418184 49
1739553822723 117.29819546287433 50
1739553822730 116.50424358911802 51
1739553822736 115.71824569350885 52
1739553822743 114.94011478691012 53
1739553822749 114.16976488821902 54
1739553822756 113.40711101228231 55
1739553822767 112.65206915795966 56
1739553822774 111.9045562963329 57
1739553822780 111.16449035905879 58
1739553822786 110.43179022686454 59
1739553822793 109.70637571818331 60
1739553822799 108.9881675779286 61
1739553822805 108.2770874664057 62
1739553822811 107.57305794835808 63
1739553822817 106.87600248214795 64
1739553822823 106.18584540906829 65
1739553822830 105.50251194278557 66
1739553822836 104.8259281589111 67
1739553822842 104.15602098469945 68
1739553822848 103.49271818887279 69
1739553822854 102.83594837156873 70
1739553822861 102.18564095441131 71
1739553822868 101.54172617070255 72
1739553822875 100.90413505573363 73
1739553822882 100.27279943721433 74
1739553822889 99.64765192581868 75
1739553822895 99.0286259058461 76
1739553822902 98.41565552599619 77
1739553822909 97.80867569025571 78
1739553822916 97.20762204889671 79
1739553822922 96.61243098958425 80
1739553822929 96.0230396285921 81
1739553822936 95.43938580212577 82
1739553822943 94.86140805775067 83
1739553822950 94.28904564592499 84
1739553822957 93.72223851163525 85
1739553822964 93.16092728613383 86
1739553822971 92.60505327877686 87
1739553822978 92.05455846896139 88
1739553822985 91.50938549816057 89
1739553822991 90.96947766205582 90
1739553822998 90.43477890276438 91
1739553823005 89.90523380116146 92
1739553823011 89.38078756929568 93
1739553823017 88.86138604289663 94
1739553823023 88.34697567397356 95
1739553823030 87.8375035235037 96
1739553823037 87.33291725420976 97
1739553823043 86.83316512342465 98
1739553823049 86.33819597604334 99
1739553823055 85.84795923755979 100
1739553823062 85.3624049071888 101
1739553823068 84.88148355107107 102
1739553823074 84.40514629556071 103
1739553823081 83.93334482059436 104
1739553823088 83.46603135314051 105
1739553823094 83.00315866072833 106
1739553823101 82.54468004505527 107
1739553823107 82.09054933567147 108
1739553823113 81.64072088374145 109
1739553823119 81.19514955588095 110
1739553823126 80.75379072806862 111
1739553823133 80.3166002796314 112
1739553823140 79.88353458730286 113
1739553823146 79.45455051935335 114
1739553823153 79.02960542979136 115
1739553823160 78.60865715263502 116
1739553823167 78.19166399625293 117
1739553823174 77.77858473777349 118
1739553823182 77.36937861756195 119
1739553823188 76.96400533376422 120
1739553823195 76.56242503691661 121
1739553823201 76.16459832462094 122
1739553823207 75.77048623628382 123
1739553823214 75.38005024791975 124
1739553823220 74.99325226701691 125
1739553823227 74.61005462746496 126
1739553823233 74.23042008454425 127
1739553823239 73.85431180997556 128
1739553823245 73.48169338702947 129
1739553823251 73.11252880569508 130
1739553823258 72.74678245790668 131
1739553823264 72.38441913282844 132
1739553823271 72.02540401219578 133
1739553823277 71.66970266571296 134
1739553823285 71.31728104650638 135
1739553823291 70.96810548663247 136
1739553823297 70.62214269263998 137
1739553823304 70.27935974118569 138
1739553823310 69.93972407470294 139
1739553823316 69.60320349712244 140
1739553823322 69.26976616964463 141
1739553823329 68.93938060656299 142
1739553823335 68.61201567113763 143
1739553823341 68.28764057151862 144
1739553823348 67.96622485671838 145
1739553823354 67.64773841263256 146
1739553823360 67.33215145810887 147
1739553823367 67.01943454106313 148
1739553823373 66.7095585346422 149
1739553823380 66.40249463343285 150
1739553823386 66.09821434971643 151
1739553823393 65.79668950976848 152
1739553823400 65.49789225020284 153
1739553823406 65.20179501435972 154
1739553823413 64.90837054873711 155
1739553823419 64.61759189946517 156
1739553823425 64.32943240882295 157
1739553823431 64.0438657117968 158
1739553823438 63.76086573268032 159
1739553823444 63.48040668171492 160
1739553823451 63.20246305177086 161
1739553823457 62.92700961506804 162
1739553823463 62.65402141993614 163
1739553823470 62.38347378761355 164
1739553823476 62.115342309084845 165
1739553823483 61.84960284195601 166
1739553823489 61.58623150736722 167
1739553823496 61.325204686942556 168
1739553823502 61.06649901977623 169
1739553823508 60.81009139945512 170
1739553823515 60.5559589711166 171
1739553823521 60.30407912854196 172
1739553823527 60.054429511284326 173
1739553823533 59.806988001831144 174
1739553823540 59.56173272280048 175
1739553823546 59.318642034170985 176
1739553823553 59.077694530544775 177
1739553823559 58.83886903844331 178
1739553823565 58.602144613635346 179
1739553823572 58.367500538496934 180
1739553823578 58.134916319402954 181
1739553823585 57.90437168414975 182
1739553823591 57.67584657940864 183
1739553823600 57.44932116820968 184
1739553823609 57.224775827455545 185
1739553823616 57.0021911454651 186
1739553823623 56.781547919546185 187
1739553823630 56.562827153597446 188
1739553823636 56.34601005573863 189
1739553823642 56.13107803596926 190
1739553823648 55.91801270385511 191
1739553823654 55.70679586624227 192
1739553823661 55.49740952499846 193
1739553823667 55.28983587478122 194
1739553823673 55.08405730083264 195
1739553823680 54.88005637680037 196
1739553823688 54.67781586258453 197
1739553823695 54.47731870221029 198
1739553823701 54.27854802172559 199
1739553823708 54.08148712712408 200
1739553823715 53.8861195022925 201
1739553823722 53.69242880698267 202
1739553823730 53.5003988748074 203
1739553823737 53.31001371126027 204
1739553823745 53.121257491758925 205
1739553823752 52.934114559711546 206
1739553823759 52.74856942460632 207
1739553823773 52.56460676012358 208
1739553823781 52.38221140227016 209
1739553823788 52.20136834753613 210
1739553823795 52.0220627510732 211
1739553823802 51.84427992489468 212
1739553823808 51.66800533609692 213
1739553823815 51.4932246051017 214
1739553823822 51.319923503919384 215
1739553823828 51.14808795443272 216
1739553823835 50.977704026700906 217
1739553823841 50.80875793728372 218
1739553823847 50.64123604758542 219
1739553823854 50.475124862218316 220
1739553823860 50.31041102738551 221
1739553823867 50.14708132928299 222
1739553823873 49.98512269252033 223
1739553823881 49.824522178560166 224
1739553823888 49.66526698417613 225
1739553823894 49.50734443992886 226
1739553823901 49.35074200866009 227
1739553823907 49.19544728400437 228
1739553823914 49.041447988918534 229
1739553823920 48.88873197422823 230
1739553823927 48.73728721719177 231
1739553823933 48.58710182008086 232
1739553823940 48.438164008777896 233
1739553823947 48.290462131389994 234
1739553823953 48.14398465687911 235
1739553823960 47.99872017370845 236
1739553823967 47.85465738850458 237
1739553823975 47.711785124735506 238
1739553823983 47.57009232140412 239
1739553823990 47.42956803175698 240
1739553823997 47.29020142200837 241
1739553824003 47.151981770079246 242
1739553824010 47.01489846435095 243
1739553824017 46.87894100243368 244
1739553824024 46.74409898994921 245
1739553824031 46.61036213932799 246
1739553824038 46.477720268620395 247
1739553824044 46.34616330032173 248
1739553824051 46.21568126021113 249
1739553824057 46.086264276204005 250
1739553824064 45.95790257721787 251
1739553824070 45.83058649205152 252
1739553824077 45.70430644827725 253
1739553824085 45.579052971146034 254
1739553824092 45.454816682505474 255
1739553824099 45.331588299730505 256
1739553824105 45.209358634666344 257
1739553824112 45.08811859258405 258
1739553824119 44.967859171148056 259
1739553824125 44.84857145939583 260
1739553824132 44.73024663672947 261
1739553824139 44.61287597191894 262
1739553824146 44.49645082211701 263
1739553824152 44.380962631885644 264
1739553824159 44.26640293223366 265
1739553824165 44.15276333966569 266
1739553824172 44.04003555524211 267
1739553824179 43.928211363649936 268
1739553824186 43.817282632284545 269
1739553824193 43.70724131034199 270
1739553824200 43.59807942792199 271
1739553824207 43.48978909514109 272
1739553824214 43.382362501256424 273
1739553824220 43.27579191379933 274
1739553824227 43.170069677719326 275
1739553824234 43.06518821453772 276
1739553824241 42.96114002151113 277
1739553824248 42.8579176708048 278
1739553824254 42.75551380867535 279
1739553824261 42.65392115466298 280
1739553824269 42.553132500793104 281
1739553824276 42.45314071078718 282
1739553824283 42.35393871928259 283
1739553824289 42.25551953106164 284
1739553824296 42.15787622028939 285
1739553824303 42.061001929760295 286
1739553824310 41.9648898701536 287
1739553824317 41.86953331929716 288
1739553824323 41.774925621439934 289
1739553824330 41.68106018653276 290
1739553824336 41.58793048951743 291
1739553824344 41.495530069623904 292
1739553824351 41.403852529675746 293
1739553824357 41.31289153540335 294
1739553824364 41.222640814765285 295
1739553824371 41.13309415727722 296
1739553824377 41.044245413348726 297
1739553824384 40.95608849362761 298
1739553824390 40.86861736835179 299
1739553824397 40.781826066708575 300
1739553824404 40.69570867620138 301
1739553824410 40.61025934202361 302
1739553824417 40.525472266439714 303
1739553824424 40.44134170817341 304
1739553824430 40.357861981802834 305
1739553824436 40.275027457162636 306
1739553824443 40.19283255875289 307
1739553824449 40.11127176515483 308
1739553824457 40.03033960845318 309
1739553824463 39.95003067366506 310
1739553824470 39.87033959817557 311
1739553824477 39.79126107117956 312
1739553824483 39.712789833130046 313
1739553824490 39.63492067519265 314
1739553824498 39.557648438706494 315
1739553824505 39.48096801465096 316
1739553824512 39.404874343118834 317
1739553824518 39.32936241279517 318
1739553824525 39.2544272604422 319
1739553824536 39.18006397039013 320
1739553824543 39.10626767403363 321
1739553824550 39.03303354933412 322
1739553824556 38.96035682032761 323
1739553824563 38.88823275663821 324
1739553824570 38.81665667299711 325
1739553824576 38.74562392876707 326
1739553824583 38.6751299274721 327
1739553824589 38.605170116332786 328
1739553824596 38.53573998580659 329
1739553824603 38.466835069133424 330
1739553824609 38.39845094188642 331
1739553824616 38.330583221527796 332
1739553824623 38.263227566969526 333
1739553824629 38.196379678139245 334
1739553824636 38.13003529555086 335
1739553824643 38.06419019988007 336
1739553824649 37.99884021154467 337
1739553824656 37.93398119028951 338
1739553824663 37.869609034776225 339
1739553824670 37.80571968217753 340
1739553824677 37.74230910777603 341
1739553824684 37.67937332456768 342
1739553824690 37.616908382869475 343
1739553824698 37.55491036993174 344
1739553824705 37.49337540955469 345
1739553824712 37.43229966170926 346
1739553824718 37.37167932216222 347
1739553824724 37.31151062210556 348
1739553824731 37.251789827789764 349
1739553824737 37.19251324016158 350
1739553824744 37.1336771945054 351
1739553824751 37.0752780600891 352
1739553824757 37.01731223981337 353
1739553824764 36.95977616986537 354
1739553824771 36.90266631937596 355
1739553824784 36.845979190080875 356
1739553824790 36.789711315985684 357
1739553824798 36.733859263034425 358
1739553824804 36.678419628781946 359
1739553824811 36.6233890420699 360
1739553824817 36.56876416270632 361
1739553824824 36.514541681148806 362
1739553824831 36.460718318191105 363
1739553824837 36.407290824653344 364
1739553824844 36.35425598107552 365
1739553824850 36.301610597414545 366
1739553824857 36.2493515127445 367
1739553824863 36.19747559496029 368
1739553824870 36.14597974048459 369
1739553824877 36.09486087397796 370
1739553824883 36.04411594805221 371
1739553824890 35.99374194298694 372
1739553824897 35.94373586644918 373
1739553824904 35.894094753216116 374
1739553824911 35.84481566490083 375
1739553824918 35.795895689681224 376
1739553824925 35.747331942031714 377
1739553824932 35.699121562458025 378
1739553824938 35.651261717234824 379
1739553824945 35.603749598146265 380
1739553824952 35.55658242222938 381
1739553824958 35.50975743152029 382
1739553824965 35.46327189280317 383
1739553824972 35.41712309736195 384
1739553824979 35.37130836073485 385
1739553824986 35.32582502247143 386
1739553824992 35.28067044589245 387
1739553825000 35.2358420178522 388
1739553825006 35.19133714850361 389
1739553825014 35.14715327106573 390
1739553825020 35.10328784159393 391
1739553825027 35.0597383387524 392
1739553825034 35.016502263589345 393
1739553825041 34.97357713931445 394
1739553825048 34.930960511078844 395
1739553825054 34.888649945757486 396
1739553825060 34.84664303173381 397
1739553825067 34.80493737868684 398
1739553825073 34.76353061738048 399
1739553825080 34.72242039945518 400
1739553825086 34.68160439722184 401
1739553825093 34.64108030345788 402
1739553825100 34.60084583120565 403
1739553825108 34.560898713572875 404
1739553825114 34.521236703535315 405
1739553825121 34.48185757374161 406
1739553825128 34.44275911632011 407
1739553825134 34.4039391426879 408
1739553825140 34.3653954833618 409
1739553825147 34.32712598777147 410
1739553825154 34.28912852407442 411
1739553825161 34.251400978973166 412
1739553825167 34.21394125753418 413
1739553825174 34.17674728300889 414
1739553825180 34.139816996656585 415
1739553825186 34.10314835756915 416
1739553825193 34.06673934249778 417
1739553825200 34.030587945681496 418
1739553825206 33.994692178677454 419
1739553825213 33.959050070193136 420
1739553825220 33.92365966592028 421
1739553825226 33.88851902837068 422
1739553825232 33.853626236713524 423
1739553825239 33.81897938661472 424
1739553825245 33.7845765900778 425
1739553825251 33.75041597528643 426
1739553825258 33.71649568644882 427
1739553825264 33.68281388364359 428
1739553825270 33.64936874266733 429
1739553825277 33.61615845488382 430
1739553825283 33.58318122707481 431
1739553825290 33.55043528129235 432
1739553825297 33.51791885471274 433
1739553825304 33.485630199492014 434
1739553825311 33.453567582622874 435
1739553825318 33.42172928579327 436
1739553825324 33.39011360524633 437
1739553825331 33.35871885164188 438
1739553825337 33.32754334991933 439
1739553825343 33.29658543916209 440
1739553825350 33.26584347246329 441
1739553825356 33.23531581679308 442
1739553825363 33.20500085286719 443
1739553825369 33.17489697501686 444
1739553825375 33.14500259106024 445
1739553825382 33.11531612217507 446
1739553825389 33.085836002772645 447
1739553825395 33.056560680373224 448
1739553825402 33.02748861548262 449
1739553825408 32.998618281470115 450
1739553825415 32.96994816444768 451
1739553825422 32.94147676315043 452
1739553825429 32.913202588818315 453
1739553825435 32.88512416507903 454
1739553825442 32.85724002783221 455
1739553825449 32.829548725134714 456
1739553825455 32.80204881708722 457
1739553825462 32.774738875721916 458
1739553825469 32.74761748489137 459
1739553825475 32.72068324015858 460
1739553825481 32.693934748688086 461
1739553825488 32.66737062913833 462
1739553825494 32.64098951155503 463
1739553825501 32.61479003726562 464
1739553825507 32.58877085877492 465
1739553825514 32.562930639661765 466
1739553825521 32.537268054476726 467
1739553825528 32.51178178864089 468
1739553825534 32.48647053834566 469
1739553825540 32.46133301045363 470
1739553825546 32.436367922400414 471
1739553825552 32.411574002097524 472
1739553825558 32.38694998783623 473
1739553825565 32.36249462819241 474
1739553825572 32.33820668193234 475
1739553825578 32.31408491791949 476
1739553825584 32.290128115022235 477
1739553825590 32.26633506202253 478
1739553825597 32.24270455752551 479
1739553825603 32.21923540986999 480
1739553825609 32.1959264370399 481
1739553825617 32.17277646657662 482
1739553825623 32.149784335492164 483
1739553825630 32.12694889018329 484
1739553825636 32.104268986346455 485
1739553825642 32.08174348889365 486
1739553825649 32.05937127186906 487
1739553825655 32.03715121836659 488
1739553825661 32.01508222044821 489
1739553825668 31.99316317906309 490
1739553825674 31.97139300396765 491
1739553825681 31.949770613646283 492
1739553825687 31.928294935232994 493
1739553825694 31.90696490443373 494
1739553825701 31.88577946544955 495
1739553825707 31.864737570900544 496
1739553825714 31.843838181750534 497
1739553825720 31.82308026723246 498
1739553825727 31.802462804774617 499
