1739553530863 160.64048586435135 0
1739553530871 160.7538433232183 1
1739553530880 148.19616902362745 2
1739553530887 152.02111251461744 3
1739553530896 140.57631793114686 4
1739553530905 142.14393454085533 5
1739553530915 142.7974689429967 6
1739553530923 137.955043536278 7
1739553530931 133.66702354696213 8
1739553530939 128.91450809946443 9
1739553530948 131.1518818497038 10
1739553530957 123.64221974633418 11
1739553530964 120.3866446676861 12
1739553530972 112.60875406999013 13
1739553530980 113.94388153286972 14
1739553530989 109.63437989275279 15
1739553530997 105.54002720865397 16
1739553531006 103.3894209136949 17
1739553531015 105.76328210514329 18
1739553531023 101.88907963539253 19
1739553531030 93.63987585403002 20
1739553531038 96.72676044063473 21
1739553531049 93.30226818563173 22
1739553531058 86.81488090964956 23
1739553531066 90.51619337541341 24
1739553531074 87.68211164264208 25
1739553531084 88.85180019957672 26
1739553531092 87.11383153793565 27
1739553531100 86.06052770574748 28
1739553531107 81.58553649897502 29
1739553531116 82.72093160013186 30
1739553531123 76.1583368342018 31
1739553531132 78.90747327047178 32
1739553531141 70.69704389062646 33
1739553531150 72.65077442089164 34
1739553531159 69.49265576022421 35
1739553531167 72.30870098613717 36
1739553531178 71.58712144693993 37
1739553531186 66.83535864255025 38
1739553531194 69.8944990570771 39
1739553531203 65.95610692336318 40
1739553531212 66.46778189779955 41
1739553531220 62.22790364839056 42
1739553531227 59.623822153512144 43
1739553531235 63.71210706296413 44
1739553531243 61.231114090327985 45
1739553531252 63.4361151886679 46
1739553531262 58.912670274413315 47
1739553531271 58.54101912914039 48
1739553531279 52.05404274015587 49
1739553531287 58.57085966731616 50
1739553531294 59.35563226272279 51
1739553531302 53.10466016809071 52
1739553531311 55.731544398717965 53
1739553531319 61.12125385372506 54
1739553531327 57.21079672553202 55
1739553531334 51.49965202829812 56
1739553531342 53.35524354164445 57
1739553531352 48.293938665569 58
1739553531360 51.052572475637206 59
1739553531368 51.7017169649961 60
1739553531376 50.6887395179591 61
1739553531383 52.699816810383126 62
1739553531391 52.34487936906195 63
1739553531398 48.02603265059389 64
1739553531406 46.187958265550876 65
1739553531415 42.682900212659995 66
1739553531423 45.55419599236179 67
1739553531430 37.882707549722 68
1739553531438 42.091537834055686 69
1739553531446 41.138639714230166 70
1739553531453 43.793333132943914 71
1739553531461 47.918012367982854 72
1739553531470 44.99104623995426 73
1739553531481 40.920664280543996 74
1739553531490 44.48539223391498 75
1739553531501 38.70205546495106 76
1739553531511 47.21901107689224 77
1739553531519 40.017215776648726 78
1739553531527 37.00150752936855 79
1739553531535 41.77172561344918 80
1739553531543 40.36784285620563 81
1739553531551 37.102141411741776 82
1739553531559 46.960092443466216 83
1739553531567 41.97859122721634 84
1739553531575 38.96661748796473 85
1739553531583 43.890852388765204 86
1739553531593 38.403027611893705 87
1739553531607 41.263648071745216 88
1739553531619 40.61526443718045 89
1739553531629 34.703418239091896 90
1739553531637 40.53805709049045 91
1739553531645 38.09466783374741 92
1739553531654 39.47989745831471 93
1739553531662 38.10604468738632 94
1739553531669 35.56053630319714 95
1739553531679 41.67685926660734 96
1739553531686 36.06315560692641 97
1739553531694 31.08951806031406 98
1739553531702 37.99747948083971 99
1739553531712 30.738401964715962 100
1739553531720 30.80257755546634 101
1739553531731 34.382461104338496 102
1739553531740 32.441583204925145 103
1739553531750 34.52413450413528 104
1739553531757 35.6412669421659 105
1739553531766 29.814353402057062 106
1739553531775 35.030314198825316 107
1739553531784 36.896416585303925 108
1739553531792 34.93933468930642 109
1739553531800 29.047873171776992 110
1739553531808 31.66729377221326 111
1739553531817 34.944155585727465 112
1739553531824 34.57455828386385 113
1739553531833 36.994637055857595 114
1739553531840 33.6099533566824 115
1739553531849 33.856682515895 116
1739553531858 30.045331428887547 117
1739553531866 25.622603773611207 118
1739553531874 34.679776486861165 119
1739553531884 30.698189104194306 120
1739553531893 40.09712864463238 121
1739553531901 28.53757055269765 122
1739553531910 32.69836940982625 123
1739553531918 28.62193815342261 124
1739553531926 38.41939636447433 125
1739553531934 39.650825706101706 126
1739553531943 33.16618416810932 127
1739553531952 30.658183959562923 128
1739553531960 33.67753146670598 129
1739553531968 30.700712693614243 130
1739553531978 30.833757453772755 131
1739553531985 33.57896528846924 132
1739553531993 32.11196930182659 133
1739553532003 29.537122196012987 134
1739553532015 30.545866107724766 135
1739553532024 26.642728132668925 136
1739553532034 35.27803431610818 137
1739553532044 29.839144988171725 138
1739553532053 31.418648124179953 139
1739553532063 27.831515689347388 140
1739553532072 30.778117840100748 141
1739553532083 34.37360193502293 142
1739553532092 34.49721096771575 143
1739553532101 30.010702456648296 144
1739553532111 36.03084389837694 145
1739553532120 36.33385888349334 146
1739553532129 28.928257931451416 147
1739553532137 29.020567233359646 148
1739553532150 30.549612691743594 149
1739553532160 32.31692227487629 150
1739553532170 28.37525991840089 151
1739553532182 29.404922145455913 152
1739553532191 26.96568217572254 153
1739553532200 33.10340722556309 154
1739553532211 33.035951774635066 155
1739553532220 29.467718063384215 156
1739553532229 32.18428801472267 157
1739553532239 33.765429383005994 158
1739553532248 25.309873573445067 159
1739553532256 34.66042599372536 160
1739553532264 29.764829859742644 161
1739553532274 34.90946841703537 162
1739553532284 26.678441281757085 163
1739553532292 31.21364045078562 164
1739553532303 29.852088261666193 165
1739553532313 29.88447377293662 166
1739553532322 31.424079793405998 167
1739553532330 30.637019911288082 168
1739553532338 26.426839469694084 169
1739553532347 24.95843565346866 170
1739553532355 30.502764719011225 171
1739553532364 32.40964240661458 172
1739553532372 31.770291550568967 173
1739553532381 29.031079606685832 174
1739553532389 28.875861047603674 175
1739553532396 35.93456407274257 176
1739553532404 33.127468357936124 177
1739553532414 28.54977201144137 178
1739553532422 33.97181279061597 179
1739553532430 30.067959915180996 180
1739553532438 32.259706721451956 181
1739553532447 28.88205356846462 182
1739553532455 32.62433881429189 183
1739553532463 25.443224890842554 184
1739553532472 28.34252272972871 185
1739553532503 34.66109346564544 186
1739553532528 30.118678248682826 187
1739553532538 33.21130077818897 188
1739553532548 36.135887321837316 189
1739553532558 29.521188061415454 190
1739553532566 36.36702344950249 191
1739553532574 26.98245349398591 192
1739553532585 33.648069649292495 193
1739553532594 36.12150086024954 194
1739553532602 30.59472766200651 195
1739553532613 23.71453898769113 196
1739553532622 29.65211871557276 197
1739553532630 32.20447177159137 198
1739553532640 22.235267290660072 199
1739553532650 26.471731098830446 200
1739553532659 30.90762790546725 201
1739553532668 30.64195073343421 202
1739553532677 37.95539658189899 203
1739553532687 33.27151008570179 204
1739553532695 26.906114038256746 205
1739553532704 29.016277466790193 206
1739553532714 31.263238503711328 207
1739553532722 33.015799166880136 208
1739553532733 29.53745313560077 209
1739553532742 28.998761081394452 210
1739553532750 30.55366551138319 211
1739553532758 31.366926823127866 212
1739553532767 29.548331983545726 213
1739553532776 30.806451045763414 214
1739553532785 28.19094701874988 215
1739553532792 28.877745407027763 216
1739553532800 29.195064631234512 217
1739553532808 30.975958774340423 218
1739553532818 29.962178431414067 219
1739553532827 23.41465001606403 220
1739553532835 30.417999992846738 221
1739553532843 27.676696506394684 222
1739553532851 30.69324964763516 223
1739553532859 32.224205029288015 224
1739553532866 31.47565825214013 225
1739553532875 29.755546848699726 226
1739553532883 31.74198981549141 227
1739553532891 29.904371538825973 228
1739553532899 30.919387660621293 229
1739553532908 31.26890142536225 230
1739553532917 30.553718963685245 231
1739553532924 32.488528698150475 232
1739553532931 28.705053186499946 233
1739553532939 32.08228441704229 234
1739553532948 27.86647358452323 235
1739553532956 28.698079640333734 236
1739553532964 31.619253616584334 237
1739553532973 29.89832771429615 238
1739553532984 25.698296376187837 239
1739553532992 31.145750494011235 240
1739553533000 30.399634625068188 241
1739553533008 29.688067644867033 242
1739553533017 28.67345270812296 243
1739553533025 32.1451845967889 244
1739553533033 29.76703827089764 245
1739553533041 33.961586912678 246
1739553533050 26.03127868573034 247
1739553533057 27.903987346225495 248
1739553533065 27.855021154638838 249
1739553533072 30.183427788834784 250
1739553533082 32.338289001362774 251
1739553533091 28.35526048644293 252
1739553533098 33.94629737498194 253
1739553533107 29.831844689067847 254
1739553533116 25.329140656657742 255
1739553533124 32.835571064175305 256
1739553533132 30.685241971509033 257
1739553533140 23.68755112119272 258
1739553533149 24.74522722428426 259
1739553533156 31.465261490752585 260
1739553533164 32.207607686548464 261
1739553533172 35.57266045490805 262
1739553533181 26.00162950425345 263
1739553533190 35.9311536281564 264
1739553533198 27.33125313530401 265
1739553533206 33.34065772240816 266
1739553533215 24.781663693286166 267
1739553533223 27.881921245688243 268
1739553533231 27.831764279607494 269
1739553533239 32.8640621083108 270
1739553533249 27.398086751431922 271
1739553533256 26.579942170408582 272
1739553533263 30.930846570219362 273
1739553533270 29.44534902717622 274
1739553533277 33.201982915651016 275
1739553533285 30.479349817124874 276
1739553533293 28.261923092480238 277
1739553533300 32.83424532594575 278
1739553533310 24.89879835328537 279
1739553533318 26.27075094467765 280
1739553533326 25.460814075662164 281
1739553533333 25.44322378105394 282
1739553533341 32.09067715956285 283
1739553533350 31.345667428213243 284
1739553533358 27.47913992810852 285
1739553533366 29.784701885470444 286
1739553533376 26.603443228085705 287
1739553533386 28.951377818130492 288
1739553533394 29.35280689233779 289
1739553533401 24.680546396433115 290
1739553533411 31.915910975398106 291
1739553533420 32.31920240337964 292
1739553533428 25.500867235111436 293
1739553533436 31.05364854923059 294
1739553533444 26.13883684203001 295
1739553533454 28.703483528673395 296
1739553533461 29.59100560524428 297
1739553533469 36.52592132068195 298
1739553533477 24.611743710910975 299
1739553533487 28.40049360802554 300
1739553533495 31.289719236975316 301
1739553533503 29.83901756799495 302
1739553533513 26.018095962690545 303
1739553533521 35.42735819332896 304
1739553533529 27.653857453839134 305
1739553533536 25.58748906550555 306
1739553533544 35.35549824799873 307
1739553533551 27.19306839117385 308
1739553533559 25.129439178689776 309
1739553533565 27.175478914518873 310
1739553533573 35.860424867457375 311
1739553533580 28.51367388641621 312
1739553533588 28.804068721272653 313
1739553533597 27.674142768382843 314
1739553533604 27.687241978370274 315
1739553533616 27.205108201115394 316
1739553533625 32.93819602489273 317
1739553533633 31.16948818119861 318
1739553533642 24.152099977472595 319
1739553533650 34.36982974731923 320
1739553533658 28.001222125745343 321
1739553533666 34.84592804682929 322
1739553533674 25.902565785509044 323
1739553533682 24.83091308263727 324
1739553533691 25.844003218114143 325
1739553533698 29.414073510797735 326
1739553533706 33.350018005637345 327
1739553533714 30.734840293917422 328
1739553533723 29.9876367580217 329
1739553533735 23.18405828837563 330
1739553533743 30.327818749200702 331
1739553533752 29.781406688515364 332
1739553533760 34.952661621667055 333
