1739613280841 31.12189531810887 0
1739613280878 11.637345601011376 1
1739613280915 3.128131268875271 2
1739613280953 0.7567476169504607 3
1739613280989 9.38104344424976 4
1739613281025 4.344403156320317 5
1739613281061 36.38093354914183 6
1739613281096 2.3441797378125644 7
1739613281130 4.3655370706868535 8
1739613281165 16.679849796221536 9
1739613281200 0.1108900321092933 10
1739613281235 0.6958324689963358 11
1739613281269 5.160640741197191 12
1739613281304 0.17009661240303905 13
1739613281338 1.3739134453748096 14
1739613281374 1.6375442311573813 15
1739613281410 21.366932321959492 16
1739613281445 1.0482250101756632 17
1739613281480 3.8150633003673993 18
1739613281515 0.4925816261754111 19
1739613281549 6.2202011484483055 20
1739613281584 0.04059117611936587 21
1739613281618 29.618534134547545 22
1739613281653 0.013002658131600644 23
1739613281688 26.06089762523428 24
1739613281722 19.255526681151323 25
1739613281757 3.957170044064111 26
1739613281793 0.2351779735689516 27
1739613281828 7.965850046737953 28
1739613281862 19.449132705675424 29
1739613281897 46.72475258646607 30
1739613281932 2.6150307090876637 31
1739613281966 3.963175415331514 32
1739613282001 13.502560369998227 33
1739613282036 20.549042561263658 34
1739613282071 10.656263477809805 35
1739613282106 22.821373405423195 36
1739613282141 0.17811850147440048 37
1739613282176 32.623913998869625 38
1739613282211 5.879694871573517 39
1739613282246 36.88373590813149 40
1739613282280 3.681950694718079 41
1739613282315 0.017936982626355787 42
1739613282350 18.01418441602739 43
1739613282385 64.4263735863707 44
1739613282419 2.594981866701644 45
1739613282454 0.28109094440827576 46
1739613282489 1.2290928319815515 47
1739613282525 0.41738653969533973 48
1739613282560 5.067675819070008 49
1739613282595 3.4332206185159855 50
1739613282630 0.8257498829983325 51
1739613282665 85.96382292921439 52
1739613282700 11.713079026428508 53
1739613282734 9.916905953760569 54
