1739554597990 0.216140833078061 0
1739554598027 0.0015693215420893368 1
1739554598063 0.9309573808020479 2
1739554598100 1.9668034589010506 3
1739554598135 13.801637085764598 4
1739554598171 0.5935230620190663 5
1739554598208 0.7171914557643565 6
1739554598244 0.5594627941269643 7
1739554598280 0.00023662480376633103 8
1739554598316 0.22968276751577638 9
1739554598352 0.7277420573998752 10
1739554598387 0.9074879595163684 11
1739554598423 0.6688994797298463 12
1739554598458 0.13209442850471684 13
1739554598495 2.55234613168578 14
1739554598531 0.014038784852841676 15
1739554598566 0.6940966865665384 16
1739554598602 1.0765402757408404 17
1739554598637 0.052337762209882045 18
1739554598672 0.9689101386574026 19
1739554598708 0.100833561645629 20
1739554598744 0.020596192639814118 21
1739554598779 0.5363228575103814 22
1739554598815 0.6894454792350468 23
1739554598850 0.2891871279575767 24
1739554598885 0.5516261311682141 25
1739554598921 0.041345053959026545 26
1739554598956 1.3986888974299014 27
1739554598992 0.49072810995833827 28
1739554599028 0.01274988740172172 29
1739554599063 5.127484138730917 30
1739554599098 1.7710559526412943 31
1739554599134 0.11767005817458895 32
1739554599170 0.2250227412817858 33
1739554599209 0.1796120452504031 34
1739554599246 0.21855080148329223 35
1739554599308 0.4286791605860771 36
1739554599349 0.8300292527527019 37
1739554599388 0.14915853980538188 38
1739554599428 0.7373576051117111 39
1739554599466 3.1852765239259253 40
1739554599505 0.12496384308939076 41
1739554599544 0.6610533578163297 42
1739554599580 0.9410159399789494 43
1739554599616 3.7601533816564796 44
1739554599652 1.5137766576907743 45
1739554599688 3.55612431390397 46
1739554599725 1.120386755507477 47
1739554599761 0.3051565266264761 48
1739554599797 2.526160203485192 49
1739554599833 0.422078037438634 50
1739554599868 0.09088834741044115 51
1739554599904 1.0008704516413012 52
1739554599941 0.22503722664833786 53
1739554599977 0.6336975295667848 54
1739554600013 0.7875834268246863 55
1739554600049 0.13344124190622852 56
1739554600085 0.44269282663501813 57
1739554600121 0.23550175598268272 58
1739554600157 2.1184250226071923 59
1739554600193 0.07279786782431946 60
1739554600229 1.8988104713140574 61
1739554600265 0.7960119436507717 62
1739554600300 1.417575131396091 63
1739554600336 4.349731899590902 64
1739554600371 0.8024372384966834 65
1739554600406 0.041979862542976976 66
1739554600442 1.3454908592751202 67
1739554600477 11.725843258440678 68
1739554600512 1.0398933004381097 69
1739554600549 0.5036393116274819 70
1739554600584 0.09227575983957904 71
1739554600620 0.05664447157764392 72
1739554600654 0.11643690753902954 73
1739554600689 1.1034919039194155 74
1739554600726 0.1410934995372666 75
1739554600761 0.13361005820394284 76
1739554600796 0.3695612650029942 77
1739554600832 0.6522691024659847 78
1739554600867 0.0026547774386925203 79
1739554600902 0.012124526279852957 80
1739554600938 0.23749976137185025 81
1739554600974 0.09062759229056694 82
1739554601009 0.5151418932712694 83
1739554601045 0.7296819957472402 84
1739554601080 0.07936411846015057 85
1739554601116 0.2427349514358353 86
1739554601151 0.2840810930176564 87
1739554601186 0.277985256082564 88
1739554601222 0.9720370514248146 89
1739554601258 0.11182049447260979 90
1739554601293 2.368870233703603 91
1739554601328 0.20617053895116857 92
1739554601366 0.27292156674088824 93
1739554601403 1.2036418351140032 94
1739554601439 0.09834687679958251 95
1739554601476 1.1469447696087245 96
1739554601512 0.11919380264668131 97
1739554601549 0.03245291497691938 98
1739554601585 0.39862758628555733 99
1739554601620 5.470140673913176e-06 100
1739554601657 0.43990770235778165 101
1739554601692 0.335869990660024 102
1739554601728 0.1056735821811107 103
1739554601763 0.9717127390854882 104
1739554601798 1.9221821506978967 105
1739554601833 0.5214272933803953 106
1739554601869 6.906246611587125 107
1739554601904 0.8043563566575306 108
1739554601940 0.18991574821982307 109
1739554601975 0.3228526436514117 110
1739554602010 1.7999011055585095 111
1739554602046 0.9976609236161516 112
1739554602082 0.5852499139889342 113
1739554602117 0.0636208136244286 114
1739554602153 0.11460816015988932 115
1739554602188 0.6754007420051661 116
1739554602223 0.03305695272456334 117
1739554602259 0.05361517494085985 118
1739554602294 0.6086989417806824 119
1739554602329 0.10075266483117415 120
1739554602364 7.964929990904359 121
1739554602399 0.2181863663261405 122
1739554602434 1.0726671482324743 123
1739554602471 0.2927635078775142 124
1739554602506 0.6037394324161167 125
1739554602542 2.1195564725242013 126
1739554602578 0.1909956330668881 127
1739554602613 0.4721665715711735 128
1739554602648 1.9179380472118888 129
1739554602683 0.571547487035527 130
1739554602718 0.005736311125924953 131
1739554602754 0.36626970578819273 132
1739554602789 4.411931151633274 133
1739554602825 0.002606878170975534 134
1739554602861 1.0034652382845275 135
1739554602896 0.5681100442025644 136
1739554602931 0.6779117631663291 137
1739554602966 0.2330520388949395 138
1739554603001 0.7688043603959371 139
1739554603036 4.059636103411923 140
1739554603072 1.2193864095373512 141
1739554603108 0.5535582884385903 142
1739554603142 3.1532365583656206 143
1739554603178 1.4256111798227555 144
1739554603214 3.0168172305710965 145
1739554603249 0.09892080975114213 146
1739554603284 0.9750172928175967 147
1739554603320 2.3046872200742023 148
1739554603355 0.2569727022546343 149
1739554603390 0.009341376331258719 150
1739554603426 1.0462899663857301 151
1739554603462 0.5965551956389447 152
1739554603498 0.07772294890304594 153
1739554603534 0.0030924389247423095 154
1739554603571 0.25398737400877924 155
1739554603608 0.22414654610563323 156
1739554603644 0.09395996891284862 157
1739554603681 0.4993436213920725 158
1739554603717 0.1729410049589835 159
1739554603753 0.9774105360482143 160
1739554603789 0.04166614458436324 161
1739554603825 1.9336685325247456 162
1739554603860 0.8288874643955938 163
1739554603896 1.445646052327669 164
1739554603931 1.5022424600672184 165
1739554603967 0.3950686248262306 166
1739554604002 0.5966065381100232 167
1739554604037 0.25424355293862727 168
1739554604072 6.640293688710524 169
1739554604108 0.3179386752270402 170
1739554604143 0.9872648939823959 171
1739554604179 2.50979529888385 172
1739554604214 1.4805415161381759 173
1739554604249 2.124922937674609 174
1739554604284 1.0583371029094186 175
1739554604319 0.341026197300339 176
1739554604354 0.4000163838971261 177
1739554604390 6.829339224732049 178
1739554604425 0.07107152057930301 179
1739554604460 0.345241061321078 180
1739554604496 0.30307065134583483 181
1739554604531 1.5859518279084495 182
1739554604566 0.04376319032833753 183
1739554604601 2.4908324768313808 184
1739554604640 1.4047014883092834 185
1739554604676 0.11921782807558207 186
1739554604712 0.5253144188569542 187
1739554604747 0.8915979531983691 188
1739554604782 0.79093979413964 189
1739554604818 0.7673682158254269 190
1739554604853 1.0244112371036596 191
1739554604888 0.4606841083374175 192
1739554604923 0.2187608185325981 193
1739554604958 0.44376350067683845 194
1739554604994 0.11642894213854028 195
1739554605029 0.22696763482368795 196
1739554605065 25.35519231819241 197
1739554605100 0.2172769144426325 198
1739554605135 0.39618179091354216 199
1739554605170 0.8938494988693362 200
1739554605205 0.00483141898530404 201
1739554605240 0.842337785511099 202
1739554605275 0.053545062931039535 203
1739554605311 3.0207636090163095 204
1739554605346 0.49099386356797825 205
1739554605382 0.048387005052001386 206
1739554605417 0.7790073168072422 207
1739554605452 1.1010107815594135 208
1739554605487 0.5458038589582604 209
1739554605523 3.921693514023958 210
1739554605558 0.4326118649837101 211
1739554605595 1.017000332532888 212
1739554605632 0.022620329844811462 213
1739554605668 0.7598632278863573 214
1739554605705 6.041541953177551 215
1739554605741 1.7142818518581375 216
1739554605777 0.0013412639444981163 217
1739554605813 0.7058707754615078 218
1739554605850 3.01043316395085 219
1739554605886 0.36935882188736097 220
1739554605921 1.3500262914603123 221
1739554605956 0.6800373256955121 222
1739554605991 5.48727651023537 223
1739554606026 0.018711578461996992 224
1739554606062 0.09901634859036831 225
1739554606097 0.030210870571940825 226
1739554606132 0.21150717923585544 227
1739554606167 4.516561876197123 228
1739554606202 5.001773688216653 229
1739554606238 1.0748591626048527 230
1739554606273 0.6433671103706093 231
1739554606308 2.586988896318032 232
1739554606344 7.364632759974159 233
1739554606379 0.2605144366615745 234
1739554606415 0.6036217884005337 235
1739554606450 0.11482459959399718 236
1739554606485 0.6614362132165228 237
1739554606521 0.07028547581033004 238
1739554606556 0.9837252922872882 239
1739554606592 0.7853010853012408 240
1739554606627 2.2559501782678715 241
1739554606662 0.10332655814492578 242
1739554606697 0.35551227304119776 243
1739554606733 1.5421899685826235 244
1739554606767 0.030757427824840283 245
1739554606803 0.05703461616765028 246
1739554606838 0.5845400845944075 247
1739554606874 3.9735632136216563 248
1739554606910 0.720905201993752 249
1739554606945 3.4298609384295213 250
1739554606980 1.200328101229536 251
1739554607015 0.09698248070434212 252
1739554607050 2.2855568157179356 253
1739554607085 0.4177015859809642 254
1739554607121 1.3256944643324338 255
1739554607158 0.02026105956715592 256
1739554607194 0.19096008159980468 257
1739554607230 0.1397437719911075 258
1739554607265 2.6976477432418187 259
1739554607300 0.16023236654314213 260
1739554607335 0.169132668125699 261
1739554607371 0.25307057427115903 262
1739554607406 3.9461583487531966 263
1739554607441 0.0017117097705770115 264
1739554607476 0.6379197935980366 265
1739554607511 0.1669449933144575 266
1739554607547 0.0302221111678681 267
1739554607582 0.001730941216830142 268
1739554607617 0.17428294835892838 269
1739554607653 0.3106420270396094 270
1739554607688 2.0663300655570187 271
1739554607725 0.33039967031122275 272
1739554607762 0.027666476285108058 273
1739554607798 0.36531541217111246 274
1739554607835 0.5102385602660154 275
1739554607871 1.7924825595857274 276
1739554607907 1.4617433032870242 277
1739554607944 0.6686518293004059 278
1739554607980 0.011690003236186578 279
1739554608016 1.7864575626468404 280
1739554608051 1.0207570070956393 281
1739554608086 1.08046432635446 282
1739554608121 0.017340326088257484 283
1739554608157 0.017135389575906896 284
1739554608191 1.0817401803825368 285
1739554608227 0.9550078559655792 286
1739554608262 0.17116058295674588 287
1739554608297 0.04958948118834352 288
1739554608332 0.35952696653389243 289
1739554608367 0.30834164700477185 290
1739554608401 0.008447664931619548 291
1739554608437 0.07506819253364855 292
1739554608472 0.9807009670028257 293
1739554608507 1.602865048813306 294
1739554608543 0.2246543250564208 295
1739554608578 2.5897586122530587 296
1739554608613 0.40508095877894634 297
1739554608649 0.03515603556522198 298
1739554608684 1.2349761356885463 299
1739554608719 0.40518598824557295 300
1739554608755 0.16805381157241783 301
1739554608790 0.17511897564329656 302
1739554608825 1.6931572867158897 303
1739554608861 0.28381726080267444 304
1739554608896 0.45381686243414426 305
1739554608931 0.1393989398549931 306
1739554608966 0.5852270348837395 307
1739554609000 1.2230415770027898 308
1739554609036 0.43991019713406493 309
1739554609071 1.5895590812363893 310
1739554609106 22.93256198807649 311
1739554609142 0.0874497241159682 312
1739554609179 0.0015679997107392334 313
1739554609214 0.4274431794430261 314
1739554609250 0.08056490211935885 315
1739554609284 0.1147032420267764 316
1739554609319 0.20277828545101567 317
1739554609354 0.016066553287869337 318
1739554609389 0.17851380506510803 319
1739554609424 2.5844731716537885 320
1739554609460 0.6413935899851388 321
1739554609495 0.43346485480432195 322
1739554609530 2.4278806727993896 323
1739554609564 0.1930759510731074 324
1739554609599 0.18225357586274726 325
1739554609634 1.8257109063057904 326
1739554609670 0.20458513496044242 327
1739554609706 2.1711315675297445 328
1739554609741 0.012898950267530246 329
1739554609777 0.0678027239198426 330
1739554609811 1.5469013369856324 331
1739554609848 0.6737230843283474 332
1739554609885 0.0458111014166797 333
1739554609921 0.3881974757235016 334
1739554609958 12.154026761560827 335
1739554609994 0.7064502542137965 336
1739554610031 0.00998259770416312 337
1739554610066 1.6741948515563332 338
1739554610102 0.03728859379131289 339
1739554610136 0.009680867225619876 340
1739554610171 2.5386094503931127 341
1739554610206 0.21787668706545132 342
1739554610241 0.6035561974449029 343
1739554610276 1.4806969966890426 344
1739554610311 0.03488542586515177 345
1739554610346 4.213631373352741 346
1739554610381 0.3673783332878325 347
1739554610416 0.483729948653106 348
1739554610452 0.306252017722955 349
1739554610487 1.1498736254629476 350
1739554610522 1.2347914524170192 351
1739554610557 2.2882738370729174 352
1739554610592 1.5473518518864167 353
1739554610627 0.9367586482877116 354
1739554610663 0.340029364457714 355
1739554610697 0.224183415511202 356
1739554610732 0.24672071211395083 357
1739554610768 0.5562476192056278 358
1739554610803 3.628652168805315e-05 359
1739554610837 0.6013883317865735 360
1739554610873 1.6951746425365912 361
1739554610907 0.05736033381948711 362
1739554610942 0.2584671417388386 363
1739554610978 2.1261777248850096 364
1739554611013 0.3857715508389169 365
1739554611047 0.02936322578499664 366
1739554611082 0.2927455434329343 367
1739554611117 0.07271767406519737 368
1739554611152 0.9907745934882356 369
1739554611188 0.027016919853398647 370
1739554611223 0.40204482783200923 371
1739554611258 7.843473892483669 372
1739554611293 0.5819083333302241 373
1739554611328 7.299257666103042 374
1739554611363 1.0173780467932687 375
1739554611398 0.7962048169773691 376
1739554611433 3.9670073697791834 377
1739554611467 0.09075051099439023 378
1739554611503 0.8275679922706503 379
1739554611537 0.35303094150311665 380
1739554611573 0.8157688416514991 381
1739554611608 0.013340381996767153 382
1739554611643 0.29396247602182585 383
1739554611678 0.14410209408060579 384
1739554611714 1.111400967988316 385
1739554611748 4.44698141503828 386
1739554611784 0.22922913387458857 387
1739554611819 0.23911943317740705 388
1739554611854 1.360361198834405 389
1739554611889 0.03645307823881822 390
1739554611925 0.039529630920213076 391
1739554611962 0.6490614095566717 392
1739554611999 0.4926488325352132 393
1739554612035 0.014636015509810689 394
1739554612072 0.773701427836191 395
1739554612108 0.02793138472193704 396
1739554612144 1.3578055558874302 397
1739554612180 0.5532109302273661 398
1739554612215 0.19437592142440246 399
1739554612249 0.2773445850472851 400
1739554612285 0.035206525704676014 401
1739554612319 1.5431079998383013 402
1739554612354 1.176962597499374 403
1739554612390 0.980036132582398 404
1739554612424 2.573671211415323 405
1739554612459 5.0010945861065395 406
1739554612495 0.15371286458449293 407
1739554612530 0.5646931781736086 408
1739554612565 0.2347630153548496 409
1739554612600 0.9263131331428369 410
1739554612635 0.0009279295257848929 411
1739554612670 2.5659385866545543 412
1739554612705 0.8013965916106139 413
1739554612740 0.22736774611174249 414
1739554612775 152.86015797561907 415
1739554612810 0.7144480756779331 416
1739554612845 21.384209765462966 417
1739554612879 0.7829618329495637 418
1739554612914 2.265339036003135 419
1739554612949 2.90180248563841 420
1739554612984 8.18943078127391 421
1739554613019 0.12104554881343381 422
1739554613054 0.9047943859799762 423
1739554613088 0.324622080270912 424
1739554613123 0.016091773529086514 425
1739554613158 1.2977716295365949 426
1739554613194 4.16537814966946 427
1739554613228 0.01991615950129219 428
1739554613262 8.269470536656362 429
1739554613298 0.1226458543587013 430
1739554613333 0.641272644899436 431
1739554613367 0.8233069863130972 432
1739554613403 0.3937787508670852 433
1739554613437 1.0411093966157463 434
1739554613472 0.48158682549432485 435
1739554613508 1.3524934803881088 436
1739554613542 0.28165821773812266 437
1739554613578 1.3609415688891027 438
1739554613613 0.05076677999600181 439
1739554613647 0.026500742388333505 440
1739554613681 6.910207996259431 441
1739554613717 1.3383085865053526 442
1739554613751 0.0577019848075996 443
1739554613786 3.1436501730869697 444
1739554613822 0.08192483336784455 445
1739554613857 0.5403644753611135 446
1739554613892 1.528421814189838 447
1739554613926 0.2388348743098567 448
1739554613961 0.08031823069870919 449
1739554613995 0.4656781258580638 450
1739554614030 0.13577487284228376 451
1739554614066 8.77521636581631 452
1739554614103 0.23005187223815682 453
1739554614139 1.7692698183139943 454
1739554614175 1.3107778199382636 455
1739554614212 0.2346193785233415 456
1739554614248 0.764841966850604 457
1739554614283 0.16900707206743484 458
1739554614318 0.07733920323922358 459
1739554614352 2.4812718049410942 460
1739554614388 0.010854609159542616 461
1739554614423 6.344136703938559 462
1739554614457 0.3354670480080477 463
1739554614492 7.607561896780841 464
1739554614527 0.4103922311695624 465
1739554614561 0.1565244896047242 466
1739554614596 0.018429031593825588 467
1739554614631 1.5832680903066196 468
1739554614665 0.002708312270448131 469
1739554614700 1.032682261263533 470
1739554614735 0.6874719749013616 471
1739554614769 1.55002887057336 472
1739554614804 6.993789501220269 473
1739554614840 0.4463697184677821 474
1739554614874 0.07114365315547092 475
1739554614910 0.3206225552801947 476
1739554614944 0.09578585641197808 477
1739554614979 0.22509619031641623 478
1739554615014 1.4464277550084719 479
1739554615049 0.2262567884295611 480
1739554615083 0.049029246554032804 481
1739554615118 1.349601892327504 482
1739554615153 2.781330817586401 483
1739554615188 0.27479352091559966 484
1739554615224 0.1642743964909828 485
1739554615258 0.4323264586525584 486
1739554615293 0.04293829948093176 487
1739554615328 1.9696795660711113 488
1739554615363 0.5221487039848557 489
1739554615397 1.5789855399486616 490
1739554615433 0.0017521889585424054 491
1739554615467 4.303941615299251 492
1739554615501 0.26795470678290234 493
1739554615536 0.3432597016426501 494
1739554615570 8.127621571739656 495
1739554615605 0.12810886315554532 496
1739554615640 0.7759393387559436 497
1739554615675 0.4955927934940843 498
1739554615710 1.4719205535016797 499
