1739558121813 169.00818825176958 0
1739558121821 167.91399735749812 1
1739558121830 167.2576345412167 2
1739558121838 166.6031309239211 3
1739558121847 165.9513999187737 4
1739558121855 165.30242783062047 5
1739558121863 164.65620298293874 6
1739558121871 164.01271374447825 7
1739558121879 163.37194853324178 8
1739558121887 162.7338958162681 9
1739558121895 162.09854410942413 10
1739558121902 161.4658819771983 11
1739558121910 160.83589803249475 12
1739558121918 160.2085809364283 13
1739558121926 159.5839193981202 14
1739558121935 158.96190217449526 15
1739558121943 158.3425180700789 16
1739558121951 157.72575593679616 17
1739558121959 157.11160467377067 18
1739558121966 156.50005322712505 19
1739558121975 155.8910905897817 20
1739558121983 155.28470580126486 21
1739558121991 154.6808879475031 22
1739558121999 154.0796261606331 23
1739558122016 153.48090961880385 24
1739558122024 152.8847275459819 25
1739558122033 152.29106921175725 26
1739558122041 151.69992393115044 27
1739558122048 151.11128106442 28
1739558122056 150.525130016871 29
1739558122064 149.9414602386643 30
1739558122072 149.36026122462664 31
1739558122081 148.78152251406163 32
1739558122089 148.20523369056124 33
1739558122097 147.63138438181855 34
1739558122104 147.05996425944087 35
1739558122112 146.49096303876377 36
1739558122120 145.92437047866605 37
1739558122128 145.3601763813854 38
1739558122136 144.7983705923348 39
1739558122144 144.2389429999197 40
1739558122152 143.68188353535584 41
1739558122160 143.1271821724885 42
1739558122168 142.57482892761132 43
1739558122176 142.02481385928724 44
1739558122184 141.47712706816907 45
1739558122193 140.93175869682153 46
1739558122201 140.38869892954372 47
1739558122209 139.84793799219247 48
1739558122217 139.30946615200637 49
1739558122224 138.7732737174305 50
1739558122232 138.2393510379421 51
1739558122240 137.70768850387677 52
1739558122248 137.17827654625546 53
1739558122256 136.6511056366123 54
1739558122264 136.126166286823 55
1739558122272 135.6034490489341 56
1739558122280 135.08294451499287 57
1739558122290 134.56464331687798 58
1739558122298 134.04853612613076 59
1739558122306 133.53461365378746 60
1739558122314 133.02286665021185 61
1739558122322 132.51328590492886 62
1739558122330 132.00586224645875 63
1739558122338 131.50058654215184 64
1739558122346 130.9974496980244 65
1739558122355 130.49644265859473 66
1739558122362 129.9975564067202 67
1739558122370 129.50078196343506 68
1739558122378 129.0061103877885 69
1739558122386 128.5135327766841 70
1739558122394 128.0230402647192 71
1739558122402 127.53462402402562 72
1739558122410 127.04827526411046 73
1739558122418 126.5639852316981 74
1739558122426 126.08174521057246 75
1739558122434 125.60154652142022 76
1739558122442 125.12338052167448 77
1739558122450 124.64723860535928 78
1739558122458 124.17311220293456 79
1739558122467 123.70099278114208 80
1739558122475 123.23087184285158 81
1739558122487 122.762740926908 82
1739558122496 122.29659160797911 83
1739558122504 121.83241549640383 84
1739558122512 121.37020423804124 85
1739558122521 120.90994951412011 86
1739558122529 120.45164304108931 87
1739558122537 119.99527657046852 88
1739558122545 119.54084188869989 89
1739558122553 119.08833081700004 90
1739558122562 118.63773521121301 91
1739558122570 118.18904696166345 92
1739558122578 117.74225799301085 93
1739558122586 117.297360264104 94
1739558122595 116.85434576783635 95
1739558122602 116.41320653100182 96
1739558122611 115.97393461415122 97
1739558122619 115.53652211144949 98
1739558122627 115.10096115053318 99
1739558122635 114.66724389236896 100
1739558122642 114.23536253111227 101
1739558122651 113.80530929396704 102
1739558122659 113.37707644104556 103
1739558122667 112.95065626522931 104
1739558122675 112.52604109203014 105
1739558122683 112.10322327945212 106
1739558122691 111.68219521785404 107
1739558122699 111.26294932981234 108
1739558122707 110.84547806998472 109
1739558122715 110.42977392497443 110
1739558122722 110.01582941319487 111
1739558122730 109.60363708473496 112
1739558122738 109.1931895212251 113
1739558122746 108.78447933570354 114
1739558122754 108.37749917248344 115
1739558122762 107.97224170702043 116
1739558122770 107.56869964578087 117
1739558122778 107.16686572611039 118
1739558122786 106.7667327161033 119
1739558122794 106.36829341447229 120
1739558122802 105.9715406504189 121
1739558122810 105.57646728350436 122
1739558122817 105.18306620352107 123
1739558122826 104.79133033036469 124
1739558122834 104.40125261390648 125
1739558122842 104.01282603386669 126
1739558122850 103.62604359968789 127
1739558122858 103.24089835040937 128
1739558122866 102.85738335454164 129
1739558122874 102.47549170994178 130
1739558122882 102.09521654368915 131
1739558122890 101.7165510119617 132
1739558122898 101.33948829991267 133
1739558122905 100.96402162154811 134
1739558122914 100.59014421960453 135
1739558122922 100.21784936542727 136
1739558122930 99.84713035884957 137
1739558122937 99.47798052807175 138
1739558122946 99.1103932295412 139
1739558122954 98.74436184783279 140
1739558122962 98.37987979552975 141
1739558122970 98.01694051310517 142
1739558122978 97.65553746880371 143
1739558122986 97.29566415852435 144
1739558122994 96.93731410570298 145
1739558123002 96.5804808611961 146
1739558123009 96.22515800316438 147
1739558123018 95.87133913695749 148
1739558123027 95.51901789499863 149
1739558123035 95.16818793667004 150
1739558123044 94.81884294819896 151
1739558123053 94.47097664254377 152
1739558123061 94.12458275928095 153
1739558123069 93.77965506449239 154
1739558123077 93.43618735065307 155
1739558123085 93.09417343651941 156
1739558123093 92.75360716701803 157
1739558123101 92.4144824131348 158
1739558123109 92.07679307180466 159
1739558123117 91.74053306580163 160
1739558123125 91.40569634362961 161
1739558123132 91.07227687941322 162
1739558123140 90.74026867278945 163
1739558123148 90.4096657487996 164
1739558123157 90.08046215778172 165
1739558123165 89.75265197526366 166
1739558123172 89.42622930185617 167
1739558123180 89.10118826314681 168
1739558123188 88.77752300959433 169
1739558123196 88.45522771642321 170
1739558123204 88.1342965835188 171
1739558123212 87.81472383532304 172
1739558123220 87.49650372073039 173
1739558123228 87.17963051298437 174
1739558123236 86.86409850957439 175
1739558123244 86.54990203213316 176
1739558123252 86.23703542633444 177
1739558123260 85.92549306179131 178
1739558123268 85.61526933195475 179
1739558123276 85.30635865401274 180
1739558123284 84.99875546878972 181
1739558123292 84.69245424064663 182
1739558123300 84.3874494573812 183
1739558123309 84.08373563012863 184
1739558123317 83.78130729326294 185
1739558123324 83.4801590042985 186
1739558123332 83.18028534379205 187
1739558123340 82.88168091524513 188
1739558123348 82.58434034500708 189
1739558123356 82.2882582821781 190
1739558123364 81.99342939851303 191
1739558123372 81.69984838832546 192
1739558123380 81.40750996839219 193
1739558123388 81.11640887785808 194
1739558123396 80.82653987814143 195
1739558123404 80.53789775283964 196
1739558123412 80.25047730763531 197
1739558123420 79.9642733702027 198
1739558123428 79.6792807901147 199
1739558123436 79.39549443875006 200
1739558123444 79.11290920920105 201
1739558123452 78.83152001618159 202
1739558123460 78.55132179593568 203
1739558123468 78.27230950614623 204
1739558123476 77.99447812584431 205
1739558123484 77.71782265531877 206
1739558123497 77.44233811602622 207
1739558123505 77.1680195505014 208
1739558123513 76.89486202226804 209
1739558123521 76.62286061574981 210
1739558123529 76.352010436182 211
1739558123537 76.08230660952339 212
1739558123545 75.81374428236836 213
1739558123553 75.54631862185973 214
1739558123561 75.28002481560159 215
1739558123569 75.01485807157283 216
1739558123577 74.75081361804074 217
1739558123585 74.48788670347511 218
1739558123593 74.2260725964629 219
1739558123601 73.9653665856228 220
1739558123608 73.70576397952058 221
1739558123616 73.4472601065846 222
1739558123624 73.18985031502167 223
1739558123632 72.93352997273344 224
1739558123640 72.67829446723287 225
1739558123648 72.42413920556126 226
1739558123656 72.17105961420563 227
1739558123664 71.91905113901628 228
1739558123672 71.66810924512487 229
1739558123681 71.41822941686279 230
1739558123695 71.16940715767986 231
1739558123703 70.92163799006336 232
1739558123712 70.67491745545755 233
1739558123720 70.4292411141832 234
1739558123728 70.18460454535784 235
1739558123736 69.94100334681616 236
1739558123744 69.69843313503067 237
1739558123753 69.45688954503291 238
1739558123761 69.21636823033478 239
1739558123768 68.97686486285033 240
1739558123776 68.73837513281786 241
1739558123784 68.5008947487224 242
1739558123792 68.2644194372183 243
1739558123800 68.02894494305241 244
1739558123808 67.79446702898751 245
1739558123816 67.56098147572595 246
1739558123824 67.32848408183378 247
1739558123832 67.096970663665 248
1739558123840 66.86643705528643 249
1739558123848 66.6368791084025 250
1739558123856 66.40829269228075 251
1739558123865 66.18067369367743 252
1739558123874 65.95401801676341 253
1739558123882 65.72832158305044 254
1739558123890 65.50358033131782 255
1739558123898 65.27979021753922 256
1739558123906 65.05694721480991 257
1739558123914 64.83504731327427 258
1739558123922 64.61408652005358 259
1739558123930 64.39406085917416 260
1739558123938 64.17496637149586 261
1739558123946 63.95679911464064 262
1739558123954 63.73955516292177 263
1739558123962 63.523230607273064 264
1739558123970 63.307821555178556 265
1739558123981 63.09332413060234 266
1739558123990 62.87973447391894 267
1739558123998 62.66704874184371 268
1739558124007 62.45526310736374 269
1739558124015 62.24437375966889 270
1739558124023 62.03437690408324 271
1739558124031 61.82526876199674 272
1739558124039 61.617045570797224 273
1739558124047 61.40970358380271 274
1739558124055 61.20323907019384 275
1739558124063 60.99764831494682 276
1739558124071 60.79292761876657 277
1739558124079 60.58907329802002 278
1739558124087 60.38608168466988 279
1739558124095 60.18394912620858 280
1739558124103 59.982671985592575 281
1739558124111 59.782246641176776 282
1739558124119 59.582669486649436 283
1739558124127 59.383936930967195 284
1739558124135 59.18604539829048 285
1739558124143 58.98899132791904 286
1739558124151 58.79277117422796 287
1739558124159 58.59738140660378 288
1739558124166 58.40281850938094 289
1739558124174 58.20907898177851 290
1739558124182 58.01615933783715 291
1739558124190 57.82405610635638 292
1739558124202 57.63276583083206 293
1739558124210 57.44228506939421 294
1739558124218 57.252610394745055 295
1739558124226 57.06373839409726 296
1739558124234 56.87566566911258 297
1739558124242 56.68838883584064 298
1739558124250 56.501904524658045 299
1739558124258 56.31620938020768 300
1739558124265 56.13130006133835 301
1739558124274 55.94717324104463 302
1739558124282 55.763825606406925 303
1739558124290 55.58125385853194 304
1739558124298 55.39945471249316 305
1739558124306 55.21842489727185 306
1739558124314 55.038161155698056 307
1739558124322 54.85866024439208 308
1739558124329 54.67991893370599 309
1739558124337 54.50193400766554 310
1739558124346 54.324702263912336 311
1739558124354 54.14822051364602 312
1739558124362 53.97248558156705 313
1739558124370 53.79749430581944 314
1739558124378 53.623243537933845 315
1739558124391 53.44973014277095 316
1739558124399 53.27695099846494 317
1739558124409 53.10490299636738 318
1739558124417 52.93358304099122 319
1739558124425 52.76298804995507 320
1739558124433 52.593114953927746 321
1739558124441 52.42396069657296 322
1739558124449 52.255522234494364 323
1739558124457 52.0877965371807 324
1739558124466 51.92078058695133 325
1739558124474 51.75447137890186 326
1739558124482 51.58886592085004 327
1739558124490 51.4239612332819 328
1739558124500 51.25975434929818 329
1739558124508 51.096242314560826 330
1739558124517 50.93342218723989 331
1739558124525 50.771291037960516 332
1739558124533 50.609845949750245 333
1739558124541 50.449084017986486 334
1739558124549 50.289002350344234 335
1739558124557 50.129598066744 336
1739558124565 49.97086829929998 337
1739558124573 49.81281019226843 338
1739558124580 49.655420901996244 339
1739558124588 49.49869759686975 340
1739558124596 49.34263745726377 341
1739558124606 49.187237675490884 342
1739558124615 49.03249545575079 343
1739558124623 48.87840801408007 344
1739558124630 48.724972578302086 345
1739558124638 48.57218638797698 346
1739558124646 48.42004669435206 347
1739558124654 48.2685507603123 348
1739558124662 48.117695860331104 349
1739558124671 47.96747928042113 350
1739558124679 47.81789831808557 351
1739558124687 47.668950282269414 352
1739558124695 47.52063249331106 353
1739558124703 47.37294228289404 354
1739558124710 47.225876993999 355
1739558124719 47.07943398085588 356
1739558124727 46.93361060889627 357
1739558124735 46.78840425470595 358
1739558124743 46.643812305977804 359
1739558124751 46.49983216146462 360
1739558124759 46.35646123093235 361
1739558124767 46.213696935113504 362
1739558124775 46.071536705660684 363
1739558124783 45.92997798510034 364
1739558124791 45.78901822678673 365
1739558124799 45.648654894856165 366
1739558124807 45.50888546418124 367
1739558124815 45.36970742032544 368
1739558124823 45.231118259497855 369
1739558124831 45.093115488508154 370
1739558124839 44.95569662472165 371
1739558124847 44.81885919601462 372
1739558124855 44.68260074072984 373
1739558124863 44.54691880763224 374
1739558124871 44.411810955864766 375
1739558124878 44.27727475490446 376
1739558124886 44.143307784518775 377
1739558124895 44.009907634721834 378
1739558124902 43.87707190573125 379
1739558124910 43.74479820792477 380
1739558124918 43.61308416179732 381
1739558124926 43.48192739791821 382
1739558124934 43.351325556888426 383
1739558124942 43.22127628929816 384
1739558124950 43.091777255684555 385
1739558124958 42.96282612648953 386
1739558124966 42.83442058201793 387
1739558124974 42.70655831239568 388
1739558124982 42.57923701752828 389
1739558124990 42.45245440705934 390
1739558124998 42.32620820032939 391
1739558125006 42.2004961263348 392
1739558125013 42.07531592368695 393
1739558125021 41.950665340571426 394
1739558125030 41.826542134707594 395
1739558125038 41.70294407330814 396
1739558125047 41.579868933038966 397
1739558125054 41.457314499979056 398
1739558125062 41.335278569580794 399
1739558125071 41.21375894663006 400
1739558125078 41.092753445206895 401
1739558125086 40.97225988864608 402
1739558125094 40.85227610949795 403
1739558125103 40.73279994948936 404
1739558125111 40.61382925948488 405
1739558125119 40.49536189944809 406
1739558125127 40.377395738403074 407
1739558125135 40.25992865439597 408
1739558125142 40.14295853445691 409
1739558125150 40.02648327456188 410
1739558125159 39.91050077959489 411
1739558125166 39.795008963310245 412
1739558125174 39.680005748294974 413
1739558125182 39.5654890659315 414
1739558125190 39.45145685636031 415
1739558125198 39.33790706844294 416
1739558125206 39.22483765972504 417
1739558125214 39.11224659639959 418
1739558125222 39.000131853270275 419
1739558125230 38.888491413715116 420
1739558125238 38.77732326965005 421
1739558125246 38.66662542149283 422
1739558125254 38.55639587812709 423
1739558125262 38.44663265686641 424
1739558125270 38.33733378341867 425
1739558125278 38.228497291850495 426
1739558125286 38.120121224551895 427
1739558125294 38.01220363220102 428
1739558125302 37.90474257372901 429
1739558125310 37.79773611628512 430
1739558125318 37.69118233520193 431
1739558125326 37.58507931396063 432
1739558125335 37.479425144156586 433
1739558125343 37.374217925464976 434
1739558125351 37.26945576560654 435
1739558125359 37.16513678031359 436
1739558125367 37.061259093295995 437
1739558125375 36.95782083620748 438
1739558125383 36.854820148611985 439
1739558125390 36.75225517795015 440
1739558125399 36.65012407950598 441
1739558125407 36.54842501637363 442
1739558125414 36.447156159424345 443
1739558125422 36.34631568727352 444
1739558125430 36.24590178624797 445
1739558125438 36.14591265035318 446
1739558125447 36.04634648124088 447
1739558125455 35.94720148817664 448
1739558125463 35.84847588800765 449
1739558125471 35.750167905130574 450
1739558125479 35.652275771459664 451
1739558125487 35.55479772639486 452
1739558125501 35.45773201679013 453
1739558125510 35.36107689692193 454
1739558125518 35.264830628457744 455
1739558125525 35.1689914804248 456
1739558125533 35.07355772917891 457
1739558125541 34.978527658373466 458
1739558125549 34.883899558928526 459
1739558125560 34.78967172900001 460
1739558125569 34.69584247394916 461
1739558125577 34.60241010631193 462
1739558125585 34.509372945768675 463
1739558125594 34.416729319113884 464
1739558125602 34.324477560226036 465
1739558125611 34.23261601003769 466
1739558125619 34.141143016505495 467
1739558125626 34.05005693458056 468
1739558125635 33.95935612617879 469
1739558125642 33.86903896015139 470
1739558125650 33.77910381225556 471
1739558125659 33.68954906512517 472
1739558125667 33.60037310824172 473
1739558125674 33.5115743379053 474
1739558125682 33.42315115720576 475
1739558125690 33.335101975993936 476
1739558125698 33.24742521085304 477
1739558125706 33.16011928507015 478
1739558125714 33.07318262860783 479
1739558125722 32.98661367807584 480
1739558125729 32.90041087670305 481
1739558125737 32.81457267430937 482
1739558125745 32.72909752727787 483
1739558125753 32.64398389852698 484
1739558125761 32.55923025748282 485
1739558125769 32.474835080051626 486
1739558125777 32.39079684859238 487
1739558125785 32.30711405188942 488
1739558125793 32.223785185125294 489
1739558125801 32.14080874985361 490
1739558125810 32.058183253972125 491
1739558125818 31.97590721169583 492
1739558125826 31.893979143530238 493
1739558125834 31.81239757624476 494
1739558125842 31.73116104284616 495
1739558125850 31.650268082552138 496
1739558125858 31.56971724076506 497
1739558125867 31.489507069045768 498
1739558125875 31.409636125087513 499
