1739553587419 164.49176861955138 0
1739553587429 158.25486723379956 1
1739553587438 150.36283808367256 2
1739553587446 150.21370289180388 3
1739553587456 145.30722231142443 4
1739553587465 145.7551367627532 5
1739553587473 137.5550160697583 6
1739553587483 134.5864828333643 7
1739553587492 132.8270773675175 8
1739553587500 126.93368701991136 9
1739553587509 129.75627293319826 10
1739553587519 122.07578644988271 11
1739553587527 119.18924589342012 12
1739553587535 116.12799829631892 13
1739553587542 115.42003879741056 14
1739553587552 108.05112284054873 15
1739553587559 107.10315221845384 16
1739553587568 105.46059125483032 17
1739553587576 102.85294953107962 18
1739553587586 99.34858751829648 19
1739553587595 96.03946336474829 20
1739553587603 94.5191113630121 21
1739553587611 88.0598807768152 22
1739553587620 89.91001499532473 23
1739553587629 87.76302083612497 24
1739553587637 86.35892510191977 25
1739553587644 85.88364390913175 26
1739553587651 78.92590565568231 27
1739553587659 82.20215753803504 28
1739553587666 77.76956044682527 29
1739553587674 80.50045225926901 30
1739553587681 81.80565150789174 31
1739553587689 76.17109421988425 32
1739553587696 73.8908398326769 33
1739553587703 73.0953007515295 34
1739553587711 76.10362370831491 35
1739553587718 68.0843045415036 36
1739553587725 75.22585197987839 37
1739553587732 62.09810510527081 38
1739553587739 70.11493483206412 39
1739553587746 65.77641697745884 40
1739553587753 66.73940141915485 41
1739553587759 65.97914142720035 42
1739553587766 66.95583420376227 43
1739553587773 64.81896210147343 44
1739553587780 57.48707196698101 45
1739553587788 61.53062713571752 46
1739553587797 61.63353822502343 47
1739553587805 61.45083750144166 48
1739553587813 55.449620226267264 49
1739553587823 53.289098131033995 50
1739553587832 53.507699023011035 51
1739553587842 55.76697151847717 52
1739553587853 53.15175157158369 53
1739553587862 54.267776391092774 54
1739553587870 49.199243230398956 55
1739553587878 48.65033970940698 56
1739553587889 52.97851425026284 57
1739553587898 49.596736753175215 58
1739553587906 47.313581482350344 59
1739553587915 50.75370031542732 60
1739553587924 53.91689167358947 61
1739553587933 49.67651406441706 62
1739553587940 45.82864987173765 63
1739553587948 43.41551978868474 64
1739553587956 52.3856664529673 65
1739553587964 46.73901711182549 66
1739553587973 43.180921495097074 67
1739553587983 42.52183724023931 68
1739553587991 43.42203224696929 69
1739553588000 41.83371147708374 70
1739553588008 39.72668878935686 71
1739553588016 43.25177489895281 72
1739553588024 35.782830934230454 73
1739553588032 40.03384960231182 74
1739553588040 39.26829914583696 75
1739553588048 36.32692919599536 76
1739553588059 35.23539079639029 77
1739553588071 44.50595802408539 78
1739553588084 37.430598119809005 79
1739553588097 33.681060808361316 80
1739553588107 40.4725950582633 81
1739553588117 37.438748710226285 82
1739553588130 38.990683823743545 83
1739553588141 38.65348196333726 84
1739553588154 34.80726014240234 85
1739553588168 38.42326471248015 86
1739553588179 40.82889624107116 87
1739553588191 41.70075275047122 88
1739553588202 42.93424472002013 89
1739553588211 36.16700587236897 90
1739553588222 32.28948584025062 91
1739553588231 35.24671281865842 92
1739553588241 38.53743606496754 93
1739553588281 36.213343778687005 94
1739553588307 42.9206082941986 95
1739553588321 32.65200008106008 96
1739553588332 35.34614229076219 97
1739553588343 38.16856533769821 98
1739553588355 36.92836545788966 99
1739553588366 34.91652596311091 100
1739553588376 30.997040589108437 101
1739553588387 34.99940655740478 102
1739553588397 38.099345901345394 103
1739553588407 43.61253824329878 104
1739553588418 33.67912562738354 105
1739553588428 34.01210740066249 106
1739553588438 33.56202000139276 107
1739553588449 27.438283332255793 108
1739553588459 34.89802924378478 109
1739553588470 34.539503339518795 110
1739553588481 33.48774948867036 111
1739553588492 39.31532322565348 112
1739553588504 32.17609700096422 113
1739553588517 29.70117569049124 114
1739553588527 29.72366848839128 115
1739553588538 31.980395431354257 116
1739553588549 32.2040353418904 117
1739553588560 35.96751370913545 118
1739553588570 37.8951755621306 119
1739553588580 30.757577954067134 120
1739553588592 33.501040461296306 121
1739553588602 33.314641012879726 122
1739553588612 29.00895661383077 123
1739553588623 33.984829059675214 124
1739553588635 33.06805823630698 125
1739553588644 33.19062969936444 126
1739553588654 31.608166981013305 127
1739553588662 31.952225340541947 128
1739553588672 35.8681362058372 129
1739553588682 31.45241186923615 130
1739553588692 29.41379742767288 131
1739553588704 26.544954182801234 132
1739553588714 35.41892053008034 133
1739553588724 31.38107822025197 134
1739553588735 30.48988876387086 135
1739553588743 30.665269534719304 136
1739553588755 29.889970475087715 137
1739553588768 31.30407096689338 138
1739553588778 34.48728942519211 139
1739553588793 32.709532455204524 140
1739553588803 36.16388365850241 141
1739553588813 30.68800065809785 142
1739553588823 28.39606843484873 143
1739553588833 34.38611529317383 144
1739553588841 27.918130955378675 145
1739553588849 29.829995148012298 146
1739553588859 28.007106870508792 147
1739553588867 31.204766286375385 148
1739553588875 36.642254198675694 149
1739553588882 26.032219925094537 150
1739553588892 33.10023508760258 151
1739553588902 37.20738029414017 152
1739553588911 30.21130709173844 153
1739553588921 31.29185043907148 154
1739553588929 29.45432141248164 155
1739553588937 25.276121047178425 156
1739553588945 22.427430656078755 157
1739553588954 24.390676723845495 158
1739553588962 31.637436020461934 159
1739553588970 27.05018833606409 160
1739553588979 31.764201793939552 161
1739553588989 30.393246560830338 162
1739553588998 32.31266082631449 163
1739553589007 24.952316752104668 164
1739553589016 29.027835386771407 165
1739553589025 32.37050953901734 166
1739553589035 29.70936264716315 167
1739553589043 27.916900888284385 168
1739553589053 27.26893832735575 169
1739553589068 31.999706292975233 170
1739553589076 26.14597624481183 171
1739553589087 27.5499717041971 172
1739553589096 34.59909286907598 173
1739553589104 28.843103927822852 174
1739553589113 28.8808896269816 175
1739553589123 25.255935776480047 176
1739553589131 24.101624976660446 177
1739553589140 36.10600863609269 178
1739553589148 30.02055718681764 179
1739553589158 30.763185734762807 180
1739553589166 29.970554555633875 181
1739553589174 30.26561543670855 182
1739553589182 29.77282864159779 183
1739553589193 31.033627836331938 184
1739553589203 31.47418755084496 185
1739553589212 31.458541690775768 186
1739553589221 26.0315739408102 187
1739553589229 29.566305131445173 188
1739553589239 36.007607824831865 189
1739553589249 25.20228252522956 190
1739553589259 28.338085178308123 191
1739553589271 35.18592446684445 192
1739553589279 28.17762949017427 193
1739553589287 30.155220264717148 194
1739553589296 33.63362060932802 195
1739553589306 27.235327447043876 196
1739553589317 30.208277420854035 197
1739553589326 29.894809598107464 198
1739553589335 27.562655833798384 199
1739553589342 31.03602355406685 200
1739553589350 26.977599979874817 201
1739553589358 30.158196798465216 202
1739553589367 32.22541989616331 203
1739553589375 25.343025267956417 204
1739553589383 29.89331853625947 205
1739553589392 27.682649992206372 206
1739553589401 29.452936295360107 207
1739553589409 28.64469233326152 208
1739553589417 22.932299584206312 209
1739553589426 22.771262922959746 210
1739553589434 35.321226748122925 211
1739553589441 31.616065778962227 212
1739553589450 35.19105759617364 213
1739553589459 31.211906875912707 214
1739553589466 28.5392776160756 215
1739553589475 24.325808466298046 216
1739553589484 34.55506804456673 217
1739553589495 21.720095609102668 218
1739553589517 32.6332459822636 219
1739553589533 25.878792518442513 220
1739553589546 24.819994782923587 221
1739553589564 31.282761688833777 222
1739553589577 31.301667557334213 223
1739553589593 26.03658874230204 224
1739553589608 27.549266923807068 225
1739553589628 26.064025293672206 226
1739553589650 31.086133631069625 227
1739553589661 35.817067860187365 228
1739553589672 26.003778615943475 229
1739553589681 30.421272919768548 230
1739553589692 34.70824110033613 231
1739553589701 25.521443701610952 232
1739553589711 28.83658144399159 233
1739553589724 30.418248021462293 234
1739553589735 31.881458338782135 235
1739553589745 30.105236620227682 236
1739553589756 24.34606702078224 237
1739553589767 28.367185065923312 238
1739553589777 36.266076076623726 239
1739553589789 32.342054036134655 240
1739553589798 21.942169072406852 241
1739553589808 31.544491371683726 242
1739553589819 32.36726227054226 243
1739553589827 24.821772974703066 244
1739553589836 31.262719937961503 245
1739553589844 25.118406779536407 246
1739553589856 30.51474181742662 247
1739553589866 25.347772496786156 248
1739553589875 32.19430981339744 249
1739553589885 30.414682844395365 250
1739553589894 33.30997527813089 251
1739553589903 24.279268120925554 252
1739553589911 25.96990639941325 253
1739553589922 21.17592391508356 254
1739553589931 32.75786676931958 255
1739553589939 29.79986285526233 256
1739553589948 27.691923540706615 257
1739553589958 35.20307444969974 258
1739553589968 21.406516987798156 259
1739553589977 28.032715642003563 260
1739553589989 27.452453841978116 261
1739553589998 31.733038294171617 262
1739553590007 29.427990043351908 263
1739553590016 20.477370175518477 264
1739553590025 26.589897053074736 265
1739553590033 34.26998501367341 266
1739553590041 33.78045346155658 267
1739553590048 26.15847982223187 268
1739553590057 24.846663710516268 269
1739553590066 26.06511871826149 270
1739553590074 24.931838052547683 271
1739553590081 24.195656266765937 272
1739553590092 23.799782237995284 273
1739553590100 23.727595340996853 274
1739553590109 25.500220845154697 275
1739553590120 28.225882788303768 276
1739553590129 26.736049323432418 277
1739553590138 27.027166348950608 278
1739553590146 26.79468982704234 279
1739553590156 26.872549471232574 280
1739553590164 33.343332970972725 281
1739553590172 30.3040312311985 282
1739553590180 24.393563949808485 283
1739553590189 25.913315280342655 284
1739553590198 29.7594259063317 285
1739553590206 29.56759543695573 286
1739553590213 26.9667524130868 287
1739553590223 23.806015186247514 288
1739553590230 27.51477593239832 289
1739553590238 26.360752034166 290
1739553590246 27.078677495380806 291
1739553590257 28.180137090200425 292
1739553590269 33.521110850054434 293
1739553590277 25.07377451049484 294
1739553590286 32.580338996908395 295
1739553590295 26.807766677218 296
1739553590306 27.3253858000585 297
1739553590315 28.756462666322644 298
1739553590325 28.874669601951584 299
1739553590334 24.101886435511926 300
1739553590343 29.76669841254443 301
1739553590352 29.449235690748477 302
1739553590361 28.001752844286784 303
1739553590369 33.940624224363134 304
1739553590377 27.947860801392977 305
1739553590389 36.514405325353366 306
1739553590398 30.96941412886263 307
1739553590407 27.060227146152926 308
1739553590417 32.05822903937637 309
1739553590425 30.055281987166282 310
1739553590434 29.593545134886956 311
1739553590442 25.87930261900937 312
1739553590450 24.920493480853587 313
1739553590459 33.196746363771005 314
1739553590468 32.194665718610864 315
1739553590476 27.74710738732598 316
1739553590485 31.810876260974837 317
1739553590493 32.06224222316773 318
1739553590501 29.598723455086983 319
1739553590510 26.776794072257292 320
1739553590522 25.214686967638208 321
1739553590531 28.61255435661571 322
