1739612444403 8.594881831426353 0
1739612444438 7.161864544735128 1
1739612444473 44.775468583172255 2
1739612444506 4.447671832590068 3
1739612444540 6.560172685949433 4
1739612444579 6.709853959631893 5
1739612444614 6.2961725131723165 6
1739612444648 1.0616626548851458 7
1739612444682 5.781300375183727 8
1739612444715 2.228729147805616 9
1739612444749 3.520898235985379 10
1739612444786 1.7494136516862295 11
1739612444820 2.0503227683593064 12
1739612444854 3.699753830902659 13
1739612444889 12.163106064754 14
1739612444923 6.162672803864089 15
1739612444960 5.540019491789715 16
1739612444996 6.028680414540197 17
1739612445033 6.640966004936687 18
1739612445074 4.070689470241529 19
1739612445109 2.8985429808073286 20
1739612445144 5.198481844463563 21
1739612445178 3.4487772397543095 22
1739612445212 4.866623628152619 23
1739612445246 2.8029875896312575 24
1739612445281 11.83591518671403 25
1739612445315 4.6736375598884425 26
1739612445349 4.49837665987716 27
1739612445383 5.673638492692071 28
1739612445417 1.8981338841979136 29
1739612445451 2.963340987629521 30
1739612445485 2.024342971756753 31
1739612445518 3.7907630552139397 32
1739612445552 1.524492105687039 33
1739612445588 5.442380222135879 34
1739612445624 0.8274596486881083 35
1739612445668 10.6054962759488 36
1739612445717 7.864732806020586 37
1739612445759 1.7485041274733488 38
1739612445793 10.33808525285777 39
1739612445827 1.4065428078748838 40
1739612445861 2.4888390429531393 41
1739612445895 2.222814798354709 42
1739612445929 6.275249480191822 43
1739612445964 6.523085980774549 44
1739612445997 6.773432464213466 45
1739612446031 10.44397002923018 46
1739612446065 8.443331189551964 47
1739612446099 2.4574155743533246 48
1739612446132 5.295876332884229 49
1739612446166 3.9648938803780465 50
1739612446199 1.731247314453319 51
1739612446233 2.927957056717284 52
1739612446267 1.8398351320736415 53
1739612446301 3.4009812128779373 54
1739612446334 4.88471969845121 55
1739612446368 1.1926860611575496 56
1739612446402 6.254971863080332 57
1739612446436 5.882650465196816 58
1739612446469 4.32583696915167 59
1739612446503 1.8843773167902524 60
1739612446537 5.796221466796194 61
1739612446570 6.866215369895408 62
1739612446606 3.1382451501098845 63
1739612446640 3.7044276676404544 64
1739612446674 3.243408580613302 65
1739612446707 5.040981380126111 66
1739612446741 5.577843104905467 67
1739612446775 5.761530756167677 68
1739612446809 3.8700474260314355 69
1739612446843 10.927505363331155 70
1739612446877 10.784116316496876 71
1739612446911 8.829446505678728 72
1739612446944 10.173179158294086 73
1739612446979 6.86159137828489 74
1739612447012 4.594654974374133 75
1739612447046 4.5796594091925185 76
1739612447079 3.8608103742469386 77
1739612447114 8.817466173812857 78
1739612447148 23.071572770987473 79
1739612447182 6.150366273695485 80
1739612447216 0.45910589938863083 81
1739612447249 0.3785036515933059 82
1739612447283 5.012957388670935 83
1739612447317 1.5750045711856213 84
1739612447351 2.70343884765506 85
1739612447385 5.282548049705333 86
1739612447421 5.629791328682097 87
1739612447454 5.658924712494557 88
1739612447488 0.8957822579906318 89
