1739553903849 168.72090282371332 0
1739553903856 168.38731886537846 1
1739553903862 168.05446485913478 2
1739553903869 167.7223391414449 3
1739553903875 167.3909400526489 4
1739553903882 167.06026593695523 5
1739553903888 166.7303151424316 6
1739553903894 166.40108602099582 7
1739553903900 166.07257692840682 8
1739553903907 165.74478622425548 9
1739553903913 165.41771227195565 10
1739553903919 165.09135343873515 11
1739553903926 164.7657080956267 12
1739553903932 164.44077461745914 13
1739553903939 164.11655138284806 14
1739553903946 163.79303677418744 15
1739553903953 163.47022917764022 16
1739553903959 163.14812698312977 17
1739553903965 162.82672858433077 18
1739553903970 162.5060323786606 19
1739553903977 162.18603676727034 20
1739553903984 161.86674015503596 21
1739553903991 161.54814095054965 22
1739553903997 161.23023756611104 23
1739553904004 160.9130284177183 24
1739553904011 160.59651192505964 25
1739553904017 160.28068651150446 26
1739553904024 159.9655506040947 27
1739553904030 159.65110263353623 28
1739553904036 159.33734103419016 29
1739553904043 159.02426424406426 30
1739553904052 158.71187070480426 31
1739553904061 158.4001588616854 32
1739553904067 158.08912716360388 33
1739553904074 157.77877406306817 34
1739553904080 157.4690980161906 35
1739553904086 157.16009748267894 36
1739553904093 156.8517709258277 37
1739553904100 156.54411681250994 38
1739553904106 156.2371336131686 39
1739553904112 155.93081980180827 40
1739553904119 155.62517385598665 41
1739553904126 155.32019425680622 42
1739553904132 155.01587948890597 43
1739553904139 154.71222804045286 44
1739553904146 154.40923840313386 45
1739553904152 154.10690907214706 46
1739553904158 153.80523854619423 47
1739553904165 153.50422532747166 48
1739553904171 153.20386792166258 49
1739553904178 152.90416483792865 50
1739553904184 152.60511458890184 51
1739553904190 152.3067156906762 52
1739553904197 152.00896666279982 53
1739553904203 151.71186602826648 54
1739553904209 151.41541231350766 55
1739553904221 151.11960404838456 56
1739553904227 150.82443976617975 57
1739553904233 150.52991800358927 58
1739553904239 150.23603730071463 59
1739553904245 149.9427962010546 60
1739553904252 149.6501932514973 61
1739553904258 149.35822700231236 62
1739553904265 149.06689600714273 63
1739553904273 148.77619882299678 64
1739553904280 148.48613401024048 65
1739553904286 148.19670013258934 66
1739553904293 147.90789575710065 67
1739553904299 147.6197194541655 68
1739553904306 147.33216979750097 69
1739553904312 147.0452453641423 70
1739553904318 146.75894473443503 71
1739553904325 146.4732664920273 72
1739553904332 146.18820922386195 73
1739553904338 145.9037715201688 74
1739553904344 145.61995197445688 75
1739553904351 145.33674918350678 76
1739553904357 145.05416174736294 77
1739553904363 144.77218826932574 78
1739553904370 144.49082735594428 79
1739553904376 144.21007761700812 80
1739553904383 143.92993766554022 81
1739553904389 143.65040611778898 82
1739553904396 143.37148159322072 83
1739553904402 143.09316271451223 84
1739553904408 142.8154481075429 85
1739553904415 142.53833640138754 86
1739553904421 142.26182622830856 87
1739553904427 141.98591622374866 88
1739553904434 141.7106050263232 89
1739553904440 141.43589127781289 90
1739553904447 141.161773623156 91
1739553904455 140.8882507104414 92
1739553904462 140.61532119090077 93
1739553904468 140.3429837189013 94
1739553904475 140.07123695193837 95
1739553904481 139.8000795506281 96
1739553904487 139.5295101787 97
1739553904493 139.2595275029897 98
1739553904500 138.99013019343164 99
1739553904506 138.72131692305166 100
1739553904512 138.45308636795983 101
1739553904519 138.1854372073431 102
1739553904525 137.91836812345818 103
1739553904533 137.65187780162412 104
1739553904542 137.38596493021532 105
1739553904549 137.12062820065415 106
1739553904556 136.8558663074039 107
1739553904563 136.59167794796141 108
1739553904569 136.32806182285034 109
1739553904576 136.06501663561352 110
1739553904582 135.80254109280622 111
1739553904588 135.54063390398895 112
1739553904595 135.27929378172038 113
1739553904601 135.01851944155015 114
1739553904608 134.75830960201205 115
1739553904614 134.4986629846169 116
1739553904620 134.23957831384544 117
1739553904627 133.98105431714154 118
1739553904633 133.723089724905 119
1739553904640 133.46568327048482 120
1739553904646 133.20883369017193 121
1739553904652 132.95253972319267 122
1739553904659 132.69680011170163 123
1739553904665 132.44161360077476 124
1739553904671 132.18697893840252 125
1739553904678 131.9328948754831 126
1739553904684 131.67936016581544 127
1739553904691 131.4263735660925 128
1739553904697 131.17393383589447 129
1739553904703 130.9220397376818 130
1739553904710 130.6706900367886 131
1739553904716 130.41988350141585 132
1739553904723 130.16961890262453 133
1739553904729 129.91989501432903 134
1739553904736 129.67071061329037 135
1739553904743 129.42206447910945 136
1739553904749 129.1739553942205 137
1739553904755 128.92638214388433 138
1739553904762 128.67934351618152 139
1739553904768 128.43283830200613 140
1739553904774 128.1868652950588 141
1739553904780 127.94142329184025 142
1739553904786 127.69651109164462 143
1739553904793 127.45212749655303 144
1739553904799 127.20827131142687 145
1739553904806 126.96494134390134 146
1739553904812 126.72213640437893 147
1739553904818 126.47985530602284 148
1739553904824 126.23809686475057 149
1739553904831 125.99685989922735 150
1739553904837 125.75614323085975 151
1739553904844 125.51594568378917 152
1739553904850 125.27626608488544 153
1739553904857 125.03710326374039 154
1739553904864 124.79845605266145 155
1739553904870 124.56032328666524 156
1739553904876 124.32270380347121 157
1739553904882 124.08559644349532 158
1739553904889 123.84900004984358 159
1739553904895 123.61291346830582 160
1739553904901 123.37733554734939 161
1739553904908 123.14226513811278 162
1739553904915 122.90770109439937 163
1739553904921 122.6736422726712 164
1739553904927 122.44008753204265 165
1739553904933 122.20703573427423 166
1739553904940 121.97448574376635 167
1739553904947 121.74243642755316 168
1739553904954 121.51088665529622 169
1739553904961 121.27983529927847 170
1739553904967 121.049281234398 171
1739553904974 120.81922333816188 172
1739553904980 120.58966049067999 173
1739553904986 120.36059157465907 174
1739553904992 120.13201547539633 175
1739553904998 119.90393108077366 176
1739553905005 119.6763372812513 177
1739553905011 119.44923296986195 178
1739553905017 119.22261704220458 179
1739553905023 118.99648839643851 180
1739553905029 118.77084593327733 181
1739553905036 118.5456885559829 182
1739553905042 118.32101517035937 183
1739553905049 118.09682468474713 184
1739553905057 117.87311601001701 185
1739553905066 117.64988805956412 186
1739553905073 117.42713974930206 187
1739553905079 117.20486999765697 188
1739553905085 116.98307772556153 189
1739553905092 116.76176185644927 190
1739553905099 116.54092131624841 191
1739553905105 116.32055503337625 192
1739553905111 116.10066193873315 193
1739553905123 115.88124096569678 194
1739553905129 115.66229105011627 195
1739553905135 115.4438111303063 196
1739553905141 115.22580014704151 197
1739553905147 115.00825704355059 198
1739553905154 114.79118076551042 199
1739553905161 114.57457026104049 200
1739553905168 114.35842448069711 201
1739553905174 114.14274237746756 202
1739553905181 113.92752290676452 203
1739553905188 113.71276502642031 204
1739553905195 113.49846769668122 205
1739553905202 113.28462988020175 206
1739553905208 113.07125054203908 207
1739553905215 112.85832864964733 208
1739553905222 112.64586317287198 209
1739553905229 112.43385308394421 210
1739553905235 112.22229735747524 211
1739553905242 112.0111949704509 212
1739553905248 111.80054490222587 213
1739553905254 111.59034613451821 214
1739553905261 111.3805976514038 215
1739553905268 111.17129843931076 216
1739553905274 110.96244748701395 217
1739553905281 110.75404378562939 218
1739553905287 110.54608632860892 219
1739553905293 110.3385741117345 220
1739553905299 110.13150613311286 221
1739553905305 109.92488139317007 222
1739553905311 109.71869889464594 223
1739553905317 109.5129576425887 224
1739553905324 109.30765664434958 225
1739553905331 109.10279490957734 226
1739553905337 108.89837145021286 227
1739553905343 108.69438528048386 228
1739553905350 108.49083541689939 229
1739553905356 108.28772087824457 230
1739553905362 108.08504068557515 231
1739553905369 107.88279386221228 232
1739553905375 107.68097943373712 233
1739553905381 107.47959642798556 234
1739553905388 107.27864387504282 235
1739553905394 107.07812080723835 236
1739553905401 106.87802625914047 237
1739553905407 106.67835926755095 238
1739553905413 106.47911887150003 239
1739553905419 106.28030411224107 240
1739553905425 106.08191403324523 241
1739553905431 105.88394768019646 242
1739553905438 105.68640410098608 243
1739553905444 105.48928234570776 244
1739553905451 105.29258146665231 245
1739553905457 105.09630051830244 246
1739553905463 104.9004385573277 247
1739553905469 104.70499464257931 248
1739553905476 104.50996783508502 249
1739553905482 104.31535719804405 250
1739553905489 104.12116179682192 251
1739553905496 103.92738069894541 252
1739553905503 103.7340129740974 253
1739553905509 103.541057694112 254
1739553905516 103.34851393296925 255
1739553905522 103.15638076679026 256
1739553905529 102.96465727383215 257
1739553905536 102.77334253448284 258
1739553905542 102.58243563125644 259
1739553905548 102.39193564878788 260
1739553905554 102.20184167382804 261
1739553905561 102.01215279523895 262
1739553905567 101.82286810398857 263
1739553905573 101.63398669314606 264
1739553905580 101.44550765787669 265
1739553905586 101.257430095437 266
1739553905592 101.06975310516991 267
1739553905598 100.88247578849973 268
1739553905605 100.69559724892736 269
1739553905611 100.50911659202535 270
1739553905617 100.32303292543308 271
1739553905624 100.1373453588519 272
1739553905631 99.95205300404025 273
1739553905637 99.76715497480889 274
1739553905644 99.58265038701606 275
1739553905650 99.3985383585626 276
1739553905656 99.21481800938727 277
1739553905662 99.0314884614619 278
1739553905668 98.84854883878664 279
1739553905675 98.66599826738518 280
1739553905682 98.48383587529999 281
1739553905688 98.3020607925876 282
1739553905695 98.12067215131387 283
1739553905701 97.93966908554933 284
1739553905708 97.75905073136431 285
1739553905714 97.57881622682446 286
1739553905720 97.39896471198584 287
1739553905726 97.21949532889049 288
1739553905732 97.04040722156155 289
1739553905739 96.86169953599872 290
1739553905745 96.6833714201737 291
1739553905752 96.50542202402532 292
1739553905758 96.32785049945512 293
1739553905764 96.15065600032277 294
1739553905770 95.97383768244127 295
1739553905777 95.7973947035726 296
1739553905783 95.621326223423 297
1739553905790 95.44563140363836 298
1739553905797 95.27030940779993 299
1739553905803 95.09535940141939 300
1739553905810 94.92078055193471 301
1739553905816 94.74657202870536 302
1739553905823 94.5727330030079 303
1739553905829 94.39926264803152 304
1739553905835 94.22616013887341 305
1739553905842 94.05342465253446 306
1739553905848 93.88105536791466 307
1739553905854 93.70905146580873 308
1739553905861 93.53741212890162 309
1739553905867 93.36613654176408 310
1739553905873 93.19522389084827 311
1739553905880 93.02467336448332 312
1739553905887 92.85448415287094 313
1739553905894 92.68465544808097 314
1739553905900 92.51518644404713 315
1739553905907 92.34607633656246 316
1739553905913 92.17732432327512 317
1739553905919 92.00892960368395 318
1739553905926 91.8408913791342 319
1739553905933 91.67320885281316 320
1739553905940 91.50588122974571 321
1739553905946 91.3389077167903 322
1739553905952 91.17228752263436 323
1739553905958 91.00601985779024 324
1739553905965 90.84010393459069 325
1739553905971 90.6745389671848 326
1739553905979 90.50932417153369 327
1739553905985 90.34445876540617 328
1739553905991 90.17994196837458 329
1739553905997 90.01577300181059 330
1739553906004 89.85195108888082 331
1739553906010 89.68847545454288 332
1739553906016 89.52534532554091 333
1739553906023 89.36255993040159 334
1739553906029 89.20011849942986 335
1739553906035 89.03802026470477 336
1739553906041 88.87626446007533 337
1739553906048 88.71485032115633 338
1739553906054 88.55377708532421 339
1739553906060 88.39304399171303 340
1739553906067 88.23265028121014 341
1739553906073 88.07259519645224 342
1739553906079 87.91287798182125 343
1739553906085 87.75349788344016 344
1739553906091 87.59445414916898 345
1739553906098 87.4357460286007 346
1739553906104 87.27737277305717 347
1739553906111 87.11933363558508 348
1739553906117 86.96162787095192 349
1739553906123 86.80425473564189 350
1739553906130 86.64721348785199 351
1739553906137 86.49050338748792 352
1739553906144 86.33412369615999 353
1739553906150 86.1780736771794 354
1739553906156 86.02235259555394 355
1739553906162 85.86695971798419 356
1739553906169 85.71189431285951 357
1739553906176 85.55715565025412 358
1739553906182 85.40274300192306 359
1739553906189 85.24865564129833 360
1739553906196 85.09489284348494 361
1739553906202 84.94145388525696 362
1739553906208 84.78833804505369 363
1739553906214 84.63554460297564 364
1739553906223 84.4830728407807 365
1739553906230 84.33092204188029 366
1739553906236 84.17909149133538 367
1739553906242 84.02758047585277 368
1739553906248 83.87638828378115 369
1739553906254 83.72551420510717 370
1739553906261 83.57495753145176 371
1739553906267 83.42471755606624 372
1739553906273 83.27479357382845 373
1739553906279 83.12518488123898 374
1739553906286 82.97589077641736 375
1739553906293 82.82691055909835 376
1739553906299 82.67824353062797 377
1739553906306 82.52988899395987 378
1739553906312 82.38184625365159 379
1739553906318 82.23411461586065 380
1739553906325 82.08669338834095 381
1739553906331 81.9395818804389 382
1739553906337 81.79277940308985 383
1739553906344 81.64628526881422 384
1739553906350 81.50009879171387 385
1739553906356 81.35421928746835 386
1739553906363 81.20864607333122 387
1739553906369 81.06337846812643 388
1739553906376 80.91841579224446 389
1739553906384 80.7737573676389 390
1739553906392 80.62940251782258 391
1739553906399 80.48535056786399 392
1739553906405 80.34160084438372 393
1739553906412 80.19815267555066 394
1739553906418 80.0550053910785 395
1739553906425 79.91215832222208 396
1739553906432 79.76961080177381 397
1739553906438 79.62736216405989 398
1739553906444 79.48541174493704 399
1739553906451 79.34375888178863 400
1739553906457 79.20240291352128 401
1739553906464 79.06134318056115 402
1739553906470 78.92057902485053 403
1739553906477 78.78010978984415 404
1739553906484 78.63993482050579 405
1739553906490 78.50005346330455 406
1739553906497 78.36046506621157 407
1739553906503 78.22116897869626 408
1739553906510 78.08216455172301 409
1739553906516 77.94345113774754 410
1739553906522 77.80502809071348 411
1739553906529 77.66689476604883 412
1739553906535 77.52905052066262 413
1739553906541 77.39149471294122 414
1739553906547 77.25422670274513 415
1739553906553 77.11724585140534 416
1739553906560 76.98055152171992 417
1739553906568 76.84414307795072 418
1739553906576 76.70801988581978 419
1739553906582 76.57218131250599 420
1739553906589 76.43662672664166 421
1739553906596 76.30135549830915 422
1739553906603 76.16636699903741 423
1739553906609 76.03166060179868 424
1739553906615 75.89723568100504 425
1739553906622 75.7630916125051 426
1739553906629 75.62922777358055 427
1739553906636 75.49564354294293 428
1739553906643 75.36233830073016 429
1739553906649 75.2293114285033 430
1739553906655 75.09656230924313 431
1739553906661 74.96409032734691 432
1739553906668 74.83189486862507 433
1739553906675 74.69997532029777 434
1739553906682 74.5683310709918 435
1739553906688 74.43696151073708 436
1739553906694 74.30586603096357 437
1739553906701 74.17504402449788 438
1739553906707 74.04449488555998 439
1739553906713 73.91421800976008 440
1739553906720 73.78421279409518 441
1739553906726 73.65447863694607 442
1739553906732 73.52501493807378 443
1739553906739 73.39582109861668 444
1739553906745 73.26689652108702 445
1739553906752 73.13824060936784 446
1739553906758 73.00985276870969 447
1739553906764 72.8817324057275 448
1739553906770 72.75387892839731 449
1739553906776 72.62629174605321 450
1739553906783 72.49897026938396 451
1739553906789 72.37191391043004 452
1739553906796 72.24512208258037 453
1739553906803 72.11859420056916 454
1739553906810 71.99232968047282 455
1739553906816 71.86632793970675 456
1739553906822 71.74058839702228 457
1739553906828 71.61511047250345 458
1739553906835 71.48989358756403 459
1739553906841 71.36493716494424 460
1739553906847 71.24024062870781 461
1739553906854 71.11580340423882 462
1739553906860 70.99162491823857 463
1739553906866 70.86770459872254 464
1739553906872 70.74404187501734 465
1739553906879 70.62063617775765 466
1739553906885 70.49748693888301 467
1739553906892 70.37459359163505 468
1739553906898 70.25195557055419 469
1739553906904 70.12957231147671 470
1739553906911 70.00744325153177 471
1739553906918 69.88556782913821 472
1739553906925 69.76394548400175 473
1739553906931 69.64257565711189 474
1739553906937 69.52145779073886 475
1739553906944 69.40059132843068 476
1739553906950 69.27997571501018 477
1739553906956 69.159610396572 478
1739553906962 69.03949482047962 479
1739553906968 68.91962843536238 480
1739553906974 68.80001069111256 481
1739553906981 68.68064103888237 482
1739553906987 68.56151893108111 483
1739553906993 68.44264382137209 484
1739553906999 68.32401516466982 485
1739553907005 68.20563241713701 486
1739553907012 68.08749503618169 487
1739553907018 67.9696024804543 488
1739553907025 67.85195420984479 489
1739553907032 67.73454968547966 490
1739553907038 67.61738836971918 491
1739553907045 67.50046972615442 492
1739553907051 67.38379321960439 493
1739553907057 67.26735831611322 494
1739553907063 67.15116448294725 495
1739553907069 67.03521118859219 496
1739553907075 66.91949790275024 497
1739553907082 66.80402409633732 498
1739553907088 66.68878924148012 499
