1739613332629 128.76009756922943 0
1739613332666 117.1253940338786 1
1739613332702 107.63545028738028 2
1739613332737 101.79929069597283 3
1739613332782 89.84289321143717 4
1739613332828 103.39119422287347 5
1739613332864 39.24602347246961 6
1739613332900 77.03282637678853 7
1739613332935 43.732636806575876 8
1739613332978 23.658325543949644 9
1739613333013 33.01026893016678 10
1739613333049 91.84162590175126 11
1739613333085 3.3809691553077923 12
1739613333121 75.90722960299863 13
1739613333156 9.164652155042877 14
1739613333192 62.280741394832766 15
1739613333228 0.24186954954302325 16
1739613333265 10.912069507466127 17
1739613333301 27.02145216609887 18
1739613333338 31.59136567036274 19
1739613333374 0.05315360315587413 20
1739613333410 0.11036929470945746 21
1739613333449 11.233684049263424 22
1739613333489 12.681479563203624 23
1739613333528 17.12975337216111 24
1739613333567 46.527244193680566 25
1739613333610 4.8500914092633645 26
1739613333651 6.889834881253795 27
1739613333689 17.882536316627544 28
1739613333725 3.6394392802375384 29
1739613333761 0.7453898640714531 30
1739613333795 7.239378556145959 31
1739613333831 2.998611540053695 32
1739613333866 10.172672266421433 33
1739613333902 0.1808071212914627 34
1739613333937 1.4256010408611643 35
1739613333990 3.210008665124243 36
1739613334038 32.47555853008458 37
1739613334087 15.393025118657548 38
1739613334123 13.876998176052803 39
1739613334157 0.9510244611591135 40
1739613334194 48.75344052362123 41
1739613334230 1.951389648842996 42
1739613334264 4.136400753321126 43
1739613334299 9.993119163867805 44
1739613334334 2.2172667538068374 45
1739613334368 0.0001346413649105542 46
1739613334402 67.16550409127284 47
1739613334437 13.659256343877264 48
1739613334472 0.33166342681748445 49
1739613334506 17.95502991154947 50
1739613334541 5.031577939085201 51
1739613334576 1.2403606833373093 52
1739613334611 3.544439464150953 53
1739613334646 0.9891680471944185 54
1739613334681 19.334666792759165 55
1739613334715 0.9172293985834769 56
1739613334749 4.974740078343244 57
1739613334784 10.985722946074238 58
1739613334819 0.5401787202327196 59
1739613334853 56.11521614722711 60
1739613334889 19.322242589861734 61
1739613334924 8.560829994884692 62
1739613334958 0.3057853629415312 63
1739613334993 6.442361337560377 64
1739613335028 0.024225706623967277 65
1739613335063 29.024735442300216 66
1739613335098 13.349229957264646 67
1739613335132 2.5475687084249428 68
1739613335167 5.916038860865367 69
1739613335202 16.616152037210906 70
