1739557682555 170.74894063686125 0
1739557682564 169.8098428311034 1
1739557682573 169.26214141302043 2
1739557682581 166.14326143457447 3
1739557682590 160.87376523357133 4
1739557682599 162.3380328330653 5
1739557682608 157.3634589304834 6
1739557682617 164.15706978458317 7
1739557682625 162.87946572751648 8
1739557682634 159.17874279590055 9
1739557682643 157.59405136985956 10
1739557682651 160.2933673153479 11
1739557682659 159.72953133518686 12
1739557682668 152.63795896508233 13
1739557682677 152.1255872207596 14
1739557682685 154.290532447948 15
1739557682693 153.51050541912903 16
1739557682701 150.8631486681812 17
1739557682710 153.57608232901347 18
1739557682718 150.22566138468082 19
1739557682726 146.6457660445222 20
1739557682736 148.66138987032795 21
1739557682744 150.57357791661755 22
1739557682754 145.89508742973968 23
1739557682763 148.04589402956353 24
1739557682772 143.67717259789356 25
1739557682781 144.86660444795135 26
1739557682789 143.69454326316384 27
1739557682797 139.71410757262768 28
1739557682806 138.47143648055066 29
1739557682814 142.32561453179298 30
1739557682823 141.08121256448146 31
1739557682831 141.22758508906625 32
1739557682839 139.33413980837236 33
1739557682848 136.8808002060732 34
1739557682856 139.04010913263622 35
1739557682864 136.63756879598066 36
1739557682877 137.36378640477747 37
1739557682885 136.76303185590604 38
1739557682894 133.15417497637227 39
1739557682902 128.49924257189488 40
1739557682910 132.09386190304483 41
1739557682918 128.18029179340442 42
1739557682926 129.72822536003872 43
1739557682935 129.5869506898296 44
1739557682943 126.47657773877285 45
1739557682951 129.3759872335062 46
1739557682960 130.02821501269807 47
1739557682970 124.11757760936695 48
1739557682978 127.61923532855154 49
1739557682987 127.16361755167989 50
1739557682995 127.95232332999835 51
1739557683004 129.04600869605605 52
1739557683012 126.20956368870733 53
1739557683021 123.60291902543588 54
1739557683030 121.60511127733338 55
1739557683038 125.74101731847722 56
1739557683046 120.75165063291035 57
1739557683054 118.87587908068866 58
1739557683063 119.88490143876034 59
1739557683071 117.73510144706385 60
1739557683080 118.32917746309735 61
1739557683089 117.27914120024705 62
1739557683097 111.26301171423965 63
1739557683106 112.4962230759614 64
1739557683114 114.72950189551806 65
1739557683123 114.14750372293057 66
1739557683131 115.3585018153627 67
1739557683139 113.44858302861668 68
1739557683147 112.97355832538223 69
1739557683156 114.98952771367233 70
1739557683164 110.17286259787235 71
1739557683172 110.13463634570296 72
1739557683181 109.70259780637153 73
1739557683190 112.20438553002997 74
1739557683198 107.22416045660621 75
1739557683206 111.9616552471517 76
1739557683215 104.8268629099515 77
1739557683223 110.63560512261328 78
1739557683232 107.62113929841699 79
1739557683241 108.54341262037649 80
1739557683249 104.14526392752886 81
1739557683257 109.46758242937055 82
1739557683266 103.50349591041551 83
1739557683274 104.46636160714208 84
1739557683283 105.36628792361378 85
1739557683291 99.70090743280845 86
1739557683299 105.30918470073502 87
1739557683308 100.81658670596856 88
1739557683316 102.98718414892816 89
1739557683324 98.45907331503858 90
1739557683332 103.2014147020745 91
1739557683340 96.73758373724942 92
1739557683349 101.56050897413272 93
1739557683357 102.4957674518396 94
1739557683365 98.37052353768209 95
1739557683374 94.93852211977874 96
1739557683382 98.72582861106893 97
1739557683391 98.59878797403923 98
1739557683399 94.65315617634103 99
1739557683407 96.4119446085855 100
1739557683416 93.10694930186612 101
1739557683424 95.28373098243885 102
1739557683432 93.66921326925876 103
1739557683441 98.88854089643182 104
1739557683449 93.11536874799121 105
1739557683458 90.90262897110053 106
1739557683495 87.39721112575837 107
1739557683505 87.9045039817996 108
1739557683515 89.0751328456582 109
1739557683524 91.63029856127818 110
1739557683533 90.42707811133803 111
1739557683542 86.32858725608132 112
1739557683552 87.54690078120231 113
1739557683561 90.78082437209761 114
1739557683571 89.22833030837758 115
1739557683579 86.06314593990696 116
1739557683588 86.71883178242084 117
1739557683597 85.19165599581605 118
1739557683606 91.6700682722627 119
1739557683615 82.5726071456368 120
1739557683624 86.97829790142134 121
1739557683632 81.45831672176415 122
1739557683641 84.96949449325417 123
1739557683650 81.56885419997842 124
1739557683659 82.13876783343038 125
1739557683667 84.69736673797172 126
1739557683676 84.21107218219925 127
1739557683685 83.66270626799988 128
1739557683694 81.33805369212536 129
1739557683702 80.56454068530607 130
1739557683711 80.18222430845609 131
1739557683722 79.61990754380386 132
1739557683732 78.44966157146722 133
1739557683741 85.74501278708932 134
1739557683750 80.46890079975724 135
1739557683759 80.32143469235915 136
1739557683768 84.32392086074863 137
1739557683777 75.21154118988782 138
1739557683787 74.17961001072389 139
1739557683797 79.54136900782949 140
1739557683806 73.8818759916789 141
1739557683815 76.21265890378616 142
1739557683824 79.3392036265056 143
1739557683833 70.97695386502112 144
1739557683842 72.1767595664342 145
1739557683850 75.88923333617026 146
1739557683859 72.83791835630868 147
1739557683868 70.43025143695219 148
1739557683880 75.63997845927514 149
1739557683889 72.0380154164198 150
1739557683898 69.43637357492585 151
1739557683907 72.73012401889794 152
1739557683916 69.97899498414101 153
1739557683925 69.7593019738106 154
1739557683934 68.46280642073762 155
1739557683943 70.19319362508806 156
1739557683952 79.44286807757382 157
1739557683961 71.08144365012708 158
1739557683970 68.9525878085876 159
1739557683978 73.2163800086153 160
1739557683987 69.09563462450834 161
1739557683996 63.820391711405094 162
1739557684004 64.66492049330263 163
1739557684013 66.80008159621786 164
1739557684022 69.490736024102 165
1739557684031 67.02920007555561 166
1739557684039 65.73440356783163 167
1739557684048 71.91991149560336 168
1739557684057 63.67539327966394 169
1739557684065 66.51495922485863 170
1739557684073 63.589106808756185 171
1739557684082 63.57345634833297 172
1739557684090 63.37806209604796 173
1739557684099 68.70640151833133 174
1739557684107 66.05389063720672 175
1739557684116 62.145888350576755 176
1739557684124 58.11422507538036 177
1739557684132 62.62468031914935 178
1739557684141 59.91040910461988 179
1739557684150 62.606066388587735 180
1739557684159 66.488825511964 181
1739557684167 60.96079626407914 182
1739557684176 62.9727546655871 183
1739557684184 57.4219876053317 184
1739557684192 60.73039391621986 185
1739557684201 60.90696484657975 186
1739557684209 56.88923841580477 187
1739557684218 58.8849966092745 188
1739557684227 60.620301199297344 189
1739557684235 60.482888673035504 190
1739557684243 61.45214568936416 191
1739557684252 57.73656901914132 192
1739557684260 63.544585256020625 193
1739557684268 61.09700272350054 194
1739557684277 56.71388877656361 195
1739557684285 53.345555581391736 196
1739557684293 52.396260992798744 197
1739557684302 55.5709223881968 198
1739557684311 55.55917688434979 199
1739557684319 54.81808211713181 200
1739557684327 53.25487881493647 201
1739557684336 46.73793561406478 202
1739557684344 55.709838174868935 203
1739557684352 52.835674890227835 204
1739557684361 58.4476149685813 205
1739557684369 59.69026782625605 206
1739557684378 52.72837147458721 207
1739557684386 58.09417962130326 208
1739557684395 53.90254964867575 209
1739557684403 50.470131372507964 210
1739557684412 59.67645281364561 211
1739557684420 54.61331585078915 212
1739557684428 57.53206304495834 213
1739557684437 57.55525552777941 214
1739557684445 50.231715895022155 215
1739557684454 54.56132650083237 216
1739557684463 59.76104700734272 217
1739557684472 52.538307614750195 218
1739557684480 47.71418958531796 219
1739557684489 56.247756489810875 220
1739557684498 48.78098063859306 221
1739557684506 51.139522174254175 222
1739557684514 52.54461202858122 223
1739557684523 49.360877975735605 224
1739557684532 48.27967723899363 225
1739557684541 48.89419340787904 226
1739557684549 46.54886781495411 227
1739557684558 46.84172984730177 228
1739557684566 47.02187766015112 229
1739557684575 54.137685315189884 230
1739557684583 44.290965192690564 231
1739557684592 44.63255305284964 232
1739557684600 45.17038643208573 233
1739557684610 40.45960150776334 234
1739557684618 46.92675830359837 235
1739557684627 49.09677459808932 236
1739557684635 53.044620994749174 237
1739557684644 45.95273414246279 238
1739557684652 43.93628639037685 239
1739557684660 42.95926146683526 240
1739557684670 47.363009207270274 241
1739557684684 43.158787563597485 242
1739557684693 50.74334649452741 243
1739557684702 45.09060744903714 244
1739557684711 39.79186043030264 245
1739557684720 39.17142145482557 246
1739557684728 42.94733884005763 247
1739557684737 46.32296398823395 248
1739557684746 45.725375700613306 249
1739557684754 43.08435735486903 250
1739557684762 43.38815016266501 251
1739557684771 47.636706329378605 252
1739557684779 45.37498314274892 253
1739557684788 39.73247673164453 254
1739557684796 43.14946962189511 255
1739557684810 46.252164855054914 256
1739557684818 46.15178351830523 257
1739557684827 49.71363892738201 258
1739557684835 45.46517777737895 259
1739557684843 45.826566209775436 260
1739557684852 40.070441708211895 261
1739557684860 42.432647712566656 262
1739557684868 39.96181584006944 263
1739557684877 44.69501448518675 264
1739557684886 47.04767515884431 265
1739557684894 48.22548403489923 266
1739557684903 40.924581351324306 267
1739557684911 38.37581835113634 268
1739557684920 39.471204628421155 269
1739557684928 39.82662572722153 270
1739557684937 43.81670191636747 271
1739557684946 43.91479443297985 272
1739557684954 40.21843107990248 273
1739557684962 41.64067489052534 274
1739557684995 35.623527093993964 275
1739557685010 39.91363607612276 276
1739557685019 33.835502879283936 277
1739557685029 35.771404851802785 278
1739557685038 43.23472503002458 279
1739557685047 43.004371725166195 280
1739557685056 41.96419446742518 281
1739557685066 38.79994101445208 282
1739557685075 42.22890428611452 283
1739557685084 37.54511652380635 284
1739557685093 44.355954214616126 285
1739557685102 47.87240765139314 286
1739557685111 38.437451529572556 287
1739557685119 31.442939529008324 288
1739557685128 37.82888734938324 289
1739557685137 41.765062698078864 290
1739557685145 35.9785947465154 291
1739557685154 36.74529376215375 292
1739557685163 38.04956889451881 293
1739557685172 35.54297505973875 294
1739557685181 34.03228178922901 295
1739557685189 36.85311965342463 296
1739557685198 35.84801537708465 297
1739557685207 33.41757899472368 298
1739557685215 37.10441026999397 299
1739557685224 40.861944973787224 300
1739557685233 35.65903639417619 301
1739557685242 30.30994484092337 302
1739557685250 36.839376998586275 303
1739557685259 31.525055436554393 304
1739557685268 41.41010816432183 305
1739557685276 33.49693818924013 306
1739557685285 30.480935951883893 307
1739557685294 33.126999220009814 308
1739557685303 36.74202691357929 309
1739557685311 38.389962989362736 310
1739557685320 31.29491252613086 311
1739557685329 35.80463928439995 312
1739557685337 36.304913199263815 313
1739557685346 35.98734870650775 314
1739557685355 34.33415172767391 315
1739557685364 40.934609049814924 316
1739557685372 30.231631549443843 317
1739557685381 35.10360164596599 318
1739557685390 36.6051001843183 319
1739557685399 33.87929812937463 320
1739557685408 29.33396311542456 321
1739557685417 34.91699100090017 322
1739557685425 34.76224897133746 323
1739557685434 30.77055751841842 324
1739557685442 32.439397639038404 325
1739557685451 38.01230649656089 326
1739557685459 33.0807324932576 327
1739557685468 32.309714467817855 328
1739557685477 29.84836639970599 329
1739557685486 33.30412307863504 330
1739557685494 27.569855095651256 331
1739557685503 30.588123256207158 332
1739557685512 29.173198172887826 333
1739557685520 34.97529341893643 334
1739557685528 29.917717138121585 335
1739557685537 28.69915409758602 336
1739557685545 31.149565615662606 337
1739557685554 25.341054251884863 338
1739557685562 29.209628699176054 339
1739557685570 28.951575304192062 340
1739557685579 34.67463062913635 341
1739557685587 35.63362450346768 342
1739557685596 33.123604573553855 343
1739557685605 29.31947681541815 344
1739557685614 25.73436145428257 345
1739557685622 30.597017736697392 346
1739557685630 25.74860497690072 347
1739557685639 34.94120103474156 348
1739557685648 29.02224470512013 349
1739557685656 26.871768900067714 350
1739557685665 29.665952852116334 351
1739557685674 26.439712214607397 352
1739557685682 25.342146666973612 353
1739557685690 29.314840614162062 354
1739557685699 30.099426657651595 355
1739557685707 29.677529408945716 356
1739557685716 32.286322982194 357
1739557685724 32.39212047068144 358
1739557685732 24.192416066929038 359
1739557685741 31.529777932062732 360
1739557685749 24.073518180375775 361
1739557685758 27.60466326010334 362
1739557685766 23.1546346253929 363
1739557685775 25.39566392788527 364
1739557685783 25.37610889058476 365
1739557685792 26.393452343703036 366
1739557685800 25.263263959140783 367
1739557685809 27.33424650063245 368
1739557685817 23.682163257141333 369
1739557685826 26.1776052186162 370
1739557685835 24.000396365178677 371
1739557685846 25.06659882484655 372
1739557685855 28.755483059361204 373
1739557685864 24.07949453755566 374
1739557685873 25.199513906709978 375
1739557685884 29.49439404235617 376
1739557685893 29.996564142093074 377
1739557685902 23.723243426393964 378
1739557685911 26.89195466631256 379
1739557685920 26.073684650811742 380
1739557685929 29.272038265461923 381
1739557685938 28.812024575636695 382
1739557685947 20.222972638400854 383
1739557685956 23.475526693535436 384
1739557685965 35.91601425756464 385
1739557685974 33.84548898237073 386
1739557685982 22.032465060790535 387
1739557685991 27.106515198081762 388
1739557685999 20.725297389180835 389
1739557686008 28.097918167899277 390
1739557686016 24.15118055142461 391
1739557686025 23.17502832393404 392
1739557686033 28.203133474357493 393
1739557686042 29.70007975399437 394
1739557686050 24.391226683429988 395
1739557686058 23.615661858129393 396
1739557686067 23.238398610065463 397
1739557686076 28.133497192672714 398
1739557686084 22.09020597732936 399
1739557686093 24.80407425678696 400
1739557686101 27.405690106984874 401
1739557686110 30.770399514463815 402
1739557686118 26.30282534095035 403
1739557686127 24.923425519681473 404
1739557686136 24.52060457685359 405
1739557686144 21.84607405563194 406
1739557686153 28.63384166415757 407
1739557686161 28.864854418932218 408
1739557686170 21.060575596750983 409
1739557686179 17.900377571252513 410
1739557686187 24.75843011449706 411
1739557686195 24.82989064618966 412
1739557686203 25.024388284758682 413
1739557686212 25.33424206215818 414
1739557686221 22.786547423121117 415
1739557686229 18.557706342285066 416
1739557686238 21.889471649979075 417
1739557686246 27.134447455564377 418
1739557686255 22.021545724819592 419
1739557686263 28.621256628602193 420
1739557686272 28.80064362276778 421
1739557686280 17.55154441539037 422
1739557686288 20.790064500844164 423
1739557686297 31.71766195960318 424
1739557686305 24.594618765274987 425
1739557686314 25.88340861225247 426
1739557686322 18.106325956582328 427
1739557686330 20.39318223746298 428
1739557686339 22.113643183543633 429
1739557686347 15.940263094958507 430
1739557686355 21.69258269710235 431
1739557686363 27.217447974180892 432
1739557686372 20.39786571560356 433
1739557686380 20.007608578618274 434
1739557686389 19.904255107560264 435
1739557686397 22.533006895418982 436
1739557686406 27.448398225040126 437
1739557686414 22.024995538450632 438
1739557686423 21.054947190066663 439
1739557686432 22.83008978507974 440
1739557686440 20.380942492139287 441
1739557686449 27.00523410973999 442
1739557686457 17.318222031259968 443
1739557686466 22.080103796811073 444
1739557686474 19.447667437029683 445
1739557686483 23.41746285875743 446
1739557686491 20.545887524445714 447
1739557686500 20.940064789285074 448
1739557686509 20.208205357237986 449
1739557686517 19.27126056552856 450
1739557686526 18.22549148153689 451
1739557686534 17.546570081789287 452
1739557686543 29.793311989220648 453
1739557686552 22.869661451625802 454
1739557686560 18.831477370367917 455
1739557686569 19.852530371180325 456
1739557686577 18.180292803690413 457
1739557686586 20.802889811447212 458
1739557686595 20.39965507397378 459
1739557686603 21.86069513986354 460
1739557686612 24.315342433304874 461
1739557686620 20.60795850520256 462
1739557686629 25.17644100935862 463
1739557686637 20.65755727468802 464
1739557686645 23.99314263200039 465
1739557686654 21.07851419389737 466
1739557686662 21.574311215915397 467
1739557686670 23.473541102950286 468
1739557686680 17.918149245743976 469
1739557686688 18.53184093313193 470
1739557686696 17.802345787147047 471
1739557686705 22.50078510491951 472
1739557686713 22.102384683108824 473
1739557686722 24.307283157144298 474
1739557686730 24.71826875981089 475
1739557686738 12.595365889805349 476
1739557686747 25.41349189635428 477
1739557686755 19.548862909667935 478
1739557686764 20.055259107354953 479
1739557686773 21.87863439270344 480
1739557686781 21.05501681464957 481
1739557686789 21.346273942018897 482
1739557686798 15.806991453059936 483
1739557686806 22.107190398748664 484
1739557686815 14.811799607144975 485
1739557686823 16.452010822275156 486
1739557686831 19.931939980291357 487
1739557686840 13.48695883108558 488
1739557686848 23.65014229581193 489
1739557686856 15.272045322473854 490
1739557686865 23.652870715865486 491
1739557686874 19.88899947931045 492
1739557686883 23.539115452061832 493
1739557686893 18.789117742210944 494
1739557686901 21.81437075148213 495
1739557686909 16.91920763150339 496
1739557686917 21.528932728089522 497
1739557686926 16.627858844295414 498
1739557686934 14.21260484921334 499
