1739613968346 39.27275040217662 0
1739613968358 10.817169581410173 1
1739613968369 3.474112713248686 2
1739613968380 1.8735191700733638 3
1739613968390 0.9414188437972502 4
1739613968400 1.7625069294217122 5
1739613968411 0.8117466204793824 6
1739613968424 0.9992211255562252 7
1739613968434 0.9898973631463454 8
1739613968447 0.6907533403454568 9
1739613968458 1.2550806460372212 10
1739613968468 0.9044617700934581 11
1739613968479 0.5166088322493393 12
1739613968490 1.0135471871736466 13
1739613968501 1.170790967754708 14
1739613968511 0.9239619687995635 15
1739613968524 0.7081338454394961 16
1739613968534 0.8093961218147387 17
1739613968544 0.9271445425897479 18
1739613968555 0.7766217231139029 19
1739613968565 0.888636686804205 20
1739613968575 1.5826802425502762 21
1739613968585 0.8967572677500293 22
1739613968596 0.7246587622019479 23
1739613968609 0.5592308186135869 24
1739613968620 1.8828466949615084 25
1739613968631 0.8154864934629037 26
1739613968643 0.6842520329142789 27
1739613968654 0.8289978560981559 28
1739613968666 0.9337074027496632 29
1739613968678 0.9219951021577907 30
1739613968689 1.559067359452697 31
1739613968707 1.2140981715459302 32
1739613968722 0.531275156690028 33
1739613968735 1.0339029539123417 34
1739613968747 1.4070694541868694 35
1739613968760 0.9564975741759255 36
1739613968772 1.16897121600809 37
1739613968785 0.873448952303626 38
1739613968797 1.374831296559043 39
1739613968810 0.9389156910050949 40
1739613968822 1.2802240066874924 41
1739613968833 1.2087722871209725 42
1739613968846 0.9234336461945926 43
1739613968860 0.6440451834820612 44
1739613968872 2.8525537127729312 45
1739613968882 1.3453321228756234 46
1739613968896 0.982900129352765 47
1739613968917 0.5051528469340365 48
1739613968929 0.8088062464530242 49
1739613968942 0.9442962641832016 50
1739613968953 1.5835958472404013 51
1739613968964 0.6083870302790728 52
1739613968976 3.0403897921772747 53
1739613968987 1.1756349546723504 54
1739613968998 0.7489707469694246 55
1739613969011 1.2253768348992469 56
1739613969024 1.032434125238372 57
1739613969034 1.2266647325987747 58
1739613969046 1.2332553405810045 59
1739613969058 1.4400468645012086 60
1739613969070 1.087705906194282 61
1739613969080 1.1034068628893392 62
1739613969092 0.6052964811108141 63
1739613969103 0.8344833241539323 64
1739613969115 1.2059687074256207 65
1739613969128 0.7054681980784114 66
1739613969141 1.7670019031708228 67
1739613969157 1.0579073050470453 68
1739613969175 0.689416129401393 69
1739613969194 0.7863089972491306 70
1739613969211 1.7696841579330773 71
1739613969231 1.1350859432252367 72
1739613969260 0.9787044403112547 73
1739613969273 0.9138716786860624 74
1739613969284 0.9812745824903185 75
1739613969297 0.7826549625828736 76
1739613969313 1.3591335173108443 77
1739613969328 1.3727541846226035 78
1739613969346 1.0173041664748808 79
1739613969360 1.1709129535980012 80
1739613969376 1.088066498985733 81
1739613969391 1.1422473270172784 82
1739613969405 3.747414391742183 83
1739613969418 1.7726940095063446 84
1739613969449 1.4786545735162577 85
1739613969463 1.1202609097572358 86
1739613969477 1.329173894132777 87
1739613969493 0.6859758456623404 88
1739613969507 0.5572288205691499 89
1739613969525 0.8507062772679718 90
1739613969536 1.6125373107455154 91
1739613969549 1.398036508141474 92
1739613969562 0.6547045363715437 93
1739613969576 0.9711450332932986 94
1739613969587 1.4323419922138527 95
1739613969599 0.5884493680660005 96
1739613969612 0.8892986658586849 97
1739613969624 0.941503962943673 98
1739613969635 0.8112981629454592 99
1739613969647 0.7707380857451558 100
1739613969660 0.9651624691615638 101
1739613969670 0.7295265452508878 102
1739613969682 1.4671644313947472 103
1739613969694 1.3435424218717689 104
1739613969707 0.835470584787124 105
1739613969718 0.9853289342395165 106
1739613969730 0.6602311069754773 107
1739613969742 0.7859390616938026 108
1739613969755 0.7757384249011728 109
1739613969766 1.0197183124083415 110
1739613969778 0.6561277625031555 111
1739613969790 1.1370028365414269 112
1739613969801 0.9955827126373893 113
1739613969813 0.8619436605331778 114
1739613969825 0.919871571560865 115
1739613969836 1.177206361651577 116
1739613969859 1.1779713969361685 117
1739613969871 1.5891163895476141 118
1739613969881 1.5879420053913944 119
1739613969894 1.3490999797437733 120
1739613969906 1.3452365101318724 121
1739613969917 1.1276036770339228 122
1739613969929 1.41795857094462 123
1739613969941 0.6594966983240732 124
1739613969952 1.3097241055443434 125
1739613969964 0.6820137695412865 126
1739613969975 0.3961522395370074 127
1739613969986 1.2551247331958841 128
1739613969997 1.3506908920349727 129
1739613970022 0.8680043002693583 130
1739613970076 1.0968660894788826 131
1739613970088 1.5029189431185335 132
1739613970099 1.462231640882511 133
1739613970111 1.6032421668986832 134
1739613970123 0.541401614488938 135
1739613970134 1.028711114058591 136
1739613970146 1.455975071140586 137
1739613970158 1.18438355405012 138
1739613970169 0.9686475466958363 139
1739613970181 1.162621327275333 140
1739613970193 0.8569777777534003 141
1739613970203 1.5126572868104027 142
1739613970215 0.6959730709931502 143
1739613970227 0.9329568972768547 144
1739613970239 1.1643579193865166 145
1739613970250 0.39367756770037593 146
1739613970262 0.8849547200569322 147
1739613970274 1.0039463976935867 148
1739613970285 0.9755701993040135 149
1739613970296 0.9075655486457354 150
1739613970308 1.6877169876620657 151
1739613970319 1.0067925520317116 152
1739613970331 0.9231005297769651 153
1739613970343 0.5010122443656454 154
1739613970354 2.065235354928283 155
1739613970366 0.8632261765838048 156
1739613970378 1.287126333833334 157
1739613970390 1.1649627316313467 158
1739613970400 1.0976771989818324 159
1739613970412 0.8001826918334384 160
1739613970424 1.332739251628015 161
1739613970436 1.5498431823411223 162
1739613970447 0.893386824568324 163
1739613970459 1.1491793132399168 164
1739613970470 0.9019444364668633 165
1739613970482 0.5633382211744419 166
1739613970495 1.5242003475037071 167
1739613970505 0.9235527794748019 168
1739613970518 1.4542042377073894 169
1739613970529 0.6705044160411777 170
1739613970539 0.7566460151341391 171
1739613970551 1.0291343519906793 172
1739613970565 1.3916754903123774 173
1739613970578 1.5400175448291926 174
1739613970590 0.9616798432616737 175
1739613970600 0.788982740926609 176
1739613970612 0.6974373892429974 177
1739613970624 1.2689101886898388 178
1739613970635 0.7824634855636603 179
1739613970647 0.6581824870620698 180
1739613970659 1.1879069860661142 181
1739613970671 0.8996457603999681 182
1739613970681 1.3152947123402614 183
1739613970693 1.1089730869713585 184
1739613970704 0.9813962501010234 185
1739613970716 1.225223205373799 186
1739613970728 1.1363483882733696 187
1739613970739 0.8429123488841808 188
1739613970750 0.9278209234793577 189
1739613970762 0.9362115608398414 190
1739613970783 0.8671880468908418 191
1739613970795 1.6359705002529166 192
1739613970808 0.9924496104217401 193
1739613970820 1.6879941206787774 194
1739613970831 1.7200958759290246 195
1739613970843 0.7677837025938904 196
1739613970853 0.9754574032730229 197
1739613970864 1.1276489719709433 198
1739613970877 0.6643698036140507 199
1739613970888 1.4988315059221562 200
1739613970900 1.2201634387278357 201
1739613970915 1.424557440285717 202
1739613970927 1.362434324042404 203
1739613970940 1.337102224584158 204
1739613970950 1.1659162162000567 205
1739613970962 1.0786580647063542 206
1739613970974 0.9940843766177457 207
1739613970986 1.2281764387869885 208
1739613970998 1.0053654086511918 209
1739613971009 0.8280089632155567 210
1739613971022 0.6314680774426171 211
1739613971033 0.698156905726173 212
1739613971045 1.1382481587025817 213
1739613971056 1.2612874155075955 214
1739613971067 1.1514468534386186 215
1739613971079 1.4575651965722076 216
1739613971090 0.8496629308546788 217
1739613971100 1.0718500856345785 218
1739613971112 0.9931711821518094 219
1739613971123 1.8194159592986177 220
1739613971134 1.7397690844297156 221
1739613971145 1.0963201454790756 222
1739613971155 1.3223934335947176 223
1739613971165 1.4785527592227423 224
1739613971176 1.0228582296873225 225
1739613971186 1.7592385733500842 226
1739613971196 1.5581637672717732 227
1739613971207 2.567103611519994 228
1739613971218 0.6845930762728483 229
1739613971279 0.9294120137990817 230
1739613971291 1.5088232451164947 231
1739613971301 1.1313803338805715 232
1739613971312 0.7575069234702202 233
1739613971322 1.1233684657541942 234
1739613971334 0.8176229837193436 235
1739613971345 1.0512786724836218 236
1739613971355 0.987146028590991 237
1739613971365 2.081404544169847 238
1739613971377 0.9428560231204977 239
1739613971387 1.991733160884618 240
1739613971398 0.9875361833253234 241
1739613971409 2.0803438996214685 242
1739613971420 2.123922319455325 243
1739613971431 0.752284346239059 244
1739613971441 1.4715093747509498 245
1739613971452 2.481759180031875 246
1739613971462 0.6687557229876647 247
1739613971474 1.0435692997156065 248
1739613971484 0.6884789922165123 249
1739613971495 1.0356878336511084 250
1739613971506 1.4259906440217625 251
1739613971516 1.5722818671492491 252
1739613971527 0.8999696981963268 253
1739613971537 1.5976615134876013 254
1739613971547 0.9458881433925399 255
1739613971558 1.6770493053112074 256
1739613971572 1.0337075903084807 257
1739613971582 2.0624260010519397 258
1739613971593 1.1216930468237558 259
1739613971604 1.0280109268185174 260
1739613971615 1.491654834627179 261
1739613971626 1.249663409656783 262
1739613971637 1.1978852834737765 263
1739613971648 2.2269500063502212 264
1739613971659 0.8921307613921511 265
1739613971671 1.106270350982584 266
1739613971681 1.1855637082011359 267
1739613971692 0.830207354134932 268
1739613971703 1.3474223586849867 269
1739613971715 1.0581461307897018 270
1739613971725 4.350413509751063 271
1739613971736 1.2534039983424035 272
1739613971757 1.5453982640379045 273
1739613971769 0.9033238803614495 274
1739613971780 0.9289603110089242 275
1739613971792 1.8030325565459135 276
1739613971804 0.7350729615358709 277
1739613971814 1.5999655726086737 278
1739613971825 0.8459763459585503 279
1739613971835 0.6753093843798891 280
1739613971846 1.0033348841807486 281
1739613971856 1.0363388106655844 282
1739613971867 1.9379777035657637 283
1739613971879 0.7781202765510572 284
1739613971889 1.1123857990160382 285
1739613971901 0.8966387420771113 286
1739613971912 1.8708180517385609 287
1739613971923 1.4372903318561294 288
1739613971934 1.4869262797056833 289
1739613971945 1.346969204076067 290
1739613971956 1.2176585612893198 291
1739613971967 1.0473385719232096 292
1739613971978 0.622117885847068 293
1739613971988 0.949319442662207 294
1739613971999 2.208894608726543 295
1739613972010 0.738747965742892 296
1739613972021 1.2529516503967457 297
1739613972031 0.9532815031951973 298
1739613972042 1.508886015561923 299
1739613972052 1.4262296022290655 300
1739613972062 1.4120739523327868 301
1739613972073 1.3614140160775945 302
1739613972084 1.6201277750761618 303
1739613972096 1.5150396856082382 304
1739613972107 1.0769300931420127 305
1739613972117 0.8164992166402187 306
1739613972129 1.0006835204339033 307
1739613972140 2.2236520994408973 308
1739613972150 0.9530653964442787 309
1739613972161 1.554316359849931 310
1739613972172 1.2901133410722776 311
1739613972183 1.159402897627534 312
1739613972193 2.1539272030357326 313
1739613972204 0.951065474552494 314
1739613972215 1.5609078943176862 315
1739613972226 1.222650838425223 316
1739613972237 0.8084626842293691 317
1739613972247 0.7901902318561771 318
1739613972259 1.3331279036535657 319
1739613972270 1.1080198336297509 320
1739613972281 1.7128287944967653 321
1739613972293 2.0770268007034245 322
1739613972303 1.9666249127319768 323
