1739614596930 115.1114568706315 0
1739614596971 93.20023998268867 1
1739614597012 81.99697206314856 2
1739614597054 62.85951990868143 3
1739614597096 27.49923007073162 4
1739614597138 57.26423242609052 5
1739614597179 15.075527776891493 6
1739614597221 11.909839653173405 7
1739614597262 41.91327118677243 8
1739614597303 35.12525361695465 9
1739614597345 0.008344568097697489 10
1739614597388 0.2335052417738184 11
1739614597430 14.626003671601516 12
1739614597474 1.8283990975197337 13
1739614597516 0.8062105756159458 14
1739614597557 0.3524597875537246 15
1739614597598 56.71518817922271 16
1739614597640 51.47957932456619 17
1739614597681 6.634142418918054 18
1739614597722 27.093958175265005 19
1739614597765 26.20872316583649 20
1739614597808 4.304652285527381 21
1739614597850 17.343534467498877 22
1739614597892 3.771750471507354 23
1739614597934 30.397971668104326 24
1739614597974 4.8113548380026865 25
1739614598016 57.714058737806624 26
1739614598058 47.225764622188585 27
1739614598101 27.57205387155727 28
1739614598141 3.3238568469262537 29
1739614598185 6.678574299820682 30
1739614598228 25.622840750765445 31
1739614598272 10.706109961741888 32
1739614598313 0.010719761230276374 33
1739614598354 8.067622630567227 34
1739614598396 0.4940145863643037 35
1739614598440 8.408708969581943 36
1739614598483 0.7942762366497036 37
1739614598525 0.004430606104364042 38
1739614598566 73.36817619808978 39
1739614598607 0.3098188779392645 40
1739614598649 1.3353624131345319 41
1739614598690 0.17546610466009346 42
1739614598731 55.388966290209126 43
1739614598772 10.031205643345332 44
1739614598814 0.13237112386644853 45
1739614598854 3.9652001472514478 46
1739614598895 23.5305481264278 47
1739614598936 18.79236165084989 48
1739614598978 2.5640471912426257 49
1739614599056 9.340296368248206 50
1739614599101 3.8205120498905565 51
1739614599142 1.5670920842413871 52
1739614599184 8.628442805036682 53
1739614599228 4.184573756703922 54
1739614599271 0.022523215221094413 55
1739614599313 7.30612124573268 56
1739614599355 8.18299093434223 57
1739614599398 1.2370340894277518 58
1739614599440 2.5596351436665716 59
1739614599482 0.2735411275168303 60
1739614599524 11.849851464923288 61
1739614599565 16.839757149451337 62
1739614599609 34.613094575399174 63
1739614599652 0.9688291836820381 64
1739614599694 28.211798282589818 65
1739614599737 3.378144259191576 66
1739614599783 5.225295661982812 67
