1739553582277 163.27945626734504 0
1739553582286 163.3611957753149 1
1739553582294 154.65929076520626 2
1739553582302 151.6963512277793 3
1739553582310 148.50610671526994 4
1739553582319 141.96535105285707 5
1739553582326 139.88679720594527 6
1739553582333 137.36031375477853 7
1739553582341 127.19833223050439 8
1739553582350 129.78559165535376 9
1739553582358 125.21043807172332 10
1739553582365 120.40277245678384 11
1739553582372 118.46474749731671 12
1739553582379 114.95709316777848 13
1739553582386 115.18639076028643 14
1739553582393 107.76834791371053 15
1739553582400 110.98734546174005 16
1739553582409 102.65210677015284 17
1739553582418 103.75507264383914 18
1739553582426 97.7782015436847 19
1739553582434 92.85983935829765 20
1739553582441 93.27302539674768 21
1739553582449 94.67986199709183 22
1739553582456 88.1847370739563 23
1739553582463 86.99820455681643 24
1739553582471 88.9553467276993 25
1739553582479 83.91438834000083 26
1739553582487 79.86223972310701 27
1739553582495 85.2260040438995 28
1739553582503 79.0014626203034 29
1739553582510 79.22470518822085 30
1739553582517 78.12171774309493 31
1739553582525 79.63406282006149 32
1739553582532 74.02493072413506 33
1739553582539 72.95828969398869 34
1739553582547 76.20336800846043 35
1739553582553 73.04716653229802 36
1739553582561 68.86995967746061 37
1739553582568 70.0683385349904 38
1739553582575 66.70799968091409 39
1739553582582 64.34483841346237 40
1739553582589 71.32387357379037 41
1739553582596 65.0845486493606 42
1739553582603 59.46505764424619 43
1739553582609 60.50793730902747 44
1739553582616 69.10038019722424 45
1739553582624 58.51721152052015 46
1739553582631 58.11813764023102 47
1739553582638 60.43212558276056 48
1739553582645 57.28944651134141 49
1739553582653 56.74524134397651 50
1739553582660 51.70223503032821 51
1739553582667 51.8894877469068 52
1739553582674 53.69682816768152 53
1739553582681 49.43178159344479 54
1739553582688 52.04175666884489 55
1739553582695 50.47520256217099 56
1739553582701 44.29356378919799 57
1739553582708 53.57945318269778 58
1739553582715 49.96565044403728 59
1739553582723 46.19717367623619 60
1739553582730 46.22845025723546 61
1739553582737 49.09432523511223 62
1739553582744 48.428238090447294 63
1739553582751 46.02399448980115 64
1739553582758 50.00552186183086 65
1739553582766 48.64876982621332 66
1739553582773 51.87197214390664 67
1739553582780 47.31411036305081 68
1739553582787 48.72626289719893 69
1739553582794 43.943344139232664 70
1739553582801 46.24367205679919 71
1739553582807 43.90963450082182 72
1739553582815 40.78483689546109 73
1739553582825 41.784739389427266 74
1739553582832 39.58442884835365 75
1739553582840 49.188805953662595 76
1739553582847 43.317543272215495 77
1739553582856 43.805574577209214 78
1739553582863 48.39876336370505 79
1739553582871 39.018580473871694 80
1739553582880 38.557487342011086 81
1739553582887 35.52700015069074 82
1739553582895 47.82446865628314 83
1739553582904 36.58109977884569 84
1739553582911 33.87874405746208 85
1739553582920 37.92703127007458 86
1739553582928 36.16054424078044 87
1739553582936 36.26743136717277 88
1739553582942 38.88318872486957 89
1739553582949 36.33186576973918 90
1739553582956 36.106100014315054 91
1739553582964 38.80547931587096 92
1739553582972 35.82395846688664 93
1739553582980 35.5373126269943 94
1739553582987 35.61642808512603 95
1739553582994 36.75237212155324 96
1739553583002 37.0623915261792 97
1739553583009 35.680030574392354 98
1739553583017 38.847933116531856 99
1739553583025 36.87036334321862 100
1739553583033 33.46082340005359 101
1739553583040 37.02144261503482 102
1739553583048 32.335083034474174 103
1739553583056 31.414391175976476 104
1739553583064 35.49970808195688 105
1739553583071 33.45187611180027 106
1739553583079 35.562113608004346 107
1739553583087 35.75508321712921 108
1739553583095 41.69572714492999 109
1739553583101 32.942688444596165 110
1739553583108 33.282405875856234 111
1739553583116 33.61178935972516 112
1739553583124 29.764832965857888 113
1739553583131 36.30419853461557 114
1739553583138 29.147534563376524 115
1739553583146 29.48893891832919 116
1739553583155 30.087930559844995 117
1739553583162 35.515738933748196 118
1739553583169 30.597495146491536 119
1739553583176 34.69218548623111 120
1739553583184 31.74800227917815 121
1739553583192 29.994079884084325 122
1739553583200 32.66527886781353 123
1739553583207 30.889046530220902 124
1739553583214 36.17656320796512 125
1739553583221 24.521576619691924 126
1739553583228 30.16189558790549 127
1739553583235 33.13068315435677 128
1739553583243 31.341402993413727 129
1739553583251 30.125380809211453 130
1739553583258 31.01468834228312 131
1739553583265 25.086297066741473 132
1739553583272 29.00435141827822 133
1739553583280 37.79408090702746 134
1739553583289 31.165941285388058 135
1739553583297 28.670918251206107 136
1739553583305 29.730508746824977 137
1739553583314 35.53623387572847 138
1739553583322 33.68411182701334 139
1739553583331 27.52859099060739 140
1739553583339 28.12907803021086 141
1739553583346 30.963370149247847 142
1739553583354 27.2116790210952 143
1739553583361 29.562554241329252 144
1739553583369 31.237681749838707 145
1739553583377 33.61680172632414 146
1739553583384 26.084625151414293 147
1739553583391 27.666640277384786 148
1739553583399 33.6624682443542 149
1739553583405 30.81389899283536 150
1739553583412 30.389406737568653 151
1739553583419 26.48506554926057 152
1739553583426 24.494960937937776 153
1739553583433 34.88077574234973 154
1739553583439 36.872256364912396 155
1739553583447 27.989183035076902 156
1739553583454 25.09425935401008 157
1739553583461 30.27197638931045 158
1739553583468 25.353025939540192 159
1739553583474 29.805025645150348 160
1739553583482 27.31334184299172 161
1739553583493 23.969511623067998 162
1739553583502 31.137299890472356 163
1739553583510 27.512273002143452 164
1739553583518 33.32179449864931 165
1739553583527 27.973797313456746 166
1739553583535 36.679705643815204 167
1739553583543 30.792449708916166 168
1739553583550 28.788403148713122 169
1739553583558 30.32881686569403 170
1739553583565 23.63450898804655 171
1739553583572 30.48858268010745 172
1739553583579 25.644758347638028 173
1739553583588 27.142142295053482 174
1739553583596 32.67276943146293 175
1739553583603 28.306265823424386 176
1739553583611 32.85889038990619 177
1739553583619 28.849337776978675 178
1739553583629 28.40178960213405 179
1739553583638 27.342487767113173 180
1739553583646 29.784363107220177 181
1739553583655 29.968323811653693 182
1739553583663 31.601818903109944 183
1739553583670 30.531384632618874 184
1739553583678 29.127196512749773 185
1739553583686 23.512186992612946 186
1739553583696 28.377690455788372 187
1739553583703 31.65110640248845 188
1739553583710 25.888820626260515 189
1739553583719 27.286664301397924 190
1739553583727 34.045392916258855 191
1739553583735 27.272830222900478 192
1739553583742 28.61242947550641 193
1739553583750 26.69719940608832 194
1739553583758 30.556157965341907 195
1739553583765 29.766368055720942 196
1739553583772 31.273279824078283 197
1739553583780 27.916172122221973 198
1739553583787 35.301007651745515 199
1739553583796 30.850566135764186 200
1739553583803 29.66518970957328 201
1739553583810 35.03826344975655 202
1739553583818 32.114214503741444 203
1739553583827 34.155177090341034 204
1739553583835 27.609363408241457 205
1739553583842 31.159892658316295 206
1739553583849 34.20373813386004 207
1739553583858 25.902033734267775 208
1739553583866 33.78182890896056 209
1739553583873 29.7149775168643 210
1739553583881 32.572528249038854 211
1739553583889 33.140498906785965 212
1739553583897 28.968073648493867 213
1739553583904 25.564388442156336 214
1739553583912 32.34133744060811 215
1739553583919 31.168837520916643 216
1739553583927 35.60183968708886 217
1739553583934 30.85760552789317 218
1739553583941 29.19263165200915 219
1739553583948 33.85886956558994 220
1739553583956 30.13937850234917 221
1739553583963 26.535079441606193 222
1739553583970 31.52602622276922 223
1739553583978 25.716599405548475 224
1739553583986 25.040164780265876 225
1739553583993 31.763644903327624 226
1739553584001 28.02525490495162 227
1739553584008 30.695627044551028 228
1739553584015 34.45864890230972 229
1739553584023 27.523510814922407 230
1739553584031 25.465521471594343 231
1739553584039 26.164236828538414 232
1739553584046 28.707008513914186 233
1739553584054 35.44842589716972 234
1739553584062 30.09979663079188 235
1739553584070 25.301194512012284 236
1739553584078 33.66117987209848 237
1739553584085 26.575421118064586 238
1739553584093 28.014217543776592 239
1739553584100 28.86927449748129 240
1739553584108 28.58206965148218 241
1739553584115 27.251644924248886 242
1739553584124 27.21187560678891 243
1739553584132 25.858871065329367 244
1739553584139 29.551102434598775 245
1739553584147 29.671314295377723 246
1739553584155 25.436561027653067 247
1739553584163 31.22263956682619 248
1739553584170 35.556322737760524 249
1739553584177 31.052354717341395 250
1739553584185 27.802353009931544 251
1739553584193 24.143250071175164 252
1739553584200 26.65716440552391 253
1739553584207 28.7095621257569 254
1739553584214 26.922734230873505 255
1739553584221 31.52618118360498 256
1739553584230 29.91197512658106 257
1739553584238 26.014294835447835 258
1739553584248 27.12516812441999 259
1739553584257 28.569589883280297 260
1739553584266 28.004431491287658 261
1739553584274 29.244882019248518 262
1739553584282 35.62457449093845 263
1739553584290 23.99495934420851 264
1739553584299 26.282276309393243 265
1739553584308 27.22459341550565 266
1739553584318 32.076509606175854 267
1739553584327 28.70935557894414 268
1739553584336 23.846653982901646 269
1739553584344 30.5736363606888 270
1739553584353 32.73818483368348 271
1739553584363 28.551921859375994 272
1739553584371 26.374841433373817 273
1739553584380 24.39547392395697 274
1739553584389 30.81012539073163 275
1739553584396 32.901710904514964 276
1739553584405 27.876710382474574 277
1739553584413 35.367041739726254 278
1739553584420 27.859111780806412 279
1739553584428 20.423539290802132 280
1739553584435 28.017831201838884 281
1739553584442 30.844424511392962 282
1739553584449 30.299532966261935 283
1739553584457 32.143027473478305 284
1739553584466 28.0351065518582 285
1739553584474 24.047033548717923 286
1739553584482 31.302531194090005 287
1739553584490 27.64705339574593 288
1739553584498 36.1119999653434 289
1739553584505 26.223822319148272 290
1739553584512 31.442100985456285 291
1739553584519 25.64488659206665 292
1739553584527 29.733716281855667 293
1739553584537 26.44866536155529 294
1739553584544 29.950773100510897 295
1739553584552 26.998903361377696 296
1739553584560 25.03848613457727 297
1739553584568 20.254453416848083 298
1739553584575 25.398699764481545 299
1739553584582 29.416466421335098 300
1739553584590 30.900772139492553 301
1739553584598 26.32003675184152 302
1739553584605 24.871135896502516 303
1739553584613 27.735645384973296 304
1739553584622 24.26697875164363 305
1739553584630 26.801825791054245 306
1739553584639 31.837341229594255 307
1739553584646 26.270190700384184 308
1739553584655 28.996364298520678 309
1739553584663 26.47200851988354 310
1739553584671 30.191505543840528 311
1739553584678 24.676986032313597 312
1739553584685 28.57060192761458 313
1739553584693 25.246566713510248 314
1739553584700 30.58835843440537 315
1739553584707 25.31652871205224 316
1739553584714 30.568061085944844 317
1739553584722 27.872636193402414 318
1739553584730 32.58164441955971 319
1739553584738 27.80917926689006 320
1739553584746 32.88937591641366 321
1739553584753 25.95541816265367 322
1739553584760 29.26068464851794 323
1739553584768 26.003738758135256 324
1739553584776 28.143700914791292 325
1739553584783 33.025121069941385 326
1739553584790 36.8384189142218 327
1739553584798 27.49431359236797 328
1739553584805 29.652743115932605 329
1739553584812 30.16428595556603 330
