1739556500593 169.6210407770955 0
1739556500603 169.4877158870233 1
1739556500613 169.35552488353014 2
1739556500622 169.2234512863211 3
1739556500631 169.09149675765022 4
1739556500640 168.9596594180862 5
1739556500648 168.8279409293775 6
1739556500657 168.69633941300413 7
1739556500665 168.564856530209 8
1739556500675 168.43349040338248 9
1739556500684 168.30224269326243 10
1739556500694 168.1711115231484 11
1739556500704 168.0400985532733 12
1739556500713 167.90920279141386 13
1739556500723 167.77842324636998 14
1739556500732 167.6477615776234 15
1739556500741 167.51721591073675 16
1739556500751 167.38678790468762 17
1739556500760 167.25647568594425 18
1739556500770 167.12628091298032 19
1739556500789 166.9962017131686 20
1739556500800 166.86623974447934 21
1739556500810 166.73639313518868 22
1739556500819 166.60666354276367 23
1739556500828 166.47704997801952 24
1739556500837 166.3475514527893 25
1739556500846 166.2181696237912 26
1739556500855 166.08890262155 27
1739556500864 165.95975210228136 28
1739556500874 165.83071619741 29
1739556500883 165.70179656264918 30
1739556500893 165.57299133032257 31
1739556500902 165.44430215564148 32
1739556500912 165.31572717182715 33
1739556500922 165.18726803358948 34
1739556500931 165.05892375476088 35
1739556500941 164.93069335018612 36
1739556500951 164.8025784738285 37
1739556500961 164.6745772611437 38
1739556500970 164.5466913655941 39
1739556500979 164.41891892352953 40
1739556500989 164.29126158791175 41
1739556500999 164.16371749598372 42
1739556501008 164.03628830020682 43
1739556501018 163.9089721387161 44
1739556501027 163.7817706634729 45
1739556501037 163.65468201350328 46
1739556501046 163.52770784026887 47
1739556501055 163.40084716114112 48
1739556501064 163.2740989944971 49
1739556501073 163.14746499105482 50
1739556501083 163.020943292058 51
1739556501092 162.89453554772564 52
1739556501102 162.76823990018892 53
1739556501112 162.64205799916803 54
1739556501122 162.51598798768072 55
1739556501133 162.39003151494876 56
1739556501143 162.26418672487515 57
1739556501153 162.13845526618363 58
1739556501163 162.01283615921656 59
1739556501172 161.88732842531667 60
1739556501182 161.76193371246632 61
1739556501192 161.63665016677226 62
1739556501202 161.51147943571937 63
1739556501212 161.38641966629638 64
1739556501222 161.261472505491 65
1739556501232 161.1366361011728 66
1739556501242 161.01191209983267 67
1739556501251 160.88729865021995 68
1739556501261 160.76279739832904 69
1739556501271 160.63840736745254 70
1739556501280 160.51412758187791 71
1739556501289 160.38995968686064 72
1739556501299 160.26590183333974 73
1739556501309 160.141955666075 74
1739556501319 160.01811933688177 75
1739556501328 159.89439449002415 76
1739556501337 159.77077927819292 77
1739556501346 159.64727534515694 78
1739556501355 159.52388084448117 79
1739556501364 159.40059741943966 80
1739556501374 159.27742409625438 81
1739556501384 159.1543599021369 82
1739556501394 159.0314064796245 83
1739556501404 158.9085619844582 84
1739556501414 158.7858280586813 85
1739556501423 158.66320285890538 86
1739556501434 158.5406880266798 87
1739556501444 158.41828171948606 88
1739556501453 158.29598557837983 89
1739556501462 158.17379776171134 90
1739556501471 158.05171991004303 91
1739556501481 157.92975018259278 92
1739556501491 157.80789021943 93
1739556501500 157.6861390502129 94
1739556501510 157.56449570558237 95
1739556501519 157.4429618248743 96
1739556501529 157.32153556946625 97
1739556501538 157.20021857820166 98
1739556501549 157.07900901332243 99
1739556501559 156.9579085131801 100
1739556501568 156.83691524087973 101
1739556501578 156.71603083428116 102
1739556501592 156.59525345735176 103
1739556501601 156.47458474745986 104
1739556501611 156.35402373714845 105
1739556501623 156.23356945993788 106
1739556501634 156.11322355246526 107
1739556501644 155.99298418084405 108
1739556501654 155.87285298122072 109
1739556501664 155.7528281205676 110
1739556501674 155.6329112345407 111
1739556501685 155.51310049097026 112
1739556501695 155.39339752502212 113
1739556501705 155.27380050538343 114
1739556501716 155.1543110667302 115
1739556501727 155.03492824446988 116
1739556501737 154.91565107498215 117
1739556501747 154.7964811922142 118
1739556501757 154.6774167669857 119
1739556501767 154.55845943275477 120
1739556501776 154.43960736119448 121
1739556501789 154.32086218527425 122
1739556501802 154.20222207751954 123
1739556501845 154.08368867041125 124
1739556501856 153.96526013732642 125
1739556501867 153.8469381102577 126
1739556501877 153.72872162745696 127
1739556501887 153.61060972814315 128
1739556501904 153.49260404358242 129
1739556501922 153.3747027492709 130
1739556501937 153.25690747598742 131
1739556501957 153.13921640007604 132
1739556501975 153.02163115182853 133
1739556501992 152.904149908436 134
1739556502011 152.78677429970335 135
1739556502028 152.66950250366784 136
1739556502041 152.55233614964774 137
1739556502053 152.43527341652552 138
1739556502067 152.31831593313308 139
1739556502080 152.20146274105883 140
1739556502092 152.08471288285185 141
1739556502105 151.96806798662055 142
1739556502118 151.85152623335065 143
1739556502131 151.73508925066503 144
1739556502144 151.6187552203913 145
1739556502157 151.502525769667 146
1739556502169 151.38639908116045 147
1739556502182 151.27037678152428 148
1739556502195 151.15445705426677 149
1739556502208 151.03864152555585 150
1739556502220 150.9229292397811 151
1739556502233 150.80731924228766 152
1739556502246 150.69181315852234 153
1739556502258 150.57640917408344 154
1739556502271 150.4611089139338 155
1739556502283 150.34591056450822 156
1739556502294 150.2308157502859 157
1739556502306 150.1158226585372 158
1739556502318 150.00093291325797 159
1739556502330 149.88614470255314 160
1739556502341 149.77145964993548 161
1739556502353 149.65687680257642 162
1739556502364 149.5423952085974 163
1739556502375 149.42801649079266 164
1739556502386 149.31373883934398 165
1739556502398 149.19956387656313 166
1739556502409 149.0854897934632 167
1739556502420 148.97151821187398 168
1739556502431 148.8576473236388 169
1739556502442 148.74387875010567 170
1739556502453 148.63021068394727 171
1739556502465 148.5166447460303 172
1739556502476 148.40317912985574 173
1739556502487 148.28981545580908 174
1739556502498 148.17655277432465 175
1739556502509 148.06339013678075 176
1739556502519 147.95032916284703 177
1739556502529 147.83736804808615 178
1739556502538 147.72450841168725 179
1739556502549 147.61174845003802 180
1739556502560 147.49908978184757 181
1739556502570 147.3865306043277 182
1739556502580 147.27407253570777 183
1739556502593 147.1617137740227 184
1739556502603 147.04945593702232 185
1739556502613 146.9372980778804 186
1739556502623 146.82523925070976 187
1739556502632 146.71328107254672 188
1739556502642 146.6014217434749 189
1739556502653 146.48966288005187 190
1739556502663 146.37800268318102 191
1739556502673 146.26644276894157 192
1739556502684 146.15498133905592 193
1739556502695 146.04362000912494 194
1739556502705 145.9323569816891 195
1739556502715 145.8211938718715 196
1739556502725 145.71012973556628 197
1739556502735 145.59916362960163 198
1739556502745 145.48829716838964 199
1739556502755 145.37752855650635 200
1739556502765 145.26685940788673 201
1739556502776 145.15628792792168 202
1739556502785 145.04581573006925 203
1739556502795 144.9354410205342 204
1739556502806 144.82516541229796 205
1739556502815 144.7149871123783 206
1739556502824 144.60490773328027 207
1739556502833 144.49492548283368 208
1739556502843 144.38504197306767 209
1739556502852 144.2752562630676 210
1739556502861 144.1655674128469 211
1739556502870 144.05597703372646 212
1739556502880 143.94648333555668 213
1739556502890 143.8370879291834 214
1739556502899 143.72778902526574 215
1739556502908 143.61858823417444 216
1739556502917 143.50948376737654 217
1739556502927 143.4004772347681 218
1739556502936 143.29156684862312 219
1739556502946 143.18275421836327 220
1739556502955 143.07403840575353 221
1739556502964 142.96541847348126 222
1739556502973 142.85689603026276 223
1739556502982 142.7484692903798 224
1739556502992 142.64013986207482 225
1739556503001 142.53190596043345 226
1739556503010 142.42376919322479 227
1739556503019 142.31572777633724 228
1739556503028 142.20778331706677 229
1739556503037 142.09993403210376 230
1739556503047 141.9921815282715 231
1739556503056 141.88452486999543 232
1739556503065 141.77696312261904 233
1739556503074 141.66949789226229 234
1739556503084 141.5621273976109 235
1739556503093 141.45485324431286 236
1739556503102 141.34767365185263 237
1739556503111 141.24059022540638 238
1739556503120 141.13360118525637 239
1739556503129 141.02670813610743 240
1739556503138 140.9199092990386 241
1739556503148 140.81320627828367 242
1739556503158 140.7065972957176 243
1739556503167 140.6000839551033 244
1739556503176 140.49366532398753 245
1739556503185 140.38734047082906 246
1739556503194 140.28111099869034 247
1739556503203 140.174975131427 248
1739556503212 140.06893447163154 249
1739556503221 139.96298724395243 250
1739556503231 139.85713505051223 251
1739556503241 139.75137611675135 252
1739556503250 139.6457120443229 253
1739556503260 139.54014105945822 254
1739556503269 139.43466476334126 255
1739556503279 139.32928222613944 256
1739556503288 139.22399251892708 257
1739556503297 139.1187972421902 258
1739556503306 139.01369462412842 259
1739556503315 138.90868626475924 260
1739556503324 138.8037703930701 261
1739556503333 138.69894860861035 262
1739556503342 138.5942191411544 263
1739556503351 138.48958358978373 264
1739556503361 138.3850401850588 265
1739556503371 138.28059052559348 266
1739556503380 138.17623284273344 267
1739556503389 138.07196873462527 268
1739556503399 137.9677972745106 269
1739556503409 137.86371753653208 270
1739556503418 137.7597311181414 271
1739556503427 137.65583625263778 272
1739556503436 137.55203453700628 273
1739556503445 137.4483242053283 274
1739556503454 137.34470685412256 275
1739556503464 137.24118071825168 276
1739556503474 137.13774739376836 277
1739556503483 137.0344051163155 278
1739556503493 136.93115548148015 279
1739556503502 136.82799756508516 280
1739556503511 136.72493044384962 281
1739556503520 136.62195571266798 282
1739556503529 136.5190716091246 283
1739556503538 136.41627972764903 284
1739556503547 136.3135783066029 285
1739556503557 136.21096893995096 286
1739556503566 136.10844986683125 287
1739556503576 136.00602268074417 288
1739556503586 135.90368562160316 289
1739556503596 135.8014402824446 290
1739556503605 135.69928490395642 291
1739556503615 135.5972210787113 292
1739556503624 135.49524788556013 293
1739556503633 135.39336440424427 294
1739556503642 135.29157222664662 295
1739556503652 135.18986959538236 296
1739556503662 135.0882581018714 297
1739556503672 134.98673598950032 298
1739556503682 134.88530484922626 299
1739556503691 134.7839629252065 300
1739556503701 134.6827118079358 301
1739556503710 134.58154974234105 302
1739556503720 134.4804783184549 303
1739556503729 134.37949661767064 304
1739556503739 134.27860372226732 305
1739556503752 134.17780122159027 306
1739556503763 134.07708736248156 307
1739556503773 133.97646373382517 308
1739556503783 133.87592858322986 309
1739556503794 133.77548349911845 310
1739556503804 133.67512672986558 311
1739556503814 133.57485986343323 312
1739556503825 133.474681148961 313
1739556503834 133.3745921739503 314
1739556503844 133.27459118830492 315
1739556503854 133.17467977906603 316
1739556503866 133.0748570306095 317
1739556503876 132.9751220281914 318
1739556503885 132.87547635816853 319
1739556503894 132.77591827234562 320
1739556503904 132.67644935662003 321
1739556503913 132.57706786355755 322
1739556503922 132.47777537859633 323
1739556503932 132.3785701550624 324
1739556503942 132.279453777935 325
1739556503951 132.1804245012995 326
1739556503960 132.08148390967656 327
1739556503969 131.9826310899464 328
1739556503979 131.88386512986463 329
1739556503990 131.7851876132699 330
1739556504000 131.6865967961368 331
1739556504009 131.58809426184612 332
1739556504018 131.48967826712882 333
1739556504028 131.39135039490807 334
1739556504038 131.29310890267038 335
1739556504048 131.1949553728816 336
1739556504059 131.09688806378284 337
1739556504070 130.99890855738298 338
1739556504081 130.901015112677 339
1739556504091 130.803209311217 340
1739556504101 130.70549024282127 341
1739556504111 130.6078569981778 342
1739556504122 130.51031115815965 343
1739556504132 130.4128509836371 344
1739556504142 130.31547805502723 345
1739556504152 130.21819063395117 346
1739556504162 130.12099030037032 347
1739556504172 130.02387531665576 348
1739556504182 129.92684726231352 349
1739556504192 129.82990440046376 350
1739556504202 129.7330483101575 351
1739556504212 129.63627808367988 352
1739556504221 129.5395928141811 353
1739556504231 129.44299408003545 354
1739556504241 129.3464801462268 355
1739556504251 129.25005259067515 356
1739556504261 129.15370967911048 357
1739556504270 129.05745298899868 358
1739556504281 128.9612807868151 359
1739556504291 128.86519464957192 360
1739556504301 128.76919284448888 361
1739556504311 128.6732769481248 362
1739556504320 128.57744522844297 363
1739556504330 128.48169926154898 364
1739556504340 128.38603814262208 365
1739556504349 128.29046096770102 366
1739556504359 128.19496931221755 367
1739556504369 128.09956144598505 368
1739556504379 128.00423894398287 369
1739556504389 127.90900007676514 370
1739556504399 127.81384641885904 371
1739556504410 127.71877624155856 372
1739556504420 127.62379111893905 373
1739556504430 127.52888932303348 374
1739556504440 127.43407242746574 375
1739556504451 127.33933952984503 376
1739556504462 127.24468972863556 377
1739556504474 127.15012459678977 378
1739556504486 127.05564240817915 379
1739556504499 126.96124473530543 380
1739556504510 126.86692985277612 381
1739556504520 126.77269933264242 382
1739556504530 126.67855145024718 383
1739556504540 126.58448777719138 384
1739556504550 126.49050658955228 385
1739556504560 126.39660945848095 386
1739556504570 126.30279466078831 387
1739556504580 126.20906376717573 388
1739556504591 126.11541587810336 389
1739556504604 126.02185009488085 390
1739556504614 125.92836798754104 391
1739556504624 125.83496783471995 392
1739556504634 125.74165120600154 393
1739556504644 125.64841638075254 394
1739556504655 125.55526492810831 395
1739556504665 125.46219512816555 396
1739556504675 125.36920854961127 397
1739556504685 125.2763034732712 398
1739556504694 125.1834814673844 399
1739556504704 125.09074163480486 400
1739556504713 124.99808307923149 401
1739556504722 124.90550736823724 402
1739556504731 124.81301278446158 403
1739556504740 124.7206008950302 404
1739556504749 124.6282699833088 405
1739556504759 124.53602161597601 406
1739556504768 124.44385407712299 407
1739556504778 124.3517689329817 408
1739556504787 124.25976446836783 409
1739556504797 124.16784224906696 410
1739556504806 124.07600056061854 411
1739556504815 123.98424096836206 412
1739556504824 123.89256257795996 413
1739556504833 123.80096449591426 414
1739556504843 123.70944828690118 415
1739556504852 123.61801223826066 416
1739556504861 123.52665791422362 417
1739556504870 123.43538360285085 418
1739556504881 123.34419086792818 419
1739556504892 123.25307799823653 420
1739556504904 123.162046557117 421
1739556504914 123.07109483406975 422
1739556504923 122.98022439199136 423
1739556504932 122.88943352110056 424
1739556504942 122.79872378384968 425
1739556504951 122.70809428868694 426
1739556504960 122.61754414489477 427
1739556504969 122.5270749142651 428
1739556504979 122.43668488880405 429
1739556504988 122.34637562986008 430
1739556504999 122.25614543015492 431
1739556505009 122.16599585059387 432
1739556505018 122.07592518461358 433
1739556505027 121.98593499267642 434
1739556505036 121.89602356893306 435
1739556505046 121.80619247340339 436
1739556505055 121.71644081687477 437
1739556505065 121.62676771096442 438
1739556505074 121.53717471503421 439
1739556505083 121.44766012501103 440
1739556505093 121.35822549981498 441
1739556505102 121.26886913608422 442
1739556505111 121.17959259229718 443
1739556505121 121.09039416580255 444
1739556505130 121.00127541463752 445
1739556505139 120.91223463686036 446
1739556505148 120.82327339006734 447
1739556505157 120.73438997302559 448
1739556505166 120.64558594289069 449
1739556505176 120.55686041319444 450
1739556505186 120.46821249829317 451
1739556505197 120.37964375468736 452
1739556505208 120.29115248290744 453
1739556505218 120.20274023901398 454
1739556505227 120.1144053242434 455
1739556505236 120.02614929421662 456
1739556505245 119.93797045087544 457
1739556505254 119.84987034940137 458
1739556505263 119.76184729244065 459
1739556505272 119.6739028347358 460
1739556505282 119.58603609212307 461
1739556505292 119.49824618125888 462
1739556505301 119.41053465623303 463
1739556505310 119.32289982144415 464
1739556505320 119.23534323054372 465
1739556505329 119.14786318863212 466
1739556505338 119.06046124892273 467
1739556505347 118.97313571721693 468
1739556505356 118.88588814629033 469
1739556505365 118.79871684264442 470
1739556505374 118.71162335861742 471
1739556505384 118.62460600141016 472
1739556505394 118.53766632292367 473
1739556505403 118.45080344169801 474
1739556505413 118.36401647708814 475
1739556505423 118.27730698034526 476
1739556505432 118.19067326040982 477
1739556505441 118.10411686809661 478
1739556505450 118.01763611304273 479
1739556505459 117.9312325456268 480
1739556505468 117.8449044761818 481
1739556505478 117.75865345465049 482
1739556505487 117.67247779206086 483
1739556505497 117.58637903792015 484
1739556505506 117.50035550395066 485
1739556505516 117.41440873922436 486
1739556505525 117.32853786496328 487
1739556505534 117.24274200319923 488
1739556505544 117.15702270235717 489
1739556505553 117.07137827588639 490
1739556505562 116.98581027177725 491
1739556505571 116.90031700417066 492
1739556505580 116.81490002062277 493
1739556505590 116.72955763596521 494
1739556505600 116.64429139732022 495
1739556505613 116.55909962020945 496
1739556505622 116.47398385132148 497
1739556505631 116.38894321413045 498
1739556505640 116.303976832916 499
