1739617066441 157.84291327688032 0
1739617066459 149.29689436869302 1
1739617066475 137.40801334359384 2
1739617066492 134.34876670902253 3
1739617066509 124.59792750477827 4
1739617066533 120.61294157512853 5
1739617066549 111.90731786530341 6
1739617066565 105.8888745387162 7
1739617066581 100.68184027156683 8
1739617066596 94.72345751467786 9
1739617066613 87.00572900499172 10
1739617066629 86.28121470452146 11
1739617066644 81.43923543994465 12
1739617066660 76.40812458628753 13
1739617066676 67.42545956165114 14
1739617066699 68.5140161272192 15
1739617066715 61.901682315992225 16
1739617066730 59.62532834258418 17
1739617066746 57.880699449088645 18
1739617066761 57.41027557241104 19
1739617066775 57.30286659245635 20
1739617066791 53.586832869696735 21
1739617066806 44.86724741093064 22
1739617066821 44.80938003221397 23
1739617066835 38.154300433665064 24
1739617066850 42.52428018279228 25
1739617066865 46.94330096420599 26
1739617066880 43.27923850587359 27
1739617066895 35.894030236628986 28
1739617066911 38.88062540138365 29
1739617066926 37.38584615146086 30
1739617066941 37.25069595356655 31
1739617066956 32.48715581409547 32
1739617066970 32.16666460940386 33
1739617066986 32.94187646269554 34
1739617067000 26.067476802343823 35
1739617067016 28.37914230058987 36
1739617067033 21.946531859546887 37
1739617067048 28.960386546353636 38
1739617067063 27.047825259718987 39
1739617067078 24.046523763842767 40
1739617067093 17.93189200206713 41
1739617067107 27.608381949963622 42
1739617067122 20.352552996055742 43
1739617067138 20.00220821536915 44
1739617067154 22.650972466378043 45
1739617067168 23.036630256715284 46
1739617067183 18.774095236062582 47
1739617067199 19.9589758838597 48
1739617067215 18.333318781197683 49
1739617067231 18.745382307689244 50
1739617067245 20.38531608088503 51
1739617067260 19.92713383955281 52
1739617067274 15.666385151167296 53
1739617067289 26.97808146381312 54
1739617067305 18.938614453578488 55
1739617067320 21.63053709522337 56
1739617067334 13.42667405431263 57
1739617067349 9.861380167031559 58
1739617067364 14.564315877532396 59
1739617067379 16.727433177174284 60
1739617067395 14.808379099507173 61
1739617067410 12.065026571700855 62
1739617067425 12.25921064709627 63
1739617067440 12.956084128552675 64
1739617067455 15.22915357882539 65
1739617067470 12.877214203911189 66
1739617067486 14.906982719101897 67
1739617067503 13.41125807718872 68
1739617067518 14.923133071947996 69
1739617067532 14.734371380245616 70
1739617067547 18.00423002148332 71
1739617067562 15.067329611662792 72
1739617067587 12.87457947978261 73
1739617067603 17.10250519357222 74
1739617067619 9.939469551251202 75
1739617067635 15.428944640590672 76
1739617067651 14.595867345265944 77
1739617067668 14.578967050797468 78
1739617067684 13.71826989958353 79
1739617067700 9.094639250901608 80
1739617067715 12.04530297963523 81
1739617067732 14.283308966960924 82
1739617067748 19.520316484345862 83
1739617067764 16.061686158450982 84
1739617067780 11.103545334131516 85
1739617067796 14.662447418191961 86
1739617067811 16.65202070248922 87
1739617067826 16.265456448485576 88
1739617067841 14.942037704459613 89
1739617067855 15.429801229851634 90
1739617067869 14.391798040201389 91
1739617067884 13.92477981282323 92
1739617067900 10.331491622204236 93
1739617067915 17.156201582074974 94
1739617067929 8.304650155039875 95
1739617067945 14.071539590829058 96
1739617067960 13.005962725406535 97
1739617067976 10.791899600201834 98
1739617067991 12.154154635528736 99
1739617068005 15.150958944809089 100
1739617068020 13.13536177605 101
1739617068034 13.006115885874097 102
1739617068048 12.888161625838185 103
1739617068063 10.84236947596171 104
1739617068078 12.619264325324563 105
1739617068093 10.342843685152728 106
1739617068108 9.684871995290063 107
1739617068123 12.349271666716847 108
1739617068138 17.133198141529967 109
1739617068153 15.448706768491043 110
1739617068168 13.796906490681168 111
1739617068183 15.207234083525917 112
1739617068200 11.098510938102224 113
1739617068220 11.97592335930738 114
1739617068236 10.620645866164505 115
1739617068252 15.69201935534506 116
1739617068267 15.561643663478225 117
1739617068282 9.73179871271738 118
1739617068297 13.661054809190626 119
1739617068312 11.681031494490178 120
1739617068327 15.851345105351236 121
1739617068342 9.904336405164202 122
1739617068357 10.93552548729127 123
1739617068370 14.315286232329008 124
1739617068386 10.44467961193466 125
1739617068401 10.559725553988482 126
1739617068416 11.079588080518393 127
1739617068432 14.517736575022852 128
1739617068446 12.32483077122205 129
1739617068462 15.108339874373566 130
1739617068477 13.178150232403732 131
1739617068491 12.911964706105246 132
1739617068508 10.77866380878192 133
1739617068523 12.498515325541602 134
1739617068537 9.860198495012881 135
1739617068551 12.26375613491711 136
1739617068567 10.776305228899172 137
1739617068582 9.083828671765568 138
1739617068598 10.691217034283657 139
1739617068613 8.85349206596706 140
1739617068638 14.514724159425706 141
1739617068655 11.79209824055378 142
1739617068670 15.415395640576032 143
1739617068686 10.552309235716386 144
1739617068702 13.09353236492872 145
1739617068717 10.605136724320284 146
1739617068732 11.142991862939981 147
1739617068748 9.946055765738283 148
1739617068764 8.04498680686039 149
1739617068779 11.926650646424307 150
1739617068794 14.089184397583407 151
1739617068809 10.701154156933267 152
1739617068823 11.194453192995569 153
1739617068837 14.246885348170794 154
1739617068851 13.01460900019681 155
1739617068865 11.672625158580187 156
1739617068881 14.54962251861558 157
1739617068896 17.83134221513984 158
1739617068911 12.841329848074336 159
1739617068927 14.453660310538673 160
1739617068942 9.14682517136946 161
1739617068957 7.761849356568039 162
1739617068971 10.57271537801266 163
1739617068985 12.01983121801114 164
1739617069000 12.468250942485767 165
1739617069015 14.786676413992282 166
1739617069030 14.768580211846892 167
1739617069044 13.484036661642323 168
1739617069059 7.731497872966129 169
1739617069074 14.728259451460156 170
1739617069089 15.552085758800617 171
1739617069104 16.564604331990562 172
1739617069118 8.926075377049454 173
1739617069133 11.724345018669958 174
1739617069150 12.572240218492912 175
1739617069165 11.06255910223499 176
1739617069182 11.446129148022292 177
1739617069198 15.14421387925305 178
1739617069214 12.276561163419085 179
1739617069229 11.611583494930311 180
1739617069244 16.35648281646147 181
1739617069259 16.076847096978323 182
1739617069273 10.261028686599548 183
1739617069288 9.834088696266269 184
1739617069303 12.28139426142041 185
1739617069317 17.815736790173627 186
1739617069333 13.03864271342313 187
1739617069347 13.240055855052335 188
1739617069362 17.328793596797624 189
1739617069377 11.97871018606062 190
1739617069392 14.132690988947907 191
1739617069407 12.44242058535336 192
1739617069423 16.148052014140347 193
1739617069437 11.501374675143717 194
1739617069452 12.964558276971609 195
1739617069466 9.912086854083242 196
1739617069481 15.799320065780293 197
1739617069497 15.487625617789805 198
1739617069511 15.862848321102154 199
1739617069527 11.657613648970823 200
1739617069541 14.96346881779809 201
1739617069557 11.777927347781112 202
1739617069573 12.189204662950129 203
1739617069587 12.389494957503747 204
1739617069603 7.908886784738873 205
1739617069617 12.804215592050285 206
1739617069632 15.283851428250285 207
1739617069647 11.999243227930732 208
1739617069672 15.772820701107541 209
1739617069689 12.816839037544488 210
1739617069705 14.349010811794182 211
1739617069721 10.933482550561438 212
1739617069737 14.300787726210192 213
1739617069753 15.150308664047724 214
1739617069768 11.350963213327754 215
1739617069784 12.018048404391115 216
1739617069799 10.938350871769863 217
1739617069815 10.458410776827067 218
1739617069831 11.75136601348826 219
1739617069848 11.92971690119922 220
1739617069864 12.606727707023252 221
1739617069881 13.273408769465265 222
1739617069896 10.888774118272677 223
1739617069911 12.942078989035116 224
1739617069927 11.987161273109319 225
1739617069943 9.036728679666561 226
1739617069958 13.304215293646473 227
1739617069973 9.590744745421793 228
1739617069987 10.171063098470109 229
1739617070003 10.116258971545491 230
1739617070017 14.610714150941215 231
1739617070032 14.694006560608772 232
1739617070047 11.36150169783561 233
1739617070061 11.530828984587956 234
1739617070075 15.586470309143289 235
1739617070091 11.333828210228857 236
1739617070106 10.566498580145332 237
1739617070120 13.93525548106496 238
1739617070135 11.735284269625764 239
1739617070150 10.031646440895603 240
1739617070166 12.102011231073774 241
1739617070181 9.651719632295094 242
1739617070196 16.373775232303956 243
1739617070211 10.185036957624908 244
1739617070226 13.311242627565681 245
1739617070240 9.959827626332117 246
1739617070255 11.502985504289116 247
1739617070270 8.626554726981865 248
1739617070284 10.988186501794308 249
1739617070300 11.931651850565943 250
1739617070315 13.757843391450207 251
1739617070329 13.040388067347426 252
1739617070345 14.776670615193746 253
1739617070361 13.767982254386114 254
1739617070375 10.779163849739225 255
1739617070390 10.277011251959653 256
1739617070406 10.881838069493371 257
1739617070420 13.119591658098393 258
1739617070436 12.967709076087676 259
1739617070450 16.192905049107978 260
1739617070465 9.289928037052237 261
1739617070480 10.480562885323904 262
1739617070496 13.156467717442638 263
1739617070511 12.152195240138376 264
1739617070527 13.560618389591937 265
1739617070542 12.072450418746332 266
1739617070557 9.14783564930945 267
1739617070571 8.515309083486633 268
1739617070586 10.57149285539477 269
1739617070601 13.930145206306777 270
1739617070616 10.644169586097018 271
1739617070631 14.163528815023067 272
1739617070645 12.779062224984285 273
1739617070671 8.491292415687013 274
1739617070686 9.534700766751719 275
1739617070702 16.16389181947268 276
1739617070717 14.524628038363566 277
1739617070733 14.741901401648438 278
1739617070748 13.056217405242268 279
1739617070764 13.148266045473582 280
1739617070781 11.226198910274888 281
1739617070797 12.193794700644219 282
1739617070812 14.886940474288595 283
1739617070827 13.577694841618747 284
1739617070842 12.565291147523618 285
1739617070857 10.981871954351034 286
1739617070871 14.110771535015123 287
1739617070886 16.04367965927509 288
1739617070901 14.451247530047638 289
1739617070917 15.24823147926045 290
1739617070940 11.702238065677564 291
1739617070959 10.746564075456533 292
1739617070975 12.977684391958533 293
1739617070994 11.263912025559284 294
1739617071011 10.483592390061233 295
1739617071030 9.109794808823146 296
1739617071048 8.189575276699365 297
1739617071066 9.9493997972198 298
1739617071083 11.049857296415714 299
1739617071099 13.578922821332286 300
1739617071115 15.93651335970181 301
1739617071130 12.603350240479118 302
1739617071146 14.153297153788117 303
1739617071162 9.637612915643917 304
1739617071177 13.60028970622285 305
1739617071193 15.180898466931444 306
1739617071208 14.143092357233185 307
1739617071224 11.693918560824297 308
1739617071239 11.81957057546784 309
1739617071256 15.488850360292215 310
1739617071273 17.35650642519472 311
1739617071289 9.757232406444286 312
1739617071305 12.080016786163979 313
1739617071321 14.746913429250581 314
1739617071338 12.941987596091389 315
1739617071353 7.229337141735146 316
1739617071370 15.959964447481669 317
1739617071386 13.751274866371812 318
1739617071401 15.047042053291353 319
1739617071416 12.049816863026717 320
1739617071433 13.800001638060161 321
1739617071450 11.96846376638024 322
1739617071465 14.499255738498524 323
1739617071482 9.338397667316963 324
1739617071498 13.333288169756967 325
1739617071515 12.12744125324503 326
1739617071530 10.6160290351637 327
1739617071546 13.220618916373766 328
1739617071561 11.597852344871697 329
1739617071577 15.993968947269442 330
1739617071593 10.847133835862108 331
1739617071609 14.299880726930336 332
1739617071626 11.68871814240229 333
1739617071642 11.754931576302795 334
1739617071658 13.147392695770263 335
1739617071674 10.23016307647033 336
1739617071690 11.409782013152526 337
1739617071707 14.8577112059058 338
1739617071724 9.43800317074778 339
1739617071740 14.99693294226572 340
1739617071757 14.660922220669274 341
1739617071773 11.857304001799598 342
1739617071788 13.163869901133998 343
1739617071806 10.951504259221347 344
1739617071821 13.27516221008349 345
1739617071837 11.94983456194345 346
1739617071865 10.407853386379399 347
1739617071883 13.76657299730439 348
1739617071902 12.56347138572878 349
1739617071920 8.457549858167045 350
1739617071950 8.52645985673505 351
1739617072004 13.266904629807932 352
1739617072022 13.816290150248738 353
1739617072042 11.251605199204446 354
1739617072062 12.942351198220395 355
1739617072079 11.534262802588783 356
1739617072097 10.136185664816514 357
1739617072114 12.35352850874259 358
1739617072131 13.635671507213525 359
1739617072148 12.722139821147397 360
1739617072166 14.031844198198474 361
1739617072184 18.20180854412544 362
1739617072202 15.00308399546014 363
1739617072219 13.163156644476064 364
1739617072236 11.15149327884484 365
1739617072253 9.925258389343265 366
1739617072273 10.415278923018263 367
1739617072293 14.799311736644906 368
1739617072311 15.650679629206456 369
1739617072330 15.824988438247445 370
1739617072349 11.521060109312064 371
1739617072369 15.411977657233786 372
1739617072389 11.392567707667226 373
1739617072409 7.979586303023059 374
1739617072428 10.932637316461582 375
1739617072448 14.368458767467978 376
1739617072465 11.310803627716792 377
1739617072483 10.142447382815236 378
1739617072500 12.957613466175038 379
1739617072518 11.443985767971506 380
1739617072534 14.13640669832494 381
1739617072550 10.797670916850592 382
1739617072566 12.57877844299245 383
1739617072582 13.523583683287471 384
1739617072597 7.902704091871398 385
1739617072613 14.626481747944712 386
1739617072629 10.510928076148659 387
1739617072645 8.979986943075675 388
1739617072661 9.5534263944206 389
1739617072677 12.658645547509042 390
1739617072693 11.894697532306129 391
1739617072710 12.175454644586479 392
1739617072727 12.019947922545029 393
1739617072743 10.711746834966645 394
1739617072760 13.64888527987507 395
1739617072779 13.856623621345374 396
1739617072797 9.511104629328882 397
1739617072815 14.590586981622119 398
1739617072834 12.568640784119433 399
1739617072853 13.409038390489869 400
1739617072872 14.72147935430093 401
1739617072892 10.349670174322323 402
1739617072911 12.99756951075267 403
1739617072930 10.093485395352827 404
1739617072950 9.374493252344323 405
1739617072968 17.58012576508886 406
1739617072986 14.221451964567267 407
1739617073001 12.70362207981914 408
1739617073016 10.621128949174365 409
1739617073032 11.094212363726514 410
1739617073047 15.094715037898458 411
1739617073063 10.320331446632231 412
1739617073079 14.255310621824822 413
1739617073094 13.164043564947947 414
1739617073110 12.436702066308204 415
1739617073125 12.571981739388914 416
1739617073141 11.011056259620009 417
1739617073158 15.224124883917943 418
1739617073173 18.20056116431308 419
1739617073188 5.9506050845366785 420
1739617073206 7.752103507298406 421
1739617073223 8.41821509583439 422
1739617073239 13.675232997789628 423
1739617073256 10.537791750911591 424
1739617073272 13.284989739891628 425
1739617073287 11.764105537155244 426
1739617073304 12.990900531159216 427
1739617073321 14.75646418916106 428
1739617073337 11.253758069732973 429
1739617073353 11.42672156687696 430
1739617073371 12.364346228868461 431
1739617073389 16.649677584213094 432
1739617073406 9.064714709292144 433
1739617073424 11.45250267202767 434
1739617073440 12.13285182526462 435
1739617073457 10.633414110047314 436
1739617073474 8.819685536388048 437
1739617073491 12.756689156223045 438
1739617073509 12.465345944320562 439
1739617073526 13.359525337060738 440
1739617073543 12.398564006325596 441
1739617073559 12.426732757658487 442
1739617073594 14.952341273708852 443
1739617073612 14.475657834022865 444
1739617073630 13.756875365992867 445
1739617073647 14.603021119667869 446
1739617073664 12.82628202319145 447
1739617073682 8.97549126568067 448
1739617073700 11.47435561723073 449
1739617073717 9.103080784016564 450
1739617073732 9.838546076318082 451
1739617073748 11.410744306530477 452
1739617073764 10.02607211891133 453
1739617073780 15.336311730718037 454
1739617073795 12.523014713374597 455
1739617073811 12.804917164313306 456
1739617073827 13.236354636310757 457
1739617073843 10.136890814466545 458
1739617073858 12.769013341575834 459
1739617073875 12.61375434932452 460
1739617073891 18.05587758764338 461
1739617073907 10.900851975877744 462
1739617073923 14.330279554459514 463
1739617073939 10.553128986184136 464
1739617073956 11.246237670246284 465
1739617073972 14.46121614507984 466
1739617073990 9.517163744969336 467
1739617074006 9.145327213494772 468
1739617074023 13.387470076963604 469
1739617074039 13.550283484815997 470
1739617074055 13.30804441334272 471
1739617074070 11.074207627767 472
1739617074087 15.946617828084882 473
1739617074103 11.381260738250996 474
1739617074123 7.556486159935682 475
1739617074141 10.238881065513146 476
1739617074158 16.580942705515064 477
1739617074176 13.762600827004315 478
1739617074193 11.718337478154721 479
1739617074210 17.208118623194526 480
1739617074227 11.212181610988434 481
1739617074246 9.55454809274502 482
1739617074264 11.138084759163826 483
1739617074281 10.279664940778463 484
1739617074298 9.633386424323364 485
1739617074315 12.150440093971467 486
1739617074332 14.316384468742609 487
1739617074349 10.51696323942088 488
1739617074365 8.237776331066838 489
1739617074383 9.909583941812054 490
1739617074399 16.14758734803437 491
1739617074417 18.276299769043625 492
1739617074440 18.37942490175379 493
1739617074459 9.035237653939733 494
1739617074478 14.793061339464897 495
1739617074495 11.279198944770041 496
1739617074513 13.70445722456878 497
1739617074529 12.962254123208854 498
1739617074545 9.693744861164964 499
