1739556957364 144.01338188492934 0
1739556957405 76.83452785942681 1
1739556957444 78.70253039162915 2
1739556957482 59.73054632204428 3
1739556957521 59.457102414028334 4
1739556957561 27.59809301082752 5
1739556957602 42.2464919009042 6
1739556957642 10.359059775559174 7
1739556957680 2.555986274771386 8
1739556957719 39.46082668070613 9
1739556957757 1.1187460865100285 10
1739556957795 0.0007611692906288037 11
1739556957833 1.2619777594177093 12
1739556957871 0.48653819872448123 13
1739556957910 6.961710581095895 14
1739556957948 0.21193159084637547 15
1739556957986 4.533280384902866 16
1739556958024 3.2896304326813293 17
1739556958063 14.86996940647381 18
1739556958101 1.9168123310413583 19
1739556958139 12.803293181675194 20
1739556958177 14.22539467036389 21
1739556958215 0.020159947636038605 22
1739556958253 0.040606635131409864 23
1739556958291 3.581741780640021 24
1739556958329 5.614216868877281 25
1739556958367 5.255852714712241 26
1739556958405 0.0020108204626524866 27
1739556958449 13.769508099427576 28
1739556958490 7.667160902339506 29
1739556958529 2.0820041863482874 30
1739556958596 0.0020413099697186776 31
1739556958646 0.741748771603397 32
1739556958691 0.22610280821913217 33
1739556958733 24.640835900975798 34
1739556958776 4.771536443302013 35
1739556958818 53.86384399512488 36
1739556958860 10.660594094395698 37
1739556958902 81.67654612004719 38
1739556958944 19.941071156744506 39
1739556958986 21.540108886529932 40
1739556959028 9.891717292629176 41
1739556959070 27.143356831741613 42
1739556959107 27.874753919950116 43
1739556959146 1.9663121099507315 44
1739556959183 11.951495945375628 45
1739556959222 10.291690982086392 46
1739556959260 9.075254776313551 47
1739556959298 15.472355682299357 48
1739556959336 29.996372328019017 49
1739556959375 30.496348339815626 50
1739556959413 12.201222324058127 51
1739556959451 17.654262575483557 52
1739556959490 10.06767027726733 53
1739556959528 1.692619934529439 54
1739556959566 8.173178376973238 55
1739556959604 15.838270147245792 56
1739556959642 35.66115776746638 57
1739556959680 14.68016803431474 58
1739556959718 0.0004000443095110442 59
1739556959757 68.27841998981152 60
1739556959794 0.11850439629256394 61
1739556959832 8.430242851963671 62
1739556959871 2.0865590852280547 63
1739556959909 34.20691335555271 64
1739556959947 6.635377477215411 65
1739556959986 0.2679477056460327 66
1739556960024 2.505022167706415 67
1739556960063 2.457158011703031 68
1739556960101 0.7118334454980301 69
1739556960139 8.206653159860775 70
1739556960177 9.717295733576337 71
1739556960215 7.357945947907662 72
1739556960253 17.369868295609198 73
1739556960291 1.7500599217086201 74
1739556960330 50.589278094487206 75
1739556960369 0.002432814629312112 76
1739556960407 0.009994137397555362 77
1739556960445 6.2827622891289545 78
1739556960484 20.915180945660314 79
1739556960521 7.832061952727119 80
1739556960562 20.29425622904777 81
1739556960601 0.2744519329786956 82
1739556960639 22.146459163761193 83
1739556960679 0.9234835363524893 84
1739556960717 33.59722381621272 85
1739556960755 3.858438802520999 86
1739556960794 3.2954973617519157 87
1739556960831 43.78669713033499 88
1739556960870 0.03205258123090741 89
1739556960908 32.726639320292186 90
1739556960946 0.9182724940085922 91
1739556960984 18.439006953002465 92
1739556961022 0.0017874465390317056 93
1739556961061 29.850266119217594 94
1739556961100 5.023867405641723 95
1739556961138 0.03550346913492301 96
1739556961176 0.8992141644929559 97
1739556961215 14.483969435202035 98
1739556961253 3.5566720121814335 99
1739556961292 5.527851611601031 100
1739556961330 10.265921753003022 101
1739556961369 11.653757202115358 102
1739556961407 8.02034366399989 103
1739556961445 29.607356364276217 104
1739556961484 9.56944818821987 105
1739556961522 1.754707097380354 106
1739556961561 6.3341949135352795 107
1739556961599 0.0013810229528001547 108
1739556961637 3.968162017818267 109
1739556961675 43.69997901441749 110
1739556961713 0.04847801558688097 111
1739556961751 17.263344658081174 112
1739556961790 1.7448236980803737 113
1739556961828 12.582318514559656 114
1739556961866 18.763524067316283 115
1739556961904 22.37722390703072 116
1739556961942 9.455449817301922 117
1739556961980 1.7954206052838528 118
1739556962019 6.147803791562743 119
1739556962057 36.77370543182757 120
1739556962095 12.538075663403863 121
1739556962133 0.67937284285259 122
1739556962171 7.460008810209346 123
1739556962209 0.020724105405146784 124
1739556962247 9.23307609170534 125
1739556962285 9.101209855926145 126
1739556962324 2.8890965789945433 127
1739556962362 108.9443278050555 128
1739556962399 0.6433024169195745 129
1739556962438 6.1092523451499 130
1739556962476 15.585130997395114 131
1739556962515 10.537203710086104 132
1739556962552 11.405232654368005 133
1739556962591 0.5419308798040914 134
1739556962629 9.140994086961886 135
1739556962667 4.4700538166879715 136
1739556962706 15.133257479900905 137
1739556962744 7.906013592505464 138
1739556962786 25.65835137595848 139
1739556962824 1.9975944863431583 140
1739556962862 4.310348702884745 141
1739556962901 33.34825872884059 142
1739556962939 1.0465722984540717 143
1739556962977 26.35573566704025 144
1739556963015 33.145216278090004 145
1739556963053 17.241153376311864 146
1739556963091 3.149268620726907 147
1739556963130 2.4740321953109854 148
1739556963168 16.57386470428371 149
1739556963206 6.8469425145354705 150
1739556963244 2.6297079036463513 151
1739556963282 0.021019311128563513 152
1739556963321 6.946499799806083 153
1739556963359 0.019764239580586745 154
1739556963397 1.5175391303355477 155
1739556963435 7.060922096342396 156
1739556963473 10.911608488312073 157
1739556963511 1.984742878700871 158
1739556963550 8.278347458248744 159
1739556963587 2.4047764640414857 160
1739556963625 8.856181203612996 161
1739556963663 32.43207411348776 162
1739556963701 9.640542402261824 163
1739556963740 36.388672833107954 164
1739556963778 3.1148917541636565 165
1739556963816 7.419169400714761 166
1739556963855 2.1025224048342803 167
1739556963892 20.46606865524856 168
1739556963931 1.2436863878191915 169
1739556963969 2.9643581409506994 170
1739556964007 8.943493169261256 171
1739556964045 11.111898701603431 172
1739556964083 12.215989033559083 173
1739556964122 2.1222505833736167 174
1739556964160 1.664921409637905 175
1739556964198 1.8556879676831048 176
1739556964237 5.7230942947961605 177
1739556964274 14.293833078713131 178
1739556964312 2.3959058581128017 179
1739556964351 27.36552722546051 180
1739556964389 16.121585707927146 181
1739556964428 45.27645125541937 182
1739556964466 4.829273266376815 183
1739556964504 6.764370714977439 184
1739556964542 3.3832968730767705 185
1739556964581 0.00480221230597611 186
1739556964619 16.141472318053292 187
1739556964658 1.4389519751644273 188
1739556964696 5.107302674754349 189
1739556964734 28.356576614415008 190
1739556964772 3.8873508987721324 191
1739556964811 1.3185896651434708 192
1739556964849 1.7004698239343379 193
1739556964888 3.723472966234482 194
1739556964927 0.3686682672138464 195
1739556964970 3.3149413182323837 196
1739556965008 7.967132644391384 197
1739556965046 34.990774995584324 198
1739556965085 31.867882973001688 199
1739556965123 42.92318162921244 200
1739556965161 0.2240984078488104 201
1739556965199 21.63106900772011 202
1739556965237 5.701641446505157 203
1739556965275 15.119034268046226 204
1739556965313 7.537331339679253 205
1739556965352 5.793777019634268 206
1739556965390 6.407539490604104 207
1739556965428 35.3103409167271 208
1739556965467 12.405218328599876 209
1739556965505 4.218308849431809e-06 210
1739556965543 0.028411898102450116 211
1739556965581 32.79200275243538 212
1739556965619 29.8273695364178 213
1739556965658 23.67199432799609 214
1739556965697 0.08677092735886359 215
1739556965735 6.808803845688388 216
1739556965773 16.509654911743414 217
1739556965811 0.3586470392320343 218
1739556965849 3.6474757560339084 219
1739556965888 18.84432240989756 220
1739556965926 4.514543197081479 221
1739556965964 6.633230288867103 222
1739556966002 24.912430446646077 223
1739556966040 16.585655233958505 224
1739556966079 28.05295913755919 225
1739556966117 5.880930039855051 226
1739556966155 50.173460252100156 227
1739556966193 5.391274537539751 228
1739556966231 10.039357448221509 229
1739556966270 66.15485199061997 230
1739556966308 48.601534431019736 231
1739556966346 37.40175810315304 232
1739556966384 16.34759986297338 233
1739556966423 0.972133494366903 234
1739556966461 25.14315237566577 235
1739556966499 2.9406651534216945 236
1739556966538 7.8942826271892725 237
1739556966576 23.260679546523654 238
1739556966614 0.705375979795364 239
1739556966652 0.0023103084777520476 240
1739556966691 0.7329957314449801 241
1739556966729 1.692499979276395 242
1739556966767 54.956194632117956 243
1739556966806 4.292894690995249 244
1739556966843 0.8930570416481293 245
1739556966881 0.35457025778307233 246
1739556966921 10.849516188669979 247
1739556966959 2.0228195588428663 248
1739556966998 0.8208562550974392 249
1739556967036 34.852308494248575 250
1739556967074 0.4141312577487105 251
1739556967113 0.04388491099378312 252
1739556967150 1.5937058682669198 253
1739556967189 0.5078291287520678 254
1739556967227 30.615474991599044 255
1739556967265 29.087366400993396 256
1739556967304 4.486773002891648 257
1739556967342 0.9866373206612684 258
1739556967380 0.1452871635805794 259
1739556967419 14.23599882907142 260
1739556967457 12.938353158437875 261
1739556967502 6.862150449756398 262
1739556967541 47.699116088148 263
1739556967578 13.595039201048484 264
1739556967617 1.5906919122927663 265
1739556967655 6.49398955191151 266
1739556967693 0.43188577506762776 267
1739556967731 1.534313966179274 268
1739556967768 17.759354406674753 269
1739556967807 8.665633558195074 270
1739556967845 3.137154951052547 271
1739556967883 0.008438705943882465 272
1739556967922 10.316919621255963 273
1739556967960 1.0902053967837908 274
1739556967998 2.1411714971504887 275
1739556968036 1.658641015553698 276
1739556968074 92.85380563306377 277
1739556968112 17.363983609752765 278
1739556968151 15.930180164135479 279
1739556968188 0.07056043321969704 280
1739556968226 16.048037211628376 281
1739556968264 6.493162909983369 282
1739556968303 14.216987777950612 283
1739556968341 0.08350493728418616 284
1739556968379 7.129902831210995 285
1739556968418 1.5355903426712 286
1739556968457 11.773088288038558 287
1739556968495 33.46548364411004 288
1739556968533 57.19559110033485 289
1739556968571 79.84156956188424 290
1739556968609 48.94274794011617 291
1739556968647 20.600357243650638 292
1739556968685 6.611505701423279 293
1739556968723 0.006503245993340074 294
1739556968761 35.219260110993105 295
1739556968799 1.187153587019701 296
1739556968837 0.2958632329261947 297
1739556968875 5.532741518682902 298
1739556968913 14.951610265495889 299
1739556968951 11.188418817980372 300
1739556968989 2.4772030823207176 301
1739556969027 14.571219888825594 302
1739556969067 12.56379764744944 303
1739556969105 45.72574743281502 304
1739556969144 11.555594320579567 305
1739556969183 52.61048927928545 306
1739556969221 14.865286785320212 307
1739556969259 8.189771394501848 308
1739556969297 45.11886961200713 309
1739556969336 9.523389578669272 310
1739556969374 10.201070319287371 311
1739556969412 31.86829456677621 312
1739556969450 47.24286241173205 313
1739556969489 0.6763422605374979 314
1739556969527 5.365045460120573 315
1739556969565 11.217086647055833 316
1739556969603 0.3321807621157093 317
1739556969642 1.0805778972571707 318
1739556969680 9.152118954862049 319
1739556969717 6.994919329923831 320
1739556969755 0.0004498011681799015 321
1739556969794 2.6035566964785426 322
1739556969831 2.3689095184082603 323
1739556969870 29.31938470546029 324
1739556969908 2.690566850873689 325
1739556969947 8.02510586093141 326
1739556969985 62.79075940290541 327
1739556970023 14.409342230759506 328
1739556970061 10.390803457630549 329
1739556970099 43.03765535300499 330
1739556970137 42.1467554207774 331
1739556970175 15.774385172579935 332
1739556970213 22.94724047959547 333
1739556970251 12.893752982021581 334
1739556970289 1.258875210535121 335
1739556970327 17.522539770495744 336
1739556970366 0.6205659438382672 337
1739556970404 1.61299543174149 338
1739556970442 0.5679503813948644 339
1739556970480 5.403583859627722 340
1739556970518 13.806140202496108 341
1739556970556 4.066267174556455 342
1739556970594 7.3713121964750705 343
1739556970633 6.108771553359258 344
1739556970672 1.410005607045794 345
1739556970710 1.857666794217115 346
1739556970748 12.986134927797476 347
1739556970786 0.021417463574232177 348
1739556970825 2.2110898467411926 349
1739556970863 3.4702671069673605 350
1739556970901 7.239845870625563 351
1739556970939 2.7409517127973984 352
1739556970977 14.512646655963794 353
1739556971015 3.1633380407420297 354
1739556971054 0.019826560176113082 355
1739556971092 0.1423827433419948 356
1739556971130 7.130429963846784 357
1739556971169 11.005285523429098 358
1739556971208 13.023967387289037 359
1739556971246 16.879792031742674 360
1739556971285 1.1564019802794114 361
1739556971323 6.650868213023781 362
1739556971362 4.530936768447944 363
1739556971400 5.950266815206433 364
1739556971438 6.2377071998953975 365
1739556971477 9.599442987377047 366
1739556971515 9.691970239036257 367
1739556971553 20.33872834655131 368
1739556971592 2.717838871133533 369
1739556971630 0.643131519871643 370
1739556971668 5.942214834732713 371
1739556971707 3.259314943315929 372
1739556971745 27.26408900710494 373
1739556971783 1.0255627724293732 374
1739556971821 1.1567519960950552 375
1739556971859 0.00011347947550916426 376
1739556971898 1.392315958674193 377
1739556971936 4.741583430464283 378
1739556971975 35.255725378500124 379
1739556972013 3.448103312832481 380
1739556972051 1.5287498131238308 381
1739556972089 14.108231008534693 382
1739556972127 43.95384699208306 383
1739556972166 0.05159494138117024 384
1739556972205 5.707997733542319 385
1739556972243 11.794925295180025 386
1739556972282 10.672536270638535 387
1739556972320 0.6965667427405973 388
1739556972358 2.8280581147552493 389
1739556972397 8.179641408278366 390
1739556972435 25.735326327026186 391
1739556972473 4.42678118359645 392
1739556972511 13.027685939120012 393
1739556972549 13.318918571952427 394
1739556972588 23.237164171948738 395
1739556972627 11.963394089132452 396
1739556972665 45.33706254143607 397
1739556972703 2.483049042335339 398
1739556972741 7.8102078283621434 399
1739556972779 0.7561393883704413 400
1739556972817 2.280469852085265 401
1739556972855 14.428671570643695 402
1739556972894 0.5714939893860038 403
1739556972932 9.991061663470749 404
1739556972970 0.8845219040446675 405
1739556973008 12.727163283153017 406
1739556973046 8.743174754559888 407
1739556973084 0.051821134761356635 408
1739556973122 0.05135486648493759 409
1739556973160 3.6473952578857523 410
1739556973198 19.16095223605698 411
1739556973237 7.680840525237356 412
1739556973275 9.827389135170066 413
1739556973314 5.822450254361797 414
1739556973352 20.734164013829695 415
1739556973391 5.185747979766677 416
1739556973429 11.055981204340279 417
1739556973467 26.043301049968516 418
1739556973505 2.364474397950404 419
1739556973543 13.43639085852478 420
1739556973580 20.930361743627756 421
1739556973618 23.02908548201687 422
1739556973657 0.6521447562977589 423
1739556973694 12.239721391270272 424
1739556973733 0.11222442397255579 425
1739556973770 50.12463365333131 426
1739556973808 40.39928256292178 427
1739556973846 2.5861440290821784 428
1739556973884 9.856477683953312 429
1739556973922 13.573872910011927 430
1739556973960 1.6367836409221723 431
1739556973998 7.55878822536432 432
1739556974036 13.290787896640616 433
1739556974074 1.5810287831970833 434
1739556974112 0.08555672428868458 435
1739556974151 0.048627539527319734 436
1739556974189 0.22697196864813404 437
1739556974228 13.473301190829524 438
1739556974266 1.6364947752150798 439
1739556974303 6.179321017438404 440
1739556974342 25.126214445754318 441
1739556974380 1.0690964004730765 442
1739556974418 1.8178186595943253 443
1739556974456 0.7554504111505508 444
1739556974493 13.927909149058328 445
1739556974531 34.70666735831372 446
1739556974570 0.39020506327702253 447
1739556974607 0.06794321152088614 448
1739556974646 10.171212281138011 449
1739556974685 21.2436015959531 450
1739556974723 2.488835651845425 451
1739556974761 11.657404913316698 452
1739556974798 2.8825031701329134 453
1739556974836 2.583994224154729 454
1739556974874 0.131706330257095 455
1739556974911 20.507810033358943 456
1739556974950 2.980061174476115 457
1739556974988 27.325785474466816 458
1739556975025 4.232984188309257 459
1739556975063 33.252024326375235 460
1739556975101 41.11580335495858 461
1739556975139 36.84737881084976 462
1739556975177 9.767715014084088 463
1739556975215 3.297763437751547 464
1739556975252 25.10333519020643 465
1739556975290 3.9468885461210133 466
1739556975328 0.001658629230137454 467
1739556975366 67.5145265047045 468
1739556975403 7.119639997998401 469
1739556975442 0.11666753080016957 470
1739556975480 25.173492704932205 471
1739556975518 30.444086289926712 472
1739556975557 7.463045209530867 473
1739556975595 44.2405301176035 474
1739556975633 14.535916775394197 475
1739556975672 19.881306166735 476
1739556975710 0.020475286407414625 477
1739556975748 18.16635816147601 478
1739556975786 2.777993887867192 479
1739556975824 9.798529178313347 480
1739556975862 13.320397326887841 481
1739556975901 0.17364306211886277 482
1739556975939 0.7331262938824037 483
1739556975977 0.2745634029813535 484
1739556976015 0.0417789338242513 485
1739556976054 15.748147662331371 486
1739556976092 0.0021046725563987068 487
1739556976130 1.6941372804259056 488
1739556976168 5.52394215008216 489
1739556976206 4.8863941075007356 490
1739556976244 0.004509829190700378 491
1739556976283 13.976735899069554 492
1739556976321 1.4815814337946382 493
1739556976359 4.518430881790736 494
1739556976397 0.007460927669159862 495
1739556976435 4.446066945797541 496
1739556976474 2.2030281569345593 497
1739556976511 7.682483635978145 498
1739556976550 5.658780836605201 499
