1739614263344 169.6210407770955 0
1739614263360 166.26008979308347 1
1739614263400 163.0072954115236 2
1739614263412 159.8189244824537 3
1739614263423 156.69369708978613 4
1739614263433 153.630358785948 5
1739614263443 150.62768008469098 6
1739614263454 147.6844559640051 7
1739614263465 144.7995053789363 8
1739614263476 141.97167078410888 9
1739614263486 139.19981766576117 10
1739614263497 136.4828340831035 11
1739614263507 133.81963021881327 12
1739614263519 131.20913793848518 13
1739614263529 128.65031035885784 14
1739614263540 126.14212142464204 15
1739614263550 123.68356549377955 16
1739614263560 121.27365693096374 17
1739614263570 118.9114297092583 18
1739614263581 116.59593701965188 19
1739614263592 114.32625088839123 20
1739614263602 112.10146180193719 21
1739614263613 109.92067833939224 22
1739614263623 107.78302681225026 23
1739614263634 105.68765091132278 24
1739614263644 103.63371136069892 25
1739614263655 101.62038557859849 26
1739614263666 99.64686734498116 27
1739614263676 97.7123664757771 28
1739614263686 95.81610850360693 29
1739614263697 93.95733436486188 30
1739614263707 92.13530009301738 31
1739614263717 90.34927651805585 32
1739614263728 88.59854897187704 33
1739614263739 86.88241699957644 34
1739614263749 85.20019407647501 35
1739614263760 83.55120733078564 36
1739614263772 81.93479727180379 37
1739614263783 80.3503175235127 38
1739614263794 78.79713456349471 39
1739614263805 77.27462746704342 40
1739614263816 75.78218765637287 41
1739614263827 74.3192186548223 42
1739614263838 72.88513584595655 43
1739614263849 71.47936623746547 44
1739614263860 70.10134822976542 45
1739614263872 68.75053138921045 46
1739614263882 67.42637622582048 47
1739614263903 66.1283539754368 48
1739614263914 64.85594638621656 49
1739614263925 63.60864550938009 50
1739614263936 62.38595349412577 51
1739614263946 61.187382386630055 52
1739614263957 60.01245393305062 53
1739614263968 58.86069938645356 54
1739614263979 57.73165931758572 55
1739614263989 56.624883429416215 56
1739614264000 55.53993037537157 57
1739614264011 54.47636758119114 58
1739614264022 53.43377107033061 59
1739614264033 52.41172529284284 60
1739614264044 51.409822957666826 61
1739614264055 50.427664868256905 62
1739614264065 49.46485976148557 63
1739614264076 48.521024149754744 64
1739614264086 47.59578216625154 65
1739614264097 46.688765413285914 66
1739614264107 45.799612813648785 67
1739614264117 44.927970464930354 68
1739614264128 44.073491496739905 69
1739614264140 43.235835930768864 70
1739614264153 42.41467054364099 71
1739614264163 41.60966873249369 72
1739614264174 40.820510383236325 73
1739614264184 40.046881741432074 74
1739614264194 39.28847528575124 75
1739614264204 38.54498960394447 76
1739614264215 37.81612927128594 77
1739614264225 37.101604731437234 78
1739614264235 36.4011321796837 79
1739614264246 35.714433448495896 80
1739614264257 35.041235895370015 81
1739614264267 34.38127229290171 82
1739614264277 33.73428072104889 83
1739614264288 33.10000446153997 84
1739614264298 32.47819189438461 85
1739614264308 31.868596396445312 86
1739614264319 31.270976242028613 87
1739614264330 30.685094505455837 88
1739614264340 30.110718965573717 89
1739614264350 29.54762201216653 90
1739614264361 28.995580554231623 91
1739614264373 28.454375930081373 92
1739614264384 27.923793819235097 93
1739614264394 27.403624156065344 94
1739614264404 26.893661045163434 95
1739614264414 26.393702678390344 96
1739614264424 25.903551253578915 97
1739614264434 25.42301289485495 98
1739614264445 24.951897574544528 99
1739614264456 24.49001903663629 100
1739614264466 24.037194721767463 101
1739614264476 23.59324569370344 102
1739614264486 23.15799656728105 103
1739614264497 22.73127543778648 104
1739614264508 22.312913811739058 105
1739614264518 21.902746539053265 106
1739614264529 21.500611746551048 107
1739614264540 21.106350772797935 108
1739614264550 20.719808104236396 109
1739614264562 20.34083131259062 110
1739614264573 19.969270993517448 111
1739614264583 19.60498070647854 112
1739614264594 19.247816915809576 113
1739614264604 18.897638932962508 114
1739614264615 18.554308859897667 115
1739614264626 18.21769153360261 116
1739614264636 17.88765447171548 117
1739614264647 17.564067819230697 118
1739614264658 17.24680429626558 119
1739614264668 16.93573914686662 120
1739614264679 16.630750088834827 121
1739614264690 16.331717264549763 122
1739614264700 16.038523192772395 123
1739614264711 15.7510527214073 124
1739614264722 15.46919298120509 125
1739614264733 15.192833340386318 126
1739614264744 14.921865360168548 127
1739614264755 14.656182751178545 128
1739614264765 14.395681330732053 129
1739614264777 14.140258980963749 130
1739614264787 13.88981560779057 131
1739614264797 13.644253100691706 132
1739614264807 13.40347529328909 133
1739614264817 13.167387924712376 134
1739614264828 12.935898601732788 135
1739614264839 12.708916761650592 136
1739614264858 12.486353635921049 137
1739614264870 12.26812221450432 138
1739614264881 12.054137210924733 139
1739614264892 11.844315028025395 140
1739614264904 11.63857372440428 141
1739614264914 11.436832981518197 142
1739614264925 11.239014071441314 143
1739614264936 11.045039825265295 144
1739614264947 10.854834602128223 145
1739614264958 10.668324258859686 146
1739614264967 10.485436120229988 147
1739614264978 10.306098949791187 148
1739614264988 10.13024292129838 149
1739614264999 9.957799590699604 150
1739614265009 9.788701868683006 151
1739614265023 9.622883993770207 152
1739614265036 9.460281505945007 153
1739614265047 9.30083122080673 154
1739614265058 9.144471204237801 155
1739614265068 8.99114074757529 156
1739614265079 8.84078034327639 157
1739614265089 8.693331661067988 158
1739614265103 8.548737524570727 159
1739614265114 8.406941888388063 160
1739614265124 8.26788981565108 161
1739614265134 8.13152745601001 162
1739614265144 7.997802024063504 163
1739614265156 7.866661778217002 164
1739614265167 7.738055999961627 165
1739614265178 7.611934973565225 166
1739614265188 7.488249966167366 167
1739614265198 7.36695320827024 168
1739614265208 7.247997874617584 169
1739614265218 7.131338065453906 170
1739614265228 7.016928788156441 171
1739614265238 6.904725939232413 172
1739614265248 6.794686286674312 173
1739614265258 6.686767452666096 174
1739614265269 6.580927896633311 175
1739614265279 6.477126898630276 176
1739614265290 6.375324543057626 177
1739614265300 6.275481702703659 178
1739614265310 6.177560023102997 179
1739614265320 6.081521907206286 180
1739614265331 5.987330500354732 181
1739614265341 5.894949675553367 182
1739614265351 5.804344019037161 183
1739614265363 5.715478816124104 184
1739614265375 5.628320037349572 185
1739614265385 5.542834324876356 186
1739614265396 5.458988979174878 187
1739614265406 5.376751945968215 188
1739614265416 5.296091803436666 189
1739614265427 5.216977749676686 190
1739614265438 5.13937959040911 191
1739614265449 5.0632677269317625 192
1739614265460 4.988613144311501 193
1739614265469 4.915387399811014 194
1739614265480 4.843562611545626 195
1739614265492 4.773111447365602 196
1739614265501 4.704007113959409 197
1739614265512 4.636223346173553 198
1739614265522 4.56973439654469 199
1739614265532 4.504515025039782 200
1739614265543 4.440540489000153 201
1739614265553 4.3777865332854 202
1739614265564 4.316229380613158 203
1739614265576 4.255845722090827 204
1739614265586 4.196612707935479 205
1739614265598 4.138507938378141 206
1739614265608 4.081509454748824 207
1739614265619 4.025595730738691 208
1739614265630 3.9707456638358463 209
1739614265641 3.916938566931254 210
1739614265651 3.8641541600914695 211
1739614265661 3.8123725624947986 212
1739614265673 3.761574284527651 213
1739614265684 3.711740220037949 214
1739614265694 3.6628516387423695 215
1739614265706 3.61489017878445 216
1739614265716 3.56783783944053 217
1739614265727 3.521676973970536 218
1739614265737 3.476390282610805 219
1739614265748 3.4319608057060695 220
1739614265760 3.3883719169778574 221
1739614265770 3.34560731692657 222
1739614265780 3.30365102636463 223
1739614265798 3.2624873800780105 224
1739614265811 3.2221010206136724 225
1739614265823 3.1824768921903455 226
1739614265833 3.143600234730251 227
1739614265844 3.1054565780092998 228
1739614265855 3.068031735923462 229
1739614265865 3.0313118008689863 230
1739614265875 2.995283138234161 231
1739614265886 2.9599323810004687 232
1739614265899 2.925246424450894 233
1739614265909 2.8912124209833046 234
1739614265919 2.8578177750267653 235
1739614265930 2.8250501380587894 236
1739614265940 2.792897403721478 237
1739614265949 2.761347703034609 238
1739614265959 2.7303893997037165 239
1739614265969 2.7000110855213166 240
1739614265980 2.6702015758593745 241
1739614265990 2.6409499052512406 242
1739614266001 2.6122453230612668 243
1739614266012 2.584077289240324 244
1739614266024 2.5564354701655785 245
1739614266034 2.5293097345627813 246
1739614266045 2.502690149509487 247
1739614266055 2.4765669765175526 248
1739614266066 2.4509306676933655 249
1739614266076 2.4257718619742463 250
1739614266086 2.401081381439496 251
1739614266097 2.376850227694634 252
1739614266106 2.35306957832736 253
1739614266117 2.329730783433789 254
1739614266127 2.3068253622135995 255
1739614266138 2.2843449996327014 256
1739614266148 2.262281543152092 257
1739614266163 2.240626999521582 258
1739614266173 2.2193735316370917 259
1739614266183 2.198513455460268 260
1739614266193 2.1780392369991786 261
1739614266204 2.157943489348865 262
1739614266215 2.138218969790577 263
1739614266226 2.118858576948488 264
1739614266236 2.099855348002807 265
1739614266246 2.081202455958111 266
1739614266256 2.0628932069658266 267
1739614266266 2.044921037699778 268
1739614266277 2.0272795127837577 269
1739614266287 2.009962322270066 270
1739614266297 1.992963279168028 271
1739614266307 1.9762763170214754 272
1739614266318 1.959895487534232 273
1739614266328 1.9438149582426483 274
1739614266338 1.928029010234244 275
1739614266348 1.9125320359115487 276
1739614266359 1.897318536800243 277
1739614266368 1.882383121400708 278
1739614266380 1.8677205030821442 279
1739614266391 1.8533254980183813 280
1739614266401 1.839193023164584 281
1739614266412 1.8253180942740133 282
1739614266422 1.8116958239540824 283
1739614266432 1.7983214197608728 284
1739614266443 1.7851901823314005 285
1739614266453 1.772297503552865 286
1739614266463 1.7596388647681183 287
1739614266473 1.747209835016678 288
1739614266484 1.73500606931055 289
1739614266494 1.7230233069441792 290
1739614266505 1.711257369837851 291
1739614266516 1.6997041609138808 292
1739614266526 1.6883596625049202 293
1739614266536 1.677219934793778 294
1739614266547 1.6662811142841067 295
1739614266558 1.6555394123013332 296
1739614266568 1.6449911135232653 297
1739614266579 1.6346325745397474 298
1739614266589 1.6244602224408202 299
1739614266599 1.6144705534327928 300
1739614266610 1.6046601314816935 301
1739614266620 1.5950255869835495 302
1739614266631 1.5855636154609474 303
1739614266642 1.5762709762853808 304
1739614266652 1.5671444914248505 305
1739614266662 1.5581810442162245 306
1739614266673 1.5493775781618675 307
1739614266683 1.540731095750054 308
1739614266694 1.5322386572986983 309
1739614266705 1.5238973798219368 310
1739614266715 1.5157044359191003 311
1739614266725 1.507657052685647 312
1739614266735 1.499752510645617 313
1739614266756 1.4919881427051622 314
1739614266766 1.484361333126764 315
1739614266777 1.476869516523704 316
1739614266788 1.4695101768744014 317
1739614266798 1.4622808465562074 318
1739614266808 1.455179105398287 319
1739614266818 1.4482025797532005 320
1739614266829 1.4413489415868155 321
1739614266839 1.434615907586181 322
1739614266849 1.4280012382850222 323
1739614266860 1.421502737206481 324
1739614266870 1.4151182500227921 325
1739614266881 1.4088456637315314 326
1739614266891 1.4026829058481212 327
1739614266902 1.396627943614275 328
1739614266912 1.3906787832220382 329
1739614266922 1.3848334690531607 330
1739614266932 1.3790900829334565 331
1739614266942 1.373446743401873 332
1739614266952 1.3679016049939747 333
1739614266962 1.362452857539556 334
1739614266972 1.3570987254740998 335
1739614266982 1.3518374671638123 336
1739614266993 1.3466673742439632 337
1739614267003 1.34158677097026 338
1739614267014 1.3365940135830148 339
1739614267025 1.3316874896838364 340
1739614267035 1.3268656176246003 341
1739614267045 1.32212684590846 342
1739614267055 1.3174696526026566 343
1739614267065 1.3128925447628914 344
1739614267076 1.3083940578690416 345
1739614267086 1.303972755271979 346
1739614267096 1.299627227651285 347
1739614267107 1.295356092483641 348
1739614267117 1.2911579935216817 349
1739614267127 1.2870316002831115 350
1739614267137 1.2829756075498655 351
1739614267148 1.278988734877129 352
1739614267160 1.2750697261120205 353
1739614267170 1.2712173489217433 354
1739614267181 1.2674303943310083 355
1739614267191 1.2637076762685668 356
1739614267201 1.2600480311226516 357
1739614267212 1.2564503173051658 358
1739614267222 1.252913414824431 359
1739614267232 1.24943622486634 360
1739614267242 1.246017669383741 361
1739614267253 1.2426566906938863 362
1739614267264 1.2393522510837969 363
1739614267274 1.236103332423375 364
1739614267284 1.2329089357861132 365
1739614267295 1.2297680810772655 366
1739614267306 1.2266798066693034 367
1739614267316 1.2236431690445404 368
1739614267326 1.2206572424447717 369
1739614267336 1.217721118527783 370
1739614267347 1.2148339060306084 371
1739614267358 1.2119947304393968 372
1739614267368 1.209202733665745 373
1739614267379 1.2064570737293916 374
1739614267389 1.203756924447126 375
1739614267399 1.2011014751278042 376
1739614267409 1.1984899302733383 377
1739614267419 1.1959215092855524 378
1739614267429 1.1933954461787826 379
1739614267440 1.1909109892981085 380
1739614267450 1.1884674010431047 381
1739614267460 1.186063957597011 382
1739614267470 1.1836999486611965 383
1739614267483 1.1813746771948324 384
1739614267495 1.1790874591596598 385
1739614267507 1.1768376232697544 386
1739614267517 1.1746245107461846 387
1739614267529 1.1724474750764817 388
1739614267539 1.1703058817788066 389
1739614267550 1.1681991081707315 390
1739614267560 1.1661265431425505 391
1739614267570 1.164087586935016 392
1739614267581 1.1620816509214267 393
1739614267592 1.1601081573939693 394
1739614267602 1.1581665393542409 395
1739614267613 1.1562562403078676 396
1739614267623 1.1543767140631247 397
1739614267634 1.1525274245335035 398
1739614267645 1.150707845544125 399
1739614267656 1.1489174606419381 400
1739614267666 1.147155762909621 401
1739614267677 1.145422254783115 402
1739614267695 1.1437164478727215 403
1739614267709 1.1420378627876837 404
1739614267721 1.1403860289641985 405
1739614267731 1.1387604844967754 406
1739614267743 1.1371607759728832 407
1739614267753 1.1355864583108266 408
1739614267763 1.134037094600777 409
1739614267773 1.1325122559489025 410
1739614267783 1.1310115213245338 411
1739614267794 1.129534477410308 412
1739614267803 1.1280807184552277 413
1739614267814 1.126573339203343 414
1739614267825 1.1251655911337601 415
1739614267835 1.1237038897235136 416
1739614267846 1.1223405864297276 417
1739614267855 1.1209986269572636 418
1739614267865 1.1196022502360286 419
1739614267876 1.1183025027638562 420
1739614267886 1.116948052070773 421
1739614267897 1.1156890881977397 422
1739614267908 1.1143751525083174 423
1739614267918 1.1131555954749341 424
1739614267928 1.1119549470895884 425
1739614267938 1.1106989538013987 426
1739614267948 1.1095357496208127 427
1739614267959 1.1083169718060684 428
1739614267969 1.1071899554774625 429
1739614267980 1.106080292130475 430
1739614267990 1.1049147381808089 431
1739614268000 1.1038394718329743 432
1739614268012 1.1027081215019878 433
1739614268023 1.101666105234862 434
1739614268034 1.1006400224134327 435
1739614268043 1.0995575883567585 436
1739614268054 1.0985631208921378 437
1739614268064 1.0975121401156742 438
1739614268074 1.096548240574713 439
1739614268084 1.0955989786684932 440
1739614268095 1.0945929801767038 441
1739614268105 1.093672793405863 442
1739614268116 1.0926957356497777 443
1739614268126 1.0918036670440963 444
1739614268137 1.090854603231707 445
1739614268147 1.089989729794912 446
1739614268161 1.0891378648674852 447
1739614268171 1.0882288345672415 448
1739614268181 1.0874028495558477 449
1739614268191 1.0865195981717675 450
1739614268201 1.0857186492924384 451
1739614268212 1.0849296662738421 452
1739614268222 1.0840832792425015 453
1739614268232 1.0833181301171013 454
1739614268243 1.0824954964193305 455
1739614268253 1.0817534094770076 456
1739614268264 1.0810223353023625 457
1739614268274 1.080233667503176 458
1739614268285 1.079524556102872 459
1739614268296 1.0787577884710033 460
1739614268306 1.0780699337319486 461
1739614268316 1.0773243667271744 462
1739614268327 1.0766570872048535 463
1739614268337 1.075999619921634 464
1739614268347 1.07528436555374 465
1739614268357 1.0746465028645793 466
1739614268368 1.0739508119608159 467
1739614268378 1.0733319299352222 468
1739614268389 1.0727220905920118 469
1739614268399 1.0720543689709452 470
1739614268410 1.071462621727293 471
1739614268420 1.0708129640829505 472
1739614268430 1.0702387373914237 473
1739614268441 1.069606576917533 474
1739614268451 1.0690493189512522 475
1739614268462 1.0685001329044665 476
1739614268473 1.067892983663165 477
1739614268483 1.067359980653115 478
1739614268493 1.066769001754162 479
1739614268503 1.0662516759294234 480
1739614268514 1.0657417990083937 481
1739614268524 1.0651739315840831 482
1739614268535 1.064679011757078 483
1739614268546 1.0641260979798812 484
1739614268556 1.0636456713020104 485
1739614268567 1.0631072505771366 486
1739614268577 1.0626408688988662 487
1739614268588 1.0621811489851887 488
1739614268598 1.0616634377896297 489
1739614268610 1.061217125113505 490
1739614268621 1.0607128285501135 491
1739614268631 1.0602795117835189 492
1739614268648 1.0598523509786026 493
1739614268661 1.0593672193414094 494
1739614268672 1.058952469221607 495
1739614268682 1.0584797620692132 496
1739614268693 1.0580770448976626 497
1739614268704 1.0576163867929136 498
1739614268714 1.0572253375106788 499
