1739554929561 168.72090282371335 0
1739554929570 168.7078790992665 1
1739554929578 168.69505718616355 2
1739554929588 168.68223611863957 3
1739554929596 168.6694163299534 4
1739554929605 168.6565973866789 5
1739554929613 168.64377972205625 6
1739554929622 168.63096290267794 7
1739554929630 168.61814736176552 8
1739554929637 168.60533266593015 9
1739554929645 168.59251924837486 10
1739554929653 168.57970667572923 11
1739554929661 168.5668953811779 12
1739554929669 168.55408493136892 13
1739554929676 168.54127575946836 14
1739554929684 168.52846743214306 15
1739554929693 168.51566038254035 16
1739554929702 168.5028541773456 17
1739554929711 168.49004924968776 18
1739554929719 168.47724516627076 19
1739554929726 168.46444236020483 20
1739554929734 168.451640614798 21
1739554929743 168.43883971338116 22
1739554929751 168.426040089037 23
1739554929761 168.41324130851575 24
1739554929771 168.40044380488155 25
1739554929779 168.3876471449032 26
1739554929789 168.37485176162627 27
1739554929798 168.36205722183817 28
1739554929806 168.34926395856584 29
1739554929814 168.3364715386153 30
1739554929823 168.32368039499505 31
1739554929831 168.31089009452955 32
1739554929839 168.29810107020876 33
1739554929846 168.28531288887586 34
1739554929854 168.27252598350216 35
1739554929862 168.25973992094936 36
1739554929871 168.24695513417035 37
1739554929878 168.23417140655184 38
1739554929886 168.2213885215038 39
1739554929894 168.2086069119515 40
1739554929903 168.19582614480277 41
1739554929911 168.18304665296432 42
1739554929919 168.17026800336268 43
1739554929927 168.15749062888594 44
1739554929936 168.14471409647922 45
1739554929944 168.13193883901198 46
1739554929952 168.11916442344804 47
1739554929960 168.10639128263836 48
1739554929968 168.09361898356514 49
1739554929977 168.08084795906086 50
1739554929986 168.0680777761264 51
1739554929998 168.0553088675756 52
1739554930006 168.042540800428 53
1739554930014 168.02977400747878 54
1739554930021 168.01700805576598 55
1739554930028 168.00424337806658 56
1739554930037 167.9914797578555 57
1739554930045 167.97871697863076 58
1739554930053 167.96595547314175 59
1739554930060 167.95319480847246 60
1739554930069 167.94043541735385 61
1739554930077 167.92767686688845 62
1739554930085 167.91491958978855 63
1739554930093 167.90216315317534 64
1739554930101 167.8894079897426 65
1739554930108 167.87665366663003 66
1739554930116 167.86390061651292 67
1739554930125 167.85114840654953 68
1739554930133 167.83839746939657 69
1739554930141 167.82564737223092 70
1739554930148 167.81289854769068 71
1739554930156 167.80015056297137 72
1739554930164 167.78740385069256 73
1739554930172 167.77465797806826 74
1739554930180 167.76191337769959 75
1739554930188 167.7491698331497 76
1739554930196 167.7364271280046 77
1739554930205 167.723685694838 78
1739554930213 167.7109451009098 79
1739554930221 167.69820577877536 80
1739554930229 167.68546729571312 81
1739554930237 167.67273008425965 82
1739554930245 167.65999371171225 83
1739554930254 167.64725861058884 84
1739554930262 167.63452434820522 85
1739554930270 167.62179135706089 86
1739554930278 167.60905920449014 87
1739554930287 167.596328322974 88
1739554930294 167.5835982798652 89
1739554930302 167.57086950762638 90
1739554930310 167.5581415736288 91
1739554930319 167.54541491031645 92
1739554930328 167.5326890850792 93
1739554930336 167.51996453034266 94
1739554930344 167.50724102975792 95
1739554930353 167.49451836699905 96
1739554930362 167.48179697446403 97
1739554930370 167.46907641958887 98
1739554930379 167.45635713475315 99
1739554930388 167.44363868741118 100
1739554930398 167.4309215099241 101
1739554930407 167.4182051697648 102
1739554930415 167.4054900992759 103
1739554930423 167.3927758659489 104
1739554930432 167.38006290210777 105
1739554930443 167.3673507752626 106
1739554930452 167.3546399177189 107
1739554930460 167.3419298970053 108
1739554930468 167.32922114540875 109
1739554930476 167.31651323047637 110
1739554930485 167.30380658447672 111
1739554930494 167.29110099113956 112
1739554930503 167.27839623421778 113
1739554930511 167.2656927459523 114
1739554930520 167.25299009393632 115
1739554930528 167.2402887103924 116
1739554930537 167.22758816293222 117
1739554930545 167.21488888375984 118
1739554930553 167.20219044050543 119
1739554930561 167.1894932653546 120
1739554930570 167.176796925956 121
1739554930577 167.16410185447685 122
1739554930586 167.15140761858422 123
1739554930594 167.1387146504268 124
1739554930602 167.1260225176903 125
1739554930610 167.11333165250485 126
1739554930619 167.10064162257467 127
1739554930627 167.08795286001143 128
1739554930636 167.0752649325379 129
1739554930644 167.06257827224724 130
1739554930653 167.04989266295715 131
1739554930661 167.03720788850822 132
1739554930669 167.02452438096626 133
1739554930677 167.01184170809998 134
1739554930686 166.99916030195655 135
1739554930694 166.98647973032337 136
1739554930703 166.9738004252291 137
1739554930711 166.96112195447952 138
1739554930720 166.94844475008495 139
1739554930728 166.93576837986961 140
1739554930736 166.92309327582535 141
1739554930744 166.91041900579495 142
1739554930752 166.89774600175173 143
1739554930760 166.88507383155695 144
1739554930771 166.8724029271655 145
1739554930784 166.85973285645713 146
1739554930792 166.84706405136828 147
1739554930801 166.83439607979716 148
1739554930810 166.82172937366175 149
1739554930818 166.8090637168676 150
1739554930827 166.79639889334308 151
1739554930835 166.7837353349788 152
1739554930843 166.77107260971889 153
1739554930851 166.7584111494355 154
1739554930859 166.7457505220912 155
1739554930867 166.73309115953978 156
1739554930875 166.72043262976226 157
1739554930884 166.70777536459389 158
1739554930892 166.6951189320343 159
1739554930901 166.68246376390022 160
1739554930909 166.66980942820973 161
1739554930918 166.65715635676122 162
1739554930926 166.6445041175911 163
1739554930934 166.6318531424794 164
1739554930943 166.61920299948108 165
1739554930951 166.60655412035757 166
1739554930959 166.59390607318232 167
1739554930968 166.58125928969844 168
1739554930976 166.568613553899 169
1739554930984 166.55596864980026 170
1739554930992 166.54332500911775 171
1739554931005 166.53068219997087 172
1739554931013 166.51804065405676 173
1739554931020 166.50539993951332 174
1739554931028 166.4927604880193 175
1739554931035 166.48012186773096 176
1739554931043 166.4674845103086 177
1739554931051 166.45484798392712 178
1739554931059 166.44221272022827 179
1739554931067 166.42957828740538 180
1739554931075 166.41694511708178 181
1739554931083 166.4043127774693 182
1739554931091 166.39168170017285 183
1739554931099 166.37905145342268 184
1739554931108 166.36642246880527 185
1739554931115 166.35379453039224 186
1739554931123 166.34116742227823 187
1739554931130 166.32854157602222 188
1739554931138 166.3159165599005 189
1739554931146 166.30329280545362 190
1739554931155 166.29066988097622 191
1739554931163 166.27804821799052 192
1739554931171 166.26542738480964 193
1739554931179 166.25280781293733 194
1739554931187 166.24018907070516 195
1739554931195 166.22757158959845 196
1739554931203 166.21495493796724 197
1739554931211 166.20233954727846 198
1739554931220 166.18972498590057 199
1739554931228 166.177111685282 200
1739554931237 166.16449921380976 201
1739554931244 166.15188800291386 202
1739554931252 166.1392776209997 203
1739554931261 166.12666849947897 204
1739554931269 166.1140604225109 205
1739554931278 166.1014531742776 206
1739554931286 166.0888471861635 207
1739554931294 166.07624202661972 208
1739554931302 166.06363812701207 209
1739554931310 166.0510350558104 210
1739554931319 166.03843324436195 211
1739554931327 166.02583226115502 212
1739554931335 166.0132325375186 213
1739554931343 166.00063364195924 214
1739554931352 165.98803600578745 215
1739554931360 165.9754391975284 216
1739554931368 165.96284364847426 217
1739554931375 165.95024892716842 218
1739554931383 165.93765546488473 219
1739554931391 165.92506283018506 220
1739554931400 165.9124714543248 221
1739554931407 165.8998809058842 222
1739554931415 165.88729161610036 223
1739554931424 165.87470336922007 224
1739554931432 165.86211594951297 225
1739554931440 165.84952978818876 226
1739554931448 165.83694445387354 227
1739554931456 165.82436037775852 228
1739554931464 165.81177712848833 229
1739554931472 165.79919513723576 230
1739554931480 165.78661397266387 231
1739554931489 165.77403406592697 232
1739554931497 165.76145498570668 233
1739554931505 165.7488771631389 234
1739554931513 165.73630016692354 235
1739554931521 165.72372442817817 236
1739554931529 165.71114951562117 237
1739554931537 165.69857586035172 238
1739554931545 165.68600303110657 239
1739554931553 165.67343145896652 240
1739554931561 165.66086071268674 241
1739554931569 165.64829122332964 242
1739554931576 165.63572277522957 243
1739554931585 165.62315515274366 244
1739554931593 165.61058878690702 245
1739554931601 165.5980232465206 246
1739554931609 165.58545896260102 247
1739554931617 165.57289550396783 248
1739554931625 165.56033330161918 249
1739554931633 165.54777192439295 250
1739554931641 165.53521180326905 251
1739554931650 165.52265250710366 252
1739554931658 165.5100944668583 253
1739554931666 165.49753725140775 254
1739554931675 165.48498129169494 255
1739554931683 165.47242615661304 256
1739554931691 165.45987227708676 257
1739554931699 165.44731922202766 258
1739554931707 165.43476742234202 259
1739554931715 165.42221644695968 260
1739554931723 165.40966672676876 261
1739554931731 165.39711804619085 262
1739554931740 165.38457018967063 263
1739554931747 165.3720235880688 264
1739554931755 165.35947781036086 265
1739554931763 165.3469332873892 266
1739554931771 165.33438958814787 267
1739554931779 165.32184714346081 268
1739554931786 165.30930552234034 269
1739554931794 165.29676515559214 270
1739554931802 165.28422561224707 271
1739554931810 165.27168732309224 272
1739554931819 165.25914985717694 273
1739554931828 165.24661364526992 274
1739554931837 165.2340782564389 275
1739554931845 165.22154412143428 276
1739554931853 165.2090108093421 277
1739554931861 165.1964787508945 278
1739554931869 165.18394773059129 279
1739554931877 165.17141753295516 280
1739554931885 165.15888858869096 281
1739554931894 165.14636046693033 282
1739554931901 165.13383359835987 283
1739554931909 165.12130755212962 284
1739554931918 165.1087827589077 285
1739554931927 165.09625878786258 286
1739554931936 165.0837360696441 287
1739554931943 165.07121417343902 288
1739554931951 165.0586935298788 289
1739554931959 165.04617370816874 290
1739554931967 165.0336551389218 291
1739554931975 165.02113739136172 292
1739554931983 165.00862089608316 293
1739554931991 164.99610522232808 294
1739554932000 164.98359080067297 295
1739554932011 164.9710772003781 296
1739554932020 164.9585648520015 297
1739554932027 164.9460535401303 298
1739554932035 164.93354304937446 299
1739554932043 164.9210338102647 300
1739554932051 164.9085253921071 301
1739554932059 164.89601822541402 302
1739554932067 164.88351187950997 303
1739554932075 164.8710067848889 304
1739554932084 164.85850251089377 305
1739554932092 164.84599948800016 306
1739554932100 164.83349728556936 307
1739554932107 164.8209963340587 308
1739554932115 164.80849620284772 309
1739554932124 164.79599732237546 310
1739554932132 164.78349926203987 311
1739554932140 164.77100245226165 312
1739554932148 164.75850646245704 313
1739554932157 164.7460117230285 314
1739554932165 164.73351780341054 315
1739554932173 164.72102513398735 316
1739554932181 164.7085334994331 317
1739554932189 164.69604268444496 318
1739554932197 164.68355311937972 319
1739554932205 164.67106437371768 320
1739554932213 164.6585768777973 321
1739554932222 164.64609020111715 322
1739554932229 164.63360477399743 323
1739554932238 164.62112016595523 324
1739554932247 164.60863680729219 325
1739554932255 164.5961542675438 326
1739554932263 164.58367297699345 327
1739554932272 164.57119250519494 328
1739554932280 164.55871328241335 329
1739554932288 164.54623487822076 330
1739554932296 164.53375772286407 331
1739554932304 164.52128138593363 332
1739554932313 164.508806297658 333
1739554932321 164.4963320276459 334
1739554932328 164.4838590061075 335
1739554932337 164.47138701780432 336
1739554932346 164.4589158475206 337
1739554932355 164.44644592543912 338
1739554932362 164.4339768212145 339
1739554932371 164.42150896501118 340
1739554932379 164.40904192650203 341
1739554932387 164.39657613583333 342
1739554932395 164.38411116269617 343
1739554932403 164.3716474372185 344
1739554932410 164.35918452910988 345
1739554932419 164.34672286847984 346
1739554932427 164.33426202505632 347
1739554932435 164.3218024289305 348
1739554932443 164.30934364984867 349
1739554932451 164.29688611788382 350
1739554932460 164.28442940280038 351
1739554932468 164.27197393465315 352
1739554932476 164.25951928322485 353
1739554932485 164.24706587855204 354
1739554932493 164.23461350548317 355
1739554932501 164.22216194888952 356
1739554932508 164.20971163878036 357
1739554932516 164.19726214498405 358
1739554932524 164.1848138974915 359
1739554932533 164.17236646614938 360
1739554932542 164.15992028093044 361
1739554932550 164.14747491169962 362
1739554932559 164.1350307884113 363
1739554932570 164.12258748094882 364
1739554932579 164.11014541924825 365
1739554932587 164.0977041732112 366
1739554932595 164.08526417275553 367
1739554932604 164.07282498780114 368
1739554932612 164.06038704824758 369
1739554932621 164.04794992403308 370
1739554932630 164.03551404503884 371
1739554932639 164.0230791961912 372
1739554932647 164.01064516243932 373
1739554932655 163.9982123736371 374
1739554932663 163.98578039976843 375
1739554932672 163.97334967066897 376
1739554932680 163.96091975634096 377
1739554932688 163.94849108660176 378
1739554932696 163.9360632314719 379
1739554932705 163.9236366207505 380
1739554932713 163.91121082447634 381
1739554932722 163.89878627243027 382
1739554932730 163.8863625346695 383
1739554932739 163.87394004095643 384
1739554932747 163.8615183613666 385
1739554932755 163.8490979256442 386
1739554932764 163.83667830388313 387
1739554932772 163.8242599258092 388
1739554932780 163.8118423615346 389
1739554932789 163.79942604076692 390
1739554932797 163.78701074851955 391
1739554932805 163.77459626982846 392
1739554932813 163.76218303437415 393
1739554932822 163.74977061231425 394
1739554932830 163.73735943331098 395
1739554932839 163.72494906754028 396
1739554932847 163.71253994464607 397
1739554932855 163.70013163482253 398
1739554932863 163.68772456769543 399
1739554932871 163.6753183134772 400
1739554932879 163.66291330177535 401
1739554932887 163.6505091028206 402
1739554932895 163.63810614620212 403
1739554932903 163.62570400216904 404
1739554932911 163.61330310029223 405
1739554932919 163.60090301083906 406
1739554932927 163.58850416336222 407
1739554932935 163.57610612814733 408
1739554932943 163.56370933472874 409
1739554932951 163.55131356820667 410
1739554932959 163.53891861370394 411
1739554932967 163.52652490072782 412
1739554932975 163.51413199960942 413
1739554932984 163.5017403398377 414
1739554932992 163.48934949176214 415
1739554933000 163.4769598848534 416
1739554933008 163.4645710894792 417
1739554933020 163.45218353509208 418
1739554933028 163.4397967920779 419
1739554933036 163.42741128987103 420
1739554933043 163.41502659887564 421
1739554933051 163.40264314850768 422
1739554933059 163.39026050918977 423
1739554933068 163.37787911031958 424
1739554933076 163.36549852233793 425
1739554933084 163.3531191746243 426
1739554933092 163.34074063763788 427
1739554933099 163.3283633407397 428
1739554933107 163.31598706911686 429
1739554933115 163.30361160797895 430
1739554933123 163.29123738666 431
1739554933130 163.27886397566465 432
1739554933138 163.26649180430866 433
1739554933146 163.25412044311489 434
1739554933155 163.24175032138095 435
1739554933163 163.22938100964794 436
1739554933172 163.2170129371952 437
1739554933180 163.2046456745821 438
1739554933188 163.1922796510697 439
1739554933196 163.17991443723577 440
1739554933204 163.16755046232305 441
1739554933213 163.15518729692752 442
1739554933220 163.14282537027375 443
1739554933228 163.13046425297603 444
1739554933236 163.11810437424063 445
1739554933244 163.10574530470006 446
1739554933253 163.09338747354244 447
1739554933261 163.08103066604147 448
1739554933269 163.0686746674935 449
1739554933277 163.05631990705956 450
1739554933284 163.04396595541752 451
1739554933292 163.0316132417102 452
1739554933300 163.01926133663372 453
1739554933308 163.00691066931262 454
1739554933316 162.9945608104613 455
1739554933324 162.98221218918613 456
1739554933332 162.9698643762197 457
1739554933340 162.9575178006502 458
1739554933348 162.9451720332285 459
1739554933356 162.9328275030244 460
1739554933364 162.92048378080722 461
1739554933372 162.90814129562847 462
1739554933381 162.89579961827565 463
1739554933389 162.88345917778216 464
1739554933397 162.8711197594992 465
1739554933405 162.8587811488007 466
1739554933412 162.84644377469303 467
1739554933420 162.83410720800882 468
1739554933428 162.82177187773638 469
1739554933436 162.80943735472664 470
1739554933444 162.79710406794956 471
1739554933453 162.7847715882744 472
1739554933460 162.7724403446529 473
1739554933469 162.76010990797246 474
1739554933477 162.74778070716667 475
1739554933486 162.73545231314134 476
1739554933494 162.7231251548116 477
1739554933503 162.71079880310157 478
1739554933510 162.69847368690822 479
1739554933518 162.68614937717385 480
1739554933525 162.67382630277731 481
1739554933534 162.66150403467907 482
1739554933542 162.64918300173974 483
1739554933551 162.63686298939723 484
1739554933559 162.6245437831119 485
1739554933568 162.61222581171737 486
1739554933577 162.5999086462195 487
1739554933584 162.58759271543354 488
1739554933592 162.5752775903837 489
1739554933600 162.56296369986703 490
1739554933607 162.55065061492593 491
1739554933615 162.53833876433922 492
1739554933623 162.52602771916753 493
1739554933632 162.51371790817154 494
1739554933640 162.5014089024301 495
1739554933647 162.4891011306857 496
1739554933656 162.4767941640353 497
1739554933664 162.4644884312033 498
1739554933672 162.45218350330492 499
