1739556657439 169.2261148711531 0
1739556657448 169.15047473727367 1
1739556657458 169.08527496085102 2
1739556657468 169.0193027680999 3
1739556657477 168.9533603262056 4
1739556657486 168.88744743086932 5
1739556657496 168.8215640685282 6
1739556657505 168.75571022558037 7
1739556657514 168.6898858884304 8
1739556657523 168.62409104348933 9
1739556657533 168.55832567717425 10
1739556657542 168.49258977590887 11
1739556657550 168.42688332612306 12
1739556657560 168.3612063142532 13
1739556657569 168.29569263536806 14
1739556657578 168.23014131972602 15
1739556657587 168.1646193767759 16
1739556657597 168.09912677890497 17
1739556657606 168.03366351260527 18
1739556657614 167.9682295643717 19
1739556657624 167.90282492070568 20
1739556657635 167.83744956811483 21
1739556657647 167.77210349311306 22
1739556657657 167.7067866822206 23
1739556657666 167.64149912196405 24
1739556657676 167.5762407988762 25
1739556657685 167.51101169949618 26
1739556657695 167.4458118103694 27
1739556657704 167.38064111804758 28
1739556657714 167.31549960908876 29
1739556657723 167.2503872700571 30
1739556657733 167.18530408752324 31
1739556657742 167.12025004806395 32
1739556657751 167.05522513826236 33
1739556657760 166.99022934470773 34
1739556657769 166.9252626539959 35
1739556657778 166.86032505272854 36
1739556657788 166.79541652751394 37
1739556657797 166.73053706496646 38
1739556657807 166.66568665170678 39
1739556657816 166.60086527436178 40
1739556657825 166.5360729195647 41
1739556657834 166.47130957395484 42
1739556657842 166.406575224178 43
1739556657851 166.3418698568859 44
1739556657861 166.27719345873686 45
1739556657870 166.21254601639504 46
1739556657879 166.14792751653118 47
1739556657888 166.08333794582202 48
1739556657898 166.01877729095065 49
1739556657907 165.95424553860636 50
1739556657916 165.8897426754846 51
1739556657926 165.82526868828705 52
1739556657935 165.76082356372171 53
1739556657945 165.69640728850257 54
1739556657954 165.6320198493501 55
1739556657963 165.56766123299076 56
1739556657971 165.50333142615733 57
1739556657981 165.43903041558875 58
1739556657990 165.3747581880301 59
1739556657999 165.31051473023277 60
1739556658008 165.24630002895427 61
1739556658018 165.18211407095828 62
1739556658027 165.11795684301467 63
1739556658036 165.05382833189955 64
1739556658045 164.98972852439513 65
1739556658054 164.9256574072899 66
1739556658064 164.86161496737842 67
1739556658073 164.7976011914614 68
1739556658083 164.73361606634586 69
1739556658092 164.66965957884483 70
1739556658100 164.6057317157776 71
1739556658109 164.54183246396954 72
1739556658119 164.4779618102523 73
1739556658128 164.41411974146357 74
1739556658137 164.35030624444718 75
1739556658146 164.28652130605317 76
1739556658154 164.22276491313767 77
1739556658164 164.15903705256304 78
1739556658173 164.09533771119771 79
1739556658182 164.03166687591622 80
1739556658191 163.96802453359925 81
1739556658200 163.90441067113372 82
1739556658210 163.84082527541253 83
1739556658218 163.77726833333475 84
1739556658227 163.71373983180564 85
1739556658236 163.65023975773644 86
1739556658245 163.5867680980447 87
1739556658253 163.5233248396539 88
1739556658262 163.45990996949362 89
1739556658272 163.39652347449973 90
1739556658281 163.33316534161406 91
1739556658290 163.2698355577846 92
1739556658300 163.20653410996536 93
1739556658313 163.14326098511657 94
1739556658323 163.08001617020437 95
1739556658331 163.0167996522012 96
1739556658340 162.95361141808544 97
1739556658349 162.89045145484158 98
1739556658357 162.82731974946026 99
1739556658366 162.7642162889381 100
1739556658375 162.7011410602778 101
1739556658384 162.6380940504882 102
1739556658393 162.57507524658428 103
1739556658402 162.51208463558683 104
1739556658412 162.4491222045229 105
1739556658421 162.3861879404256 106
1739556658430 162.32328183033405 107
1739556658439 162.2604038612934 108
1739556658448 162.19755402035486 109
1739556658458 162.1347322945758 110
1739556658467 162.0719386710194 111
1739556658475 162.00917313675518 112
1739556658484 161.94643567885836 113
1739556658493 161.88372628441059 114
1739556658502 161.8210449404992 115
1739556658511 161.75839163421782 116
1739556658520 161.69576635266588 117
1739556658530 161.633169082949 118
1739556658538 161.57059981217876 119
1739556658547 161.50805852747277 120
1739556658556 161.44554521595464 121
1739556658566 161.38305986475402 122
1739556658575 161.32060246100656 123
1739556658584 161.25817299185394 124
1739556658594 161.19577144444384 125
1739556658603 161.13339780592983 126
1739556658613 161.07105206347168 127
1739556658623 161.00873420423505 128
1739556658632 160.94644421539164 129
1739556658643 160.88418208411895 130
1739556658658 160.82194779760079 131
1739556658668 160.75974134302672 132
1739556658678 160.69756270759237 133
1739556658688 160.6354118784993 134
1739556658698 160.57328884295512 135
1739556658707 160.51119358817337 136
1739556658717 160.44912610137357 137
1739556658726 160.3870863697812 138
1739556658735 160.3250743806277 139
1739556658745 160.26309012115058 140
1739556658754 160.20113357859307 141
1739556658764 160.1392047402047 142
1739556658773 160.07730359324057 143
1739556658783 160.0154301249621 144
1739556658792 159.95358432263635 145
1739556658801 159.89176617353652 146
1739556658811 159.8299756649417 147
1739556658820 159.76821278413695 148
1739556658830 159.70647751841318 149
1739556658843 159.64476985506732 150
1739556658854 159.58308978140224 151
1739556658864 159.52143728472666 152
1739556658874 159.4598123523553 153
1739556658883 159.39821497160875 154
1739556658893 159.3366451298136 155
1739556658902 159.27510281430227 156
1739556658912 159.21358801241314 157
1739556658921 159.15210071149053 158
1739556658931 159.09064089888463 159
1739556658940 159.0292085619515 160
1739556658949 158.96780368805327 161
1739556658959 158.90642626455775 162
1739556658968 158.84507627883875 163
1739556658977 158.78375371827605 164
1739556658987 158.72245857025524 165
1739556658996 158.66119082216778 166
1739556659005 158.59995046141114 167
1739556659015 158.53873747538847 168
1739556659024 158.47755185150905 169
1739556659033 158.41639357718782 170
1739556659042 158.3552626398458 171
1739556659051 158.29415902690965 172
1739556659061 158.2330827258121 173
1739556659070 158.17203372399163 174
1739556659079 158.11101200889274 175
1739556659088 158.0500175679656 176
1739556659098 157.98905038866636 177
1739556659108 157.92811045845698 178
1739556659118 157.8671977648053 179
1739556659128 157.80631229518502 180
1739556659137 157.74545403707566 181
1739556659146 157.68462297796262 182
1739556659155 157.62381910533708 183
1739556659165 157.56304240669618 184
1739556659174 157.50229286954277 185
1739556659184 157.44157048138564 186
1739556659193 157.38087559590969 187
1739556659203 157.3202072850539 188
1739556659212 157.25956663503112 189
1739556659222 157.19895253481747 190
1739556659231 157.13836607034412 191
1739556659240 157.0778061309242 192
1739556659249 157.01727380217517 193
1739556659259 156.9567679737471 194
1739556659268 156.89628973094383 195
1739556659276 156.83583796375228 196
1739556659286 156.77541375716277 197
1739556659294 156.71501600149878 198
1739556659303 156.65464578143735 199
1739556659313 156.5943019876385 200
1739556659325 156.53398570446592 201
1739556659334 156.47369582291591 202
1739556659343 156.41343342703937 203
1739556659352 156.35319740816854 204
1739556659361 156.29298885004138 205
1739556659370 156.2328066443262 206
1739556659379 156.17265187444812 207
1739556659388 156.11252343241125 208
1739556659397 156.0524224013282 209
1739556659406 155.99234767353855 210
1739556659415 155.93230033184255 211
1739556659424 155.8722792689153 212
1739556659433 155.81228556724454 213
1739556659443 155.75231811984077 214
1739556659451 155.69237800887961 215
1739556659461 155.63246412770658 216
1739556659470 155.57257755818532 217
1739556659479 155.5127171939963 218
1739556659489 155.4528841166913 219
1739556659498 155.39307722028553 220
1739556659507 155.33329758601909 221
1739556659516 155.27354410824185 222
1739556659525 155.21381786788209 223
1739556659536 155.1541177596243 224
1739556659546 155.0944448640855 225
1739556659554 155.03479807628418 226
1739556659564 154.97517847652608 227
1739556659573 154.9155849601639 228
1739556659582 154.85601860719225 229
1739556659591 154.7964783132978 230
1739556659600 154.73696515816403 231
1739556659609 154.67747803781148 232
1739556659619 154.61801803161268 233
1739556659628 154.55858403592194 234
1739556659638 154.499177129801 235
1739556659647 154.43979620993758 236
1739556659656 154.38044235508283 237
1739556659666 154.32111446225784 238
1739556659674 154.2618136099033 239
1739556659683 154.2025386953734 240
1739556659693 154.14329079679854 241
1739556659703 154.0840688118659 242
1739556659711 154.0248738183958 243
1739556659720 153.96570471440808 244
1739556659730 153.90656257741307 245
1739556659740 153.84744630576333 246
1739556659748 153.7883569766592 247
1739556659757 153.72929348878588 248
1739556659766 153.6702569190339 249
1739556659776 153.61124616642076 250
1739556659785 153.55226230752734 251
1739556659794 153.49330424170344 252
1739556659804 153.43437304522047 253
1739556659813 153.3754676177601 254
1739556659822 153.3165890352845 255
1739556659832 153.25773619780716 256
1739556659842 153.19891018098113 257
1739556659851 153.14011024750212 258
1739556659867 153.08133620438727 259
1739556659879 153.0225889454343 260
1739556659888 152.96386737151713 261
1739556659896 152.90517255751664 262
1739556659905 152.84650340460627 263
1739556659913 152.78786098735816 264
1739556659922 152.72924420727696 265
1739556659931 152.67065413862633 266
1739556659941 152.6120896832417 267
1739556659950 152.55355191507843 268
1739556659959 152.49503973630277 269
1739556659968 152.43655422056167 270
1739556659977 152.37809427035214 271
1739556659986 152.31966095901296 272
1739556659995 152.26125318937162 273
1739556660004 152.20287203445892 274
1739556660014 152.1445163974326 275
1739556660025 152.0861873510157 276
1739556660034 152.02788379869605 277
1739556660044 151.96960681288903 278
1739556660053 151.91135529741243 279
1739556660063 151.853130324374 280
1739556660073 151.79493079792144 281
1739556660082 151.7367577898551 282
1739556660092 151.67861020465224 283
1739556660101 151.62048911380595 284
1739556660110 151.56239378303792 285
1739556660118 151.50432402023273 286
1739556660128 151.44628071575025 287
1739556660138 151.38826277492245 288
1739556660148 151.3302712684751 289
1739556660157 151.27230510203773 290
1739556660166 151.21436534602935 291
1739556660176 151.15645090640842 292
1739556660185 151.0985628532873 293
1739556660194 151.04070009295322 294
1739556660203 150.982863695212 295
1739556660212 150.92505256667957 296
1739556660221 150.86726777685527 297
1739556660232 150.8095082326835 298
1739556660241 150.75177500335744 299
1739556660250 150.69406699614976 300
1739556660259 150.63638527994752 301
1739556660268 150.57872876235155 302
1739556660278 150.52109851194288 303
1739556660286 150.4634934366504 304
1739556660295 150.4059146047493 305
1739556660304 150.34836092449623 306
1739556660313 150.29083346386085 307
1739556660324 150.23333113142732 308
1739556660333 150.17585499485975 309
1739556660343 150.11840396306988 310
1739556660352 150.06097910341637 311
1739556660361 150.00357968462666 312
1739556660370 149.94620551544634 313
1739556660379 149.88885748281828 314
1739556660389 149.83153449650322 315
1739556660398 149.77423762309732 316
1739556660407 149.71696577265695 317
1739556660416 149.65972001147333 318
1739556660425 149.60249924992956 319
1739556660434 149.5453045540122 320
1739556660443 149.4881348344309 321
1739556660452 149.43099115686755 322
1739556660462 149.37387243235827 323
1739556660471 149.31677972628046 324
1739556660480 149.2597119499966 325
1739556660490 149.20267016857971 326
1739556660499 149.14565329371837 327
1739556660507 149.08866239018133 328
1739556660516 149.03169636998325 329
1739556660525 148.9747562975888 330
1739556660535 148.91784108533835 331
1739556660544 148.86095179739277 332
1739556660554 148.804087346418 333
1739556660563 148.7472487962711 334
1739556660572 148.69043505994358 335
1739556660582 148.63364720098878 336
1739556660591 148.57688413272356 337
1739556660600 148.52014691839773 338
1739556660609 148.4634344716534 339
1739556660618 148.40674785543695 340
1739556660627 148.35008634168156 341
1739556660636 148.29344974005073 342
1739556660646 148.2368389338404 343
1739556660655 148.18025283753562 344
1739556660665 148.12369251332532 345
1739556660674 148.0671568759881 346
1739556660684 148.01064698741007 347
1739556660693 147.9541617626941 348
1739556660702 147.8977022634236 349
1739556660712 147.84126740502586 350
1739556660720 147.78485824878152 351
1739556660729 147.7284737104421 352
1739556660739 147.67211485098576 353
1739556660749 147.61578058648797 354
1739556660758 147.55947197762458 355
1739556660767 147.50318794079487 356
1739556660776 147.4469295363725 357
1739556660785 147.39069568108036 358
1739556660795 147.3344874349901 359
1739556660803 147.27830371514816 360
1739556660812 147.22214558132416 361
1739556660821 147.1660119508879 362
1739556660830 147.10990388330737 363
1739556660839 147.0538202962754 364
1739556660849 146.99776224895834 365
1739556660859 146.94172865937216 366
1739556660868 146.88572058638155 367
1739556660877 146.82973730488388 368
1739556660886 146.77377862539035 369
1739556660895 146.71784542782297 370
1739556660904 146.66193663103545 371
1739556660913 146.60605329313952 372
1739556660921 146.5501943332804 373
1739556660930 146.49436080926873 374
1739556660940 146.43855164057206 375
1739556660949 146.3827678847003 376
1739556660960 146.32700846144294 377
1739556660972 146.27127442800926 378
1739556660981 146.21556470451077 379
1739556660991 146.15988034785602 380
1739556661000 146.10422027847852 381
1739556661009 146.04858555298628 382
1739556661018 145.9929750921344 383
1739556661028 145.93738995223072 384
1739556661037 145.88182905435173 385
1739556661047 145.82629345450513 386
1739556661056 145.77078207408888 387
1739556661066 145.71529596881047 388
1739556661076 145.6598340603891 389
1739556661085 145.6043974042324 390
1739556661094 145.54898492238053 391
1739556661103 145.49359766994144 392
1739556661112 145.43823456927615 393
1739556661121 145.38289667519294 394
1739556661131 145.32758291037356 395
1739556661140 145.27229432932677 396
1739556661149 145.2170302101114 397
1739556661159 145.16179036414223 398
1739556661168 145.1065756677406 399
1739556661178 145.05138504442004 400
1739556661187 144.9962195479413 401
1739556661196 144.94107810210735 402
1739556661206 144.88596176037996 403
1739556661215 144.83086944688208 404
1739556661224 144.77580221477652 405
1739556661233 144.72075898850625 406
1739556661242 144.66574082093524 407
1739556661252 144.61074663682618 408
1739556661261 144.5557774887445 409
1739556661270 144.5008323017723 410
1739556661280 144.44591212817667 411
1739556661289 144.39101589335908 412
1739556661299 144.33614464928823 413
1739556661308 144.28129732168492 414
1739556661317 144.22647496221953 415
1739556661329 144.171676496932 416
1739556661338 144.1169029771947 417
1739556661347 144.0621533293665 418
1739556661355 144.00742860452178 419
1739556661364 143.95272772933816 420
1739556661374 143.89805175459225 421
1739556661383 143.84339960728033 422
1739556661391 143.7887723378814 423
1739556661400 143.7341692273773 424
1739556661409 143.67959008801765 425
1739556661418 143.62503579279254 426
1739556661428 143.57050526952446 427
1739556661436 143.51599956794914 428
1739556661446 143.46151761617648 429
1739556661456 143.4070604636449 430
1739556661466 143.35262703878237 431
1739556661476 143.2982183907302 432
1739556661485 143.2438334482342 433
1739556661494 143.18947326013875 434
1739556661503 143.13513675550712 435
1739556661513 143.08082498288712 436
1739556661521 143.02653687165937 437
1739556661531 142.97227347007498 438
1739556661540 142.91803370783205 439
1739556661549 142.8638186328851 440
1739556661558 142.80962717524926 441
1739556661567 142.75546038258284 442
1739556661577 142.70131718521793 443
1739556661586 142.6471986305165 444
1739556661595 142.59310364912758 445
1739556661604 142.53903328811705 446
1739556661613 142.4849864784505 447
1739556661622 142.430964266898 448
1739556661632 142.37696558474167 449
1739556661641 142.32299147845552 450
1739556661650 142.26904087963828 451
1739556661659 142.21511483446824 452
1739556661668 142.16121262704516 453
1739556661677 142.1073340705084 454
1739556661687 142.05348003429273 455
1739556661696 141.9996494508172 456
1739556661705 141.94584336552177 457
1739556661714 141.89206071111096 458
1739556661723 141.8383025327294 459
1739556661732 141.78456776339723 460
1739556661741 141.73085744796424 461
1739556661749 141.67717051976592 462
1739556661759 141.6235080233571 463
1739556661768 141.56986889238868 464
1739556661777 141.51625417112066 465
1739556661786 141.46266279351923 466
1739556661795 141.40909580354955 467
1739556661804 141.355552135493 468
1739556661813 141.30203283302023 469
1739556661822 141.2485368307274 470
1739556661831 141.19506517199076 471
1739556661841 141.1416167917213 472
1739556661849 141.08819273300102 473
1739556661859 141.03479193105537 474
1739556661868 140.98141542867228 475
1739556661878 140.92806216139175 476
1739556661887 140.8747331717075 477
1739556661896 140.82142739547393 478
1739556661905 140.76814587489096 479
1739556661914 140.71488754612702 480
1739556661922 140.6616534510883 481
1739556661932 140.60844287697006 482
1739556661941 140.55525563779435 483
1739556661951 140.50209259946388 484
1739556661960 140.4489526989618 485
1739556661969 140.39583697746085 486
1739556661979 140.34274437222743 487
1739556661988 140.289675924141 488
1739556661997 140.23663057078147 489
1739556662006 140.18360935273512 490
1739556662015 140.13061120789513 491
1739556662024 140.0776371765549 492
1739556662033 140.02468619692064 493
1739556662042 139.9717593089929 494
1739556662051 139.91885545129085 495
1739556662060 139.86597566352233 496
1739556662069 139.8131188845195 497
1739556662078 139.76028615369736 498
1739556662088 139.70747641020085 499
