1739615803119 169.2123512294586 0
1739615803135 169.19905339577315 1
1739615803150 169.18585799652865 2
1739615803166 169.1726637422011 3
1739615803181 169.15947070798234 4
1739615803195 169.14627881846488 5
1739615803211 169.1330881488361 6
1739615803226 169.11989862369302 7
1739615803240 169.10671031821852 8
1739615803255 169.09352315701426 9
1739615803271 169.08033721525848 10
1739615803286 169.06715241755745 11
1739615803335 169.0539688390849 12
1739615803360 169.04078640445167 13
1739615803376 169.02760518882695 14
1739615803392 169.01442511682612 15
1739615803409 169.00124626361392 16
1739615803426 168.9880685538102 17
1739615803441 168.9748920625752 18
1739615803457 168.9617167145334 19
1739615803473 168.9485425848405 20
1739615803490 168.9353695981255 21
1739615803506 168.92219782953958 22
1739615803522 168.9090272037163 23
1739615803540 168.89585779580236 24
1739615803559 168.8826895304359 25
1739615803576 168.86952248275898 26
1739615803591 168.8563565774144 27
1739615803606 168.8431918895397 28
1739615803620 168.8300283814019 29
1739615803635 168.81686601527366 30
1739615803651 168.8037048662859 31
1739615803667 168.7905448590927 32
1739615803682 168.77738606882042 33
1739615803697 168.76422842012764 34
1739615803712 168.75107198813626 35
1739615803727 168.7379166975094 36
1739615803742 168.72476262336446 37
1739615803756 168.71160969036907 38
1739615803773 168.69845797363615 39
1739615803788 168.68530739783787 40
1739615803803 168.67215803808267 41
1739615803818 168.65900981904727 42
1739615803831 168.6458628158355 43
1739615803847 168.63271695312875 44
1739615803869 168.61957230602636 45
1739615803885 168.60642879921411 46
1739615803899 168.59328650778698 47
1739615803918 168.58014535643528 48
1739615803931 168.56700542024936 49
1739615803944 168.55386662392422 50
1739615803957 168.54072904254568 51
1739615803970 168.52759260081322 52
1739615803984 168.5144573738082 53
1739615803997 168.50132328623465 54
1739615804011 168.48819041316938 55
1739615804023 168.47505871691015 56
1739615804036 168.46192815976056 57
1739615804049 168.44879881679066 58
1739615804061 168.43567061271582 59
1739615804073 168.4225436226017 60
1739615804086 168.40941777116817 61
1739615804098 168.39629313347632 62
1739615804111 168.38316963425066 63
1739615804122 168.37004734854773 64
1739615804135 168.3569262010966 65
1739615804148 168.3438062669493 66
1739615804159 168.33068747083937 67
1739615804172 168.31756988781444 68
1739615804185 168.30445344261264 69
1739615804197 168.291338210277 70
1739615804208 168.27822411555022 71
1739615804221 168.26511123347072 72
1739615804235 168.25199948878586 73
1739615804247 168.23888895652962 74
1739615804259 168.22577956145375 75
1739615804271 168.21267137858786 76
1739615804285 168.19956433268823 77
1739615804298 168.18645849877976 78
1739615804311 168.1733538016235 79
1739615804323 168.1602503162399 80
1739615804336 168.14714800495517 81
1739615804349 168.13404683010148 82
1739615804362 168.1209468666926 83
1739615804374 168.1078480395007 84
1739615804386 168.09475042353512 85
1739615804399 168.08165394357258 86
1739615804411 168.0685586746178 87
1739615804423 168.05546454145215 88
1739615804435 168.04237161907585 89
1739615804449 168.0292798322748 90
1739615804461 168.01618925604467 91
1739615804473 168.00309981517591 92
1739615804486 167.99001158465978 93
1739615804498 167.97692448929118 94
1739615804509 167.96383860405692 95
1739615804522 167.95075385375637 96
1739615804534 167.93767031337188 97
1739615804545 167.9245879077074 98
1739615804557 167.9115067117408 99
1739615804570 167.8984266502804 100
1739615804582 167.88534779829973 101
1739615804594 167.87227008061166 102
1739615804606 167.85919357218512 103
1739615804618 167.8461181978376 104
1739615804631 167.83304403253345 105
1739615804642 167.81997100109479 106
1739615804654 167.80689917848142 107
1739615804666 167.79382852705035 108
1739615804679 167.78075900916448 109
1739615804690 167.76769069977692 110
1739615804703 167.75462352372102 111
1739615804716 167.74155755594543 112
1739615804727 167.72849272128815 113
1739615804738 167.7154290946932 114
1739615804751 167.70236660100318 115
1739615804763 167.6893053151576 116
1739615804775 167.67624516200362 117
1739615804787 167.66318621647622 118
1739615804799 167.65012840342706 119
1739615804812 167.63707179778677 120
1739615804823 167.6240163244114 121
1739615804835 167.61096205822713 122
1739615804847 167.59790892409453 123
1739615804860 167.5848569969353 124
1739615804873 167.57180620161452 125
1739615804886 167.5587566130495 126
1739615804898 167.54570815610984 127
1739615804912 167.53266090570816 128
1739615804930 167.5196147867187 129
1739615804949 167.50656987404972 130
1739615804961 167.49352609257986 131
1739615804974 167.48048351721292 132
1739615804986 167.46744207283209 133
1739615804999 167.4544018343366 134
1739615805011 167.4413627641142 135
1739615805023 167.42832482455842 136
1739615805035 167.4152880905618 137
1739615805048 167.40225248701896 138
1739615805059 167.38921808881778 139
1739615805072 167.37618482085745 140
1739615805085 167.36315275802144 141
1739615805098 167.3501218252134 142
1739615805110 167.33709209731236 143
1739615805126 167.32406349922653 144
1739615805139 167.31103610583034 145
1739615805151 167.29800984203658 146
1739615805163 167.28498478271524 147
1739615805175 167.27196085278354 148
1739615805188 167.25893812710711 149
1739615805200 167.24591653060762 150
1739615805212 167.23289613814615 151
1739615805224 167.219876874649 152
1739615805236 167.2068588149728 153
1739615805249 167.19384188404828 154
1739615805261 167.1808261567275 155
1739615805274 167.16781155794592 156
1739615805286 167.15479816255106 157
1739615805298 167.14178589548277 158
1739615805311 167.1287748315842 159
1739615805323 167.11576489579977 160
1739615805336 167.1027561629681 161
1739615805348 167.0897485955076 162
1739615805360 167.07674215584254 163
1739615805372 167.06373691880478 164
1739615805384 167.05073280935014 165
1739615805397 167.03772990230595 166
1739615805408 167.02472812263247 167
1739615805421 167.01172754515258 168
1739615805432 166.9987280948311 169
1739615805445 166.98572984648646 170
1739615805457 166.97273272508798 171
1739615805469 166.95973680544958 172
1739615805480 166.94674201254503 173
1739615805491 166.9337484211839 174
1739615805504 166.92075595634438 175
1739615805516 166.90776469283165 176
1739615805528 166.8947745556284 177
1739615805540 166.88178561953524 178
1739615805551 166.86879780953947 179
1739615805565 166.8558112004372 180
1739615805576 166.84282571722025 181
1739615805589 166.8298414346802 182
1739615805601 166.81685827781348 183
1739615805613 166.80387632140716 184
1739615805625 166.79089549046216 185
1739615805637 166.77791585976112 186
1739615805649 166.7649373543094 187
1739615805662 166.75196004888517 188
1739615805674 166.7389839059376 189
1739615805687 166.7260088879215 190
1739615805699 166.71303506960828 191
1739615805711 166.70006237601476 192
1739615805724 166.6870908819078 193
1739615805737 166.67412051230872 194
1739615805749 166.66115134197992 195
1739615805761 166.64818329594718 196
1739615805773 166.63521644896846 197
1739615805785 166.62225072607407 198
1739615805798 166.60928620201756 199
1739615805810 166.59632280183365 200
1739615805822 166.58336060027145 201
1739615805835 166.57039952237017 202
1739615805847 166.5574396428744 203
1739615805859 166.544480886828 204
1739615805871 166.53152332897105 205
1739615805884 166.51856689435195 206
1739615805896 166.50561165770617 207
1739615805908 166.49265754408665 208
1739615805921 166.47970462822454 209
1739615805933 166.46675283517715 210
1739615805945 166.45380223967115 211
1739615805957 166.44085276676847 212
1739615805969 166.4279044911913 213
1739615805981 166.41495733800596 214
1739615805992 166.4020113819302 215
1739615806005 166.38906658544377 216
1739615806017 166.37612291103216 217
1739615806028 166.36318043340637 218
1739615806052 166.35023907764406 219
1739615806064 166.33729891845184 220
1739615806076 166.32435988091177 221
1739615806088 166.31142203972607 222
1739615806101 166.29848531998132 223
1739615806114 166.2855497963752 224
1739615806129 166.27261539399882 225
1739615806141 166.25968218754537 226
1739615806153 166.24675010211055 227
1739615806166 166.233819212383 228
1739615806178 166.22088944346297 229
1739615806190 166.2079608700346 230
1739615806203 166.19503341720272 231
1739615806216 166.18210715964693 232
1739615806228 166.16918202247658 233
1739615806240 166.15625808036685 234
1739615806252 166.1433352584315 235
1739615806265 166.1304136313413 236
1739615806276 166.11749312421455 237
1739615806289 166.10457381171753 238
1739615806301 166.09165561897302 239
1739615806314 166.0787386206429 240
1739615806325 166.0658227792351 241
1739615806338 166.05290805726352 242
1739615806352 166.03999452938325 243
1739615806364 166.02708212072838 244
1739615806376 166.01417090594958 245
1739615806389 166.00126081018536 246
1739615806401 165.98835190808194 247
1739615806414 165.97544412478237 248
1739615806426 165.96253753492843 249
1739615806438 165.9496320636676 250
1739615806450 165.93672778563717 251
1739615806463 165.92382462598928 252
1739615806475 165.91092265935671 253
1739615806487 165.89802181089598 254
1739615806499 165.88512215523542 255
1739615806511 165.87222361753618 256
1739615806522 165.85932627242207 257
1739615806535 165.84643004505872 258
1739615806547 165.83353501006553 259
1739615806559 165.82064109261253 260
1739615806571 165.80774836731476 261
1739615806584 165.7948567593467 262
1739615806597 165.7819663433189 263
1739615806608 165.76907704441047 264
1739615806621 165.75618893722742 265
1739615806633 165.7433019469533 266
1739615806645 165.7304161481897 267
1739615806656 165.71753150347516 268
1739615806668 165.70464797535408 269
1739615806681 165.6917656384213 270
1739615806693 165.6788844178717 271
1739615806706 165.66600438829568 272
1739615806719 165.6531254748925 273
1739615806731 165.64024775224826 274
1739615806743 165.62737114556668 275
1739615806756 165.6144957294293 276
1739615806768 165.60162142904446 277
1739615806780 165.58874831898922 278
1739615806792 165.57587632447627 279
1739615806805 165.5630055200784 280
1739615806818 165.55013583101277 281
1739615806830 165.53726733184763 282
1739615806841 165.5243999478047 283
1739615806855 165.5115337534477 284
1739615806867 165.498668674003 285
1739615806879 165.48580478402965 286
1739615806892 165.47294200875865 287
1739615806904 165.46008042274465 288
1739615806920 165.44721995122296 289
1739615806932 165.43436066874395 290
1739615806943 165.42150250054735 291
1739615806955 165.40864552117907 292
1739615806968 165.39578965588333 293
1739615806980 165.38293497920162 294
1739615806993 165.3700814537029 295
1739615807005 165.35722904196206 296
1739615807017 165.34437781851383 297
1739615807029 165.33152770861372 298
1739615807041 165.31867878679196 299
1739615807053 165.30583097830862 300
1739615807075 165.2929843576895 301
1739615807088 165.28013885019917 302
1739615807101 165.26729453035887 303
1739615807114 165.25445132343762 304
1739615807126 165.2416093039524 305
1739615807138 165.2287683971767 306
1739615807151 165.21592867762288 307
1739615807165 165.2030900705691 308
1739615807176 165.19025265052315 309
1739615807189 165.17741634276763 310
1739615807202 165.16458122180612 311
1739615807214 165.1517472129255 312
1739615807225 165.1389143906249 313
1739615807238 165.12608268019582 314
1739615807250 165.11325215613294 315
1739615807263 165.10042274373208 316
1739615807275 165.0875945174835 317
1739615807288 165.07476740268768 318
1739615807300 165.06194147383033 319
1739615807313 165.0491166562164 320
1739615807325 165.03629302432716 321
1739615807338 165.02347054076213 322
1739615807351 165.0106491681266 323
1739615807363 164.99782898089518 324
1739615807376 164.98500990438407 325
1739615807387 164.9721920130634 326
1739615807400 164.9593752322538 327
1739615807412 164.94655963642103 328
1739615807424 164.9337451508902 329
1739615807437 164.92093185012257 330
1739615807449 164.90811965944783 331
1739615807461 164.8953086533227 332
1739615807473 164.8824987570814 333
1739615807486 164.86969004517624 334
1739615807499 164.85688244294582 335
1739615807511 164.84407602483807 336
1739615807522 164.8312707161961 337
1739615807535 164.81846659146336 338
1739615807546 164.80566357598744 339
1739615807558 164.79286174420736 340
1739615807571 164.78006102147518 341
1739615807583 164.7672614822255 342
1739615807595 164.75446305181487 343
1739615807608 164.7416658046734 344
1739615807621 164.72886966616213 345
1739615807633 164.7160747107068 346
1739615807646 164.70328086367283 347
1739615807658 164.69048819948156 348
1739615807671 164.67769668076286 349
1739615807683 164.66490627015247 350
1739615807695 164.65211704206493 351
1739615807708 164.63932892187705 352
1739615807720 164.6265419839989 353
1739615807732 164.61375615381166 354
1739615807744 164.6009715057211 355
1739615807756 164.58818796511287 356
1739615807769 164.57540560638827 357
1739615807782 164.56262435493738 358
1739615807796 164.54984428515712 359
1739615807808 164.53706532244203 360
1739615807820 164.52428754118452 361
1739615807833 164.51151086678377 362
1739615807844 164.4987353736277 363
1739615807857 164.48596098711988 364
1739615807870 164.47318778164382 365
1739615807883 164.4604156826076 366
1739615807895 164.44764476439025 367
1739615807907 164.4348749524044 368
1739615807920 164.42210632102461 369
1739615807932 164.409338795668 370
1739615807944 164.39657245070464 371
1739615807955 164.38380721155607 372
1739615808019 164.3710431525881 373
1739615808041 164.3582801992267 374
1739615808053 164.34551842583315 375
1739615808067 164.33275779506778 376
1739615808079 164.31999826959662 377
1739615808091 164.30723992377435 378
1739615808105 164.29448268303813 379
1739615808117 164.28172662173822 380
1739615808129 164.26897166531623 381
1739615808140 164.256217888118 382
1739615808153 164.2434652155896 383
1739615808165 164.23071372207235 384
1739615808176 164.21796333301694 385
1739615808189 164.20521412276028 386
1739615808200 164.1924660167574 387
1739615808212 164.1797190893408 388
1739615808223 164.16697326597 389
1739615808235 164.1542286209731 390
1739615808248 164.1414850798141 391
1739615808259 164.1287427168166 392
1739615808271 164.11600145744904 393
1739615808283 164.10326137603073 394
1739615808295 164.09052239803458 395
1739615808307 164.07778459777523 396
1739615808320 164.06504790073032 397
1739615808332 164.05231238121 398
1739615808343 164.03957796469626 399
1739615808355 164.02684472549495 400
1739615808368 164.01411258909246 401
1739615808380 164.00138162979025 402
1739615808392 163.98865181027898 403
1739615808404 163.97592309325498 404
1739615808417 163.963195553013 405
1739615808429 163.95046911505077 406
1739615808440 163.93774385365853 407
1739615808453 163.9250196943384 408
1739615808466 163.9122967113762 409
1739615808479 163.89957483027854 410
1739615808491 163.8868541253269 411
1739615808503 163.87413452203216 412
1739615808516 163.86141609467154 413
1739615808527 163.84869876876039 414
1739615808539 163.83598261857142 415
1739615808552 163.82326756962448 416
1739615808564 163.81055369618784 417
1739615808576 163.79784092378588 418
1739615808588 163.78512932668227 419
1739615808602 163.77241883040597 420
1739615808614 163.75970950921632 421
1739615808625 163.7470012886467 422
1739615808637 163.7342942429519 423
1739615808650 163.7215882976698 424
1739615808662 163.7088835270509 425
1739615808674 163.6961798566374 426
1739615808687 163.68347736067537 427
1739615808699 163.67077596471157 428
1739615808712 163.65807574298768 429
1739615808723 163.64537665822454 430
1739615808736 163.63267867314892 431
1739615808747 163.61998186199574 432
1739615808759 163.60728615032298 433
1739615808772 163.59459161236114 434
1739615808785 163.58189817367258 435
1739615808797 163.5692059084835 436
1739615808808 163.55651474236066 437
1739615808821 163.5438247495258 438
1739615808833 163.53113585555022 439
1739615808845 163.5184481346512 440
1739615808857 163.50576151240452 441
1739615808870 163.493076063023 442
1739615808882 163.48039171208694 443
1739615808894 163.46770853380468 444
1739615808906 163.45502645376092 445
1739615808918 163.44234554615971 446
1739615808931 163.42966573659024 447
1739615808943 163.416987099252 448
1739615808956 163.40430955973864 449
1739615808978 163.39163319224534 450
1739615808990 163.3789579223702 451
1739615809003 163.36628382430385 452
1739615809016 163.35361082364898 453
1739615809028 163.34093899459182 454
1739615809039 163.32826826273936 455
1739615809052 163.31559870227352 456
1739615809064 163.30293027594553 457
1739615809076 163.29026294651229 458
1739615809089 163.27759678814905 459
1739615809101 163.26493172647403 460
1739615809114 163.25226783565805 461
1739615809126 163.23960504132364 462
1739615809138 163.22694341763736 463
1739615809150 163.21428289022617 464
1739615809163 163.2016235332521 465
1739615809175 163.1889652723467 466
1739615809187 163.17630818166757 467
1739615809200 163.16365218685064 468
1739615809211 163.15099736204905 469
1739615809223 163.13834363290337 470
1739615809235 163.12569107356222 471
1739615809247 163.11303960967055 472
1739615809259 163.10038931537272 473
1739615809272 163.08774011631803 474
1739615809284 163.0750920866464 475
1739615809296 163.0624451520117 476
1739615809307 163.04979938654935 477
1739615809320 163.03715471591764 478
1739615809332 163.02451121424767 479
1739615809343 163.01186880720215 480
1739615809355 162.99922756890774 481
1739615809368 162.98658742503162 482
1739615809380 162.97394844969605 483
1739615809391 162.96131060568243 484
1739615809404 162.94867385577786 485
1739615809417 162.93603827409814 486
1739615809429 162.92340378632144 487
1739615809440 162.91077046655903 488
1739615809452 162.8981382404936 489
1739615809465 162.88550718223203 490
1739615809477 162.87287721746154 491
1739615809489 162.8602484202844 492
1739615809501 162.8476207163924 493
1739615809513 162.83499417988352 494
1739615809526 162.82236873645377 495
1739615809538 162.8097444601968 496
1739615809550 162.7971212768131 497
1739615809563 162.78449926039195 498
1739615809575 162.77187833663822 499
