1739615583635 150.41360220135692 0
1739615583649 125.80884673994441 1
1739615583663 108.26837559806908 2
1739615583676 95.45035221716827 3
1739615583689 78.30706402487007 4
1739615583702 72.74783253317263 5
1739615583714 62.7749194127476 6
1739615583728 51.63835706455835 7
1739615583740 45.54055222790931 8
1739615583753 38.38773348731077 9
1739615583765 35.42055387108565 10
1739615583779 30.283471860197853 11
1739615583792 27.400711995002734 12
1739615583805 23.82886311834501 13
1739615583828 20.34477270881951 14
1739615583842 19.782688742995127 15
1739615583855 16.203360960626668 16
1739615583869 14.177421142261773 17
1739615583891 11.648447088470974 18
1739615583907 12.05719825740272 19
1739615583920 10.68434259733749 20
1739615583932 10.253113276919564 21
1739615583945 9.324800834521277 22
1739615583959 8.22874968190558 23
1739615583973 5.539212800470386 24
1739615583987 7.700334877038148 25
1739615584001 5.218557235926665 26
1739615584018 5.690244472998706 27
1739615584032 4.616861945477653 28
1739615584045 4.618688763366033 29
1739615584057 5.590456566844292 30
1739615584070 3.3736545416715167 31
1739615584083 4.2645275425718365 32
1739615584096 3.735530952906755 33
1739615584109 2.8902121513798447 34
1739615584122 2.6253819886268235 35
1739615584134 3.526972765263374 36
1739615584148 2.0846480338214732 37
1739615584160 1.6295088220848268 38
1739615584172 2.5587491398891182 39
1739615584183 2.220096599501022 40
1739615584195 2.0721391972285916 41
1739615584207 2.0856450412193372 42
1739615584220 1.7421199668810095 43
1739615584232 2.3998554302423436 44
1739615584244 2.119001690831201 45
1739615584257 1.7229338580373579 46
1739615584269 1.8796862407095412 47
1739615584281 1.9270465398073646 48
1739615584294 2.0107551740454137 49
1739615584306 2.105343430325329 50
1739615584318 1.3085000780727334 51
1739615584330 1.9876557771551844 52
1739615584343 1.867775720756579 53
1739615584356 1.2334677311421094 54
1739615584369 1.4261626086126387 55
1739615584382 1.8713175799207593 56
1739615584395 1.3746591975856242 57
1739615584407 1.969726403771183 58
1739615584420 1.8767199515710078 59
1739615584432 1.2997594018150511 60
1739615584445 1.008984270462787 61
1739615584458 1.5263386567139505 62
1739615584471 1.4490781139566022 63
1739615584483 1.7664538635184694 64
1739615584496 1.2339883199637713 65
1739615584509 0.7436230071064579 66
1739615584521 1.5590082496593975 67
1739615584534 1.2925472646608953 68
1739615584546 1.51244353701277 69
1739615584558 1.4131780435941246 70
1739615584571 1.669432207567507 71
1739615584583 1.8130904343949266 72
1739615584595 1.3422715589017313 73
1739615584609 1.9872857714126662 74
1739615584621 0.8463760092883547 75
1739615584633 1.5631012483301518 76
1739615584645 0.876432601791772 77
1739615584658 1.509259333848916 78
1739615584671 1.6625937322797841 79
1739615584683 1.565218217163271 80
1739615584696 1.3233487940370618 81
1739615584709 0.9795928184131014 82
1739615584721 1.3616481565401382 83
1739615584733 1.1650014280331218 84
1739615584745 1.1781643182044328 85
1739615584759 1.748701635454201 86
1739615584772 1.5696833415781584 87
1739615584783 1.7121403939908988 88
1739615584796 1.446251522110346 89
1739615584808 0.8861759863817873 90
1739615584820 1.0925599811965565 91
1739615584832 1.5287436922297035 92
1739615584846 2.20681968618481 93
1739615584858 1.7207430906879666 94
1739615584871 1.0322618097589282 95
1739615584883 1.4644328111009453 96
1739615584896 1.7127994416411643 97
1739615584909 1.1590704254110182 98
1739615584921 1.5509556131618483 99
1739615584934 1.2089737140316092 100
1739615584946 1.3438609366163463 101
1739615584960 1.6082638123407589 102
1739615584973 1.3991061750000326 103
1739615584985 1.0837002104410793 104
1739615584997 1.2677752973515555 105
1739615585010 1.665490376681028 106
1739615585026 1.2230334192477301 107
1739615585039 0.9683718796324642 108
1739615585051 0.8827041284388611 109
1739615585063 1.4543106041190084 110
1739615585076 2.3032630423710607 111
1739615585089 0.9635317126198634 112
1739615585112 1.4288003522118113 113
1739615585140 1.8286484929744125 114
1739615585160 1.6941564803905433 115
1739615585181 1.2730256455404863 116
1739615585202 1.7937923778338964 117
1739615585225 1.5546609083821223 118
1739615585245 2.0049693382742793 119
1739615585265 1.3404994149664817 120
1739615585279 1.1588147679950624 121
1739615585293 1.08544812908686 122
1739615585306 1.437688838988752 123
1739615585319 1.5553637894125119 124
1739615585333 1.1426512590059137 125
1739615585346 1.7205111573669822 126
1739615585360 1.365064986013784 127
1739615585373 1.8565325835550879 128
1739615585387 1.3684567599083752 129
1739615585399 1.6927574835210524 130
