1739613910780 146.5025485767786 0
1739613910790 125.27224200369079 1
1739613910801 106.372397765572 2
1739613910812 95.65421742932091 3
1739613910823 82.1977175073477 4
1739613910834 71.34297415424972 5
1739613910845 63.2245558566995 6
1739613910855 51.26161201461009 7
1739613910866 45.01649201053202 8
1739613910876 38.18974103727291 9
1739613910886 34.77543694888109 10
1739613910897 29.107978412637248 11
1739613910907 26.809966658204427 12
1739613910917 22.28831716129778 13
1739613910928 18.89280900481099 14
1739613910939 16.60366607821082 15
1739613910949 14.553992427370803 16
1739613910960 11.972287876986252 17
1739613910972 11.561880756686335 18
1739613910983 9.485563400828118 19
1739613910993 7.939057146413765 20
1739613911003 8.312873767361873 21
1739613911015 6.246676273946282 22
1739613911027 5.847526259740971 23
1739613911037 6.61745229856823 24
1739613911048 4.528527077608538 25
1739613911058 4.739570699928555 26
1739613911068 4.308008828909704 27
1739613911079 2.7514623366825477 28
1739613911090 4.068415960289076 29
1739613911100 3.2017256078570524 30
1739613911111 2.414487283374577 31
1739613911121 2.4394833909575655 32
1739613911132 1.9869502541444783 33
1739613911143 2.380914108361425 34
1739613911154 1.8850755730508348 35
1739613911165 2.137770786924949 36
1739613911176 2.0291954491338835 37
1739613911186 1.5615430545701845 38
1739613911196 2.0040033951977376 39
1739613911207 1.4827683521800106 40
1739613911217 1.6057742642668311 41
1739613911228 1.3376305804561754 42
1739613911238 1.5479480095562839 43
1739613911249 2.2662279752653514 44
1739613911259 1.4615238739151253 45
1739613911270 1.3329391616153499 46
1739613911281 1.1634581256999212 47
1739613911291 1.7005078834467058 48
1739613911302 0.7671228805607937 49
1739613911312 0.8261910666137883 50
1739613911323 1.141743151842285 51
1739613911333 1.0340872927510276 52
1739613911344 1.3003666494230601 53
1739613911354 0.7122127799941892 54
1739613911365 0.8499698037306029 55
1739613911375 1.2571937841583032 56
1739613911385 0.8461150941471963 57
1739613911396 0.6848898707900559 58
1739613911407 0.9340081908821997 59
1739613911417 0.6513435234667863 60
1739613911428 1.150139500622185 61
1739613911440 1.1270365762554928 62
1739613911450 0.7776289300558473 63
1739613911461 0.8258459511339389 64
1739613911472 0.5776928466304624 65
1739613911483 0.7356332670966859 66
1739613911494 0.9009157055412191 67
1739613911504 1.1102177994553173 68
1739613911515 1.5787284771122214 69
1739613911526 0.6527905528543099 70
1739613911536 0.9165672019185765 71
1739613911546 1.1850442030742614 72
1739613911557 0.9692278999029532 73
1739613911568 1.2418869332116242 74
1739613911579 1.0233349561834215 75
1739613911592 1.2731112615977707 76
1739613911603 1.0204631421957793 77
1739613911614 1.248852093066874 78
1739613911625 0.9218317952356524 79
1739613911645 0.6624998385783879 80
1739613911656 0.5952678616879411 81
1739613911667 1.1418211042816844 82
1739613911679 0.9968836254316369 83
1739613911690 0.9612761698576326 84
1739613911700 0.6251410744936107 85
1739613911712 1.9108182576775912 86
1739613911723 1.2516926128332406 87
1739613911734 1.3405909566077638 88
1739613911745 0.750421699370351 89
1739613911755 1.424624053482137 90
1739613911765 1.0018202788430048 91
1739613911776 1.461361311077498 92
1739613911787 1.0524536579533834 93
1739613911798 1.1671896797606744 94
1739613911808 0.7963272126888234 95
1739613911819 0.9124234169957117 96
1739613911829 0.85467146171956 97
1739613911839 1.7073677296255645 98
1739613911851 1.0966284295808462 99
1739613911862 1.050435212778965 100
1739613911872 1.3353192304250165 101
1739613911883 0.7086246676753325 102
1739613911894 0.9784688624308863 103
1739613911904 0.9147029214556816 104
1739613911915 0.7791250836856922 105
1739613911925 0.8415680230434164 106
1739613911936 0.8900877950321245 107
1739613911948 0.4366568429812611 108
1739613911960 0.709862026906869 109
