1739617796315 169.26182391425192 0
1739617796329 169.2485220312276 1
1739617796343 169.2352212779722 2
1739617796357 169.22192165438977 3
1739617796372 169.20862316038435 4
1739617796384 169.19532579586004 5
1739617796397 169.18202956072082 6
1739617796409 169.16873445487076 7
1739617796421 169.155440478214 8
1739617796434 169.14214763065456 9
1739617796446 169.12885591209655 10
1739617796458 169.11556532244407 11
1739617796472 169.1022758616012 12
1739617796484 169.08898752947215 13
1739617796500 169.07570032596092 14
1739617796513 169.06241425097167 15
1739617796525 169.04912930440864 16
1739617796538 169.03584548617584 17
1739617796551 169.02256279617748 18
1739617796564 169.00928123431774 19
1739617796577 168.99600080050075 20
1739617796590 168.98272149463077 21
1739617796603 168.96944331661192 22
1739617796615 168.95616626634833 23
1739617796628 168.94289034374438 24
1739617796640 168.92961554870413 25
1739617796652 168.91634188113187 26
1739617796665 168.90306934093184 27
1739617796678 168.88979792800822 28
1739617796690 168.87652764226522 29
1739617796702 168.86325848360724 30
1739617796715 168.84999045193848 31
1739617796727 168.8367235471631 32
1739617796740 168.8234577691855 33
1739617796752 168.8101931179099 34
1739617796765 168.79692959324063 35
1739617796778 168.78366719508205 36
1739617796791 168.77040592333833 37
1739617796805 168.75714577791385 38
1739617796818 168.74388675871296 39
1739617796832 168.73062886564 40
1739617796846 168.71737209859927 41
1739617796859 168.70411645749516 42
1739617796874 168.69086194223198 43
1739617796889 168.67760855271413 44
1739617796903 168.66435628884597 45
1739617796918 168.6511051505319 46
1739617796934 168.6378551376763 47
1739617796948 168.62460625018358 48
1739617796963 168.61135848795814 49
1739617796977 168.5981118509044 50
1739617796992 168.58486633892673 51
1739617797006 168.57162195192961 52
1739617797020 168.55837868981754 53
1739617797034 168.54513655249488 54
1739617797047 168.53189553986604 55
1739617797066 168.51865565183564 56
1739617797082 168.50541688830805 57
1739617797102 168.49217924918773 58
1739617797118 168.47894273437922 59
1739617797133 168.46570734378702 60
1739617797148 168.45247307731557 61
1739617797161 168.43923993486945 62
1739617797176 168.42600791635314 63
1739617797191 168.4127770216712 64
1739617797207 168.39954725072815 65
1739617797221 168.38631860342852 66
1739617797234 168.37309107967693 67
1739617797248 168.35986467937784 68
1739617797261 168.3466394024359 69
1739617797274 168.33341524875564 70
1739617797288 168.32019221824166 71
1739617797302 168.3069703107986 72
1739617797317 168.29374952633094 73
1739617797331 168.28052986474344 74
1739617797345 168.2673113259406 75
1739617797361 168.25409390982708 76
1739617797375 168.24087761630759 77
1739617797390 168.22766244528668 78
1739617797404 168.21444839666898 79
1739617797419 168.20123547035925 80
1739617797433 168.18802366626207 81
1739617797447 168.17481298428217 82
1739617797460 168.1616034243242 83
1739617797473 168.14839498629286 84
1739617797488 168.13518767009285 85
1739617797506 168.12198147562887 86
1739617797520 168.10877640280566 87
1739617797534 168.09557245152791 88
1739617797552 168.08236962170034 89
1739617797568 168.06916791322777 90
1739617797582 168.05596732601484 91
1739617797596 168.04276785996637 92
1739617797609 168.02956951498714 93
1739617797622 168.01637229098185 94
1739617797636 168.00317618785536 95
1739617797649 167.98998120551238 96
1739617797663 167.9767873438578 97
1739617797676 167.96359460279635 98
1739617797690 167.95040298223284 99
1739617797703 167.9372124820721 100
1739617797716 167.924023102219 101
1739617797729 167.91083484257837 102
1739617797742 167.89764770305496 103
1739617797756 167.88446168355375 104
1739617797771 167.87127678397954 105
1739617797833 167.85809300423722 106
1739617797850 167.84491034423164 107
1739617797866 167.83172880386763 108
1739617797883 167.8185483830502 109
1739617797899 167.8053690816842 110
1739617797914 167.79219089967455 111
1739617797930 167.77901383692608 112
1739617797946 167.7658378933439 113
1739617797962 167.75266306883276 114
1739617797978 167.73948936329768 115
1739617797993 167.7263167766436 116
1739617798009 167.71314530877552 117
1739617798024 167.69997495959836 118
1739617798040 167.6868057290171 119
1739617798055 167.67363761693667 120
1739617798071 167.66047062326217 121
1739617798086 167.64730474789852 122
1739617798100 167.63413999075075 123
1739617798114 167.62097635172387 124
1739617798127 167.6078138307229 125
1739617798140 167.59465242765287 126
1739617798154 167.58149214241882 127
1739617798168 167.5683329749258 128
1739617798182 167.5551749250789 129
1739617798197 167.5420179927831 130
1739617798211 167.5288621779435 131
1739617798224 167.5157074804652 132
1739617798238 167.5025539002533 133
1739617798251 167.48940143721285 134
1739617798265 167.476250091249 135
1739617798279 167.46309986226683 136
1739617798292 167.44995075017147 137
1739617798306 167.43680275486804 138
1739617798319 167.4236558762617 139
1739617798333 167.4105101142575 140
1739617798346 167.39736546876074 141
1739617798360 167.38422193967645 142
1739617798374 167.37107952690988 143
1739617798387 167.3579382303662 144
1739617798401 167.3447980499505 145
1739617798414 167.33165898556808 146
1739617798427 167.3185210371241 147
1739617798440 167.30538420452373 148
1739617798453 167.29224848767223 149
1739617798465 167.27911388647485 150
1739617798477 167.26598040083678 151
1739617798489 167.25284803066324 152
1739617798502 167.2397167758595 153
1739617798515 167.22658663633086 154
1739617798527 167.2134576119825 155
1739617798539 167.20032970271976 156
1739617798552 167.1872029084479 157
1739617798564 167.1740772290722 158
1739617798576 167.16095266449796 159
1739617798588 167.14782921463046 160
1739617798602 167.13470687937505 161
1739617798614 167.12158565863706 162
1739617798627 167.10846555232175 163
1739617798639 167.09534656033452 164
1739617798651 167.08222868258068 165
1739617798666 167.0691119189656 166
1739617798681 167.05599626939465 167
1739617798696 167.04288173377319 168
1739617798710 167.02976831200658 169
1739617798725 167.01665600400023 170
1739617798739 167.00354480965947 171
1739617798755 166.99043472888982 172
1739617798770 166.97732576159657 173
1739617798785 166.9642179076852 174
1739617798800 166.95111116706113 175
1739617798815 166.93800553962976 176
1739617798829 166.92490102529655 177
1739617798843 166.91179762396698 178
1739617798859 166.89869533554645 179
1739617798874 166.88559415994044 180
1739617798889 166.87249409705444 181
1739617798903 166.859395146794 182
1739617798916 166.84629730906445 183
1739617798930 166.83320058377137 184
1739617798945 166.8201049708203 185
1739617798960 166.80701047011675 186
1739617798975 166.79391708156618 187
1739617798989 166.78082480507413 188
1739617799005 166.76773364054617 189
1739617799018 166.75464358788784 190
1739617799031 166.74155464700468 191
1739617799045 166.72846681780223 192
1739617799059 166.71538010018617 193
1739617799073 166.7022944940619 194
1739617799086 166.6892099993351 195
1739617799099 166.67612661591141 196
1739617799116 166.6630443436964 197
1739617799129 166.64996318259557 198
1739617799141 166.63688313251473 199
1739617799154 166.62380419335938 200
1739617799167 166.61072636503516 201
1739617799180 166.59764964744772 202
1739617799193 166.5845740405027 203
1739617799207 166.57149954410582 204
1739617799220 166.5584261581627 205
1739617799232 166.54535388257898 206
1739617799245 166.53228271726041 207
1739617799258 166.5192126621126 208
1739617799271 166.5061437170413 209
1739617799283 166.49307588195222 210
1739617799298 166.48000915675107 211
1739617799312 166.46694354134354 212
1739617799327 166.45387903563545 213
1739617799342 166.4408156395324 214
1739617799357 166.42775335294021 215
1739617799371 166.41469217576466 216
1739617799387 166.40163210791144 217
1739617799402 166.3885731492864 218
1739617799417 166.37551529979527 219
1739617799431 166.36245855934382 220
1739617799446 166.34940292783787 221
1739617799461 166.33634840518317 222
1739617799476 166.32329499128568 223
1739617799491 166.31024268605105 224
1739617799506 166.29719148938514 225
1739617799521 166.28414140119386 226
1739617799536 166.27109242138306 227
1739617799551 166.25804454985845 228
1739617799566 166.244997786526 229
1739617799581 166.23195213129154 230
1739617799595 166.21890758406096 231
1739617799610 166.20586414474008 232
1739617799625 166.19282181323493 233
1739617799640 166.17978058945124 234
1739617799655 166.16674047329505 235
1739617799669 166.15370146467217 236
1739617799684 166.1406635634886 237
1739617799699 166.12762676965025 238
1739617799714 166.11459108306303 239
1739617799728 166.1015565036329 240
1739617799743 166.08852303126585 241
1739617799758 166.07549066586773 242
1739617799772 166.06245940734462 243
1739617799785 166.04942925560246 244
1739617799799 166.0364002105473 245
1739617799812 166.023372272085 246
1739617799825 166.01034544012168 247
1739617799838 165.99731971456325 248
1739617799853 165.9842950953158 249
1739617799867 165.97127158228534 250
1739617799881 165.95824917537792 251
1739617799896 165.94522787449952 252
1739617799910 165.93220767955623 253
1739617799925 165.91918859045413 254
1739617799939 165.90617060709926 255
1739617799954 165.89315372939765 256
1739617799969 165.88013795725547 257
1739617799984 165.8671232905788 258
1739617799998 165.8541097292736 259
1739617800013 165.84109727324616 260
1739617800028 165.8280859224025 261
1739617800042 165.81507567664872 262
1739617800057 165.80206653589102 263
1739617800072 165.78905850003542 264
1739617800088 165.77605156898824 265
1739617800104 165.76304574265546 266
1739617800123 165.75004102094334 267
1739617800138 165.73703740375802 268
1739617800152 165.72403489100572 269
1739617800166 165.7110334825925 270
1739617800179 165.6980331784247 271
1739617800193 165.68503397840846 272
1739617800206 165.67203588245 273
1739617800220 165.6590388904555 274
1739617800233 165.64604300233123 275
1739617800247 165.63304821798337 276
1739617800259 165.62005453731823 277
1739617800273 165.60706196024194 278
1739617800287 165.5940704866609 279
1739617800301 165.5810801164813 280
1739617800316 165.56809084960946 281
1739617800329 165.5551026859516 282
1739617800342 165.54211562541403 283
1739617800355 165.52912966790302 284
1739617800368 165.51614481332493 285
1739617800382 165.50316106158604 286
1739617800395 165.4901784125927 287
1739617800408 165.4771968662512 288
1739617800422 165.46421642246787 289
1739617800435 165.45123708114912 290
1739617800448 165.4382588422012 291
1739617800461 165.42528170553058 292
1739617800474 165.41230567104353 293
1739617800488 165.39933073864648 294
1739617800501 165.38635690824583 295
1739617800515 165.37338417974794 296
1739617800528 165.36041255305918 297
1739617800541 165.34744202808602 298
1739617800554 165.33447260473486 299
1739617800567 165.3215042829121 300
1739617800580 165.30853706252418 301
1739617800593 165.29557094347754 302
1739617800605 165.28260592567864 303
1739617800618 165.2696420090339 304
1739617800631 165.25667919344986 305
1739617800643 165.2437174788329 306
1739617800655 165.23075686508955 307
1739617800667 165.21779735212627 308
1739617800679 165.20483893984962 309
1739617800691 165.191881628166 310
1739617800705 165.178925416982 311
1739617800718 165.16597030620414 312
1739617800731 165.15301629573887 313
1739617800745 165.14006338549282 314
1739617800757 165.12711157537245 315
1739617800769 165.11416086528442 316
1739617800782 165.10121125513515 317
1739617800795 165.0882627448313 318
1739617800808 165.07531533427942 319
1739617800822 165.06236902338608 320
1739617800837 165.0494238120579 321
1739617800851 165.03647970020145 322
1739617800865 165.02353668772335 323
1739617800880 165.01059477453018 324
1739617800895 164.99765396052865 325
1739617800909 164.9847142456253 326
1739617800924 164.97177562972684 327
1739617800938 164.9588381127398 328
1739617800953 164.94590169457098 329
1739617800967 164.9329663751269 330
1739617800982 164.92003215431438 331
1739617800997 164.90709903204004 332
1739617801011 164.89416700821047 333
1739617801025 164.88123608273247 334
1739617801039 164.86830625551272 335
1739617801054 164.8553775264579 336
1739617801066 164.84244989547474 337
1739617801079 164.82952336247 338
1739617801092 164.81659792735036 339
1739617801105 164.8036735900226 340
1739617801118 164.79075035039344 341
1739617801131 164.77782820836967 342
1739617801145 164.76490716385803 343
1739617801160 164.75198721676531 344
1739617801173 164.73906836699825 345
1739617801186 164.7261506144637 346
1739617801200 164.71323395906842 347
1739617801214 164.7003184007192 348
1739617801226 164.68740393932288 349
1739617801240 164.67449057478626 350
1739617801253 164.6615783070162 351
1739617801267 164.6486671359195 352
1739617801280 164.63575706140307 353
1739617801293 164.62284808337364 354
1739617801305 164.60994020173823 355
1739617801318 164.59703341640355 356
1739617801331 164.58412772727655 357
1739617801345 164.57122313426407 358
1739617801358 164.55831963727314 359
1739617801371 164.54541723621045 360
1739617801384 164.5325159309831 361
1739617801397 164.5196157214979 362
1739617801409 164.50671660766176 363
1739617801422 164.49381858938168 364
1739617801436 164.48092166656457 365
1739617801449 164.46802583911733 366
1739617801461 164.455131106947 367
1739617801474 164.44223746996047 368
1739617801486 164.42934492806475 369
1739617801499 164.4164534811668 370
1739617801512 164.40356312917365 371
1739617801524 164.3906738719922 372
1739617801537 164.37778570952952 373
1739617801550 164.36489864169263 374
1739617801563 164.3520126683885 375
1739617801575 164.33912778952424 376
1739617801588 164.32624400500674 377
1739617801600 164.31336131474316 378
1739617801612 164.30047971864056 379
1739617801625 164.28759921660594 380
1739617801639 164.2747198085464 381
1739617801652 164.26184149436892 382
1739617801665 164.24896427398073 383
1739617801678 164.2360881472888 384
1739617801690 164.2232131142003 385
1739617801705 164.21033917462225 386
1739617801719 164.19746632846184 387
1739617801733 164.18459457562616 388
1739617801748 164.17172391602242 389
1739617801763 164.1588543495576 390
1739617801778 164.14598587613898 391
1739617801792 164.13311849567364 392
1739617801807 164.12025220806876 393
1739617801822 164.10738701323146 394
1739617801837 164.09452291106902 395
1739617801852 164.0816599014885 396
1739617801867 164.06879798439726 397
1739617801882 164.05593715970235 398
1739617801897 164.043077427311 399
1739617801912 164.03021878713045 400
1739617801926 164.01736123906795 401
1739617801941 164.00450478303068 402
1739617801955 163.99164941892593 403
1739617801968 163.97879514666087 404
1739617801981 163.96594196614285 405
1739617801995 163.95308987727907 406
1739617802010 163.94023887997682 407
1739617802023 163.92738897414335 408
1739617802036 163.91454015968597 409
1739617802049 163.901692436512 410
1739617802062 163.8888458045287 411
1739617802074 163.87600026364342 412
1739617802087 163.8631558137634 413
1739617802100 163.85031245479607 414
1739617802112 163.8374701866487 415
1739617802124 163.82462900922863 416
1739617802138 163.8117889224432 417
1739617802151 163.7989499261998 418
1739617802163 163.78611202040582 419
1739617802176 163.77327520496854 420
1739617802189 163.76043947979548 421
1739617802201 163.74760484479387 422
1739617802214 163.73477129987117 423
1739617802226 163.72193884493487 424
1739617802239 163.70910747989223 425
1739617802252 163.6962772046508 426
1739617802265 163.68344801911795 427
1739617802278 163.6706199232011 428
1739617802290 163.65779291680772 429
1739617802303 163.64496699984522 430
1739617802317 163.63214217222117 431
1739617802329 163.6193184338429 432
1739617802342 163.60649578461795 433
1739617802355 163.59367422445382 434
1739617802370 163.58085375325797 435
1739617802384 163.5680343709379 436
1739617802398 163.55521607740116 437
1739617802413 163.54239887255517 438
1739617802429 163.52958275630758 439
1739617802446 163.51676772856578 440
1739617802460 163.50395378923739 441
1739617802475 163.49114093822996 442
1739617802490 163.47832917545102 443
1739617802505 163.46551850080814 444
1739617802519 163.45270891420887 445
1739617802535 163.43990041556083 446
1739617802614 163.4270930047716 447
1739617802645 163.4142866817487 448
1739617802664 163.40148144639977 449
1739617802682 163.3886772986325 450
1739617802700 163.37587423835438 451
1739617802724 163.36307226547314 452
1739617802741 163.35027137989633 453
1739617802757 163.33747158153162 454
1739617802775 163.32467287028666 455
1739617802791 163.3118752460691 456
1739617802808 163.29907870878662 457
1739617802825 163.28628325834686 458
1739617802840 163.27348889465756 459
1739617802855 163.26069561762634 460
1739617802870 163.24790342716094 461
1739617802885 163.235112323169 462
1739617802900 163.2223223055583 463
1739617802914 163.2095333742365 464
1739617802928 163.19674552911138 465
1739617802943 163.18395877009067 466
1739617802957 163.1711730970821 467
1739617802971 163.1583885099934 468
1739617802985 163.1456050087323 469
1739617802998 163.13282259320667 470
1739617803014 163.12004126332414 471
1739617803027 163.10726101899263 472
1739617803040 163.09448186011986 473
1739617803054 163.08170378661367 474
1739617803067 163.06892679838174 475
1739617803081 163.056150895332 476
1739617803094 163.04337607737227 477
1739617803107 163.0306023444103 478
1739617803121 163.01782969635406 479
1739617803135 163.00505813311122 480
1739617803148 162.99228765458977 481
1739617803162 162.9795182606975 482
1739617803175 162.96674995134228 483
1739617803189 162.95398272643203 484
1739617803201 162.9412165858746 485
1739617803213 162.9284515295779 486
1739617803225 162.9156875574498 487
1739617803238 162.90292466939817 488
1739617803251 162.890162865331 489
1739617803264 162.87740214515617 490
1739617803279 162.86464250878166 491
1739617803293 162.8518839561154 492
1739617803306 162.83912648706522 493
1739617803320 162.8263701015392 494
1739617803333 162.81361479944528 495
1739617803346 162.8008605806914 496
1739617803359 162.7881074451855 497
1739617803373 162.77535539283565 498
1739617803388 162.7626044235498 499
