1739556461338 150.85109937198254 0
1739556461349 145.32508596822518 1
1739556461359 135.39950034030488 2
1739556461369 124.0708035258692 3
1739556461380 115.76278286828922 4
1739556461390 106.6943221734587 5
1739556461400 100.33391067950994 6
1739556461414 93.87243806311746 7
1739556461424 87.82812146197983 8
1739556461433 81.66703517566889 9
1739556461444 75.40857298873021 10
1739556461455 71.75063701221167 11
1739556461465 64.73624403862937 12
1739556461475 63.2521113679178 13
1739556461485 54.287997708070904 14
1739556461495 52.73530162882484 15
1739556461505 51.42024240152114 16
1739556461515 46.505310833308556 17
1739556461525 42.86276387985756 18
1739556461537 38.49816813363606 19
1739556461549 38.05539815584023 20
1739556461559 34.25375814659717 21
1739556461569 32.779655410693444 22
1739556461579 31.59800494633158 23
1739556461589 28.056893563086735 24
1739556461600 25.050471062455728 25
1739556461610 25.11634568881516 26
1739556461619 23.732079169642805 27
1739556461628 23.51256007541386 28
1739556461637 20.470941793076157 29
1739556461647 19.41203883321946 30
1739556461656 18.498836214570193 31
1739556461667 16.575402776517773 32
1739556461676 16.68094176694852 33
1739556461686 15.39543918550827 34
1739556461696 14.687895017650913 35
1739556461706 14.389397586338596 36
1739556461715 13.48584712165299 37
1739556461725 11.830890323630214 38
1739556461734 10.039706501035687 39
1739556461744 10.725351236912868 40
1739556461753 9.945113739625707 41
1739556461763 10.576340717692416 42
1739556461773 9.215065368999051 43
1739556461783 9.023955043033585 44
1739556461793 7.631168633386446 45
1739556461803 7.20039924385422 46
1739556461812 6.44630009721809 47
1739556461822 6.189785661275564 48
1739556461831 6.880076865127731 49
1739556461841 5.803287277968352 50
1739556461852 5.632972798379263 51
1739556461862 6.615463173471008 52
1739556461873 5.820360326231733 53
1739556461883 4.676009855261287 54
1739556461892 5.557158868247215 55
1739556461902 4.195955408301715 56
1739556461911 4.839900123880889 57
1739556461920 4.165168635794595 58
1739556461930 4.704982191096688 59
1739556461939 4.119087816540371 60
1739556461948 4.296189212457028 61
1739556461959 3.774254026153555 62
1739556461969 3.090820748052811 63
1739556461979 4.517798727786997 64
1739556461989 2.8028762619330916 65
1739556461998 3.395663733797371 66
1739556462008 3.014313688815085 67
1739556462017 4.112244584214462 68
1739556462027 3.6643726141412394 69
1739556462037 3.5018336950167517 70
1739556462046 3.432165425724563 71
1739556462055 2.9633684433050376 72
1739556462066 2.3393311223441815 73
1739556462076 2.1758474262331604 74
1739556462085 2.3477442226409653 75
1739556462094 2.243161458655957 76
1739556462104 2.975559045074786 77
1739556462114 2.129596579365568 78
1739556462124 2.58154682523514 79
1739556462133 3.2272253275717055 80
1739556462142 2.2970589230685023 81
1739556462152 2.4242737326420567 82
1739556462161 1.9808978504111552 83
1739556462170 2.0064666085407517 84
1739556462181 2.4332585647714873 85
1739556462191 2.162402338688115 86
1739556462201 2.4311740922448597 87
1739556462211 1.5154860449272072 88
1739556462220 1.9239540052333433 89
1739556462230 2.009110511312321 90
1739556462239 2.4172322246877833 91
1739556462248 2.9359331239983386 92
1739556462258 1.612805479986752 93
1739556462267 1.6821503089774006 94
1739556462278 1.9649507279402534 95
1739556462288 1.9794395526422128 96
1739556462298 1.7609053934293075 97
1739556462308 1.5715108445744739 98
1739556462317 1.5179961964822524 99
1739556462327 1.4155851067271257 100
1739556462336 2.2580493490971505 101
1739556462346 1.9103877821585378 102
1739556462356 1.6705116897327732 103
1739556462365 1.7558148899170816 104
1739556462375 1.310803735997024 105
1739556462385 1.329729249130021 106
1739556462395 1.591310340488025 107
1739556462405 1.6387463585537367 108
1739556462418 1.3592160059406369 109
1739556462427 1.9600306587517455 110
1739556462436 1.3487431714540354 111
1739556462445 1.3450218585729181 112
1739556462454 1.6334291858259036 113
1739556462464 1.028468956347786 114
1739556462474 1.7536584852688473 115
1739556462484 1.8009893739367167 116
1739556462494 1.5568977694759831 117
1739556462503 1.4493468832974554 118
1739556462513 1.6015928358841895 119
1739556462522 1.6443179907839616 120
1739556462531 1.7909926358283068 121
1739556462544 1.7197085816458924 122
1739556462560 1.5232852707854756 123
1739556462571 2.2814663716940076 124
1739556462610 2.0031138048568793 125
1739556462621 1.424457912096713 126
1739556462632 1.557119946017122 127
1739556462642 1.803511708394448 128
1739556462653 1.3427583314233917 129
1739556462663 2.358097440311 130
1739556462674 1.4421414183683994 131
1739556462686 0.9316403577006641 132
1739556462697 1.9324539124610187 133
1739556462707 1.4576554111030833 134
1739556462718 1.3414749857668016 135
1739556462729 1.0978996096765423 136
1739556462739 1.2058104730129797 137
1739556462750 1.4754420042253429 138
1739556462760 1.764743425587099 139
1739556462770 1.2179395328827447 140
1739556462781 1.4043421789385435 141
1739556462791 1.916510226102946 142
1739556462801 1.4466533307744511 143
1739556462810 2.1262944449438836 144
1739556462820 3.5593657186065557 145
1739556462830 1.9291418596904313 146
1739556462839 1.0795235209691207 147
1739556462849 1.225099482177447 148
1739556462859 2.0270904555302884 149
1739556462869 1.695673559061089 150
1739556462880 1.6685343750301556 151
1739556462889 1.104159466818808 152
1739556462899 1.4475005472758327 153
1739556462909 1.5504990361187083 154
1739556462919 2.2372629232208765 155
1739556462928 1.7776084825183818 156
1739556462938 1.6478085160796854 157
1739556462948 1.788196007765379 158
1739556462958 1.2300818689113806 159
1739556462968 1.7063223329855142 160
1739556462978 1.2772112737883823 161
1739556462988 1.4900882392725172 162
1739556462998 1.8006112306613888 163
1739556463008 1.7957070023975787 164
1739556463018 1.4861843283333198 165
1739556463028 1.6043085523484248 166
1739556463038 1.4221563814555707 167
1739556463048 1.493456120644151 168
1739556463058 1.5211070021127173 169
1739556463068 1.868901821246108 170
1739556463079 1.1356066203148911 171
1739556463089 1.534382509601955 172
1739556463100 0.9273540731120712 173
1739556463110 0.9316425414641615 174
1739556463119 1.513750750622634 175
1739556463129 1.4469363934295345 176
1739556463139 1.1979683761196633 177
1739556463149 1.1431266900722346 178
1739556463159 1.648140747407277 179
1739556463168 0.9233015235569108 180
1739556463178 1.2165668374473015 181
1739556463188 1.2163360406587709 182
1739556463198 0.9406716674088983 183
1739556463209 1.2572756529392275 184
1739556463219 0.8997706460756291 185
1739556463229 1.1328282231750375 186
1739556463239 0.9967880164502531 187
1739556463249 1.1148426789235943 188
1739556463258 1.0504172088073689 189
1739556463268 1.1423593891385342 190
1739556463278 0.8934953989878373 191
1739556463288 1.299177719338669 192
1739556463298 1.490495208874688 193
1739556463308 2.069713458751356 194
1739556463318 1.6947831839633372 195
1739556463328 1.1126533779384946 196
1739556463338 1.5987114046577007 197
1739556463348 1.0572030762476001 198
1739556463358 2.7461074420149982 199
1739556463368 1.2485858360262205 200
1739556463379 1.4307538536680355 201
1739556463392 2.0035566458336453 202
1739556463402 0.6988234569036361 203
1739556463412 1.2672506387645885 204
1739556463425 1.510481512242583 205
1739556463434 1.8270656638095546 206
1739556463445 1.4508879503166963 207
1739556463455 1.5194568926908334 208
1739556463465 1.070068407381457 209
1739556463474 2.167487757153084 210
1739556463484 2.0096961283034123 211
1739556463495 1.105303368308616 212
1739556463506 1.2754381247339845 213
1739556463516 1.1339101753814453 214
1739556463526 1.1201558693462597 215
1739556463535 1.2367740262149385 216
1739556463546 1.5952579271968064 217
1739556463555 2.355477638942314 218
1739556463566 1.230451960104285 219
1739556463576 1.9096092756260272 220
1739556463586 1.8272333457610712 221
1739556463596 1.0645985119149994 222
1739556463606 1.1550003463901648 223
1739556463616 3.749123595356783 224
1739556463626 1.2635203682901268 225
1739556463635 1.2643335845501458 226
1739556463645 1.8849669345091358 227
1739556463655 1.1621317096947406 228
1739556463665 1.3260108076543837 229
1739556463674 0.8530478895925959 230
1739556463684 1.10792574403136 231
1739556463694 1.3829835907905303 232
1739556463704 0.9945149090721153 233
1739556463714 1.7947380259953956 234
1739556463723 1.7751774219447902 235
1739556463732 0.9023337449560339 236
1739556463741 1.3228419419581892 237
1739556463751 1.7194414271907106 238
1739556463761 1.2764162085859823 239
1739556463770 1.3552154446771045 240
1739556463780 1.750906071364827 241
1739556463790 0.9855346469359065 242
1739556463800 1.1145653211137623 243
1739556463810 1.5063944418777762 244
1739556463820 1.1632409812735527 245
1739556463829 1.3657263347055215 246
