1739554732599 155.1456168464639 0
1739554732608 154.76783736991325 1
1739554732617 143.45209440765757 2
1739554732625 133.4193493818547 3
1739554732633 126.20305673520701 4
1739554732641 119.92404610319383 5
1739554732649 115.02582379106153 6
1739554732656 108.58051528991747 7
1739554732664 98.44398910889848 8
1739554732671 94.92790908134869 9
1739554732679 89.69016232632093 10
1739554732687 84.05212791884391 11
1739554732696 82.01632061201316 12
1739554732704 76.88532414621673 13
1739554732712 74.93023874404845 14
1739554732720 74.89556792474741 15
1739554732728 69.40776157436086 16
1739554732735 65.08841847556153 17
1739554732744 61.34687667495624 18
1739554732751 64.75256830929112 19
1739554732759 58.311442510382896 20
1739554732766 50.74709236452245 21
1739554732774 55.70151700714404 22
1739554732782 49.798585259108734 23
1739554732789 44.90928523950895 24
1739554732799 48.428147111702216 25
1739554732808 40.277908009130286 26
1739554732816 39.718398016872186 27
1739554732825 42.66404407717324 28
1739554732833 38.082910498458325 29
1739554732840 36.27697989003159 30
1739554732849 43.07861244523918 31
1739554732858 33.78156648989282 32
1739554732866 33.98593254023731 33
1739554732874 33.86084251720818 34
1739554732883 26.97525494164008 35
1739554732892 27.323469509994123 36
1739554732901 25.645064505999116 37
1739554732910 30.377591083436368 38
1739554732918 30.121070297611606 39
1739554732926 29.47414173219106 40
1739554732934 26.573911973039 41
1739554732942 25.534120073187083 42
1739554732951 24.176412800028174 43
1739554732959 25.895256290355295 44
1739554732967 24.31426412993993 45
1739554732976 19.282753375319736 46
1739554732983 20.66189928311889 47
1739554732992 27.516736842679624 48
1739554733000 16.71624915773055 49
1739554733008 17.877552348132994 50
1739554733016 21.756547800865988 51
1739554733024 15.807322279273603 52
1739554733032 18.895088156533344 53
1739554733039 18.43928227597685 54
1739554733047 14.691031846701055 55
1739554733054 19.606894846474518 56
1739554733062 23.476237024155797 57
1739554733070 15.26908169105128 58
1739554733078 17.11589792146076 59
1739554733085 15.174128934607413 60
1739554733093 19.379263359288014 61
1739554733100 12.353129502889779 62
1739554733108 13.934865926001894 63
1739554733116 14.677526620290916 64
1739554733124 10.50756400201944 65
1739554733131 14.15284390510848 66
1739554733139 11.714749968234363 67
1739554733147 13.574264700213075 68
1739554733155 19.930527552447757 69
1739554733162 17.87269866433124 70
1739554733170 14.634563696053721 71
1739554733178 15.649971309847563 72
1739554733185 14.13642502166937 73
1739554733193 11.56032542375057 74
1739554733200 8.393538990474672 75
1739554733208 16.1788522621294 76
1739554733217 17.159215652086512 77
1739554733225 11.049652404030384 78
1739554733233 20.887790119337822 79
1739554733241 11.406989087051336 80
1739554733248 14.079181846399148 81
1739554733255 11.597585234666472 82
1739554733263 16.540221280205838 83
1739554733271 16.432535812059378 84
1739554733279 11.898233060212627 85
1739554733287 14.543498959298063 86
1739554733294 12.066967592577402 87
1739554733301 13.20215961566898 88
1739554733310 15.410423076603172 89
1739554733318 11.865966819787054 90
1739554733326 14.502667254615929 91
1739554733334 14.40529440483043 92
1739554733342 8.621334792490863 93
1739554733349 13.686793027024017 94
1739554733356 17.712993311541478 95
1739554733364 12.63122796770895 96
1739554733371 8.918888580832487 97
1739554733379 17.351367837835674 98
1739554733387 15.595565703011884 99
1739554733394 10.811905855825536 100
1739554733401 19.501244904523336 101
1739554733409 14.007953296465946 102
1739554733417 15.733301001923431 103
1739554733425 12.154384381518078 104
1739554733433 12.359180931744746 105
1739554733441 8.231860570485606 106
1739554733448 12.159074596920064 107
1739554733456 20.198010643287322 108
1739554733464 15.018500835496356 109
1739554733471 13.652403881537307 110
1739554733479 12.516950886727107 111
1739554733486 11.812894555243203 112
1739554733494 12.994699445475964 113
1739554733501 15.882495076819282 114
1739554733509 15.303121815578004 115
1739554733517 11.688463687548671 116
1739554733524 14.086674487529175 117
1739554733532 18.058411062963707 118
1739554733540 12.763664611040863 119
1739554733549 13.047850030050666 120
1739554733557 11.493642469118752 121
1739554733565 11.268980967424916 122
1739554733572 13.125297055285039 123
1739554733580 13.14007559357718 124
1739554733587 12.803903413011925 125
1739554733595 8.036392380246225 126
1739554733608 11.691073382978205 127
1739554733615 13.230454960829286 128
1739554733623 10.358987616534662 129
1739554733631 12.3008372092209 130
1739554733638 13.043766940090904 131
1739554733646 17.541210820061224 132
1739554733653 15.225902326998405 133
1739554733660 11.933863952117667 134
1739554733668 9.976740690688723 135
1739554733675 10.716692320136518 136
1739554733683 13.28007392368305 137
1739554733691 15.561968967329788 138
1739554733698 14.030003559168962 139
1739554733705 17.694014545659996 140
1739554733713 10.785765486591863 141
1739554733721 9.521224419985513 142
1739554733730 17.36832147046167 143
1739554733738 14.316681037980345 144
1739554733746 19.35182449167879 145
1739554733753 13.091304291148164 146
1739554733761 7.803109371253353 147
1739554733768 17.183277093730847 148
1739554733776 10.599786374680155 149
1739554733784 14.25851500402057 150
1739554733791 15.157286049673845 151
1739554733799 8.839343654614282 152
1739554733814 13.787454868604241 153
1739554733852 15.00592416198956 154
1739554733861 12.97513141693462 155
1739554733870 12.12597009091196 156
1739554733878 12.771374426554342 157
1739554733886 10.272077759870518 158
1739554733895 15.152547158514734 159
1739554733903 16.012140664282132 160
1739554733911 12.39490926847294 161
1739554733919 9.37085104580922 162
1739554733927 8.415842911252216 163
1739554733935 14.460824591479088 164
1739554733944 12.164832319360832 165
1739554733952 11.347388720037323 166
1739554733960 14.027014022174352 167
1739554733968 12.92810185573825 168
1739554733977 11.158930641905908 169
1739554733984 10.095338981725018 170
1739554733992 15.97038073259745 171
1739554734000 12.727981205562383 172
1739554734008 13.495338296801977 173
1739554734016 14.214087397443022 174
1739554734024 13.122187667585676 175
1739554734032 16.67046314840159 176
1739554734040 14.74668531129557 177
1739554734048 16.395821626763443 178
1739554734056 11.326902912222442 179
1739554734064 10.617060237319055 180
1739554734072 16.648406151676426 181
1739554734081 11.649255454301901 182
1739554734088 9.74337793992446 183
1739554734096 13.891482336955836 184
1739554734104 13.688546952313562 185
1739554734112 11.141416312162399 186
1739554734119 14.841006731624253 187
1739554734128 13.604515579423524 188
1739554734135 16.445913924088835 189
1739554734144 15.316349708065522 190
1739554734152 12.99711583261249 191
1739554734160 11.03070030689844 192
1739554734168 10.855290688042533 193
1739554734175 15.667867234885033 194
1739554734183 7.178098225347166 195
1739554734191 11.361146263595137 196
1739554734199 9.865821711282672 197
1739554734207 14.446292833688883 198
1739554734215 13.97734780459718 199
1739554734223 10.01657044600734 200
