1739613081961 168.8033896708595 0
1739613081971 168.7698011723903 1
1739613081980 168.73622006896395 2
1739613081989 168.702646358885 3
1739613081999 168.66908004045845 4
1739613082008 168.63552111198962 5
1739613082017 168.6019695717842 6
1739613082026 168.56842541814842 7
1739613082035 168.53488864938882 8
1739613082044 168.5013592638122 9
1739613082052 168.46783725972605 10
1739613082061 168.43432263543798 11
1739613082070 168.40081538925622 12
1739613082079 168.36731551948924 13
1739613082088 168.33382302444593 14
1739613082097 168.30033790243561 15
1739613082105 168.26686015176807 16
1739613082114 168.23338977075335 17
1739613082123 168.19992675770197 18
1739613082132 168.16647111092476 19
1739613082141 168.13302282873315 20
1739613082151 168.0995819094388 21
1739613082160 168.0661483513537 22
1739613082169 168.0327221527904 23
1739613082179 167.9993033120618 24
1739613082188 167.96589182748116 25
1739613082197 167.93248769736212 26
1739613082205 167.89909092001878 27
1739613082214 167.86570149376558 28
1739613082223 167.83231941691741 29
1739613082232 167.79894468778946 30
1739613082241 167.76557730469747 31
1739613082250 167.73221726595736 32
1739613082258 167.69886456988567 33
1739613082267 167.66551921479922 34
1739613082276 167.6321811990151 35
1739613082285 167.59885052085116 36
1739613082293 167.56552717862522 37
1739613082302 167.53221117065578 38
1739613082311 167.49890249526163 39
1739613082320 167.46560115076196 40
1739613082328 167.43230713547632 41
1739613082337 167.39902044772478 42
1739613082346 167.36574108582764 43
1739613082355 167.33246904810576 44
1739613082364 167.29920433288018 45
1739613082373 167.2659469384726 46
1739613082381 167.2326968632049 47
1739613082390 167.1994541053994 48
1739613082399 167.1662186633789 49
1739613082408 167.13299053546652 50
1739613082417 167.09976971998574 51
1739613082425 167.06655621526053 52
1739613082434 167.0333500196152 53
1739613082443 167.0001511313744 54
1739613082452 166.96695954886331 55
1739613082461 166.93377527040735 56
1739613082470 166.9005982943325 57
1739613082479 166.86742861896488 58
1739613082488 166.8342662426313 59
1739613082497 166.80111116365876 60
1739613082506 166.76796338037468 61
1739613082515 166.734822891107 62
1739613082524 166.7016896941839 63
1739613082533 166.66856378793398 64
1739613082541 166.63544517068632 65
1739613082550 166.6023338407703 66
1739613082559 166.5692297965157 67
1739613082568 166.53613303625278 68
1739613082577 166.50304355831204 69
1739613082585 166.46996136102456 70
1739613082594 166.43688644272163 71
1739613082603 166.403818801735 72
1739613082612 166.37075843639693 73
1739613082621 166.33770534503986 74
1739613082630 166.30465952599678 75
1739613082639 166.27162097760092 76
1739613082647 166.2385896981861 77
1739613082656 166.20556568608646 78
1739613082665 166.17254893963633 79
1739613082674 166.13953945717074 80
1739613082683 166.1065372370249 81
1739613082691 166.07354227753453 82
1739613082700 166.0405545770356 83
1739613082709 166.00757413386467 84
1739613082718 165.97460094635846 85
1739613082727 165.9416350128543 86
1739613082736 165.90867633168978 87
1739613082746 165.87572490120283 88
1739613082755 165.84278071973193 89
1739613082764 165.80984378561587 90
1739613082774 165.77691409719375 91
1739613082792 165.74399165280522 92
1739613082805 165.7110764507902 93
1739613082815 165.67816848948897 94
1739613082824 165.64526776724236 95
1739613082833 165.61237428239147 96
1739613082843 165.57948803327776 97
1739613082852 165.54660901824317 98
1739613082860 165.51373723563 99
1739613082869 165.48087268378086 100
1739613082878 165.44801536103884 101
1739613082887 165.41516526574748 102
1739613082896 165.3823223962505 103
1739613082905 165.34948675089217 104
1739613082914 165.31665832801716 105
1739613082923 165.28383712597036 106
1739613082931 165.25102314309729 107
1739613082940 165.21821637774366 108
1739613082949 165.18541682825565 109
1739613082958 165.15262449297984 110
1739613082967 165.11983937026312 111
1739613082976 165.08706145845287 112
1739613082985 165.0542907558968 113
1739613082994 165.021527260943 114
1739613083003 164.98877097193997 115
1739613083011 164.95602188723663 116
1739613083020 164.92328000518222 117
1739613083029 164.89054532412632 118
1739613083038 164.8578178424191 119
1739613083047 164.82509755841087 120
1739613083055 164.7923844704525 121
1739613083064 164.75967857689523 122
1739613083073 164.72697987609055 123
1739613083082 164.6942883663906 124
1739613083091 164.66160404614752 125
1739613083099 164.62892691371422 126
1739613083108 164.59625696744376 127
1739613083117 164.56359420568972 128
1739613083126 164.53093862680595 129
1739613083135 164.49829022914673 130
1739613083143 164.4656490110668 131
1739613083152 164.4330149709211 132
1739613083161 164.40038810706525 133
1739613083169 164.36776841785496 134
1739613083179 164.33515590164646 135
1739613083189 164.3025505567964 136
1739613083198 164.26995238166174 137
1739613083208 164.23736137459983 138
1739613083217 164.2047775339685 139
1739613083226 164.1722008581258 140
1739613083235 164.1396313454303 141
1739613083246 164.10706899424093 142
1739613083256 164.074513802917 143
1739613083265 164.04196576981812 144
1739613083274 164.00942489330447 145
1739613083282 163.9768911717364 146
1739613083291 163.9443646034748 147
1739613083300 163.91184518688087 148
1739613083309 163.8793329203162 149
1739613083318 163.84682780214277 150
1739613083326 163.81432983072298 151
1739613083335 163.78183900441962 152
1739613083344 163.74935532159574 153
1739613083353 163.71687878061493 154
1739613083362 163.68440937984107 155
1739613083371 163.65194711763846 156
1739613083380 163.61949199237176 157
1739613083389 163.5870440024061 158
1739613083398 163.55460314610679 159
1739613083407 163.52216942183972 160
1739613083416 163.48974282797104 161
1739613083425 163.45732336286747 162
1739613083433 163.4249110248959 163
1739613083442 163.39250581242365 164
1739613083451 163.3601077238185 165
1739613083460 163.32771675744854 166
1739613083469 163.29533291168235 167
1739613083477 163.26295618488874 168
1739613083486 163.23058657543694 169
1739613083496 163.19822408169668 170
1739613083504 163.16586870203798 171
1739613083513 163.1335204348312 172
1739613083522 163.10117927844723 173
1739613083531 163.06884523125711 174
1739613083540 163.03651829163252 175
1739613083549 163.00419845794534 176
1739613083558 162.9718857285679 177
1739613083566 162.93958010187293 178
1739613083575 162.90728157623343 179
1739613083584 162.874990150023 180
1739613083593 162.84270582161534 181
1739613083602 162.8104285893848 182
1739613083610 162.77815845170588 183
1739613083619 162.74589540695368 184
1739613083628 162.71363945350348 185
1739613083637 162.68139058973108 186
1739613083646 162.6491488140126 187
1739613083654 162.61691412472456 188
1739613083663 162.58468652024385 189
1739613083672 162.55246599894764 190
1739613083681 162.52025255921376 191
1739613083690 162.48804619942018 192
1739613083699 162.45584691794528 193
1739613083708 162.42365471316788 194
1739613083717 162.3914695834671 195
1739613083726 162.35929152722258 196
1739613083735 162.32712054281416 197
1739613083744 162.29495662862223 198
1739613083752 162.26279978302745 199
1739613083761 162.23065000441088 200
1739613083770 162.19850729115402 201
1739613083779 162.16637164163865 202
1739613083788 162.13424305424698 203
1739613083797 162.10212152736162 204
1739613083805 162.07000705936554 205
1739613083819 162.03789964864208 206
1739613083828 162.005799293575 207
1739613083837 161.97370599254828 208
1739613083846 161.94161974394657 209
1739613083855 161.9095405461546 210
1739613083864 161.8774683975577 211
1739613083872 161.84540329654143 212
1739613083881 161.8133452414918 213
1739613083890 161.7812942307952 214
1739613083899 161.7492502628384 215
1739613083908 161.71721333600846 216
1739613083917 161.68518344869295 217
1739613083926 161.65316059927977 218
1739613083934 161.62114478615712 219
1739613083945 161.58913600771365 220
1739613083959 161.55713426233845 221
1739613083968 161.52513954842087 222
1739613083977 161.49315186435066 223
1739613083986 161.46117120851804 224
1739613083995 161.42919757931352 225
1739613084005 161.39723097512797 226
1739613084014 161.36527139435265 227
1739613084023 161.33331883537926 228
1739613084032 161.30137329659988 229
1739613084040 161.26943477640685 230
1739613084049 161.237503273193 231
1739613084058 161.2055787853515 232
1739613084067 161.17366131127585 233
1739613084076 161.14175084936002 234
1739613084085 161.1098473979983 235
1739613084093 161.07795095558532 236
1739613084102 161.0460615205162 237
1739613084111 161.01417909118632 238
1739613084120 160.98230366599145 239
1739613084129 160.95043524332783 240
1739613084138 160.91857382159196 241
1739613084146 160.88671939918083 242
1739613084155 160.8548719744917 243
1739613084164 160.82303154592225 244
1739613084173 160.79119811187056 245
1739613084181 160.75937167073502 246
1739613084191 160.72755222091445 247
1739613084199 160.695739760808 248
1739613084208 160.6639342888153 249
1739613084217 160.6321358033363 250
1739613084226 160.60034430277122 251
1739613084235 160.56855978552076 252
1739613084244 160.53678224998595 253
1739613084252 160.5050116945683 254
1739613084261 160.47324811766956 255
1739613084270 160.44149151769193 256
1739613084279 160.40974189303793 257
1739613084288 160.3779992421105 258
1739613084297 160.346263563313 259
1739613084306 160.314534855049 260
1739613084315 160.2828131157226 261
1739613084324 160.25109834373828 262
1739613084333 160.21939053750077 263
1739613084341 160.18768969541526 264
1739613084350 160.1559958158873 265
1739613084359 160.12430889732278 266
1739613084368 160.09262893812803 267
1739613084376 160.06095593670972 268
1739613084385 160.02928989147483 269
1739613084394 159.99763080083085 270
1739613084403 159.9659786631855 271
1739613084412 159.93433347694696 272
1739613084421 159.90269524052377 273
1739613084430 159.87106395232485 274
1739613084438 159.8394396107594 275
1739613084447 159.8078222142372 276
1739613084456 159.77621176116813 277
1739613084465 159.74460824996268 278
1739613084473 159.7130116790316 279
1739613084482 159.68142204678597 280
1739613084491 159.64983935163744 281
1739613084500 159.61826359199773 282
1739613084509 159.58669476627924 283
1739613084518 159.5551328728944 284
1739613084527 159.52357791025645 285
1739613084535 159.4920298767786 286
1739613084544 159.4604887708746 287
1739613084553 159.4289545909587 288
1739613084562 159.39742733544523 289
1739613084571 159.3659070027491 290
1739613084579 159.33439359128562 291
1739613084588 159.30288709947027 292
1739613084597 159.27138752571904 293
1739613084606 159.23989486844837 294
1739613084615 159.20840912607486 295
1739613084624 159.17693029701564 296
1739613084633 159.14545837968816 297
1739613084642 159.11399337251032 298
1739613084651 159.08253527390016 299
1739613084660 159.0510840822764 300
1739613084668 159.0196397960579 301
1739613084677 158.988202413664 302
1739613084686 158.9567719335143 303
1739613084695 158.92534835402896 304
1739613084705 158.89393167362837 305
1739613084714 158.86252189073326 306
1739613084722 158.83111900376485 307
1739613084731 158.7997230111446 308
1739613084740 158.76833391129452 309
1739613084749 158.73695170263682 310
1739613084758 158.7055763835941 311
1739613084767 158.67420795258937 312
1739613084776 158.64284640804607 313
1739613084785 158.61149174838795 314
1739613084794 158.58014397203902 315
1739613084802 158.54880307742388 316
1739613084811 158.5174690629673 317
1739613084824 158.48614192709456 318
1739613084833 158.45482166823126 319
1739613084842 158.42350828480332 320
1739613084851 158.39220177523703 321
1739613084860 158.36090213795916 322
1739613084868 158.3296093713968 323
1739613084877 158.2983234739773 324
1739613084886 158.2670444441285 325
1739613084895 158.23577228027858 326
1739613084904 158.20450698085608 327
1739613084913 158.17324854428992 328
1739613084922 158.1419969690093 329
1739613084931 158.110752253444 330
1739613084939 158.07951439602394 331
1739613084948 158.04828339517948 332
1739613084957 158.01705924934143 333
1739613084966 157.98584195694085 334
1739613084975 157.95463151640922 335
1739613084983 157.9234279261785 336
1739613084992 157.89223118468075 337
1739613085001 157.86104129034868 338
1739613085011 157.82985824161514 339
1739613085020 157.7986820369136 340
1739613085029 157.76751267467753 341
1739613085037 157.73635015334114 342
1739613085046 157.7051944713388 343
1739613085055 157.67404562710527 344
1739613085064 157.64290361907578 345
1739613085073 157.6117684456858 346
1739613085082 157.58064010537123 347
1739613085091 157.5495185965683 348
1739613085100 157.51840391771364 349
1739613085109 157.48729606724424 350
1739613085118 157.45619504359746 351
1739613085127 157.42510084521095 352
1739613085136 157.39401347052285 353
1739613085145 157.36293291797165 354
1739613085153 157.33185918599608 355
1739613085162 157.30079227303534 356
1739613085171 157.26973217752905 357
1739613085180 157.23867889791703 358
1739613085189 157.20763243263957 359
1739613085198 157.17659278013738 360
1739613085207 157.14555993885136 361
1739613085216 157.11453390722298 362
1739613085225 157.08351468369395 363
1739613085234 157.0525022667063 364
1739613085243 157.02149665470264 365
1739613085251 156.99049784612566 366
1739613085260 156.95950583941863 367
1739613085269 156.9285206330251 368
1739613085278 156.89754222538895 369
1739613085286 156.86657061495455 370
1739613085295 156.83560580016655 371
1739613085304 156.80464777946992 372
1739613085313 156.77369655131 373
1739613085322 156.74275211413266 374
1739613085330 156.7118144663839 375
1739613085339 156.68088360651032 376
1739613085348 156.64995953295866 377
1739613085359 156.6190422441761 378
1739613085370 156.5881317386103 379
1739613085379 156.5572280147091 380
1739613085388 156.5263310709209 381
1739613085397 156.4954409056942 382
1739613085406 156.46455751747817 383
1739613085416 156.43368090472214 384
1739613085424 156.40281106587588 385
1739613085433 156.37194799938945 386
1739613085442 156.34109170371335 387
1739613085451 156.31024217729845 388
1739613085460 156.27939941859583 389
1739613085469 156.24856342605722 390
1739613085478 156.21773419813442 391
1739613085487 156.18691173327977 392
1739613085496 156.1560960299459 393
1739613085505 156.12528708658584 394
1739613085514 156.09448490165295 395
1739613085523 156.06368947360096 396
1739613085532 156.03290080088397 397
1739613085541 156.00211888195648 398
1739613085550 155.97134371527326 399
1739613085559 155.94057529928952 400
1739613085567 155.90981363246078 401
1739613085576 155.879058713243 402
1739613085585 155.8483105400924 403
1739613085595 155.81756911146562 404
1739613085604 155.7868344258197 405
1739613085613 155.75610648161194 406
1739613085621 155.72538527730006 407
1739613085631 155.69467081134212 408
1739613085640 155.66396308219663 409
1739613085649 155.63326208832237 410
1739613085658 155.60256782817845 411
1739613085667 155.57188030022436 412
1739613085676 155.54119950292008 413
1739613085685 155.5105254347258 414
1739613085694 155.47985809410216 415
1739613085703 155.44919747951005 416
1739613085712 155.41854358941086 417
1739613085721 155.38789642226624 418
1739613085730 155.35725597653826 419
1739613085739 155.32662225068927 420
1739613085748 155.2959952431821 421
1739613085757 155.26537495247985 422
1739613085766 155.23476137704594 423
1739613085775 155.20415451534433 424
1739613085784 155.17355436583918 425
1739613085793 155.14296092699502 426
1739613085802 155.1123741972768 427
1739613085811 155.08179417514978 428
1739613085821 155.05122085907965 429
1739613085830 155.02065424753232 430
1739613085839 154.9900943389743 431
1739613085848 154.95954113187216 432
1739613085857 154.92899462469308 433
1739613085866 154.8984548159044 434
1739613085875 154.867921703974 435
1739613085883 154.83739528737001 436
1739613085892 154.8068755645609 437
1739613085901 154.77636253401568 438
1739613085910 154.7458561942034 439
1739613085919 154.71535654359377 440
1739613085928 154.6848635806567 441
1739613085937 154.65437730386253 442
1739613085945 154.62389771168185 443
1739613085954 154.59342480258576 444
1739613085963 154.56295857504557 445
1739613085972 154.53249902753313 446
1739613085980 154.5020461585204 447
1739613085989 154.4715999664799 448
1739613085998 154.44116044988448 449
1739613086007 154.41072760720724 450
1739613086016 154.38030143692177 451
1739613086025 154.34988193750186 452
1739613086034 154.3194691074219 453
1739613086042 154.28906294515633 454
1739613086051 154.25866344918023 455
1739613086060 154.22827061796883 456
1739613086069 154.19788444999782 457
1739613086077 154.1675049437433 458
1739613086086 154.1371320976816 459
1739613086095 154.1067659102894 460
1739613086104 154.07640638004392 461
1739613086112 154.04605350542252 462
1739613086121 154.01570728490302 463
1739613086130 153.98536771696365 464
1739613086138 153.9550348000829 465
1739613086147 153.9247085327396 466
1739613086156 153.89438891341308 467
1739613086165 153.86407594058286 468
1739613086174 153.83376961272887 469
1739613086182 153.8034699283315 470
1739613086192 153.7731768858714 471
1739613086200 153.7428904838295 472
1739613086209 153.71261072068728 473
1739613086218 153.68233759492637 474
1739613086227 153.65207110502888 475
1739613086235 153.6218112494773 476
1739613086244 153.59155802675437 477
1739613086253 153.56131143534324 478
1739613086262 153.53107147372748 479
1739613086271 153.50083814039087 480
1739613086280 153.47061143381765 481
1739613086289 153.44039135249238 482
1739613086298 153.41017789490002 483
1739613086306 153.37997105952584 484
1739613086315 153.3497708448554 485
1739613086324 153.3195772493748 486
1739613086333 153.28939027157028 487
1739613086342 153.25920990992864 488
1739613086351 153.22903616293686 489
1739613086360 153.19886902908235 490
1739613086369 153.16870850685288 491
1739613086378 153.13855459473658 492
1739613086387 153.10840729122185 493
1739613086396 153.07826659479764 494
1739613086405 153.04813250395298 495
1739613086414 153.0180050171775 496
1739613086422 152.98788413296103 497
1739613086431 152.9577698497939 498
1739613086440 152.92766216616653 499
