1739558195216 169.21235122945856 0
1739558195225 169.1786728614268 1
1739558195233 169.1450012355715 2
1739558195242 169.11133635054304 3
1739558195250 169.07767820499186 4
1739558195259 169.04402679756885 5
1739558195267 169.01038212692498 6
1739558195275 168.97674419171156 7
1739558195283 168.94311299058023 8
1739558195291 168.90948852218287 9
1739558195299 168.87587078517157 10
1739558195307 168.84225977819878 11
1739558195315 168.80865549991717 12
1739558195323 168.77505794897965 13
1739558195331 168.7414671240395 14
1739558195339 168.70788302375013 15
1739558195347 168.67430564676536 16
1739558195354 168.64073499173918 17
1739558195362 168.60717105732587 18
1739558195370 168.57361384218 19
1739558195378 168.54006334495645 20
1739558195386 168.5065195643103 21
1739558195394 168.4729824988969 22
1739558195403 168.43945214737192 23
1739558195422 168.4059285083912 24
1739558195431 168.37241158061104 25
1739558195439 168.33890136268778 26
1739558195447 168.30539785327818 27
1739558195455 168.2719010510392 28
1739558195463 168.23841095462814 29
1739558195471 168.2049275627025 30
1739558195479 168.1714508739201 31
1739558195487 168.1379808869389 32
1739558195495 168.10451760041735 33
1739558195502 168.07106101301397 34
1739558195511 168.03761112338768 35
1739558195519 168.00416793019758 36
1739558195527 167.97073143210315 37
1739558195536 167.93730162776393 38
1739558195544 167.90387851583992 39
1739558195552 167.87046209499135 40
1739558195560 167.8370523638787 41
1739558195568 167.80364932116265 42
1739558195577 167.77025296550434 43
1739558195585 167.73686329556492 44
1739558195593 167.70348031000597 45
1739558195601 167.67010400748939 46
1739558195609 167.63673438667718 47
1739558195617 167.60337144623168 48
1739558195626 167.5700151848156 49
1739558195634 167.53666560109173 50
1739558195642 167.50332269372328 51
1739558195651 167.4699864613737 52
1739558195659 167.4366569027066 53
1739558195667 167.40333401638603 54
1739558195676 167.37001780107613 55
1739558195683 167.3367082554415 56
1739558195692 167.30340537814678 57
1739558195701 167.27010916785704 58
1739558195709 167.23681962323764 59
1739558195717 167.20353674295404 60
1739558195726 167.17026052567215 61
1739558195734 167.13699097005806 62
1739558195743 167.10372807477808 63
1739558195751 167.0704718384989 64
1739558195759 167.0372222598874 65
1739558195767 167.0039793376107 66
1739558195776 166.97074307033628 67
1739558195784 166.93751345673184 68
1739558195792 166.90429049546532 69
1739558195800 166.87107418520498 70
1739558195809 166.83786452461928 71
1739558195817 166.80466151237707 72
1739558195826 166.77146514714724 73
1739558195834 166.73827542759918 74
1739558195843 166.70509235240252 75
1739558195851 166.67191592022695 76
1739558195860 166.63874612974263 77
1739558195871 166.60558297961992 78
1739558195880 166.57242646852947 79
1739558195888 166.53927659514216 80
1739558195896 166.50613335812912 81
1739558195905 166.47299675616182 82
1739558195913 166.439866787912 83
1739558195921 166.40674345205147 84
1739558195930 166.37362674725264 85
1739558195938 166.34051667218787 86
1739558195946 166.3074132255299 87
1739558195955 166.27431640595188 88
1739558195963 166.241226212127 89
1739558195973 166.20814264272883 90
1739558195984 166.1750656964312 91
1739558195994 166.1419953719082 92
1739558196004 166.10893166783418 93
1739558196013 166.07587458288376 94
1739558196022 166.04282411573183 95
1739558196030 166.0097802650535 96
1739558196039 165.9767430295242 97
1739558196047 165.94371240781956 98
1739558196055 165.9106883986156 99
1739558196064 165.87767100058855 100
1739558196072 165.8446602124148 101
1739558196080 165.81165603277108 102
1739558196088 165.77865846033444 103
1739558196096 165.74566749378215 104
1739558196105 165.71268313179172 105
1739558196113 165.679705373041 106
1739558196121 165.6467342162079 107
1739558196129 165.61376965997096 108
1739558196138 165.5808117030086 109
1739558196146 165.54786034399976 110
1739558196155 165.51491558162354 111
1739558196163 165.48197741455925 112
1739558196172 165.4490458414867 113
1739558196180 165.41612086108563 114
1739558196188 165.38320247203637 115
1739558196196 165.35029067301923 116
1739558196205 165.317385462715 117
1739558196213 165.2844868398046 118
1739558196221 165.25159480296932 119
1739558196230 165.21870935089058 120
1739558196238 165.18583048225022 121
1739558196246 165.15295819573026 122
1739558196254 165.12009249001287 123
1739558196263 165.08723336378077 124
1739558196271 165.05438081571666 125
1739558196279 165.02153484450363 126
1739558196288 164.98869544882513 127
1739558196296 164.95586262736464 128
1739558196304 164.92303637880607 129
1739558196312 164.8902167018336 130
1739558196321 164.8574035951316 131
1739558196329 164.82459705738464 132
1739558196337 164.7917970872778 133
1739558196346 164.7590036834962 134
1739558196354 164.7262168447253 135
1739558196362 164.69343656965074 136
1739558196371 164.66066285695862 137
1739558196379 164.62789570533508 138
1739558196387 164.59513511346668 139
1739558196395 164.56238108004018 140
1739558196404 164.52963360374264 141
1739558196412 164.49689268326128 142
1739558196422 164.46415831728368 143
1739558196432 164.43143050449765 144
1739558196440 164.3987092435913 145
1739558196449 164.36599453325297 146
1739558196457 164.33328637217127 147
1739558196465 164.30058475903502 148
1739558196474 164.26788969253343 149
1739558196482 164.2352011713558 150
1739558196491 164.20251919419184 151
1739558196499 164.16984375973152 152
1739558196507 164.13717486666488 153
1739558196516 164.10451251368247 154
1739558196524 164.07185669947495 155
1739558196532 164.03920742273334 156
1739558196541 164.00656468214888 157
1739558196549 163.97392847641294 158
1739558196557 163.94129880421735 159
1739558196565 163.90867566425416 160
1739558196573 163.87605905521556 161
1739558196582 163.84344897579422 162
1739558196590 163.8108454246828 163
1739558196598 163.7782484005744 164
1739558196606 163.7456579021624 165
1739558196614 163.71307392814032 166
1739558196623 163.68049647720204 167
1739558196632 163.64792554804168 168
1739558196640 163.61536113935355 169
1739558196650 163.58280324983238 170
1739558196658 163.55025187817296 171
1739558196666 163.5177070230705 172
1739558196674 163.48516868322045 173
1739558196682 163.45263685731837 174
1739558196690 163.42011154406026 175
1739558196729 163.38759274214237 176
1739558196738 163.35508045026108 177
1739558196745 163.32257466711312 178
1739558196753 163.29007539139556 179
1739558196761 163.25758262180554 180
1739558196769 163.2250963570406 181
1739558196777 163.19261659579848 182
1739558196785 163.16014333677722 183
1739558196793 163.12767657867514 184
1739558196801 163.09521632019076 185
1739558196809 163.06276256002286 186
1739558196818 163.03031529687053 187
1739558196826 162.9978745294331 188
1739558196834 162.9654402564101 189
1739558196842 162.9330124765015 190
1739558196851 162.90059118840725 191
1739558196859 162.8681763908279 192
1739558196867 162.83576808246391 193
1739558196879 162.80336626201628 194
1739558196887 162.77097092818607 195
1739558196895 162.73858207967479 196
1739558196903 162.70619971518403 197
1739558196911 162.67382383341572 198
1739558196919 162.6414544330721 199
1739558196927 162.60909151285563 200
1739558196936 162.57673507146893 201
1739558196944 162.544385107615 202
1739558196953 162.5120416199971 203
1739558196961 162.4797046073187 204
1739558196969 162.4473740682835 205
1739558196977 162.41505000159563 206
1739558196986 162.38273240595922 207
1739558196994 162.35042128007885 208
1739558197002 162.31811662265932 209
1739558197010 162.28581843240565 210
1739558197018 162.25352670802314 211
1739558197026 162.2212414482174 212
1739558197034 162.18896265169417 213
1739558197042 162.1566903171596 214
1739558197049 162.12442444331998 215
1739558197058 162.09216502888194 216
1739558197065 162.0599120725523 217
1739558197073 162.0276655730382 218
1739558197081 161.99542552904705 219
1739558197089 161.96319193928645 220
1739558197097 161.93096480246427 221
1739558197105 161.89874411728871 222
1739558197113 161.86652988246811 223
1739558197121 161.8343220967112 224
1739558197129 161.80212075872686 225
1739558197138 161.76992586722434 226
1739558197146 161.73773742091305 227
1739558197154 161.70555541850266 228
1739558197163 161.67337985870316 229
1739558197171 161.64121074022472 230
1739558197179 161.60904806177794 231
1739558197186 161.57689182207346 232
1739558197194 161.5447420198223 233
1739558197202 161.51259865373564 234
1739558197210 161.4804617225251 235
1739558197218 161.44833122490235 236
1739558197226 161.41620715957947 237
1739558197234 161.38408952526876 238
1739558197243 161.35197832068272 239
1739558197251 161.31987354453415 240
1739558197259 161.2877751955361 241
1739558197267 161.25568327240194 242
1739558197275 161.22359777384517 243
1739558197283 161.1915186985797 244
1739558197292 161.15944604531953 245
1739558197299 161.12737981277897 246
1739558197307 161.0953199996728 247
1739558197315 161.0632666047157 248
1739558197323 161.03121962662286 249
1739558197331 160.99917906410965 250
1739558197341 160.96714491589168 251
1739558197350 160.9351171806849 252
1739558197358 160.9030958572054 253
1739558197366 160.87108094416956 254
1739558197374 160.83907244029407 255
1739558197383 160.80707034429582 256
1739558197391 160.77507465489202 257
1739558197399 160.74308537080012 258
1739558197407 160.71110249073774 259
1739558197415 160.67912601342283 260
1739558197423 160.64715593757361 261
1739558197432 160.61519226190853 262
1739558197440 160.58323498514633 263
1739558197448 160.5512841060059 264
1739558197457 160.51933962320655 265
1739558197465 160.48740153546777 266
1739558197473 160.4554698415092 267
1739558197482 160.42354454005093 268
1739558197491 160.39162562981312 269
1739558197502 160.35971310951638 270
1739558197514 160.3278069778814 271
1739558197522 160.2959072336292 272
1739558197530 160.2640138754811 273
1739558197539 160.23212690215857 274
1739558197547 160.20024631238346 275
1739558197554 160.1683721048778 276
1739558197562 160.13650427836384 277
1739558197571 160.10464283156415 278
1739558197579 160.07278776320157 279
1739558197587 160.0409390719992 280
1739558197594 160.00909675668024 281
1739558197602 159.97726081596835 282
1739558197610 159.94543124858743 283
1739558197618 159.91360805326138 284
1739558197626 159.88179122871472 285
1739558197634 159.84998077367194 286
1739558197642 159.81817668685798 287
1739558197649 159.7863789669979 288
1739558197657 159.75458761281706 289
1739558197665 159.72280262304108 290
1739558197673 159.69102399639587 291
1739558197681 159.6592517316075 292
1739558197689 159.62748582740238 293
1739558197697 159.59572628250717 294
1739558197705 159.56397309564878 295
1739558197713 159.53222626555433 296
1739558197722 159.5004857909512 297
1739558197730 159.4687516705671 298
1739558197738 159.43702390312987 299
1739558197746 159.40530248736775 300
1739558197754 159.37358742200917 301
1739558197762 159.34187870578276 302
1739558197770 159.31017633741752 303
1739558197778 159.2784803156425 304
1739558197786 159.2467906391873 305
1739558197794 159.21510730678153 306
1739558197802 159.18343031715514 307
1739558197810 159.15175966903837 308
1739558197818 159.12009536116165 309
1739558197826 159.0884373922557 310
1739558197834 159.0567857610515 311
1739558197841 159.02514046628025 312
1739558197850 158.9935015066734 313
1739558197858 158.9618688809627 314
1739558197866 158.9302425878802 315
1739558197874 158.8986226261581 316
1739558197885 158.86700899452882 317
1739558197893 158.83540169172517 318
1739558197901 158.8038007164801 319
1739558197909 158.77220606752698 320
1739558197917 158.74061774359913 321
1739558197925 158.70903574343046 322
1739558197933 158.6774600657549 323
1739558197940 158.6458907093068 324
1739558197948 158.61432767282054 325
1739558197957 158.58277095503104 326
1739558197964 158.55122055467322 327
1739558197972 158.5196764704824 328
1739558197980 158.48813870119412 329
1739558197988 158.45660724554415 330
1739558197996 158.42508210226856 331
1739558198004 158.39356327010358 332
1739558198013 158.3620507477858 333
1739558198021 158.330544534052 334
1739558198029 158.29904462763926 335
1739558198038 158.26755102728484 336
1739558198046 158.23606373172632 337
1739558198054 158.2045827397015 338
1739558198062 158.17310804994838 339
1739558198070 158.14163966120543 340
1739558198078 158.11017757221111 341
1739558198086 158.0787217817042 342
1739558198094 158.04727228842384 343
1739558198102 158.01582909110937 344
1739558198111 157.9843921885003 345
1739558198119 157.95296157933646 346
1739558198127 157.92153726235802 347
1739558198135 157.89011923630522 348
1739558198143 157.85870749991867 349
1739558198152 157.82730205193926 350
1739558198160 157.79590289110797 351
1739558198168 157.76451001616627 352
1739558198176 157.73312342585567 353
1739558198184 157.70174311891802 354
1739558198192 157.67036909409543 355
1739558198200 157.6390013501303 356
1739558198208 157.60763988576508 357
1739558198216 157.5762846997428 358
1739558198224 157.5449357908065 359
1739558198233 157.51359315769946 360
1739558198241 157.48225679916538 361
1739558198249 157.4509267139481 362
1739558198257 157.41960290079172 363
1739558198265 157.38828535844058 364
1739558198273 157.3569740856393 365
1739558198282 157.32566908113282 366
1739558198290 157.29437034366615 367
1739558198297 157.2630778719847 368
1739558198305 157.23179166483408 369
1739558198313 157.2005117209602 370
1739558198321 157.1692380391091 371
1739558198329 157.13797061802725 372
1739558198337 157.1067094564612 373
1739558198345 157.07545455315784 374
1739558198354 157.04420590686433 375
1739558198362 157.01296351632797 376
1739558198370 156.98172738029646 377
1739558198378 156.95049749751763 378
1739558198386 156.91927386673962 379
1739558198394 156.88805648671084 380
1739558198403 156.85684535617983 381
1739558198411 156.82564047389556 382
1739558198419 156.79444183860713 383
1739558198427 156.76324944906392 384
1739558198435 156.73206330401553 385
1739558198443 156.70088340221184 386
1739558198452 156.66970974240309 387
1739558198460 156.63854232333955 388
1739558198468 156.60738114377185 389
1739558198476 156.5762262024509 390
1739558198484 156.54507749812782 391
1739558198492 156.51393502955403 392
1739558198499 156.4827987954811 393
1739558198508 156.45166879466097 394
1739558198516 156.42054502584574 395
1739558198523 156.38942748778777 396
1739558198531 156.35831617923975 397
1739558198541 156.32721109895454 398
1739558198550 156.2961122456852 399
1739558198558 156.2650196181852 400
1739558198565 156.2339332152081 401
1739558198573 156.20285303550781 402
1739558198581 156.17177907783852 403
1739558198589 156.1407113409545 404
1739558198597 156.10964982361045 405
1739558198605 156.07859452456123 406
1739558198613 156.0475454425619 407
1739558198621 156.01650257636794 408
1739558198628 155.9854659247349 409
1739558198636 155.9544354864187 410
1739558198644 155.9234112601754 411
1739558198652 155.89239324476145 412
1739558198661 155.8613814389334 413
1739558198669 155.8303758414482 414
1739558198678 155.79937645106284 415
1739558198686 155.76838326653478 416
1739558198694 155.73739628662165 417
1739558198702 155.70641551008129 418
1739558198710 155.6754409356718 419
1739558198719 155.64447256215152 420
1739558198727 155.61351038827908 421
1739558198735 155.58255441281338 422
1739558198743 155.55160463451347 423
1739558198751 155.52066105213876 424
1739558198759 155.48972366444875 425
1739558198769 155.4587924702034 426
1739558198778 155.42786746816282 427
1739558198786 155.39694865708725 428
1739558198794 155.36603603573738 429
1739558198802 155.33512960287402 430
1739558198810 155.30422935725824 431
1739558198818 155.2733352976514 432
1739558198827 155.2424474228151 433
1739558198835 155.2115657315112 434
1739558198843 155.18069022250177 435
1739558198851 155.1498208945491 436
1739558198859 155.1189577464158 437
1739558198868 155.08810077686468 438
1739558198876 155.0572499846589 439
1739558198890 155.02640536856165 440
1739558198898 154.9955669273366 441
1739558198906 154.9647346597475 442
1739558198914 154.9339085645585 443
1739558198922 154.90308864053384 444
1739558198930 154.87227488643813 445
1739558198938 154.84146730103615 446
1739558198946 154.81066588309292 447
1739558198954 154.77987063137377 448
1739558198962 154.74908154464433 449
1739558198970 154.7182986216703 450
1739558198978 154.68752186121773 451
1739558198986 154.65675126205295 452
1739558198994 154.62598682294245 453
1739558199002 154.5952285426531 454
1739558199010 154.56447641995183 455
1739558199018 154.533730453606 456
1739558199026 154.5029906423831 457
1739558199035 154.4722569850509 458
1739558199042 154.44152948037743 459
1739558199050 154.41080812713093 460
1739558199058 154.38009292407992 461
1739558199066 154.34938386999318 462
1739558199074 154.3186809636397 463
1739558199082 154.28798420378877 464
1739558199090 154.2572935892098 465
1739558199098 154.22660911867263 466
1739558199106 154.19593079094716 467
1739558199114 154.16525860480374 468
1739558199122 154.13459255901276 469
1739558199130 154.10393265234495 470
1739558199138 154.07327888357133 471
1739558199146 154.04263125146312 472
1739558199154 154.01198975479173 473
1739558199162 153.98135439232894 474
1739558199170 153.9507251628467 475
1739558199178 153.92010206511716 476
1739558199186 153.88948509791285 477
1739558199194 153.8588742600064 478
1739558199202 153.82826955017075 479
1739558199210 153.79767096717916 480
1739558199218 153.767078509805 481
1739558199225 153.73649217682194 482
1739558199233 153.705911967004 483
1739558199241 153.6753378791252 484
1739558199249 153.64476991196008 485
1739558199257 153.61420806428325 486
1739558199266 153.58365233486964 487
1739558199274 153.5531027224944 488
1739558199282 153.52255922593287 489
1739558199290 153.4920218439607 490
1739558199298 153.46149057535388 491
1739558199306 153.43096541888846 492
1739558199314 153.4004463733408 493
1739558199322 153.36993343748756 494
1739558199331 153.33942661010562 495
1739558199339 153.30892588997204 496
1739558199347 153.27843127586422 497
1739558199355 153.24794276655973 498
1739558199363 153.21746036083644 499
