1739558044589 168.72090282371335 0
1739558044598 168.64993638194358 1
1739558044607 168.58486761406485 2
1739558044616 168.51982476955698 3
1739558044624 168.4548090623672 4
1739558044633 168.38982048091614 5
1739558044641 168.32485901388495 6
1739558044649 168.25992464995937 7
1739558044657 168.19501737783003 8
1739558044665 168.1301371861921 9
1739558044673 168.0652840637456 10
1739558044680 168.00045799919516 11
1739558044688 167.9356589812502 12
1739558044696 167.87088699862485 13
1739558044704 167.80614204003788 14
1739558044712 167.74142409421285 15
1739558044720 167.67673314987795 16
1739558044727 167.61206919576617 17
1739558044735 167.54743222061506 18
1739558044743 167.482822213167 19
1739558044751 167.41823916216902 20
1739558044758 167.3536830563728 21
1739558044766 167.28915388453487 22
1739558044774 167.2246516354162 23
1739558044783 167.16017629778273 24
1739558044792 167.0957278604048 25
1739558044800 167.03130631205772 26
1739558044808 166.96691164152125 27
1739558044816 166.90254383758 28
1739558044824 166.8382028890231 29
1739558044836 166.77388878464458 30
1739558044845 166.7096015132429 31
1739558044855 166.64534106362134 32
1739558044863 166.58110742458783 33
1739558044872 166.51690058495493 34
1739558044880 166.45272053353997 35
1739558044887 166.3885672591648 36
1739558044895 166.32444075065607 37
1739558044903 166.26034099684497 38
1739558044911 166.19626798656745 39
1739558044920 166.13222170866405 40
1739558044928 166.06820215198007 41
1739558044936 166.0042093053653 42
1739558044944 165.9402431576743 43
1739558044953 165.8763036977663 44
1739558044961 165.81239091450507 45
1739558044969 165.74850479675914 46
1739558044977 165.68464533340162 47
1739558044985 165.62081251331028 48
1739558044993 165.5570063253675 49
1739558045001 165.49322675846037 50
1739558045010 165.42947380148055 51
1739558045018 165.36574744332438 52
1739558045026 165.3020476728928 53
1739558045034 165.2383744790914 54
1739558045043 165.1747278508304 55
1739558045056 165.11110777702467 56
1739558045064 165.04751424659358 57
1739558045072 164.9839472484613 58
1739558045080 164.92040677155657 59
1739558045088 164.8568928048127 60
1739558045096 164.79340533716757 61
1739558045103 164.72994435756382 62
1739558045111 164.66650985494863 63
1739558045119 164.60310181827379 64
1739558045127 164.53972023649567 65
1739558045135 164.47636509857534 66
1739558045143 164.41303639347834 67
1739558045151 164.34973411017495 68
1739558045159 164.28645823763995 69
1739558045167 164.2232087648528 70
1739558045175 164.15998568079758 71
1739558045182 164.09678897446278 72
1739558045190 164.0336186348417 73
1739558045198 163.9704746509322 74
1739558045206 163.90735701173648 75
1739558045215 163.84426570626178 76
1739558045223 163.78120072351953 77
1739558045232 163.71816205252588 78
1739558045239 163.6551496823016 79
1739558045248 163.59216360187204 80
1739558045255 163.52920380026714 81
1739558045264 163.4662702665213 82
1739558045271 163.40336298967364 83
1739558045279 163.34048195876773 84
1739558045287 163.2776271628518 85
1739558045295 163.21479859097863 86
1739558045304 163.15199623220556 87
1739558045312 163.08922007559454 88
1739558045320 163.02647011021196 89
1739558045329 162.9637463251289 90
1739558045337 162.901048709421 91
1739558045345 162.83837725216833 92
1739558045352 162.77573194245562 93
1739558045360 162.71311276937215 94
1739558045368 162.6505197220118 95
1739558045376 162.58795278947278 96
1739558045383 162.52541196085815 97
1739558045391 162.46289722527533 98
1739558045399 162.40040857183632 99
1739558045407 162.33794598965767 100
1739558045415 162.2755094678605 101
1739558045422 162.21309899557042 102
1739558045430 162.15071456191757 103
1739558045438 162.08835615603675 104
1739558045446 162.0260237670671 105
1739558045454 161.96371738415246 106
1739558045462 161.90143699644108 107
1739558045470 161.83918259308587 108
1739558045477 161.7769541632441 109
1739558045485 161.7147516960777 110
1739558045493 161.6525751807531 111
1739558045501 161.5904246064412 112
1739558045509 161.52829996231736 113
1739558045517 161.46620123756165 114
1739558045525 161.4041284213585 115
1739558045533 161.34208150289695 116
1739558045541 161.28006047137043 117
1739558045548 161.21806531597696 118
1739558045556 161.15609602591908 119
1739558045585 161.0941525904038 120
1739558045600 161.03223499864265 121
1739558045608 160.97034323985167 122
1739558045616 160.90847730325135 123
1739558045624 160.84663717806677 124
1739558045632 160.78482285352743 125
1739558045650 160.72303431886732 126
1739558045658 160.66127156332493 127
1739558045667 160.59953457614333 128
1739558045675 160.53782334656995 129
1739558045683 160.4761378638568 130
1739558045692 160.41447811726027 131
1739558045700 160.3528440960414 132
1739558045707 160.29123578946553 133
1739558045716 160.2296531868027 134
1739558045723 160.16809627732707 135
1739558045731 160.10656505031767 136
1739558045740 160.04505949505776 137
1739558045747 159.98357960083518 138
1739558045755 159.92212535694213 139
1739558045763 159.86069675267544 140
1739558045771 159.79929377733623 141
1739558045779 159.73791642023022 142
1739558045787 159.67656467066755 143
1739558045795 159.61523851796275 144
1739558045804 159.55393795143493 145
1739558045812 159.4926629604076 146
1739558045821 159.4314135342087 147
1739558045829 159.37018966217065 148
1739558045837 159.30899133363033 149
1739558045845 159.24781853792902 150
1739558045853 159.18667126441252 151
1739558045861 159.12554950243103 152
1739558045869 159.06445324133924 153
1739558045877 159.00338247049615 154
1739558045884 158.94233717926542 155
1739558045892 158.88131735701492 156
1739558045901 158.82032299311712 157
1739558045909 158.75935407694888 158
1739558045917 158.6984105978914 159
1739558045925 158.6374925453305 160
1739558045933 158.5765999086562 161
1739558045941 158.51573267726317 162
1739558045950 158.45489084055038 163
1739558045958 158.39407438792117 164
1739558045965 158.33328330878345 165
1739558045973 158.27251759254946 166
1739558045981 158.21177722863587 167
1739558045990 158.15106220646376 168
1739558045998 158.0903725154587 169
1739558046006 158.0297081450505 170
1739558046015 157.96906908467358 171
1739558046024 157.90845532376665 172
1739558046032 157.84786685177284 173
1739558046040 157.7873036581397 174
1739558046048 157.7267657323192 175
1739558046060 157.66625306376764 176
1739558046069 157.6057656419459 177
1739558046077 157.54530345631898 178
1739558046085 157.48486649635652 179
1739558046093 157.42445475153247 180
1739558046101 157.36406821132505 181
1739558046109 157.30370686521715 182
1739558046117 157.24337070269576 183
1739558046125 157.18305971325242 184
1739558046133 157.12277388638304 185
1739558046141 157.06251321158783 186
1739558046149 157.00227767837148 187
1739558046157 156.94206727624302 188
1739558046165 156.88188199471585 189
1739558046173 156.82172182330774 190
1739558046181 156.76158675154088 191
1739558046189 156.70147676894175 192
1739558046197 156.6413918650413 193
1739558046206 156.58133202937472 194
1739558046214 156.5212972514817 195
1739558046222 156.46128752090627 196
1739558046230 156.40130282719673 197
1739558046238 156.34134315990582 198
1739558046246 156.28140850859063 199
1739558046254 156.2214988628126 200
1739558046263 156.16161421213752 201
1739558046272 156.10175454613557 202
1739558046280 156.04191985438118 203
1739558046288 155.98211012645325 204
1739558046295 155.92232535193503 205
1739558046303 155.86256552041397 206
1739558046311 155.802830621482 207
1739558046319 155.7431206447354 208
1739558046328 155.68343557977465 209
1739558046336 155.6237754162048 210
1739558046344 155.56414014363497 211
1739558046352 155.50452975167886 212
1739558046360 155.44494422995427 213
1739558046368 155.38538356808357 214
1739558046376 155.32584775569327 215
1739558046384 155.26633678241436 216
1739558046392 155.206850637882 217
1739558046400 155.14738931173582 218
1739558046408 155.0879527936197 219
1739558046416 155.02854107318177 220
1739558046424 154.9691541400747 221
1739558046432 154.9097919839552 222
1739558046440 154.85045459448452 223
1739558046448 154.7911419613281 224
1739558046456 154.73185407415576 225
1739558046463 154.67259092264158 226
1739558046471 154.613352496464 227
1739558046480 154.5541387853057 228
1739558046488 154.49494977885368 229
1739558046496 154.43578546679936 230
1739558046504 154.37664583883824 231
1739558046512 154.31753088467036 232
1739558046520 154.2584405939999 233
1739558046528 154.19937495653537 234
1739558046536 154.1403339619896 235
1739558046544 154.08131760007967 236
1739558046552 154.02232586052702 237
1739558046560 153.9633587330573 238
1739558046568 153.90441620740052 239
1739558046577 153.8454982732909 240
1739558046585 153.78660492046708 241
1739558046593 153.72773613867176 242
1739558046601 153.6688919176521 243
1739558046609 153.61007224715948 244
1739558046617 153.55127711694956 245
1739558046625 153.4925065167823 246
1739558046633 153.43376043642186 247
1739558046641 153.37503886563675 248
1739558046649 153.3163417941998 249
1739558046657 153.25766921188787 250
1739558046665 153.19902110848233 251
1739558046673 153.1403974737687 252
1739558046682 153.0817982975368 253
1739558046695 153.02322356958075 254
1739558046703 152.9646732796988 255
1739558046711 152.90614741769352 256
1739558046719 152.84764597337184 257
1739558046727 152.78916893654477 258
1739558046735 152.73071629702775 259
1739558046743 152.67228804464023 260
1739558046751 152.61388416920622 261
1739558046759 152.5555046605537 262
1739558046767 152.497149508515 263
1739558046775 152.43881870292674 264
1739558046783 152.38051223362973 265
1739558046791 152.32223009046905 266
1739558046799 152.26397226329394 267
1739558046806 152.20573874195796 268
1739558046815 152.14752951631885 269
1739558046822 152.08934457623866 270
1739558046830 152.03118391158355 271
1739558046838 151.97304751222399 272
1739558046846 151.9149353680347 273
1739558046854 151.85684746889456 274
1739558046862 151.79878380468668 275
1739558046870 151.74074436529847 276
1739558046878 151.68272914062143 277
1739558046886 151.62473812055137 278
1739558046894 151.56677129498834 279
1739558046902 151.5088286538365 280
1739558046911 151.45091018700433 281
1739558046918 151.39301588440443 282
1739558046927 151.33514573595366 283
1739558046934 151.2772997315731 284
1739558046942 151.21947786118804 285
1739558046950 151.16168011472791 286
1739558046958 151.1039064821264 287
1739558046966 151.04615695332134 288
1739558046974 150.98843151825486 289
1739558046982 150.9307301668732 290
1739558046990 150.87305288912685 291
1739558046998 150.8153996749704 292
1739558047006 150.75777051436276 293
1739558047014 150.70016539726694 294
1739558047022 150.64258431365016 295
1739558047030 150.58502725348387 296
1739558047038 150.52749420674365 297
1739558047046 150.4699851634093 298
1739558047054 150.4125001134647 299
1739558047067 150.3550390468981 300
1739558047075 150.29760195370173 301
1739558047084 150.24018882387216 302
1739558047092 150.18279964740995 303
1739558047100 150.1254344143201 304
1739558047108 150.06809311461146 305
1739558047116 150.01077573829735 306
1739558047124 149.95348227539506 307
1739558047132 149.89621271592603 308
1739558047140 149.83896704991608 309
1739558047148 149.78174526739494 310
1739558047156 149.72454735839665 311
1739558047164 149.66737331295937 312
1739558047172 149.61022312112541 313
1739558047180 149.55309677294125 314
1739558047188 149.4959942584575 315
1739558047196 149.43891556772894 316
1739558047204 149.38186069081448 317
1739558047212 149.32482961777725 318
1739558047220 149.2678223386844 319
1739558047228 149.21083884360735 320
1739558047235 149.1538791226216 321
1739558047243 149.09694316580678 322
1739558047254 149.04003096324664 323
1739558047266 148.9831425050292 324
1739558047275 148.92627778124648 325
1739558047284 148.86943678199458 326
1739558047292 148.81261949737402 327
1739558047300 148.75582591748915 328
1739558047308 148.69905603244857 329
1739558047316 148.64230983236493 330
1739558047324 148.58558730735518 331
1739558047333 148.52888844754028 332
1739558047341 148.47221324304525 333
1739558047348 148.41556168399939 334
1739558047357 148.35893376053588 335
1739558047365 148.3023294627923 336
1739558047373 148.24574878091022 337
1739558047383 148.18919170503526 338
1739558047391 148.1326582253172 339
1739558047399 148.07614833190993 340
1739558047407 148.0196620149715 341
1739558047415 147.96319926466398 342
1739558047423 147.9067600711536 343
1739558047431 147.8503444246107 344
1739558047439 147.7939523152097 345
1739558047448 147.73758373312916 346
1739558047456 147.6812386685516 347
1739558047464 147.62491711166382 348
1739558047472 147.56861905265657 349
1739558047481 147.51234448172482 350
1739558047494 147.45609338906755 351
1739558047502 147.39986576488775 352
1739558047510 147.34366159939276 353
1739558047518 147.28748088279374 354
1739558047526 147.23132360530607 355
1739558047534 147.17518975714916 356
1739558047542 147.11907932854655 357
1739558047550 147.06299230972576 358
1739558047558 147.0069286909185 359
1739558047566 146.95088846236055 360
1739558047574 146.89487161429165 361
1739558047582 146.83887813695577 362
1739558047590 146.78290802060081 363
1739558047598 146.72696125547887 364
1739558047606 146.67103783184595 365
1739558047614 146.61513773996228 366
1739558047622 146.55926097009208 367
1739558047630 146.50340751250366 368
1739558047638 146.44757735746933 369
1739558047645 146.39177049526546 370
1739558047653 146.3359869161727 371
1739558047661 146.2802266104754 372
1739558047669 146.22448956846213 373
1739558047677 146.16877578042562 374
1739558047685 146.11308523666253 375
1739558047693 146.05741792747355 376
1739558047701 146.00177384316348 377
1739558047709 145.94615297404115 378
1739558047717 145.8905553104194 379
1739558047725 145.83498084261515 380
1739558047733 145.77942956094938 381
1739558047740 145.72390145574704 382
1739558047748 145.66839651733716 383
1739558047756 145.61291473605283 384
1739558047764 145.55745610223116 385
1739558047772 145.5020206062132 386
1739558047781 145.44660823834414 387
1739558047789 145.39121898897318 388
1739558047797 145.33585284845353 389
1739558047805 145.28050980714247 390
1739558047813 145.2251898554011 391
1739558047821 145.16989298359493 392
1739558047829 145.11461918209315 393
1739558047837 145.0593684412691 394
1739558047844 145.00414075150007 395
1739558047852 144.94893610316748 396
1739558047860 144.89375448665663 397
1739558047868 144.83859589235698 398
1739558047876 144.78346031066192 399
1739558047884 144.72834773196877 400
1739558047892 144.673258146679 401
1739558047900 144.61819154519802 402
1739558047908 144.56314791793523 403
1739558047916 144.50812725530403 404
1739558047924 144.45312954772186 405
1739558047932 144.39815478561016 406
1739558047940 144.3432029593943 407
1739558047948 144.28827405950375 408
1739558047956 144.23336807637182 409
1739558047964 144.17848500043593 410
1739558047973 144.12362482213751 411
1739558047981 144.06878753192194 412
1739558047989 144.01397312023855 413
1739558047997 143.95918157754068 414
1739558048005 143.90441289428566 415
1739558048013 143.8496670609348 416
1739558048021 143.7949440679534 417
1739558048029 143.74024390581073 418
1739558048037 143.68556656498004 419
1739558048045 143.63091203593856 420
1739558048052 143.57628030916743 421
1739558048060 143.5216713751519 422
1739558048073 143.46708522438107 423
1739558048081 143.412521847348 424
1739558048089 143.35798123454984 425
1739558048097 143.30346337648754 426
1739558048105 143.24896826366626 427
1739558048113 143.19449588659478 428
1739558048121 143.14004623578617 429
1739558048132 143.08561930175716 430
1739558048140 143.03121507502874 431
1739558048148 142.97683354612565 432
1739558048156 142.92247470557663 433
1739558048164 142.8681385439144 434
1739558048172 142.81382505167556 435
1739558048180 142.75953421940085 436
1739558048188 142.70526603763466 437
1739558048196 142.65102049692555 438
1739558048204 142.59679758782593 439
1739558048212 142.54259730089223 440
1739558048220 142.48841962668476 441
1739558048228 142.43426455576773 442
1739558048236 142.3801320787094 443
1739558048244 142.32602218608193 444
1739558048252 142.27193486846124 445
1739558048261 142.21787011642746 446
1739558048269 142.16382792056447 447
1739558048277 142.10980827146017 448
1739558048285 142.05581115970634 449
1739558048293 142.0018365758986 450
1739558048301 141.94788451063673 451
1739558048309 141.89395495452416 452
1739558048317 141.84004789816845 453
1739558048325 141.78616333218096 454
1739558048333 141.73230124717708 455
1739558048341 141.67846163377592 456
1739558048349 141.62464448260073 457
1739558048357 141.57084978427852 458
1739558048365 141.51707752944026 459
1739558048374 141.4633277087209 460
1739558048383 141.40960031275912 461
1739558048391 141.35589533219772 462
1739558048399 141.3022127576832 463
1739558048407 141.24855257986613 464
1739558048415 141.19491478940085 465
1739558048422 141.1412993769458 466
1739558048430 141.08770633316306 467
1739558048438 141.03413564871875 468
1739558048446 140.98058731428284 469
1739558048454 140.92706132052928 470
1739558048462 140.8735576581358 471
1739558048470 140.8200763177841 472
1739558048478 140.7666172901597 473
1739558048486 140.7131805659521 474
1739558048493 140.65976613585448 475
1739558048501 140.60637399056426 476
1739558048509 140.55300412078236 477
1739558048517 140.49965651721388 478
1739558048525 140.4463311705676 479
1739558048533 140.39302807155624 480
1739558048541 140.33974721089643 481
1739558048549 140.2864885793087 482
1739558048556 140.23325216751732 483
1739558048564 140.1800379662505 484
1739558048573 140.12684596624035 485
1739558048580 140.0736761582229 486
1739558048588 140.0205285329379 487
1739558048597 139.96740308112902 488
1739558048605 139.91429979354388 489
1739558048613 139.86121866093382 490
1739558048621 139.80815967405417 491
1739558048629 139.75512282366398 492
1739558048637 139.70210810052632 493
1739558048645 139.64911549540795 494
1739558048653 139.5961449990796 495
1739558048661 139.5431966023158 496
1739558048669 139.49027029589493 497
1739558048678 139.43736607059927 498
1739558048686 139.38448391721488 499
