1739556365893 160.79892044648324 0
1739556365934 169.9784687629703 1
1739556365948 163.31906622768153 2
1739556365959 161.62527769021207 3
1739556365970 150.64718281687118 4
1739556365980 150.35954071214422 5
1739556365991 153.79941085492882 6
1739556366001 150.89886429106878 7
1739556366011 151.7272893179302 8
1739556366021 144.61113247053322 9
1739556366031 145.62112042467848 10
1739556366041 141.92657266418635 11
1739556366051 139.7099385584881 12
1739556366061 133.6618813733183 13
1739556366071 136.15894503243862 14
1739556366082 131.53949818592307 15
1739556366095 134.78189428797035 16
1739556366107 133.24379870169452 17
1739556366117 130.78562670344263 18
1739556366127 129.25937037790706 19
1739556366137 123.43201947140848 20
1739556366148 124.27618213218648 21
1739556366157 116.52685504066342 22
1739556366167 122.6767278538326 23
1739556366178 116.96005285295169 24
1739556366188 120.01720981622232 25
1739556366198 115.1028195916286 26
1739556366207 110.31517155140547 27
1739556366217 114.28192926619904 28
1739556366227 106.78763928696914 29
1739556366237 107.40035010816345 30
1739556366247 102.35769628551917 31
1739556366257 107.08469260699925 32
1739556366266 103.34244731823397 33
1739556366276 100.32114831616555 34
1739556366286 100.72675239081305 35
1739556366296 101.0241649280222 36
1739556366306 98.27450269738537 37
1739556366316 93.485118188051 38
1739556366327 94.67802375464963 39
1739556366337 91.40395754196763 40
1739556366347 89.85810979842375 41
1739556366357 93.02950793585616 42
1739556366367 85.96189137233819 43
1739556366377 88.15709395922795 44
1739556366387 85.79062645363584 45
1739556366396 86.47280999198904 46
1739556366406 85.78682776312736 47
1739556366416 82.68304248308692 48
1739556366426 78.83855081119412 49
1739556366436 81.60220952779181 50
1739556366445 78.03497293324978 51
1739556366455 78.28334661399343 52
1739556366465 76.51852886528398 53
1739556366474 74.42070555219887 54
1739556366484 75.03145723277069 55
1739556366494 73.56572718785318 56
1739556366504 73.2408599456832 57
1739556366515 71.45479986855933 58
1739556366525 73.59750177858724 59
1739556366535 69.05967170738008 60
1739556366545 67.88856197546903 61
1739556366554 70.16030754888732 62
1739556366565 67.3699918657854 63
1739556366574 64.35332959489806 64
1739556366584 64.10885268636562 65
1739556366594 63.78365502776819 66
1739556366604 63.48844047567668 67
1739556366614 62.534354571497055 68
1739556366624 62.519927216630805 69
1739556366634 58.91516155503016 70
1739556366644 58.9695656273035 71
1739556366654 57.29837251600334 72
1739556366664 58.0092187771572 73
1739556366673 57.10344632499581 74
1739556366682 55.217522105881514 75
1739556366691 56.04479375699655 76
1739556366701 54.16123343557082 77
1739556366711 53.72547606833213 78
1739556366721 54.79569055690715 79
1739556366731 51.86627661846082 80
1739556366740 52.273503832250164 81
1739556366749 50.682577521912556 82
1739556366759 51.69085119661451 83
1739556366768 47.884258047047254 84
1739556366778 49.15853861200324 85
1739556366787 48.08425920457896 86
1739556366796 46.603489600349604 87
1739556366806 45.612207280199684 88
1739556366815 46.65881112358779 89
1739556366824 44.563619469264644 90
1739556366834 42.84180318363098 91
1739556366844 42.700584180603784 92
1739556366853 43.54096710909699 93
1739556366863 43.09263757393141 94
1739556366872 40.46518889876044 95
1739556366881 43.530915698745694 96
1739556366890 41.59975195681449 97
1739556366900 41.461470347633245 98
1739556366909 40.37063526858179 99
1739556366918 41.22553036886152 100
1739556366927 38.9546654721524 101
1739556366937 38.750051390475384 102
1739556366949 37.71195890902363 103
1739556366958 38.42370717219694 104
1739556366967 36.89957645510343 105
1739556366976 35.73649315833055 106
1739556366985 37.02527880913364 107
1739556366995 36.18706859431686 108
1739556367004 36.22739815555658 109
1739556367013 35.27571094972795 110
1739556367022 33.64466641813298 111
1739556367032 34.885550731211325 112
1739556367042 34.808490748674856 113
1739556367051 31.981111962715744 114
1739556367061 32.40255378404516 115
1739556367071 31.584543399731093 116
1739556367080 33.28684734320889 117
1739556367089 31.3915262997199 118
1739556367103 30.710314059852216 119
1739556367148 30.512863673166052 120
1739556367159 31.601228074579293 121
1739556367170 32.35356995887593 122
1739556367180 30.712164240323915 123
1739556367191 31.247064967197566 124
1739556367201 28.45242209416559 125
1739556367212 28.474246807242395 126
1739556367222 27.078451692161924 127
1739556367233 26.405886892247487 128
1739556367243 26.295275821588586 129
1739556367252 27.12595050568684 130
1739556367262 26.021759039889794 131
1739556367272 24.298273951476563 132
1739556367282 24.36788397266755 133
1739556367291 25.890633014681715 134
1739556367301 24.293338062194152 135
1739556367311 24.74373426174649 136
1739556367321 24.18157434853712 137
1739556367331 23.19729481967362 138
1739556367342 24.36319745769747 139
1739556367352 23.544096444287078 140
1739556367362 23.04903663184414 141
1739556367372 23.87495870168277 142
1739556367382 23.027752664897935 143
1739556367392 22.269214675816237 144
1739556367402 23.069312153579343 145
1739556367413 21.64234027587646 146
1739556367423 21.977350937621452 147
1739556367433 22.17824081766563 148
1739556367443 22.395581685173564 149
1739556367453 21.01035759819224 150
1739556367464 20.336689082069935 151
1739556367473 18.694571164147447 152
1739556367484 20.819675851607663 153
1739556367495 19.75966578056377 154
1739556367505 18.503971954541818 155
1739556367515 19.7720138225147 156
1739556367525 17.826090227629138 157
1739556367535 20.528232034231937 158
1739556367546 17.178310325582704 159
1739556367561 18.24106463763967 160
1739556367571 19.138187286050048 161
1739556367580 18.05638069577686 162
1739556367590 17.655563915446248 163
1739556367600 16.49726134886465 164
1739556367610 15.9825203488683 165
1739556367620 16.196581693147888 166
1739556367630 16.08050924898748 167
1739556367640 15.965858377182599 168
1739556367652 16.88866689564299 169
1739556367663 15.551308990867136 170
1739556367672 15.036689428969666 171
1739556367682 14.619896913997783 172
1739556367692 15.786493828781298 173
1739556367702 16.09573200417967 174
1739556367712 16.832792074458855 175
1739556367722 14.152997939179594 176
1739556367732 14.516941179910303 177
1739556367743 13.47748119251225 178
1739556367754 14.069694671323873 179
1739556367764 13.420348129967966 180
1739556367774 13.63006593502829 181
1739556367784 14.283932931753467 182
1739556367794 13.162124559103997 183
1739556367806 14.026032870493397 184
1739556367818 12.818987415597594 185
1739556367828 14.007401871877182 186
1739556367838 14.131834906819764 187
1739556367848 14.087457571729853 188
1739556367858 12.287601800938774 189
1739556367868 12.59622584615033 190
1739556367878 13.593614108281061 191
1739556367887 12.82894822838801 192
1739556367897 12.829641838597006 193
1739556367907 12.132728194585663 194
1739556367918 11.64128542347915 195
1739556367927 12.032699994344632 196
1739556367937 11.599811275949143 197
1739556367949 12.46530725774352 198
1739556367959 12.098284071688708 199
1739556367968 11.79946498541987 200
1739556367978 11.210307798991414 201
1739556367987 10.996693143659943 202
1739556367996 12.650044858815287 203
1739556368005 11.644425214255886 204
1739556368016 9.857425108169235 205
1739556368025 10.44962893512455 206
1739556368034 9.70534725636704 207
1739556368044 11.044190301236002 208
1739556368054 9.84384964687524 209
1739556368064 9.954154149888007 210
1739556368073 9.858071931897591 211
1739556368083 10.132275896087211 212
1739556368092 9.219228243564574 213
1739556368101 8.792602791230397 214
1739556368111 9.726848420470528 215
1739556368120 9.523127238721253 216
1739556368129 8.504443360571274 217
1739556368139 8.667393085175725 218
1739556368149 9.227893925696721 219
1739556368158 9.012115024140343 220
1739556368168 9.474760765727044 221
1739556368177 10.23615831496435 222
1739556368187 8.374240018254522 223
1739556368196 9.530329236175398 224
1739556368205 9.592098034497385 225
1739556368214 7.570251548218261 226
1739556368224 8.745362641256397 227
1739556368233 8.034466664438858 228
1739556368243 8.388460172329376 229
1739556368253 7.720322155647295 230
1739556368263 7.968989939773992 231
1739556368272 6.755173084723063 232
1739556368282 7.470138600869405 233
1739556368291 7.828100008325461 234
1739556368300 8.712951256880322 235
1739556368310 7.150096380538305 236
1739556368319 7.7902838763317 237
1739556368328 7.338245664687236 238
1739556368337 7.835549352809016 239
1739556368347 7.388646414893187 240
1739556368356 8.16568912478153 241
1739556368366 7.312459698190383 242
1739556368376 6.978291927091513 243
1739556368386 7.859129591070475 244
1739556368395 7.45246360085107 245
1739556368404 6.413704117836432 246
1739556368414 6.263318961457356 247
1739556368423 6.795802418971511 248
1739556368433 7.444235230353596 249
1739556368442 6.4321244204111165 250
1739556368451 6.564901485767549 251
1739556368461 6.2375243479042055 252
1739556368470 7.1171746874884185 253
1739556368480 5.951314135690738 254
1739556368490 5.914616085566742 255
1739556368499 7.6525257140358365 256
1739556368508 6.0373830324656925 257
1739556368518 5.948918846051754 258
1739556368528 5.742087232361234 259
1739556368537 5.952656128954709 260
1739556368547 4.924810039112546 261
1739556368556 7.164217971832664 262
1739556368567 6.044169237949095 263
1739556368577 5.920659866887437 264
1739556368586 4.749503042040697 265
1739556368596 6.226426699828285 266
1739556368605 7.148784113618716 267
1739556368615 5.754187282016827 268
1739556368624 5.78664277983252 269
1739556368633 5.26372166805955 270
1739556368643 5.740679392490398 271
1739556368652 5.366323653403966 272
1739556368662 6.1494087650392375 273
1739556368672 5.548681096803307 274
1739556368682 5.345161558680544 275
1739556368692 4.71085949549111 276
1739556368701 6.019803398774962 277
1739556368710 4.439461017387307 278
1739556368720 6.5413046185798045 279
1739556368729 5.507801559156051 280
1739556368738 5.7735818775416945 281
1739556368748 5.70484046871941 282
1739556368757 5.748274026201109 283
1739556368767 5.260392433732226 284
1739556368777 4.238209064870973 285
1739556368786 5.670658038092649 286
1739556368795 4.826850224404473 287
1739556368805 5.827420158692777 288
1739556368814 5.216202935064296 289
1739556368824 4.5840665684557775 290
1739556368833 4.0269774650973345 291
1739556368842 4.796215211304724 292
1739556368852 3.877268223005823 293
1739556368863 4.749639425342637 294
1739556368872 4.6176353208193515 295
1739556368882 4.889185535191062 296
1739556368891 3.993884543841427 297
1739556368901 3.8419258759472315 298
1739556368910 3.875716847295106 299
1739556368919 4.426049277797917 300
1739556368929 4.414832823506837 301
1739556368937 3.244327976233445 302
1739556368947 3.831335651792466 303
1739556368961 3.591070534642539 304
1739556368970 3.674654975080667 305
1739556368979 3.248424639853249 306
1739556368988 3.6735663197687107 307
1739556368998 4.224948844282184 308
1739556369008 4.351395666077074 309
1739556369018 3.597074376983129 310
1739556369027 3.795897401374699 311
1739556369036 3.6637435550480517 312
1739556369046 4.087149149107692 313
1739556369055 4.631243455018292 314
1739556369066 4.064969428713107 315
1739556369075 4.2628584032040475 316
1739556369084 4.005300516869532 317
1739556369094 3.719977380153431 318
1739556369104 3.4153487166899983 319
1739556369114 4.727083336310706 320
1739556369123 5.234618201518699 321
1739556369133 3.4416119170128177 322
1739556369143 3.4632293095860107 323
1739556369151 4.012687580127096 324
1739556369161 3.727906166297923 325
1739556369171 3.166395664596095 326
1739556369180 4.046359680188894 327
1739556369190 3.369834683061787 328
1739556369200 3.7382096185224567 329
1739556369209 3.2029225508985886 330
1739556369219 4.963428248815921 331
1739556369229 4.204318352923781 332
1739556369238 2.626810548365254 333
1739556369248 2.7366978442485506 334
1739556369257 3.2877048754008675 335
1739556369267 3.952038741088253 336
1739556369277 3.8755268301767787 337
1739556369286 3.509788687489425 338
1739556369296 2.903306959483646 339
1739556369306 3.962855602619338 340
1739556369315 4.437478251976475 341
1739556369325 3.7960091808293894 342
1739556369334 3.934297110387864 343
1739556369343 2.993095287221929 344
1739556369353 3.4810388364575258 345
1739556369363 3.5649833342192823 346
1739556369372 3.489714686010389 347
1739556369382 3.5969286928772677 348
1739556369392 3.0142368831102813 349
1739556369402 2.840517922762822 350
1739556369412 2.574484738370326 351
1739556369421 2.817462709212636 352
1739556369431 3.8490577434349147 353
1739556369440 3.2375303203138075 354
1739556369450 3.6460839827728946 355
1739556369459 3.4703724155264113 356
1739556369469 3.7981764386648598 357
1739556369478 2.924762332990794 358
1739556369488 2.6392950744862147 359
1739556369498 4.202481868494918 360
1739556369507 3.269047248280228 361
1739556369517 3.380938492972862 362
1739556369526 2.757815090012322 363
1739556369536 2.578310769183975 364
1739556369545 3.2563710819384237 365
1739556369554 3.1440421269931123 366
1739556369564 2.730490837631636 367
1739556369574 2.4318141979450387 368
1739556369585 2.50446565277726 369
1739556369594 2.6977887271751575 370
1739556369603 2.268911326808015 371
1739556369613 2.848936368077569 372
1739556369622 2.251671928047605 373
1739556369632 3.2933172924405083 374
1739556369642 2.4139173366889826 375
1739556369651 2.9418160724593987 376
1739556369660 2.718438759128803 377
1739556369670 3.1163208134274187 378
1739556369679 3.5781225120781217 379
1739556369689 2.998395911073891 380
1739556369699 2.716885128973027 381
1739556369708 2.7745398776391066 382
1739556369717 2.9479406507889525 383
1739556369726 2.6755737777084603 384
1739556369736 2.1962923251630913 385
1739556369746 2.097341195514709 386
1739556369755 2.810923875075098 387
1739556369765 1.8765814363362485 388
1739556369774 2.542878518680518 389
1739556369784 2.8029761982103656 390
1739556369793 2.1607794172473986 391
1739556369802 2.9187569277923764 392
1739556369812 2.378352011725576 393
1739556369822 1.664982785677603 394
1739556369831 2.0838035208150285 395
1739556369841 2.602952795112917 396
1739556369850 2.1233736693968854 397
1739556369859 3.6687876792139584 398
1739556369869 1.8012285037489446 399
1739556369880 2.8808782922439837 400
1739556369889 2.73284745297661 401
1739556369899 2.324589647705517 402
1739556369908 2.6542524118715116 403
1739556369918 2.4486582461202744 404
1739556369929 2.6999073561913063 405
1739556369941 1.9158185907075325 406
1739556369951 1.9781093589238974 407
1739556369962 2.6827797467030083 408
1739556369972 2.242587712229605 409
1739556369983 2.777175159673592 410
1739556369993 2.361337864917401 411
1739556370002 2.6155584183405423 412
1739556370012 2.2264519199009625 413
1739556370023 2.052687480089992 414
1739556370033 2.048042121346321 415
1739556370043 2.2934161269016955 416
1739556370053 2.410514045467529 417
1739556370063 1.916542302085225 418
1739556370073 1.8159327716463232 419
1739556370083 1.8028958489139941 420
1739556370093 2.3656039734194887 421
1739556370104 2.7572180494672858 422
1739556370114 1.7695210046381968 423
1739556370124 2.34534163260041 424
1739556370133 1.802391191703223 425
1739556370142 1.9461152118463552 426
1739556370152 2.0486671649017536 427
1739556370162 2.6300993796228695 428
1739556370171 1.9610689274405053 429
1739556370180 1.4543614325521792 430
1739556370190 2.700455590336742 431
1739556370200 2.414530382617302 432
1739556370209 2.0677998841733523 433
1739556370219 2.070271237723703 434
1739556370229 2.4660073872818415 435
1739556370238 1.968109636101754 436
1739556370248 2.024473118356832 437
1739556370257 2.065614567861889 438
1739556370266 1.5839922764621146 439
1739556370275 2.087416922673074 440
1739556370285 1.467823875844094 441
1739556370296 1.9144187676793658 442
1739556370306 1.598771143466384 443
1739556370315 2.100428793593725 444
1739556370324 1.9065066163344095 445
1739556370334 2.211765019254537 446
1739556370344 1.8695380080279762 447
1739556370353 1.7070269182593152 448
1739556370363 1.774981537901186 449
1739556370372 2.1268161923696836 450
1739556370381 2.288496924152809 451
1739556370390 1.8434081071078363 452
1739556370401 2.3846853235688585 453
1739556370410 2.732519120527599 454
1739556370420 2.217907987372742 455
1739556370429 2.7535651287474656 456
1739556370439 2.1707613223246303 457
1739556370448 1.528588537724245 458
1739556370457 1.871126107805072 459
1739556370467 1.4791182322142589 460
1739556370475 2.0407147169542585 461
1739556370486 1.630343022394164 462
1739556370495 2.152555062850806 463
1739556370505 2.5543659279175253 464
1739556370514 2.033617180897473 465
1739556370523 1.7908748181073784 466
1739556370533 2.106226245788207 467
1739556370542 2.25221762261081 468
1739556370551 1.5034028542735351 469
1739556370560 2.005232568743953 470
1739556370569 2.4686622161000713 471
1739556370580 2.1965963420170165 472
1739556370590 2.127660251416756 473
1739556370600 1.4978067198889478 474
1739556370609 1.9290295001355584 475
1739556370620 2.841988463046667 476
1739556370629 2.4231433569929686 477
1739556370638 1.4884573101440757 478
1739556370648 1.5924106741227961 479
1739556370657 2.242320519321558 480
1739556370667 1.6017778428612792 481
1739556370676 1.473139787773929 482
1739556370686 2.186745634269511 483
1739556370695 2.3122715780010585 484
1739556370705 1.4184654058341417 485
1739556370715 1.9608267584282513 486
1739556370724 1.736118368383545 487
1739556370733 1.8745252519652265 488
1739556370743 1.8731637969290318 489
1739556370752 1.4894384673958267 490
1739556370761 2.7560040401560233 491
1739556370771 1.288983584687445 492
1739556370781 2.1850384232129834 493
1739556370790 1.1769866331214387 494
1739556370800 2.135630350726633 495
1739556370810 1.3961481645040204 496
1739556370819 1.5576994727855478 497
1739556370829 1.4773009415674796 498
1739556370838 1.7788340786348085 499
