1739617767363 168.89361679182775 0
1739617767378 168.76326296412117 1
1739617767397 168.63301791975772 2
1739617767413 168.5028815679426 3
1739617767428 168.3728538179568 4
1739617767443 168.24293457915704 5
1739617767458 168.11312376097567 6
1739617767475 167.9834212729206 7
1739617767491 167.8538270245754 8
1739617767510 167.72434092559894 9
1739617767526 167.5949628857256 10
1739617767544 167.46569281476508 11
1739617767560 167.33653062260234 12
1739617767576 167.20747621919753 13
1739617767590 167.078529514586 14
1739617767605 166.94969041887816 15
1739617767621 166.8209588422595 16
1739617767636 166.69233469499036 17
1739617767651 166.56381788740606 18
1739617767666 166.43540832991678 19
1739617767681 166.3071059330074 20
1739617767697 166.17891060723755 21
1739617767712 166.05082226324157 22
1739617767727 165.92284081172826 23
1739617767742 165.79496616348112 24
1739617767758 165.66719822935787 25
1739617767772 165.53953692029086 26
1739617767787 165.41198214728664 27
1739617767802 165.28453382142618 28
1739617767816 165.15719185386448 29
1739617767832 165.02995615583083 30
1739617767848 164.9028266386286 31
1739617767863 164.77580321363513 32
1739617767879 164.64888579230168 33
1739617767895 164.52207428615364 34
1739617767910 164.39536860679004 35
1739617767926 164.2687686658837 36
1739617767941 164.14227437518127 37
1739617767956 164.015885646503 38
1739617767971 163.88960239174273 39
1739617767985 163.76342452286784 40
1739617768001 163.6373519519192 41
1739617768016 163.5113845910111 42
1739617768031 163.38552235233112 43
1739617768046 163.25976514814025 44
1739617768062 163.13411289077263 45
1739617768077 163.0085654926356 46
1739617768091 162.8831228662095 47
1739617768107 162.7577849240479 48
1739617768122 162.63255157877725 49
1739617768137 162.5074227430969 50
1739617768154 162.3823983297792 51
1739617768175 162.25747825166908 52
1739617768194 162.13266242168442 53
1739617768210 162.00795075281567 54
1739617768226 161.88334315812602 55
1739617768243 161.75883955075102 56
1739617768259 161.63443984389892 57
1739617768275 161.51014395085028 58
1739617768291 161.38595178495808 59
1739617768307 161.26186325964773 60
1739617768323 161.13787828841666 61
1739617768339 161.01399678483472 62
1739617768355 160.89021866254376 63
1739617768370 160.76654383525783 64
1739617768386 160.64297221676284 65
1739617768402 160.51950372091673 66
1739617768418 160.3961382616495 67
1739617768433 160.2728757529628 68
1739617768449 160.14971610892994 69
1739617768465 160.02665924369623 70
1739617768483 159.90370507147853 71
1739617768503 159.78085350656522 72
1739617768519 159.65810446331633 73
1739617768535 159.53545785616328 74
1739617768551 159.412913599609 75
1739617768567 159.29047160822768 76
1739617768583 159.16813179666485 77
1739617768600 159.04589407963738 78
1739617768616 158.92375837193308 79
1739617768632 158.80172458841113 80
1739617768648 158.67979264400165 81
1739617768664 158.55796245370578 82
1739617768680 158.43623393259557 83
1739617768695 158.3146069958141 84
1739617768711 158.19308155857507 85
1739617768726 158.0716575361631 86
1739617768740 157.9503348439334 87
1739617768756 157.82911339731194 88
1739617768770 157.70799311179516 89
1739617768785 157.58697390295026 90
1739617768800 157.46605568641453 91
1739617768817 157.345238377896 92
1739617768832 157.224521893173 93
1739617768847 157.10390614809398 94
1739617768862 156.9833910585778 95
1739617768878 156.8629765406135 96
1739617768896 156.7426625102601 97
1739617768911 156.62244888364677 98
1739617768925 156.5023355769727 99
1739617768940 156.38232250650702 100
1739617768955 156.2624095885887 101
1739617768969 156.14259673962647 102
1739617768985 156.0228838760991 103
1739617769000 155.90327091455472 104
1739617769015 155.78375777161142 105
1739617769030 155.66434436395664 106
1739617769045 155.54503060834747 107
1739617769061 155.42581642161056 108
1739617769076 155.3067017206418 109
1739617769091 155.18768642240656 110
1739617769105 155.06877044393946 111
1739617769121 154.94995370234443 112
1739617769136 154.83123611479454 113
1739617769151 154.71261759853195 114
1739617769167 154.59409807086803 115
1739617769182 154.47567744918302 116
1739617769197 154.3573556509262 117
1739617769212 154.23913259361572 118
1739617769226 154.12100819483857 119
1739617769242 154.00298237225053 120
1739617769259 153.8850550435761 121
1739617769282 153.76722612660856 122
1739617769298 153.64949553920957 123
1739617769312 153.53186319930956 124
1739617769328 153.4143290249074 125
1739617769344 153.2968929340703 126
1739617769359 153.17955484493402 127
1739617769374 153.06231467570248 128
1739617769391 152.94517234464803 129
1739617769407 152.82812777011114 130
1739617769423 152.7111808705004 131
1739617769438 152.5943315642926 132
1739617769453 152.47757977003255 133
1739617769468 152.36092540633294 134
1739617769484 152.24436839187456 135
1739617769500 152.1279086454059 136
1739617769516 152.01154608574345 137
1739617769531 151.89528063177124 138
1739617769546 151.77911220244124 139
1739617769562 151.66304071677283 140
1739617769577 151.54706609385318 141
1739617769592 151.43118825283688 142
1739617769607 151.31540711294596 143
1739617769621 151.19972259347006 144
1739617769636 151.084134613766 145
1739617769651 150.96864309325795 146
1739617769665 150.85324795143742 147
1739617769680 150.73794910786293 148
1739617769695 150.62274648216035 149
1739617769709 150.50763999402253 150
1739617769724 150.3926295632093 151
1739617769740 150.27771510954756 152
1739617769755 150.16289655293113 153
1739617769770 150.04817381332055 154
1739617769785 149.9335468107433 155
1739617769800 149.81901546529357 156
1739617769816 149.70457969713226 157
1739617769830 149.59023942648687 158
1739617769844 149.4759945736515 159
1739617769860 149.36184505898672 160
1739617769875 149.2477908029197 161
1739617769890 149.1338317259439 162
1739617769907 149.01996774861922 163
1739617769921 148.90619879157182 164
1739617769937 148.79252477549412 165
1739617769952 148.67894562114472 166
1739617769966 148.56546124934837 167
1739617769981 148.45207158099595 168
1739617769996 148.33877653704428 169
1739617770011 148.22557603851618 170
1739617770027 148.11247000650042 171
1739617770042 147.9994583621516 172
1739617770057 147.88654102669028 173
1739617770072 147.7737179214024 174
1739617770087 147.66098896763998 175
1739617770102 147.54835408682055 176
1739617770117 147.43581320042713 177
1739617770132 147.32336623000842 178
1739617770147 147.21101309717847 179
1739617770161 147.09875372361688 180
1739617770177 146.98658803106858 181
1739617770193 146.8745159413437 182
1739617770208 146.76253737631785 183
1739617770223 146.65065225793157 184
1739617770238 146.53886050819085 185
1739617770254 146.42716204916653 186
1739617770269 146.31555680299465 187
1739617770285 146.2040446918761 188
1739617770300 146.09262563807687 189
1739617770315 145.98129956392773 190
1739617770330 145.87006639182425 191
1739617770344 145.75892604422683 192
1739617770360 145.6478784436606 193
1739617770375 145.53692351271525 194
1739617770390 145.42606117404526 195
1739617770405 145.31529135036948 196
1739617770420 145.20461396447135 197
1739617770434 145.09402893919875 198
1739617770449 144.98353619746396 199
1739617770464 144.87313566224358 200
1739617770479 144.7628272565786 201
1739617770494 144.65261090357401 202
1739617770509 144.54248652639927 203
1739617770524 144.43245404828767 204
1739617770539 144.32251339253682 205
1739617770554 144.21266448250825 206
1739617770568 144.10290724162738 207
1739617770583 143.99324159338371 208
1739617770598 143.88366746133048 209
1739617770614 143.77418476908468 210
1739617770631 143.66479344032726 211
1739617770647 143.5554933988027 212
1739617770663 143.44628456831913 213
1739617770679 143.33716687274833 214
1739617770694 143.22814023602564 215
1739617770710 143.11920458214982 216
1739617770725 143.0103598351831 217
1739617770741 142.9016059192511 218
1739617770755 142.79294275854272 219
1739617770770 142.68437027731014 220
1739617770786 142.5758883998689 221
1739617770800 142.46749705059747 222
1739617770815 142.35919615393766 223
1739617770830 142.25098563439417 224
1739617770845 142.14286541653487 225
1739617770860 142.03483542499043 226
1739617770877 141.92689558445457 227
1739617770891 141.81904581968377 228
1739617770907 141.71128605549737 229
1739617770922 141.60361621677737 230
1739617770936 141.49603622846857 231
1739617770952 141.38854601557833 232
1739617770968 141.2811455031767 233
1739617770983 141.17383461639616 234
1739617770998 141.0666132804318 235
1739617771020 140.95948142054095 236
1739617771070 140.85243896204355 237
1739617771086 140.74548583032174 238
1739617771102 140.63862195081998 239
1739617771118 140.53184724904492 240
1739617771134 140.4251616505654 241
1739617771149 140.31856508101242 242
1739617771165 140.21205746607902 243
1739617771181 140.10563873152026 244
1739617771196 139.99930880315316 245
1739617771212 139.8930676068567 246
1739617771228 139.78691506857166 247
1739617771243 139.68085111430068 248
1739617771260 139.5748756701081 249
1739617771276 139.4689886621201 250
1739617771291 139.36319001652438 251
1739617771311 139.2574796595703 252
1739617771326 139.15185751756877 253
1739617771342 139.04632351689224 254
1739617771358 138.94087758397458 255
1739617771373 138.83551964531105 256
1739617771389 138.73024962745828 257
1739617771404 138.62506745703416 258
1739617771420 138.5199730607179 259
1739617771435 138.41496636524985 260
1739617771451 138.31004729743154 261
1739617771467 138.20521578412553 262
1739617771483 138.1004717522555 263
1739617771499 137.99581512880613 264
1739617771516 137.89124584082293 265
1739617771533 137.78676381541243 266
1739617771548 137.68236897974194 267
1739617771564 137.5780612610395 268
1739617771579 137.47384058659404 269
1739617771595 137.36970688375507 270
1739617771610 137.2656600799327 271
1739617771624 137.16170010259773 272
1739617771639 137.05782687928144 273
1739617771653 136.95404033757558 274
1739617771669 136.8503404051324 275
1739617771684 136.74672700966448 276
1739617771699 136.64320007894474 277
1739617771714 136.5397595408064 278
1739617771729 136.43640532314288 279
1739617771743 136.33313735390786 280
1739617771758 136.22995556111502 281
1739617771774 136.12685987283828 282
1739617771788 136.02385021721147 283
1739617771804 135.92092652242843 284
1739617771818 135.81808871674306 285
1739617771833 135.71533672846888 286
1739617771848 135.6126704859795 287
1739617771864 135.51008991770817 288
1739617771879 135.40759495214792 289
1739617771894 135.30518551785144 290
1739617771910 135.20286154343106 291
1739617771925 135.10062295755873 292
1739617771939 134.99846968896586 293
1739617771954 134.8964016664434 294
1739617771969 134.79441881884176 295
1739617771983 134.69252107507063 296
1739617771998 134.59070836409913 297
1739617772013 134.48898061495564 298
1739617772029 134.38733775672773 299
1739617772045 134.28577971856222 300
1739617772060 134.18430642966507 301
1739617772075 134.08291781930126 302
1739617772089 133.9816138167949 303
1739617772104 133.88039435152893 304
1739617772118 133.77925935294547 305
1739617772133 133.67820875054528 306
1739617772148 133.57724247388816 307
1739617772163 133.47636045259262 308
1739617772177 133.37556261633586 309
1739617772193 133.27484889485385 310
1739617772208 133.17421921794121 311
1739617772222 133.0736735154511 312
1739617772237 132.97321171729527 313
1739617772252 132.87283375344398 314
1739617772269 132.77253955392587 315
1739617772284 132.67232904882803 316
1739617772300 132.57220216829592 317
1739617772315 132.4721588425333 318
1739617772329 132.37219900180213 319
1739617772344 132.27232257642265 320
1739617772359 132.17252949677317 321
1739617772374 132.0728196932902 322
1739617772389 131.97319309646826 323
1739617772404 131.8736496368599 324
1739617772419 131.77418924507563 325
1739617772433 131.67481185178383 326
1739617772449 131.57551738771082 327
1739617772463 131.47630578364073 328
1739617772478 131.37717697041538 329
1739617772493 131.27813087893443 330
1739617772507 131.1791674401551 331
1739617772521 131.08028658509232 332
1739617772536 130.98148824481856 333
1739617772551 130.88277235046382 334
1739617772566 130.78413883321562 335
1739617772580 130.68558762431883 336
1739617772595 130.5871186550758 337
1739617772610 130.48873185684616 338
1739617772625 130.3904271610469 339
1739617772639 130.29220449915204 340
1739617772653 130.19406380269314 341
1739617772669 130.0960050032586 342
1739617772684 129.99802803249406 343
1739617772699 129.90013282210225 344
1739617772713 129.80231930384275 345
1739617772729 129.70458740953228 346
1739617772745 129.6069370710443 347
1739617772761 129.50936822030926 348
1739617772777 129.41188078931435 349
1739617772794 129.31447471010358 350
1739617772809 129.21714991477756 351
1739617772824 129.11990633549377 352
1739617772839 129.02274390446618 353
1739617772854 128.92566255396528 354
1739617772869 128.82866221631826 355
1739617772884 128.73174282390866 356
1739617772899 128.6349043091765 357
1739617772914 128.53814660461822 358
1739617772930 128.4414696427865 359
1739617772945 128.34487335629044 360
1739617772962 128.24835767779533 361
1739617772978 128.1519225400226 362
1739617772994 128.05556787574997 363
1739617773009 127.95929361781113 364
1739617773024 127.86309969909591 365
1739617773039 127.76698605255015 366
1739617773055 127.6709526111756 367
1739617773076 127.57499930802999 368
1739617773094 127.47912607622689 369
1739617773112 127.38333284893574 370
1739617773129 127.28761955938168 371
1739617773145 127.19198614084564 372
1739617773163 127.09643252666426 373
1739617773180 127.00095865022975 374
1739617773198 126.90556444498993 375
1739617773216 126.81024984444824 376
1739617773232 126.71501478216351 377
1739617773251 126.61985919175014 378
1739617773268 126.5247830068778 379
1739617773284 126.42978616127168 380
1739617773300 126.33486858871218 381
1739617773316 126.240030223035 382
1739617773332 126.14527099813102 383
1739617773348 126.0505908479464 384
1739617773364 125.95598970648231 385
1739617773380 125.8614675077951 386
1739617773396 125.7670241859961 387
1739617773413 125.6726596752517 388
1739617773429 125.57837390978311 389
1739617773445 125.48416682386662 390
1739617773465 125.39003835183323 391
1739617773481 125.29598842806878 392
1739617773497 125.20201698701393 393
1739617773513 125.10812396316403 394
1739617773530 125.01430929106908 395
1739617773546 124.92057290533371 396
1739617773561 124.82691474061718 397
1739617773578 124.73333473163322 398
1739617773594 124.6398328131501 399
1739617773610 124.5464089199905 400
1739617773627 124.45306298703152 401
1739617773643 124.35979494920463 402
1739617773659 124.26660474149556 403
1739617773675 124.17349229894434 404
1739617773691 124.08045755664524 405
1739617773706 123.98750044974666 406
1739617773722 123.8946209134511 407
1739617773737 123.80181888301526 408
1739617773751 123.70909429374976 409
1739617773766 123.61644708101922 410
1739617773780 123.52387718024232 411
1739617773795 123.4313845268915 412
1739617773809 123.33896905649314 413
1739617773824 123.24663070462742 414
1739617773838 123.15436940692827 415
1739617773852 123.06218509908337 416
1739617773867 122.97007771683403 417
1739617773882 122.87804719597524 418
1739617773896 122.78609347235559 419
1739617773913 122.69421648187715 420
1739617773928 122.60241616049552 421
1739617773942 122.5106924442198 422
1739617773956 122.41904526911242 423
1739617773971 122.32747457128922 424
1739617773986 122.23598028691936 425
1739617774001 122.14456235222524 426
1739617774016 122.05322070348258 427
1739617774030 121.96195527702015 428
1739617774046 121.87076600922 429
1739617774061 121.77965283651719 430
1739617774077 121.68861569539986 431
1739617774096 121.59765452240917 432
1739617774112 121.50676925413926 433
1739617774128 121.41595982723713 434
1739617774144 121.32522617840269 435
1739617774159 121.23456824438868 436
1739617774174 121.14398596200071 437
1739617774189 121.05347926809698 438
1739617774204 120.9630480995885 439
1739617774219 120.8726923934389 440
1739617774234 120.78241208666444 441
1739617774249 120.69220711633395 442
1739617774264 120.60207741956874 443
1739617774279 120.51202293354268 444
1739617774297 120.422043595482 445
1739617774312 120.33213934266534 446
1739617774327 120.24231011242375 447
1739617774343 120.15255584214052 448
1739617774358 120.06287646925121 449
1739617774372 119.97327193124364 450
1739617774387 119.88374216565775 451
1739617774403 119.79428711008566 452
1739617774419 119.70490670217156 453
1739617774433 119.61560087961168 454
1739617774448 119.52636958015424 455
1739617774463 119.43721274159944 456
1739617774477 119.3481303017994 457
1739617774491 119.25912219865808 458
1739617774506 119.17018837013127 459
1739617774521 119.0813287542266 460
1739617774535 118.99254328900336 461
1739617774550 118.90383191257263 462
1739617774565 118.81519456309704 463
1739617774580 118.72663117879092 464
1739617774594 118.63814169792013 465
1739617774608 118.54972605880205 466
1739617774623 118.46138419980556 467
1739617774637 118.37311605935098 468
1739617774652 118.28492157591003 469
1739617774667 118.19680068800572 470
1739617774681 118.1087533342125 471
1739617774695 118.02077945315595 472
1739617774710 117.932878983513 473
1739617774725 117.84505186401164 474
1739617774739 117.7572980334311 475
1739617774755 117.66961743060168 476
1739617774769 117.5820099944047 477
1739617774784 117.4944756637725 478
1739617774799 117.40701437768844 479
1739617774814 117.3196260751868 480
1739617774828 117.23231069535262 481
1739617774842 117.14506817732196 482
1739617774857 117.05789846028158 483
1739617774874 116.97080148346903 484
1739617774890 116.88377718617254 485
1739617774905 116.79682550773103 486
1739617774921 116.70994638753406 487
1739617774936 116.62313976502176 488
1739617774951 116.53640557968487 489
1739617774965 116.44974377106449 490
1739617774981 116.36315427875236 491
1739617774996 116.27663704239052 492
1739617775011 116.1901920016714 493
1739617775026 116.10381909633782 494
1739617775041 116.01751826618279 495
1739617775057 115.93128945104972 496
1739617775071 115.84513259083211 497
1739617775085 115.75904762547364 498
1739617775100 115.67303449496816 499
