1739616742974 97.93109487213367 0
1739616743037 41.728426870717634 1
1739616743138 17.321513446307236 2
1739616743239 4.360787184929765 3
1739616743304 4.21577358490635 4
1739616743364 0.017425243587774746 5
1739616743414 1.4266200224391221 6
1739616743460 0.0021429563168189484 7
1739616743507 0.8039792895632488 8
1739616743550 0.30750987904994315 9
1739616743592 0.08471280602125922 10
1739616743633 2.3405385121888194 11
1739616743676 1.0183893155079238 12
1739616743716 18.503467711185127 13
1739616743757 0.00043454784074130185 14
1739616743796 2.015298313635702 15
1739616743840 0.08605150927127211 16
1739616743878 1.054537585605602 17
1739616743916 0.4683201648102946 18
1739616743955 0.3270069509239436 19
1739616743994 0.010106094188759424 20
1739616744033 0.0876232914966665 21
1739616744073 2.4151803947828463 22
1739616744111 0.07656914039583851 23
1739616744150 0.01491581099955162 24
1739616744204 1.0893120471535438 25
1739616744349 0.02415555271070401 26
1739616744421 0.1565567294020159 27
1739616744474 0.16435146151515456 28
1739616744526 0.44933422484980506 29
1739616744580 0.47115856053493055 30
1739616744651 0.5256634272748709 31
1739616744705 0.11193838282303596 32
1739616744757 0.11753968487616168 33
1739616744808 0.14932621335319554 34
1739616744854 1.8908768876403546 35
1739616744899 0.0001940260139007217 36
1739616744944 0.32027473290456543 37
1739616744984 0.9761968790019999 38
1739616745026 0.6437018482458251 39
1739616745067 1.8195564071594241 40
1739616745109 0.0016344399400062414 41
1739616745147 0.28584726595807397 42
1739616745185 0.2842374336186743 43
1739616745224 1.1652020381068127 44
1739616745273 0.07361740699947962 45
1739616745314 0.28167956932613547 46
1739616745354 0.28110514643536844 47
1739616745392 0.002405109559651619 48
1739616745433 0.30877899720598073 49
1739616745473 0.09056547931413014 50
1739616745511 0.3180273523227718 51
1739616745550 0.02865853208902955 52
1739616745590 1.3909576431071498 53
1739616745629 0.3939552227540431 54
1739616745667 0.08054565807337724 55
1739616745706 0.1126571339427364 56
1739616745745 0.00011240149905047957 57
1739616745783 0.21569426938516895 58
1739616745823 19.666133804609746 59
1739616745861 1.8912312505410462 60
1739616745900 0.16697147107483004 61
1739616745940 0.03151130678113356 62
1739616745978 0.011543825923948856 63
1739616746016 1.0367622368765432 64
1739616746056 0.011735547255552555 65
1739616746094 9.18937010271796e-05 66
1739616746132 1.0760448232640316 67
1739616746172 0.3976642964687052 68
1739616746210 0.12711517459885127 69
1739616746249 0.8901421312039804 70
1739616746288 0.20685482291447338 71
1739616746326 1.6215607690489147 72
1739616746375 0.13736505664357052 73
1739616746416 0.045321002803036074 74
1739616746455 3.166410787578669 75
1739616746494 0.09207562563150379 76
1739616746533 0.038488409209965026 77
1739616746572 0.2889085033879153 78
1739616746610 0.6007702316342899 79
1739616746648 0.9342109392624797 80
1739616746687 0.35304057629203545 81
1739616746724 0.31662246430265434 82
1739616746762 0.0037603249598959928 83
1739616746799 0.03246490707142671 84
1739616746837 0.9000217786996935 85
1739616746875 0.13107326145189088 86
1739616746913 0.3838363340956811 87
1739616746950 0.4349665981926151 88
1739616746988 1.2917153377427826 89
1739616747026 1.0364736576763247 90
1739616747063 2.7829595480435887 91
1739616747101 0.018604210327919424 92
1739616747138 1.0089527377817156 93
1739616747176 0.042174590905947024 94
1739616747213 0.03835458564342152 95
1739616747249 0.17720389356906902 96
1739616747286 0.023811029286503003 97
1739616747324 0.08776581823646859 98
1739616747360 0.20521886981642692 99
1739616747396 0.0350547083096884 100
1739616747441 1.799945184143008 101
1739616747479 0.4358931100912171 102
1739616747517 0.8957588043759097 103
1739616747556 0.03957328012677822 104
1739616747594 0.0788578468354178 105
1739616747631 0.36790137469295553 106
1739616747669 0.059247565288588835 107
1739616747706 0.7575613397318576 108
1739616747743 0.2584962727841393 109
1739616747781 0.012083998492541272 110
1739616747818 0.022932536445832635 111
1739616747855 1.1492918516720827 112
1739616747891 0.1043018408678059 113
1739616747927 0.6393157515651359 114
1739616747962 0.0005535887534587883 115
1739616747998 0.018646777479026846 116
1739616748035 0.5333586687537563 117
1739616748072 1.6658917761503444 118
1739616748107 2.5012025832676925 119
1739616748144 1.6301248433304911 120
1739616748179 0.0025175522878416105 121
1739616748215 1.4640437542836489 122
1739616748251 0.604175098343687 123
1739616748288 1.426002590848632 124
1739616748325 0.010972969420216408 125
1739616748362 0.006596447649958609 126
1739616748398 0.10378821486037017 127
1739616748435 0.006781713251094363 128
1739616748472 0.7802165739300408 129
1739616748509 0.07362852869369414 130
1739616748554 0.5142775792225617 131
1739616748592 0.0036091445081824457 132
1739616748630 0.023137481024539608 133
1739616748667 0.256754600269145 134
1739616748705 0.036129177821189934 135
1739616748742 0.026700099035343344 136
1739616748777 0.26299888208875205 137
1739616748813 0.10904412657251646 138
1739616748849 2.0472993423573307 139
1739616748885 6.652132757939473 140
1739616748920 0.8434735415828853 141
1739616748957 1.7254946465942664 142
1739616748993 0.005134900516002821 143
1739616749032 3.0930054697588307 144
1739616749068 0.13199804353233333 145
1739616749104 0.27326651535305874 146
1739616749141 0.915738881325211 147
1739616749176 0.2660404573681708 148
1739616749212 0.009623316075055849 149
1739616749248 0.06928909379961908 150
1739616749285 0.540580231845165 151
1739616749321 0.7918577739231656 152
1739616749357 0.8127371086022837 153
1739616749393 1.1260316606982295 154
1739616749430 0.018733793937917246 155
1739616749466 0.151002741196759 156
1739616749502 3.8284204691908124 157
1739616749537 0.21186591491019385 158
1739616749574 0.3007029659093831 159
1739616749610 0.02583369267934591 160
1739616749655 0.08489259187164777 161
1739616749694 0.05125078790891993 162
1739616749732 2.7274555745630353 163
1739616749770 0.017438239396781123 164
1739616749807 0.3965094928151019 165
1739616749843 0.015938779648565674 166
1739616749881 0.15738691960313905 167
1739616749919 0.001429662236555258 168
1739616749956 0.16091625099303075 169
1739616749990 0.005606591472655077 170
1739616750026 0.0054624130609697745 171
1739616750061 0.5836454142547836 172
1739616750096 4.989885741231566 173
1739616750132 0.024962746631438427 174
1739616750168 0.09003365225323814 175
1739616750204 0.014377439723853183 176
1739616750241 1.1550639605109077 177
1739616750277 0.2762059845646889 178
1739616750312 0.12367460986497951 179
1739616750347 0.002967189343927227 180
1739616750383 0.0018678756475429394 181
1739616750420 2.894644631741197 182
1739616750455 0.2778986359298784 183
1739616750491 0.1407482719026166 184
1739616750527 0.4319890239484406 185
1739616750563 1.4401261804963774 186
1739616750598 2.042977579990088 187
1739616750633 0.09520791714568665 188
1739616750670 0.30291837247269493 189
1739616750707 2.8439625770115508e-05 190
1739616750754 0.7132131889381393 191
1739616750792 0.43791856108406974 192
1739616750829 0.0018804135239518952 193
1739616750866 1.4960740266470391 194
1739616750903 0.47044141563028 195
1739616750938 0.09198984523561798 196
1739616750973 0.5815805198849853 197
1739616751009 1.088264155882439 198
1739616751044 3.638285554281331 199
1739616751080 0.004685823258931422 200
1739616751116 0.3046265039091837 201
1739616751153 3.5027765921377365 202
1739616751189 0.033181599764150485 203
1739616751226 0.5827710010302277 204
1739616751262 0.573619371692436 205
