1739556471104 167.00037656913045 0
1739556471114 168.98042111161888 1
1739556471125 162.23441025326076 2
1739556471135 166.5898728749624 3
1739556471145 156.63682236155165 4
1739556471155 163.5973825251241 5
1739556471165 161.6148806615767 6
1739556471175 163.58514999961454 7
1739556471185 162.4068353353834 8
1739556471195 154.7776459080046 9
1739556471204 157.44271854248655 10
1739556471214 153.2004267071971 11
1739556471224 155.10365419024996 12
1739556471234 153.15008266130087 13
1739556471244 155.9627636552794 14
1739556471254 147.79969824368848 15
1739556471264 150.726553402932 16
1739556471274 151.36330583620972 17
1739556471284 144.93423135256862 18
1739556471302 146.2228441309178 19
1739556471315 143.54906411897483 20
1739556471325 142.4736406691496 21
1739556471335 151.33774913876186 22
1739556471345 142.25738715351102 23
1739556471355 139.22235832953436 24
1739556471365 137.4317341248183 25
1739556471375 139.2638315857635 26
1739556471385 137.14056226995498 27
1739556471395 133.72208730037426 28
1739556471405 134.11348760734256 29
1739556471415 134.05137670589755 30
1739556471425 128.386140418207 31
1739556471435 130.1737026770478 32
1739556471445 126.3778607813405 33
1739556471456 131.27613160215571 34
1739556471466 130.9388872950176 35
1739556471476 126.35470677463586 36
1739556471486 130.6275042047862 37
1739556471496 126.84317824561148 38
1739556471506 127.46726040794177 39
1739556471516 122.13876135367894 40
1739556471525 126.55488527539435 41
1739556471535 123.6784436610405 42
1739556471546 121.38321484452092 43
1739556471556 122.69548576086834 44
1739556471566 121.67432798117255 45
1739556471576 119.58303691561761 46
1739556471585 117.15191002499239 47
1739556471595 118.27145018436669 48
1739556471605 115.39256403772586 49
1739556471615 118.20484945134689 50
1739556471625 115.15778807230808 51
1739556471635 112.56809313837422 52
1739556471645 112.50191197946783 53
1739556471656 113.4556389794922 54
1739556471666 112.18620870736949 55
1739556471675 114.7462997653723 56
1739556471685 109.55706708278058 57
1739556471695 106.38730081220496 58
1739556471705 105.220050550675 59
1739556471715 107.26111936306026 60
1739556471725 107.55506846814419 61
1739556471734 107.32190068690957 62
1739556471745 107.6033375169336 63
1739556471755 108.54379225538591 64
1739556471765 103.85792161728845 65
1739556471775 108.07987334577525 66
1739556471785 100.57117945028232 67
1739556471795 101.91872505209136 68
1739556471805 101.63914286905684 69
1739556471814 98.59408396398747 70
1739556471825 100.70773990824217 71
1739556471835 99.0500688023471 72
1739556471846 98.7443589474055 73
1739556471856 96.36223481688394 74
1739556471866 97.20288864062493 75
1739556471876 98.80046682041515 76
1739556471889 94.60089785344356 77
1739556471900 94.99614602212024 78
1739556471910 95.16732315866211 79
1739556471920 94.73119998395758 80
1739556471930 93.33493175470298 81
1739556471939 97.50024236360498 82
1739556471950 91.79488433341223 83
1739556471960 88.53612574479256 84
1739556471970 92.93146825095508 85
1739556471980 89.86129835029367 86
1739556471990 87.54350766788227 87
1739556472000 87.08021199644767 88
1739556472010 86.69432343333682 89
1739556472020 85.98627522294214 90
1739556472030 87.28128327062004 91
1739556472040 83.39183858088411 92
1739556472050 84.20043398260492 93
1739556472060 85.06389075941853 94
1739556472070 83.59224571735759 95
1739556472080 82.67300344621918 96
1739556472089 81.92053125130656 97
1739556472099 80.7899848609694 98
1739556472109 81.15520109014835 99
1739556472119 81.48879027876646 100
1739556472129 81.76802015661076 101
1739556472139 82.71825461010809 102
1739556472149 79.06176837280023 103
1739556472160 78.07360982849642 104
1739556472170 78.69246768213304 105
1739556472180 76.9517659332469 106
1739556472190 76.36747954921732 107
1739556472200 78.14079909801097 108
1739556472210 78.45272168531736 109
1739556472219 76.33770719446659 110
1739556472229 76.00080014389845 111
1739556472239 75.75064756555226 112
1739556472249 72.8077861277725 113
1739556472260 72.29908691768064 114
1739556472270 73.46714803471482 115
1739556472280 71.84835368862174 116
1739556472290 72.2012047188633 117
1739556472302 71.74260300356113 118
1739556472317 71.34344096079805 119
1739556472328 70.68479905065385 120
1739556472338 69.78757785245094 121
1739556472349 68.78738283496975 122
1739556472359 71.98793038563338 123
1739556472369 68.99794662202434 124
1739556472379 65.54473318068999 125
1739556472389 65.17548840534904 126
1739556472399 67.74557148036016 127
1739556472409 66.58605104008879 128
1739556472418 65.92853040068321 129
1739556472428 65.9424915417973 130
1739556472438 64.67075693587128 131
1739556472447 66.59279887201517 132
1739556472462 64.71926756544735 133
1739556472472 64.64268114535606 134
1739556472482 63.80215931419257 135
1739556472492 63.18596948571763 136
1739556472501 62.33620256868407 137
1739556472511 60.51292009948953 138
1739556472521 60.858276206055656 139
1739556472531 59.531902134301255 140
1739556472541 58.56052211928184 141
1739556472551 62.269140684111925 142
1739556472590 59.1616365033606 143
1739556472601 59.996279399456824 144
1739556472612 58.65293022064831 145
1739556472622 58.41902690944022 146
1739556472632 57.12978348659401 147
1739556472643 57.319674084378065 148
1739556472654 56.9739202500271 149
1739556472665 56.681682577568985 150
1739556472676 56.68986394013326 151
1739556472685 55.472949927626686 152
1739556472695 55.4543633004982 153
1739556472705 56.59543314739967 154
1739556472715 55.769821592818346 155
1739556472725 53.80559217978398 156
1739556472735 54.03810250330385 157
1739556472745 52.25175844845482 158
1739556472755 54.145357907853246 159
1739556472765 53.44961429057047 160
1739556472776 54.29600343082585 161
1739556472786 53.00855912952703 162
1739556472796 51.84786591205127 163
1739556472806 52.087788548467735 164
1739556472816 52.232511256078276 165
1739556472826 49.093604460635845 166
1739556472835 51.426588568837495 167
1739556472845 49.54141712444382 168
1739556472855 49.67329077603864 169
1739556472865 49.811888483044 170
1739556472876 50.7518741210388 171
1739556472886 47.33890363189438 172
1739556472896 48.338725933892654 173
1739556472906 47.81180117650556 174
1739556472917 47.48645236294469 175
1739556472926 47.01267941615313 176
1739556472936 46.16303159125629 177
1739556472946 45.87692500891207 178
1739556472956 46.86786501163363 179
1739556472966 47.07323766916988 180
1739556472976 47.16454668613995 181
1739556472986 47.68345047689531 182
1739556472996 46.94027206393799 183
1739556473006 43.39733469671451 184
1739556473016 43.18267754374002 185
1739556473026 45.18342848244233 186
1739556473036 42.285093071424384 187
1739556473046 44.926511566738256 188
1739556473055 43.42163276657791 189
1739556473066 42.87523113071583 190
1739556473076 42.6817411600961 191
1739556473086 41.55181131854348 192
1739556473096 41.53980941603869 193
1739556473106 42.38462188525717 194
1739556473116 42.44550247764244 195
1739556473125 41.27369353077876 196
1739556473135 40.413529104072424 197
1739556473145 40.27219491350222 198
1739556473155 41.60505057844621 199
1739556473165 39.87222856702208 200
1739556473176 38.54623331744847 201
1739556473186 40.34495632853274 202
1739556473196 39.39092076010045 203
1739556473206 39.075076432689826 204
1739556473216 36.730173407101326 205
1739556473226 38.10203225312662 206
1739556473236 36.4097348027989 207
1739556473245 38.43795773246543 208
1739556473255 37.87909384149746 209
1739556473265 37.18197358714384 210
1739556473275 36.314552027618376 211
1739556473285 38.160113938061315 212
1739556473295 36.06404463185943 213
1739556473305 38.20459641507084 214
1739556473315 36.77017809598732 215
1739556473325 35.492579125745486 216
1739556473335 36.328056372573805 217
1739556473345 36.25895394470718 218
1739556473354 36.36994167863579 219
1739556473364 36.45000800423812 220
1739556473374 33.86969898599397 221
1739556473384 33.88966346982559 222
1739556473394 35.75678802141503 223
1739556473404 33.37886778878741 224
1739556473414 33.074112986425405 225
1739556473424 32.73997888234126 226
1739556473435 32.98384472364326 227
1739556473445 32.49100378592505 228
1739556473455 34.23966844477496 229
1739556473467 33.65335335619539 230
1739556473477 31.601757517056235 231
1739556473487 31.824874647163576 232
1739556473498 33.116269035318304 233
1739556473508 32.46194526463355 234
1739556473517 31.983704604505647 235
1739556473527 31.16644755853051 236
1739556473537 31.699213682350432 237
1739556473546 31.48702093319114 238
1739556473556 30.36456026551572 239
1739556473566 31.690491599828732 240
1739556473577 29.22656485045531 241
1739556473587 30.018261256676624 242
1739556473597 29.65706566106025 243
1739556473607 28.855828534282615 244
1739556473617 29.98475442562376 245
1739556473626 31.630318088449904 246
1739556473636 28.170374719110754 247
1739556473647 30.041633295646207 248
1739556473657 28.36475103625965 249
1739556473668 28.125622202063056 250
1739556473678 26.633366572612427 251
1739556473688 26.016441199044166 252
1739556473699 28.600674181196293 253
1739556473709 28.913326069738545 254
1739556473719 27.948132308965842 255
1739556473729 28.604418958591232 256
1739556473738 28.346300855832027 257
1739556473748 26.845682479572943 258
1739556473758 26.44007435015643 259
1739556473768 26.028543751386238 260
1739556473778 26.581169913302194 261
1739556473788 26.039491618237875 262
1739556473798 28.107522673220185 263
1739556473808 26.723894757438984 264
1739556473818 26.027310862237037 265
1739556473828 23.979614993479178 266
1739556473838 26.34089591040388 267
1739556473848 25.94860341303667 268
1739556473858 24.894778714351514 269
1739556473868 23.65095194581728 270
1739556473878 25.846937368946723 271
1739556473887 25.468162597902847 272
1739556473899 25.036654991544108 273
1739556473909 23.993362841922032 274
1739556473918 25.371818716304528 275
1739556473928 23.763450039527108 276
1739556473938 25.50017792833028 277
1739556473948 25.106086612318926 278
1739556473958 24.047050251094507 279
1739556473968 23.017145584798453 280
1739556473978 25.6964662224499 281
1739556473988 23.036271329436598 282
1739556473999 23.39550183967727 283
1739556474011 24.082828294909103 284
1739556474022 22.440085437705076 285
1739556474032 22.21412428849931 286
1739556474042 22.277727106465782 287
1739556474052 23.417083224157725 288
1739556474061 22.55197647647313 289
1739556474071 22.59077657230773 290
1739556474081 22.24386166658947 291
1739556474092 21.50358792038682 292
1739556474102 22.913042105071078 293
1739556474112 21.063073472076606 294
1739556474122 21.318306941290256 295
1739556474132 22.55723795578933 296
1739556474142 20.69551653777061 297
1739556474152 21.766014540027193 298
1739556474162 19.11294189170224 299
1739556474172 22.402058451488013 300
1739556474182 21.253861722024922 301
1739556474192 20.83697360354574 302
1739556474202 21.802760698908923 303
1739556474212 19.701692059965836 304
1739556474222 22.50312796022216 305
1739556474231 20.611606159655306 306
1739556474241 19.18184978451775 307
1739556474251 19.89260079949956 308
1739556474261 20.16873888976204 309
1739556474272 19.92462023722966 310
1739556474282 20.11431138894594 311
1739556474292 19.473236562417863 312
1739556474302 18.74197109146651 313
1739556474312 19.779205833740328 314
1739556474322 18.277174500121383 315
1739556474331 18.607922327430547 316
1739556474341 18.255570782568817 317
1739556474351 18.795939174911574 318
1739556474361 17.711771462309486 319
1739556474371 19.095001759893197 320
1739556474381 18.97845986431973 321
1739556474391 17.522590146833718 322
1739556474402 17.185625669082928 323
1739556474412 18.40248074958749 324
1739556474422 17.169231602676557 325
1739556474432 17.983070329706308 326
1739556474442 16.710690619421666 327
1739556474451 15.959365423454814 328
1739556474461 18.152669813872862 329
1739556474472 16.20295312086967 330
1739556474482 17.051764526446846 331
1739556474492 17.391784075614396 332
1739556474501 17.15511468143624 333
1739556474511 17.158553500012193 334
1739556474521 15.559355973329602 335
1739556474531 17.02020005036752 336
1739556474541 15.569299845566741 337
1739556474551 16.521391200142133 338
1739556474561 16.49080258678113 339
1739556474570 17.13848195721537 340
1739556474580 16.637350598336415 341
1739556474590 15.845592592948636 342
1739556474600 15.359093096703324 343
1739556474610 15.075130868663077 344
1739556474620 14.088911459297352 345
1739556474629 16.889685725672802 346
1739556474638 14.567867267268413 347
1739556474648 15.438440909353096 348
1739556474658 16.19588968677633 349
1739556474668 14.825385868963876 350
1739556474678 14.373996814117787 351
1739556474687 15.693244105068732 352
1739556474698 15.391240689911786 353
1739556474707 14.943036211111544 354
1739556474717 15.301585182900528 355
1739556474726 14.666131911672576 356
1739556474736 15.312291924794897 357
1739556474746 15.147463143020017 358
1739556474756 14.731275350904221 359
1739556474766 14.178603389799497 360
1739556474776 14.328651996021065 361
1739556474785 15.570377272058735 362
1739556474796 12.32889456523871 363
1739556474805 14.48329316961989 364
1739556474815 14.9905167436233 365
1739556474825 13.162477702649374 366
1739556474835 12.993733597660746 367
1739556474845 14.212384706420941 368
1739556474855 14.684069288726784 369
1739556474865 12.970028268637051 370
1739556474874 13.235843053528122 371
1739556474884 14.320510775646481 372
1739556474894 14.519064031227128 373
1739556474904 13.30538755064299 374
1739556474915 12.468928277148938 375
1739556474925 13.62158191022647 376
1739556474934 13.045110085344062 377
1739556474944 13.511566176350112 378
1739556474954 12.197859469307959 379
1739556474964 12.961738602384399 380
1739556474974 13.036355050667908 381
1739556474983 13.903030706161145 382
1739556474993 11.968943481955485 383
1739556475003 13.618197213169177 384
1739556475014 12.29492058540746 385
1739556475024 11.621324587066093 386
1739556475033 11.926325970469803 387
1739556475043 13.146440012668728 388
1739556475053 12.562318790507003 389
1739556475063 12.789432524251662 390
1739556475072 11.306493712283876 391
1739556475082 13.051098203133858 392
1739556475092 11.664416389909432 393
1739556475102 11.73176902110286 394
1739556475112 12.914892354216011 395
1739556475122 10.264008163705515 396
1739556475132 11.144282885326726 397
1739556475142 12.007863932871482 398
1739556475152 10.476652582224752 399
1739556475162 10.383705307361833 400
1739556475172 11.465787997697932 401
1739556475181 9.854538532262302 402
1739556475190 11.483029669322384 403
1739556475200 10.58596177008732 404
1739556475210 12.227980125943557 405
1739556475220 11.613956509517006 406
1739556475230 11.501314288965899 407
1739556475240 10.423898518652829 408
1739556475251 11.04207509322832 409
1739556475260 9.941798177721758 410
1739556475269 10.084013587408844 411
1739556475279 10.174042140617862 412
1739556475289 9.431518426094327 413
1739556475299 10.42537597798478 414
1739556475309 9.816200471648353 415
1739556475319 10.465376161411655 416
1739556475329 9.31024066218229 417
1739556475338 9.127392712656338 418
1739556475348 10.771195677884418 419
1739556475358 8.974289078443599 420
1739556475368 9.264756482815258 421
1739556475378 9.820276073095208 422
1739556475387 12.283456435875395 423
1739556475397 9.146825510302095 424
1739556475407 9.828808087439237 425
1739556475417 9.154018984363882 426
1739556475427 10.006548643401452 427
1739556475436 10.208078605817414 428
1739556475446 9.846706662821838 429
1739556475456 8.147034352986388 430
1739556475466 10.303523406798883 431
1739556475477 10.893046424414832 432
1739556475486 11.150280929602854 433
1739556475496 9.362843381691151 434
1739556475506 9.379051347374846 435
1739556475516 9.394161625265816 436
1739556475526 9.902077047479905 437
1739556475536 9.023564059143535 438
1739556475546 9.464819199529025 439
1739556475555 9.67210041027291 440
1739556475565 8.120272945007871 441
1739556475575 9.488405526017736 442
1739556475585 9.235557851152162 443
1739556475595 9.381458345741947 444
1739556475604 9.375106230252966 445
1739556475614 9.042089916651644 446
1739556475623 9.016313929928941 447
1739556475634 8.77298906929766 448
1739556475643 8.943208839649262 449
1739556475653 7.669443434303499 450
1739556475663 9.523891467678629 451
1739556475673 9.488477738105228 452
1739556475683 7.785439181392174 453
1739556475693 7.7648327099675845 454
1739556475703 7.595485596013375 455
1739556475713 8.011851485702373 456
1739556475723 8.046562805703516 457
1739556475733 8.527186730538968 458
1739556475742 7.73668013672425 459
1739556475752 8.87496074668613 460
1739556475762 8.670618654590191 461
1739556475772 7.7362541970760565 462
1739556475782 8.6184274014658 463
1739556475792 9.087225086558638 464
1739556475801 8.155053522349096 465
1739556475811 7.226537525049617 466
1739556475821 7.979511142820811 467
1739556475831 8.790449902921393 468
1739556475841 7.758400665072192 469
1739556475850 7.345402547630834 470
1739556475860 7.929852487343647 471
1739556475869 7.222997790016597 472
1739556475878 7.321252337548688 473
1739556475888 7.2143410764319125 474
1739556475898 7.821308302845334 475
1739556475908 7.281013224769889 476
1739556475917 8.302452258594808 477
1739556475927 8.19959836580424 478
1739556475937 7.418000009259415 479
1739556475947 9.029205469076512 480
1739556475957 7.774213780453058 481
1739556475966 8.175045872114417 482
1739556475976 7.023924687236331 483
1739556475985 7.636430409809818 484
1739556475996 6.72354630464546 485
1739556476005 7.663232838946427 486
1739556476016 6.973510297814714 487
1739556476026 8.131371963475475 488
1739556476035 7.660843724526346 489
1739556476045 8.764078794103083 490
1739556476054 7.430536534822924 491
1739556476064 7.523657676964516 492
1739556476074 6.47287828176056 493
1739556476084 7.331265237764979 494
1739556476094 6.631047003891921 495
1739556476104 6.310527611010391 496
1739556476114 7.269421021084864 497
1739556476124 7.401769320076957 498
1739556476137 6.98928696915999 499
