1739553895414 169.21235122945856 0
1739553895421 165.86120298376972 1
1739553895427 162.58341186044962 2
1739553895434 159.37730629295058 3
1739553895441 156.24125366559812 4
1739553895448 153.17365939511689 5
1739553895454 150.1729660339486 6
1739553895460 147.23765239484203 7
1739553895466 144.36623269620972 8
1739553895472 141.55725572775663 9
1739553895478 138.80930403589892 10
1739553895485 136.12099312850103 11
1739553895491 133.4909706984726 12
1739553895497 130.9179158657752 13
1739553895503 128.40053843740176 14
1739553895510 125.9375781849006 15
1739553895516 123.52780413902693 16
1739553895522 121.17001390111413 17
1739553895529 118.86303297076726 18
1739553895535 116.6057140894904 19
1739553895542 114.39693659986867 20
1739553895549 112.23560581993537 21
1739553895556 110.12065243236259 22
1739553895562 108.05103188812303 23
1739553895569 106.02572382427878 24
1739553895575 104.04373149556102 25
1739553895581 102.10408121941275 26
1739553895588 100.2058218341746 27
1739553895594 98.34802417010073 28
1739553895601 96.52978053290025 29
1739553895607 94.7502041995061 30
1739553895623 93.00842892578075 31
1739553895632 91.30360846587485 32
1739553895638 89.634916102962 33
1739553895646 88.0015441910791 34
1739553895652 86.40270370780826 35
1739553895658 84.83762381754276 36
1739553895664 83.30555144508521 37
1739553895671 81.8057508593328 38
1739553895677 80.3375032668094 39
1739553895683 78.9001064148111 40
1739553895689 77.4928742039361 41
1739553895695 76.11513630977663 42
1739553895702 74.76623781355477 43
1739553895709 73.44553884148986 44
1739553895715 72.15241421269005 45
1739553895721 70.88625309536555 46
1739553895728 69.64645867116576 47
1739553895735 68.43244780744749 48
1739553895742 67.2436507372859 49
1739553895749 66.07951074704417 50
1739553895755 64.93948387132241 51
1739553895761 63.823038595110724 52
1739553895767 62.729655562975275 53
1739553895774 61.65882729511037 54
1739553895780 60.6100579100935 55
1739553895786 59.58286285418443 56
1739553895793 58.57676863701274 57
1739553895801 57.59131257350234 58
1739553895808 56.626042531884956 59
1739553895815 55.68051668765781 60
1739553895822 54.75430328334492 61
1739553895828 53.846980393923836 62
1739553895835 52.95813569778359 63
1739553895842 52.08736625308271 64
1739553895849 51.23427827937903 65
1739553895855 50.39848694440631 66
1739553895862 49.57961615587556 67
1739553895868 48.77729835818205 68
1739553895875 47.991174333901334 69
1739553895881 47.22089300996105 70
1739553895887 46.46611126837744 71
1739553895894 45.72649376144839 72
1739553895901 45.00171273129742 73
1739553895908 44.291447833665316 74
1739553895914 43.59538596584893 75
1739553895921 42.91322109868856 76
1739553895927 42.244654112508336 77
1739553895934 41.58939263691559 78
1739553895940 40.94715089436793 79
1739553895948 40.31764954741877 80
1739553895954 39.700615549554094 81
1739553895961 39.09578199953544 82
1739553895967 38.502887999165935 83
1739553895975 37.92167851439855 84
1739553895983 37.35190423970708 85
1739553895990 36.79332146564296 86
1739553895998 36.245691949502124 87
1739553896005 35.708782789028646 88
1739553896012 35.18236629908289 89
1739553896019 34.66621989120428 90
1739553896026 34.160125956000094 91
1739553896033 33.66387174829338 92
1739553896039 33.17724927496467 93
1739553896046 32.700055185423906 94
1739553896053 32.23209066465013 95
1739553896059 31.773161328738396 96
1739553896065 31.32307712289453 97
1739553896072 30.8816522218198 98
1739553896078 30.448704932429 99
1739553896085 30.024057598846877 100
1739553896091 29.607536509628876 101
1739553896097 29.198971807153736 102
1739553896104 28.798197399136544 103
1739553896111 28.405050872212243 104
1739553896117 28.019373407540403 105
1739553896123 27.641009698383897 106
1739553896130 27.26980786961444 107
1739553896137 26.905619399099777 108
1739553896144 26.548299040927933 109
1739553896151 26.19770475042518 110
1739553896157 25.853697610925316 111
1739553896169 25.51614176224903 112
1739553896176 25.184904330852845 113
1739553896182 24.859855361608332 114
1739553896188 24.540867751173078 115
1739553896195 24.22781718291583 116
1739553896202 23.920582063359216 117
1739553896208 23.61904346010415 118
1739553896215 23.323085041201075 119
1739553896221 23.032593015933816 120
1739553896228 22.74745607698285 121
1739553896234 22.467565343935348 122
1739553896241 22.1928143081104 123
1739553896248 21.92309877866821 124
1739553896254 21.65831682997323 125
1739553896260 21.398368750181533 126
1739553896267 21.143156991023666 127
1739553896273 20.892586118754764 128
1739553896279 20.646562766244497 129
1739553896286 20.404995586179957 130
1739553896292 20.167795205355347 131
1739553896298 19.9348741800228 132
1739553896304 19.706146952279457 133
1739553896310 19.481529807466345 134
1739553896317 19.260940832555274 135
1739553896323 19.044299875500517 136
1739553896330 18.83152850553263 137
1739553896336 18.62254997437209 138
1739553896343 18.417289178341427 139
1739553896350 18.215672621354347 140
1739553896356 18.017628378761632 141
1739553896362 17.823086062033337 142
1739553896369 17.63197678425791 143
1739553896376 17.444233126438856 144
1739553896382 17.259789104570338 145
1739553896388 17.078580137473352 146
1739553896395 16.900543015374684 147
1739553896401 16.725615869211143 148
1739553896408 16.553738140642142 149
1739553896414 16.38485055275393 150
1739553896420 16.218895081439285 151
1739553896427 16.055814927436852 152
1739553896433 15.895554489014607 153
1739553896440 15.738059335282403 154
1739553896447 15.583276180118832 155
1739553896454 15.431152856698 156
1739553896460 15.281638292602185 157
1739553896466 15.134682485506636 158
1739553896473 14.990236479423116 159
1739553896480 14.848252341489175 160
1739553896486 14.708683139290267 161
1739553896493 14.57148291870233 162
1739553896499 14.436606682242662 163
1739553896506 14.3040103679171 164
1739553896513 14.173650828552061 165
1739553896520 14.04548581159996 166
1739553896526 13.919473939407034 167
1739553896533 13.795574689932732 168
1739553896539 13.673748377910155 169
1739553896546 13.553956136437217 170
1739553896553 13.436159898988459 171
1739553896559 13.320322381837743 172
1739553896566 13.206407066882251 173
1739553896573 13.094378184858325 174
1739553896579 12.984200698940143 175
1739553896586 12.875840288712206 176
1739553896592 12.769263334507 177
1739553896598 12.664436902099252 178
1739553896604 12.561328727748515 179
1739553896611 12.459907203582008 180
1739553896618 12.36014136330968 181
1739553896629 12.262000868263884 182
1739553896636 12.165455993756046 183
1739553896670 12.070477615742947 184
1739553896679 11.97703719779549 185
1739553896685 11.885106778362822 186
1739553896692 11.794658958325025 187
1739553896699 11.705666888827642 188
1739553896706 11.61810425939148 189
1739553896713 11.531945286291343 190
1739553896719 11.447164701197428 191
1739553896726 11.363737740073267 192
1739553896733 11.281640132324283 193
1739553896740 11.200848090191206 194
1739553896748 11.121338298382577 195
1739553896755 11.043087903940842 196
1739553896763 10.966074506336671 197
1739553896770 10.890276147786158 198
1739553896777 10.815671303785766 199
1739553896784 10.742238873859973 200
1739553896791 10.669958172516703 201
1739553896798 10.598808920405764 202
1739553896804 10.528771235675556 203
1739553896812 10.459825625523498 204
1739553896818 10.391952977935707 205
1739553896825 10.32513455361151 206
1739553896832 10.259351978068617 207
1739553896839 10.194587233924679 208
1739553896846 10.130822653351265 209
1739553896853 10.068040910696196 210
1739553896860 10.00622501527045 211
1739553896866 9.945358304295738 212
1739553896873 9.885424436009158 213
1739553896880 9.826407382921259 214
1739553896886 9.768291425223973 215
1739553896893 9.711061144345026 216
1739553896900 9.654701416645386 217
1739553896907 9.599197407256563 218
1739553896914 9.544534564054434 219
1739553896920 9.490698611766557 220
1739553896927 9.437675546209855 221
1739553896934 9.385451628655714 222
1739553896940 9.334013380319535 223
1739553896947 9.283347576971954 224
1739553896954 9.233441243668864 225
1739553896961 9.184281649597601 226
1739553896967 9.135856303036546 227
1739553896974 9.088152946425682 228
1739553896980 9.04115955154539 229
1739553896986 8.994864314801202 230
1739553896993 8.949255652611962 231
1739553896999 8.904322196899061 232
1739553897005 8.860052790674498 233
1739553897012 8.816436483725433 234
1739553897018 8.773462528393113 235
1739553897024 8.73112037544393 236
1739553897031 8.689399670030635 237
1739553897037 8.648290247741539 238
1739553897043 8.607782130735766 239
1739553897050 8.567865523962585 240
1739553897056 8.528530811462943 241
1739553897062 8.489768552751274 242
1739553897069 8.4515694792758 243
1739553897075 8.41392449095557 244
1739553897081 8.376824652792425 245
1739553897087 8.340261191556264 246
1739553897094 8.304225492541942 247
1739553897100 8.26870909639611 248
1739553897107 8.23370369601254 249
1739553897113 8.19920113349424 250
1739553897120 8.165193397181 251
1739553897126 8.131672618740778 252
1739553897132 8.098631070323547 253
1739553897139 8.066061161776183 254
1739553897145 8.033955437917003 255
1739553897152 8.002306575868639 256
1739553897158 7.971107382447911 257
1739553897165 7.940350791611438 258
1739553897177 7.910029861955714 259
1739553897183 7.880137774270456 260
1739553897190 7.850667829143994 261
1739553897196 7.821613444619576 262
1739553897202 7.792968153901405 263
1739553897209 7.7647256031093175 264
1739553897216 7.7368795490810385 265
1739553897222 7.70942385722092 266
1739553897229 7.6823524993941 267
1739553897235 7.655659551865136 268
1739553897241 7.629339193280084 269
1739553897248 7.603385702691033 270
1739553897254 7.577793457622178 271
1739553897261 7.552556932176531 272
1739553897267 7.527670695182304 273
1739553897274 7.503129408378134 274
1739553897280 7.478927824636257 275
1739553897287 7.455060786222821 276
1739553897293 7.4315232230945 277
1739553897299 7.408310151230568 278
1739553897305 7.38541667099972 279
1739553897312 7.362837965560828 280
1739553897318 7.3405692992968525 281
1739553897325 7.318606016281282 282
1739553897331 7.296943538776233 283
1739553897337 7.275577365761691 284
1739553897344 7.254503071495004 285
1739553897350 7.233716304100162 286
1739553897357 7.213212784186076 287
1739553897363 7.192988303493243 288
1739553897369 7.17303872356824 289
1739553897376 7.153359974465352 290
1739553897382 7.133948053474776 291
1739553897389 7.114799023876836 292
1739553897395 7.095909013721624 293
1739553897401 7.0772742146335 294
1739553897408 7.058890880639937 295
1739553897414 7.040755327024131 296
1739553897420 7.022863929200942 297
1739553897427 7.005213121615575 298
1739553897433 6.987799396664537 299
1739553897439 6.970619303638409 300
1739553897446 6.953669447685927 301
1739553897452 6.936946488798928 302
1739553897459 6.920447140817715 303
1739553897465 6.904168170456357 304
1739553897471 6.888106396347564 305
1739553897478 6.872258688106656 306
1739553897484 6.85662196541424 307
1739553897491 6.841193197117185 308
1739553897497 6.825969400347502 309
1739553897503 6.8109476396587505 310
1739553897510 6.796125026179573 311
1739553897516 6.781498716784052 312
1739553897522 6.76706591327842 313
1739553897529 6.752823861603898 314
1739553897535 6.738769851055205 315
1739553897541 6.7249012135145065 316
1739553897548 6.711215322700386 317
1739553897554 6.697709593431565 318
1739553897560 6.684381480905045 319
1739553897567 6.6712284799883985 320
1739553897573 6.658248124525816 321
1739553897579 6.645437986657766 322
1739553897585 6.632795676153802 323
1739553897591 6.620318839758406 324
1739553897598 6.608005160549466 325
1739553897604 6.5958523573092025 326
1739553897611 6.583858183907238 327
1739553897617 6.5720204286955815 328
1739553897623 6.560336913915225 329
1739553897629 6.548805495114214 330
1739553897635 6.537424060576813 331
1739553897642 6.5261905307636505 332
1739553897648 6.515102857762552 333
1739553897654 6.504159024749848 334
1739553897661 6.493357045461973 335
1739553897667 6.482694963677062 336
1739553897674 6.472170852706435 337
1739553897680 6.461782814895694 338
1739553897686 6.45152898113527 339
1739553897692 6.441407510380178 340
1739553897699 6.431416589178838 341
1739553897705 6.421554431210782 342
1739553897711 6.411819276832999 343
1739553897718 6.402209392634801 344
1739553897724 6.392723071001016 345
1739553897730 6.383358629683302 346
1739553897736 6.3741144113795105 347
1739553897742 6.364988783320806 348
1739553897748 6.355980136866481 349
1739553897755 6.347086887106295 350
1739553897762 6.338307472470108 351
1739553897768 6.3296403543447814 352
1739553897775 6.32108401669808 353
1739553897781 6.312636965709532 354
1739553897788 6.304297729408046 355
1739553897794 6.296064857316136 356
1739553897800 6.287936920100693 357
1739553897806 6.279912509230088 358
1739553897812 6.271990236637546 359
1739553897818 6.264168734390621 360
1739553897825 6.256446654366654 361
1739553897831 6.24882266793414 362
1739553897837 6.241295465639797 363
1739553897844 6.233863756901317 364
1739553897850 6.226526269705633 365
1739553897857 6.219281750312599 366
1739553897863 6.212128962963973 367
1739553897869 6.205066689597619 368
1739553897876 6.198093729566783 369
1739553897882 6.191208899364419 370
1739553897889 6.184411032352343 371
1739553897895 6.177698978495264 372
1739553897901 6.1710716040994615 373
1739553897908 6.1645277915561305 374
1739553897916 6.158066439089206 375
1739553897924 6.1516864605076576 376
1739553897931 6.145386784962127 377
1739553897937 6.139166356705804 378
1739553897944 6.133024134859533 379
1739553897950 6.126959093180959 380
1739553897956 6.120970219837765 381
1739553897963 6.115056517184766 382
1739553897970 6.109217001544952 383
1739553897977 6.103450702994265 384
1739553897983 6.097756665150116 385
1739553897990 6.092133944963542 386
1739553897997 6.086581612514957 387
1739553898003 6.081098750813363 388
1739553898010 6.075684455599068 389
1739553898016 6.0703378351497035 390
1739553898023 6.065058010089622 391
1739553898029 6.059844113202482 392
1739553898035 6.054695289247053 393
1739553898042 6.049610694776144 394
1739553898048 6.044589497958568 395
1739553898054 6.039630878404143 396
1739553898060 6.034734026991625 397
1739553898067 6.029898145699545 398
1739553898073 6.025122447439881 399
1739553898080 6.020406155894503 400
1739553898087 6.015748505354394 401
1739553898094 6.011148740561496 402
1739553898102 6.00660611655322 403
1739553898108 6.002119898509554 404
1739553898115 5.99768936160268 405
1739553898121 5.9933137908490695 406
1739553898127 5.988992480964069 407
1739553898134 5.9847247362188245 408
1739553898140 5.980509870299597 409
1739553898146 5.97634720616938 410
1739553898153 5.9722360759317725 411
1739553898159 5.96817582069708 412
1739553898166 5.9641657904506085 413
1739553898172 5.960205343923089 414
1739553898183 5.9562938484632335 415
1739553898190 5.952430679912307 416
1739553898196 5.948615222480785 417
1739553898203 5.944846868626969 418
1739553898209 5.9411250189375595 419
1739553898216 5.937449082010168 420
1739553898222 5.93381847433769 421
1739553898228 5.930232620194556 422
1739553898235 5.926690951524791 423
1739553898241 5.923192907831829 424
1739553898247 5.919737936070142 425
1739553898253 5.916325490538539 426
1739553898260 5.912955032775179 427
1739553898266 5.909626031454255 428
1739553898272 5.906337962284279 429
1739553898279 5.903090307908008 430
1739553898285 5.8998825578039185 431
1739553898291 5.896714208189232 432
1739553898298 5.893584761924466 433
1739553898304 5.890493728419491 434
1739553898311 5.8874406235410115 435
1739553898317 5.88442496952154 436
1739553898323 5.881446294869747 437
1739553898329 5.8785041342822435 438
1739553898336 5.8755980285566745 439
1739553898342 5.8727275245062 440
1739553898349 5.869892174875285 441
1739553898355 5.867091538256785 442
1739553898361 5.8643251790103035 443
1739553898368 5.861592667181804 444
1739553898374 5.85889357842444 445
1739553898381 5.85622749392064 446
1739553898387 5.8535940003053195 447
1739553898394 5.850992689590308 448
1739553898400 5.848423159089912 449
1739553898407 5.845885011347593 450
1739553898413 5.843377854063779 451
1739553898420 5.840901300024755 452
1739553898426 5.8384549670326225 453
1739553898432 5.836038477836327 454
1739553898439 5.833651460063718 455
1739553898445 5.831293546154618 456
1739553898451 5.828964373294898 457
1739553898457 5.826663583351558 458
1739553898463 5.8243908228087475 459
1739553898470 5.822145742704775 460
1739553898477 5.819927998569996 461
1739553898483 5.817737250365699 462
1739553898490 5.815573162423838 463
1739553898497 5.813435403387681 464
1739553898504 5.811323646153332 465
1739553898510 5.809237567812123 466
1739553898517 5.807176849593826 467
1739553898524 5.805141176810746 468
1739553898530 5.803130238802588 469
1739553898536 5.801143728882152 470
1739553898542 5.799181344281841 471
1739553898548 5.797242786100909 472
1739553898555 5.7953277592534995 473
1739553898561 5.793435972417456 474
1739553898567 5.791567137983831 475
1739553898574 5.789720972007198 476
1739553898581 5.787897194156595 477
1739553898587 5.786095527667245 478
1739553898594 5.784315699292953 479
1739553898600 5.782557439259176 480
1739553898606 5.780820481216773 481
1739553898612 5.779104562196443 482
1739553898619 5.777409422563777 483
1739553898625 5.775734805974997 484
1739553898632 5.774080459333277 485
1739553898638 5.772446132745731 486
1739553898645 5.77083157948099 487
1739553898651 5.769236555927408 488
1739553898657 5.767660821551821 489
1739553898663 5.7661041388589265 490
1739553898670 5.764566273351212 491
1739553898677 5.763046993489478 492
1739553898683 5.761546070653908 493
1739553898690 5.760063279105649 494
1739553898696 5.758598395949025 495
1739553898702 5.757151201094167 496
1739553898709 5.755721477220256 497
1739553898715 5.754309009739237 498
1739553898721 5.752913586760071 499
