1739556587085 168.541989024889 0
1739556587096 167.2524980983904 1
1739556587105 165.97572027943366 2
1739556587115 164.71016902841583 3
1739556587125 163.45574282353596 4
1739556587135 162.21234107495155 5
1739556587145 160.97986411615614 6
1739556587154 159.75821319543743 7
1739556587164 158.54729046741403 8
1739556587173 157.34699898465172 9
1739556587183 156.15724268935682 10
1739556587192 154.97792640514703 11
1739556587202 153.80895582889883 12
1739556587211 152.65023752267027 13
1739556587220 151.50168941894657 14
1739556587229 150.36319871007245 15
1739556587239 149.2346955387493 16
1739556587249 148.11606886024887 17
1739556587258 147.0072503892806 18
1739556587268 145.90813081238824 19
1739556587286 144.81864338655484 20
1739556587301 143.7386804985183 21
1739556587312 142.66817691835848 22
1739556587322 141.60702670249694 23
1739556587332 140.5551661054796 24
1739556587342 139.51250110133145 25
1739556587352 138.47893854100818 26
1739556587363 137.45441685381118 27
1739556587374 136.43883413994476 28
1739556587384 135.43213024392549 29
1739556587394 134.4342048331718 30
1739556587405 133.44499914061964 31
1739556587416 132.46441437281632 32
1739556587426 131.49239312482365 33
1739556587435 130.5288482089137 34
1739556587445 129.57369324848 35
1739556587454 128.62687283411586 36
1739556587463 127.68829190008472 37
1739556587472 126.75789633550805 38
1739556587483 125.83559251945144 39
1739556587492 124.92132761495648 40
1739556587501 124.01500942003665 41
1739556587511 123.11658634750721 42
1739556587520 122.22597750699873 43
1739556587530 121.34310275858238 44
1739556587539 120.46791234601501 45
1739556587548 119.60031750406684 46
1739556587558 118.74026966786451 47
1739556587567 117.8876814042896 48
1739556587577 117.04250531724063 49
1739556587586 116.20465528190847 50
1739556587596 115.37408504878965 51
1739556587605 114.55070977801562 52
1739556587614 113.73448434492293 53
1739556587623 112.92533488422481 54
1739556587632 112.12318821328353 55
1739556587641 111.32800085535831 56
1739556587651 110.53969108289522 57
1739556587660 109.75821649136803 58
1739556587669 108.98349655967162 59
1739556587679 108.21548993513264 60
1739556587689 107.45411728157909 61
1739556587698 106.69933827821094 62
1739556587707 105.9510747526651 63
1739556587716 105.2092873964104 64
1739556587725 104.47390869759172 65
1739556587734 103.74487176558954 66
1739556587744 103.02213877488876 67
1739556587753 102.30563437216207 68
1739556587762 101.59532169674733 69
1739556587772 100.8911264881698 70
1739556587782 100.19301283227452 71
1739556587791 99.50090754198855 72
1739556587801 98.81477563166294 73
1739556587810 98.13455433367032 74
1739556587819 97.46018145568667 75
1739556587829 96.79162337237574 76
1739556587838 96.12880949680377 77
1739556587848 95.47170708860304 78
1739556587857 94.82024656890404 79
1739556587867 94.1743960654628 80
1739556587877 93.53408698956284 81
1739556587886 92.89928832055558 82
1739556587896 92.26993244229143 83
1739556587905 91.64598916949957 84
1739556587914 91.02740102878403 85
1739556587924 90.41411107071025 86
1739556587933 89.8060903338993 87
1739556587942 89.2032735581883 88
1739556587951 88.60563257835311 89
1739556587960 88.01310304772105 90
1739556587969 87.4256575820475 91
1739556587979 86.84323273195432 92
1739556587989 86.26580187928661 93
1739556588002 85.69330245605856 94
1739556588012 85.12570859559528 95
1739556588020 84.56296761438266 96
1739556588030 84.00502730632866 97
1739556588039 83.45186290575278 98
1739556588048 82.90341397988594 99
1739556588058 82.35965647919396 100
1739556588068 81.82053079887805 101
1739556588077 81.28601359188025 102
1739556588086 80.75604606672577 103
1739556588096 80.2306055654201 104
1739556588105 79.70963409543131 105
1739556588114 79.19310967466788 106
1739556588123 78.68098395383161 107
1739556588133 78.17320901885041 108
1739556588142 77.66976387792025 109
1739556588151 77.17059247407533 110
1739556588161 76.67567445958704 111
1739556588170 76.18495452811779 112
1739556588180 75.69841296370109 113
1739556588189 75.21599519738089 114
1739556588199 74.73768213287136 115
1739556588208 74.26341992559067 116
1739556588217 73.79319008707995 117
1739556588227 73.32693948435937 118
1739556588236 72.8646502251665 119
1739556588245 72.40627855486859 120
1739556588254 71.9517811092266 121
1739556588264 71.50114086951145 122
1739556588273 71.05430642680507 123
1739556588284 70.61126133044776 124
1739556588298 70.17195484021195 125
1739556588334 69.73637106262596 126
1739556588352 69.3044599143866 127
1739556588363 68.87620604853402 128
1739556588372 68.45156002713561 129
1739556588383 68.03050703926854 130
1739556588393 67.61300681708008 131
1739556588403 67.19901944900717 132
1739556588412 66.7885309095411 133
1739556588422 66.38149332441719 134
1739556588432 65.97789317883205 135
1739556588442 65.57768320507125 136
1739556588452 65.18085038923725 137
1739556588462 64.7873480595209 138
1739556588472 64.39716369331576 139
1739556588483 64.01025120426488 140
1739556588493 63.62659855161971 141
1739556588503 63.24616862422992 142
1739556588513 62.86892463628906 143
1739556588523 62.49485525310453 144
1739556588533 62.123915806875644 145
1739556588543 61.756095421955656 146
1739556588553 61.39134998087192 147
1739556588563 61.02966905819898 148
1739556588574 60.67100907716021 149
1739556588584 60.31536005389346 150
1739556588594 59.9626789428595 151
1739556588605 59.61295619326508 152
1739556588615 59.26614928151983 153
1739556588625 58.9222490815655 154
1739556588634 58.58122183062242 155
1739556588645 58.24303405834521 156
1739556588655 57.90767726106352 157
1739556588666 57.57511017994152 158
1739556588677 57.24532471589073 159
1739556588686 56.918280100811295 160
1739556588697 56.593968632400944 161
1739556588708 56.27235002473556 162
1739556588718 55.95341696465087 163
1739556588731 55.63712963999209 164
1739556588742 55.323481119229264 165
1739556588752 55.01244018214085 166
1739556588762 54.70397587588147 167
1739556588772 54.39808182818091 168
1739556588783 54.094719374944425 169
1739556588794 53.79388250739133 170
1739556588804 53.495533006945685 171
1739556588814 53.19966522129778 172
1739556588824 52.9062413696422 173
1739556588834 52.61525614925454 174
1739556588843 52.3266722094906 175
1739556588853 52.04048459045581 176
1739556588863 51.75665636419442 177
1739556588872 51.475182907014116 178
1739556588883 51.19603569686037 179
1739556588893 50.91918645238802 180
1739556588902 50.64463104262353 181
1739556588912 50.372333563942085 182
1739556588921 50.10229020554687 183
1739556588930 49.834465461386195 184
1739556588939 49.56885583464145 185
1739556588948 49.30542620994515 186
1739556588958 49.044173398375754 187
1739556588967 48.78506266848439 188
1739556588976 48.528091133280675 189
1739556588985 48.273224438589786 190
1739556588999 48.02045999349971 191
1739556589008 47.769771677296006 192
1739556589017 47.52113358616385 193
1739556589026 47.27454356314516 194
1739556589036 47.0299681683855 195
1739556589045 46.78740552685342 196
1739556589055 46.54682255363521 197
1739556589064 46.30821765015263 198
1739556589073 46.07155808030622 199
1739556589083 45.83684251660134 200
1739556589093 45.60403856573575 201
1739556589102 45.373145166030625 202
1739556589112 45.14413026107144 203
1739556589121 44.91699304982742 204
1739556589130 44.69170954939345 205
1739556589139 44.468255972495776 206
1739556589148 44.24663190016844 207
1739556589157 44.02680609247975 208
1739556589166 43.80877837861696 209
1739556589175 43.592517835671394 210
1739556589185 43.378024536151074 211
1739556589195 43.16526786872066 212
1739556589204 42.95424814446832 213
1739556589213 42.744935058279374 214
1739556589222 42.537329155171655 215
1739556589232 42.33140043099386 216
1739556589241 42.12714966013136 217
1739556589251 41.924554763479506 218
1739556589260 41.72359383855772 219
1739556589269 41.524267996006216 220
1739556589278 41.32654796112232 221
1739556589288 41.130435062883826 222
1739556589297 40.935900309877766 223
1739556589307 40.74294524515382 224
1739556589317 40.55154115573966 225
1739556589326 40.361689794572364 226
1739556589336 40.17336272235729 227
1739556589345 39.986561897814056 228
1739556589354 39.801259150647454 229
1739556589364 39.617456641332936 230
1739556589373 39.435133986734854 231
1739556589383 39.25427096334654 232
1739556589392 39.074870027462836 233
1739556589402 38.896903660791764 234
1739556589412 38.72037451164894 235
1739556589421 38.545255315013094 236
1739556589430 38.37154890745601 237
1739556589440 38.199228272911135 238
1739556589450 38.028296432513585 239
1739556589459 37.85872661491209 240
1739556589468 37.69052202218253 241
1739556589478 37.523656123524695 242
1739556589487 37.35813229840189 243
1739556589497 37.1939316750303 244
1739556589506 37.03103552605149 245
1739556589515 36.86944749106349 246
1739556589525 36.70914162233641 247
1739556589534 36.550121728265296 248
1739556589543 36.39236208766923 249
1739556589552 36.235866674418524 250
1739556589562 36.080609990038745 251
1739556589571 35.9265961706171 252
1739556589580 35.77379993661093 253
1739556589591 35.62222558312826 254
1739556589600 35.47184804585033 255
1739556589610 35.32267177577088 256
1739556589619 35.17467924842953 257
1739556589628 35.02785307018286 258
1739556589638 34.882197920674095 259
1739556589647 34.737689257279854 260
1739556589656 34.594331907950405 261
1739556589666 34.45210153281752 262
1739556589675 34.311003105208194 263
1739556589684 34.17101248458711 264
1739556589693 34.0321347867837 265
1739556589703 33.894346067233705 266
1739556589712 33.75765158144971 267
1739556589721 33.62202757753586 268
1739556589731 33.48747944792256 269
1739556589741 33.353983630138 270
1739556589750 33.22154565081795 271
1739556589759 33.09014936007783 272
1739556589768 32.95977872490372 273
1739556589778 32.83043946883545 274
1739556589787 32.70210848857016 275
1739556589797 32.574791635296506 276
1739556589807 32.448465984224114 277
1739556589816 32.3231375116556 278
1739556589825 32.19878346831784 279
1739556589834 32.07540995314108 280
1739556589844 31.952994389426852 281
1739556589853 31.831542996294377 282
1739556589863 31.71103336672893 283
1739556589874 31.591471837646885 284
1739556589884 31.47284331253915 285
1739556589894 31.355132801028557 286
1739556589904 31.23834681291111 287
1739556589913 31.122463352495213 288
1739556589926 31.00748904159267 289
1739556589936 30.893402044471824 290
1739556589945 30.780209092725297 291
1739556589955 30.667888507911776 292
1739556589964 30.556447129212636 293
1739556589973 30.445863432854157 294
1739556589983 30.3361443634565 295
1739556589992 30.227268549336657 296
1739556590001 30.11924303844493 297
1739556590011 30.012046608657304 298
1739556590020 29.905686409186195 299
1739556590030 29.80014841924018 300
1739556590039 29.695418713139237 301
1739556590048 29.59150458876663 302
1739556590057 29.48838518653868 303
1739556590067 29.386067900602388 304
1739556590076 29.284532012416086 305
1739556590086 29.18378501045839 306
1739556590096 29.083806314891056 307
1739556590105 28.984603506629394 308
1739556590115 28.88615614224078 309
1739556590124 28.78847189321884 310
1739556590133 28.691530450278854 311
1739556590143 28.5953395736702 312
1739556590152 28.499886067776217 313
1739556590161 28.405156823593607 314
1739556590170 28.311159731733284 315
1739556590180 28.21787480809011 316
1739556590189 28.125310027626014 317
1739556590199 28.03344553278779 318
1739556590208 27.942289381185876 319
1739556590218 27.851821839732935 320
1739556590227 27.762051047018367 321
1739556590237 27.672957392370908 322
1739556590246 27.58454909372154 323
1739556590256 27.496806660800992 324
1739556590265 27.40973838927608 325
1739556590275 27.323324907300385 326
1739556590284 27.23757458670187 327
1739556590294 27.152475075435472 328
1739556590303 27.068014099335485 329
1739556590312 26.984200142154112 330
1739556590321 26.901014119098136 331
1739556590331 26.818464586275578 332
1739556590340 26.736532570656312 333
1739556590349 26.655226699233573 334
1739556590359 26.574528108911068 335
1739556590368 26.494445496125092 336
1739556590377 26.414960105915636 337
1739556590386 26.33608070274783 338
1739556590396 26.25778863803147 339
1739556590405 26.180092742873768 340
1739556590414 26.10297447331843 341
1739556590424 26.026442725754784 342
1739556590434 25.95048588938126 343
1739556590444 25.875092423554833 344
1739556590454 25.800271320664457 345
1739556590463 25.72600429037046 346
1739556590472 25.652300387057934 347
1739556590482 25.579141419178907 348
1739556590491 25.50653650184484 349
1739556590500 25.434467540694463 350
1739556590510 25.362943710320547 351
1739556590519 25.291947011971168 352
1739556590528 25.22148667849951 353
1739556590538 25.151544805212882 354
1739556590548 25.08213068202773 355
1739556590557 25.013233267723873 356
1739556590566 24.94484158527177 357
1739556590576 24.876965008557658 358
1739556590585 24.809585860859755 359
1739556590595 24.74271357023508 360
1739556590604 24.676330548803207 361
1739556590613 24.610446277674423 362
1739556590623 24.54504325637598 363
1739556590632 24.480131017975626 364
1739556590641 24.415692147999177 365
1739556590651 24.351736230397464 366
1739556590660 24.28824593530996 367
1739556590669 24.22523089651713 368
1739556590678 24.16267386741092 369
1739556590687 24.10058453056856 370
1739556590697 24.038952428118108 371
1739556590706 23.977767160229355 372
1739556590715 23.917038481350723 373
1739556590725 23.856749346633123 374
1739556590735 23.79690955682636 375
1739556590745 23.737502145751304 376
1739556590754 23.678536959495194 377
1739556590763 23.61999710928944 378
1739556590772 23.56189248561362 379
1739556590782 23.504206275871827 380
1739556590791 23.446948414009334 381
1739556590800 23.390102162386164 382
1739556590809 23.333677497504862 383
1739556590818 23.277657755485336 384
1739556590828 23.222052954496757 385
1739556590838 23.166853150297854 386
1739556590850 23.1120484512385 387
1739556590863 23.057648936924636 388
1739556590873 23.00363812220723 389
1739556590883 22.95002612620729 390
1739556590893 22.896796533508535 391
1739556590904 22.84395950191604 392
1739556590913 22.791498684639237 393
1739556590924 22.73942427735263 394
1739556590935 22.687720000803115 395
1739556590944 22.636396087735978 396
1739556590953 22.58543632536587 397
1739556590964 22.534850982725896 398
1739556590973 22.484623912446875 399
1739556590983 22.434765419082197 400
1739556590992 22.38526601098591 401
1739556591001 22.336116244266684 402
1739556591015 22.287326475920903 403
1739556591025 22.238880717066298 404
1739556591035 22.1907893583656 405
1739556591044 22.143036472811158 406
1739556591054 22.095632484016146 407
1739556591063 22.048561525873755 408
1739556591073 22.001834054245876 409
1739556591082 21.955434262969188 410
1739556591091 21.909372639466365 411
1739556591100 21.86363343657649 412
1739556591109 21.81822717260868 413
1739556591118 21.77313815847913 414
1739556591128 21.728376942722416 415
1739556591137 21.68392789342222 416
1739556591147 21.639801588690617 417
1739556591156 21.595988985598748 418
1739556591165 21.552481084140492 419
1739556591175 21.509288506176183 420
1739556591184 21.466395758259235 421
1739556591193 21.423813490262713 422
1739556591202 21.381526262843263 423
1739556591211 21.33954475328259 424
1739556591220 21.297853575497786 425
1739556591230 21.256463433587108 426
1739556591239 21.21535899389948 427
1739556591249 21.174550986769336 428
1739556591258 21.134024130162718 429
1739556591267 21.093789180081433 430
1739556591277 21.053830905307564 431
1739556591286 21.0141600869528 432
1739556591296 20.9747680285797 433
1739556591306 20.935646072912355 434
1739556591315 20.896805038274916 435
1739556591324 20.85822981650334 436
1739556591334 20.81993124968536 437
1739556591343 20.781894277774 438
1739556591353 20.744129766100976 439
1739556591362 20.70662270199386 440
1739556591371 20.669383973519125 441
1739556591381 20.63239861464877 442
1739556591390 20.595677535684953 443
1739556591399 20.559205816526173 444
1739556591408 20.522994389221157 445
1739556591417 20.487028378888926 446
1739556591427 20.45131873884545 447
1739556591436 20.415857078778153 448
1739556591446 20.380635044187205 449
1739556591455 20.345663619980428 450
1739556591464 20.31092804074706 451
1739556591473 20.276439311504852 452
1739556591483 20.24218270968441 453
1739556591493 20.208169259966876 454
1739556591502 20.174384281969555 455
1739556591511 20.14083881959936 456
1739556591520 20.107518234016453 457
1739556591530 20.074433587924712 458
1739556591539 20.041570283394023 459
1739556591549 20.00893940150502 460
1739556591558 19.976526384614598 461
1739556591567 19.944342331768464 462
1739556591577 19.91237912336179 463
1739556591586 19.88062867261752 464
1739556591595 19.84910210534384 465
1739556591605 19.817784961388945 466
1739556591614 19.78668838353209 467
1739556591623 19.755797949809562 468
1739556591632 19.72512481958827 469
1739556591643 19.69465460851483 470
1739556591653 19.66439849216814 471
1739556591663 19.63434212323694 472
1739556591674 19.604496693144025 473
1739556591683 19.57484789106138 474
1739556591692 19.54540692389506 475
1739556591701 19.51615951675061 476
1739556591710 19.487116891664 477
1739556591719 19.45826480913368 478
1739556591729 19.429614505979405 479
1739556591738 19.401158132056768 480
1739556591748 19.37288786705234 481
1739556591757 19.34481496989665 482
1739556591767 19.316925286693706 483
1739556591777 19.289230090322256 484
1739556591786 19.261715260456295 485
1739556591795 19.234392083600618 486
1739556591804 19.207246472497282 487
1739556591813 19.180289726961494 488
1739556591822 19.153507792309608 489
1739556591832 19.126911981358088 490
1739556591841 19.100488271511928 491
1739556591850 19.074247988285922 492
1739556591860 19.04817714069595 493
1739556591869 19.022287066658475 494
1739556591878 18.996570124945638 495
1739556591888 18.97101870181597 496
1739556591898 18.945644153814214 497
1739556591908 18.920432566374906 498
1739556591917 18.895395307728414 499
