1739613003921 169.6210407770955 0
1739613003932 169.28342331990137 1
1739613003941 169.1151467043333 2
1739613003951 168.94695377158112 3
1739613003961 168.7789459773262 4
1739613003970 168.61112304841063 5
1739613003979 168.44348477304652 6
1739613003988 168.27603093965755 7
1739613003997 168.1087613369154 8
1739613004005 167.94167575373925 9
1739613004014 167.7747739792958 10
1739613004023 167.60805580299865 11
1739613004033 167.4415210145082 12
1739613004042 167.27516940373138 13
1739613004051 167.10900076082117 14
1739613004060 166.9430148761765 15
1739613004070 166.7772115404419 16
1739613004078 166.6115905445072 17
1739613004088 166.44615167950712 18
1739613004098 166.28089473682124 19
1739613004107 166.11581950807346 20
1739613004116 165.9509257851319 21
1739613004125 165.78621336010846 22
1739613004134 165.6216820253586 23
1739613004143 165.45733157348116 24
1739613004152 165.2931617973177 25
1739613004161 165.1291724899528 26
1739613004170 164.96536344471315 27
1739613004179 164.8017344551677 28
1739613004188 164.6382853151273 29
1739613004197 164.47501581864418 30
1739613004206 164.31192576001186 31
1739613004215 164.1490149337649 32
1739613004224 163.9862831346785 33
1739613004233 163.8237301577683 34
1739613004242 163.66135579828997 35
1739613004251 163.49915985173908 36
1739613004260 163.33714211385072 37
1739613004269 163.17530238059922 38
1739613004278 163.01364044819795 39
1739613004288 162.85215611309883 40
1739613004297 162.69084917199243 41
1739613004306 162.52971942180716 42
1739613004314 162.36876665970956 43
1739613004323 162.20799068310345 44
1739613004332 162.04739128963018 45
1739613004341 161.88696827716797 46
1739613004350 161.7267214438318 47
1739613004360 161.566650587973 48
1739613004369 161.4067555081792 49
1739613004378 161.24703600327382 50
1739613004387 161.08749187231592 51
1739613004396 160.92812291459978 52
1739613004405 160.76892892965492 53
1739613004413 160.60990971724542 54
1739613004422 160.4510650773699 55
1739613004431 160.2923948102613 56
1739613004446 160.1338987163863 57
1739613004456 159.9755765964454 58
1739613004465 159.81742825137232 59
1739613004474 159.6594534823341 60
1739613004483 159.50165209073035 61
1739613004492 159.3440238781933 62
1739613004501 159.18656864658763 63
1739613004510 159.02928619800971 64
1739613004519 158.8721763347879 65
1739613004527 158.71523885948187 66
1739613004536 158.55847357488238 67
1739613004545 158.40188028401133 68
1739613004553 158.24545879012103 69
1739613004562 158.08920889669423 70
1739613004571 157.9331304074437 71
1739613004580 157.7772231263121 72
1739613004588 157.6214868574715 73
1739613004597 157.46592140532337 74
1739613004607 157.31052657449806 75
1739613004616 157.15530216985462 76
1739613004624 157.00024799648068 77
1739613004633 156.84536385969193 78
1739613004642 156.690649565032 79
1739613004652 156.53610491827212 80
1739613004661 156.38172972541093 81
1739613004670 156.22752379267413 82
1739613004678 156.0734869265143 83
1739613004687 155.9196189336105 84
1739613004696 155.76591962086806 85
1739613004705 155.61238879541852 86
1739613004715 155.4590262646189 87
1739613004724 155.3058318360519 88
1739613004732 155.1528053175254 89
1739613004741 154.99994651707215 90
1739613004750 154.84725524294964 91
1739613004758 154.6947313036398 92
1739613004767 154.5423745078487 93
1739613004776 154.3901846645063 94
1739613004784 154.2381615827661 95
1739613004793 154.08630507200502 96
1739613004802 153.93461494182316 97
1739613004811 153.78309100204325 98
1739613004820 153.63173306271077 99
1739613004829 153.4805409340933 100
1739613004841 153.32951442668073 101
1739613004850 153.17865335118447 102
1739613004859 153.0279575185375 103
1739613004869 152.87742673989416 104
1739613004878 152.72706082662964 105
1739613004886 152.57685959033995 106
1739613004896 152.42682284284152 107
1739613004905 152.2769503961709 108
1739613004914 152.12724206258468 109
1739613004923 151.9776976545592 110
1739613004932 151.82831698479 111
1739613004941 151.679099866192 112
1739613004951 151.53004611189883 113
1739613004960 151.38115553526293 114
1739613004970 151.23242794985498 115
1739613004979 151.08386316946388 116
1739613004988 150.93546100809635 117
1739613004997 150.7872212799767 118
1739613005006 150.63914379954667 119
1739613005014 150.49122838146488 120
1739613005023 150.34347484060703 121
1739613005032 150.1958829920653 122
1739613005041 150.04845265114812 123
1739613005050 149.90118363338016 124
1739613005058 149.75407575450163 125
1739613005067 149.6071288304685 126
1739613005076 149.46034267745202 127
1739613005085 149.3137171118384 128
1739613005094 149.16725195022863 129
1739613005103 149.02094700943837 130
1739613005112 148.8748021064974 131
1739613005121 148.72881705864958 132
1739613005131 148.5829916833525 133
1739613005141 148.43732579827744 134
1739613005158 148.29181922130874 135
1739613005172 148.14647177054377 136
1739613005182 148.00128326429277 137
1739613005190 147.85625352107843 138
1739613005200 147.71138235963568 139
1739613005209 147.56666959891143 140
1739613005217 147.42211505806446 141
1739613005226 147.27771855646492 142
1739613005235 147.1334799136943 143
1739613005244 146.98939894954495 144
1739613005252 146.84547548402014 145
1739613005261 146.7017093373336 146
1739613005270 146.55810032990925 147
1739613005278 146.414648282381 148
1739613005287 146.27135301559264 149
1739613005296 146.12821435059732 150
1739613005305 145.98523210865756 151
1739613005314 145.84240611124486 152
1739613005323 145.69973618003937 153
1739613005332 145.55722213692994 154
1739613005341 145.41486380401352 155
1739613005350 145.27266100359518 156
1739613005359 145.1306135581878 157
1739613005368 144.98872129051162 158
1739613005377 144.84698402349437 159
1739613005386 144.70540158027063 160
1739613005394 144.56397378418194 161
1739613005404 144.42270045877626 162
1739613005413 144.28158142780788 163
1739613005422 144.14061651523724 164
1739613005431 143.99980554523043 165
1739613005440 143.85914834215927 166
1739613005455 143.71864473060074 167
1739613005465 143.5782945353371 168
1739613005474 143.43809758135535 169
1739613005484 143.29805369384698 170
1739613005492 143.158162698208 171
1739613005501 143.01842442003854 172
1739613005510 142.87883868514248 173
1739613005519 142.73940531952735 174
1739613005528 142.6001241494042 175
1739613005537 142.46099500118703 176
1739613005546 142.32201770149294 177
1739613005554 142.18319207714157 178
1739613005563 142.04451795515502 179
1739613005572 141.90599516275762 180
1739613005581 141.76762352737555 181
1739613005590 141.62940287663687 182
1739613005599 141.4913330383709 183
1739613005608 141.35341384060837 184
1739613005618 141.2156451115808 185
1739613005627 141.0780266797208 186
1739613005635 140.94055837366116 187
1739613005644 140.8032400222351 188
1739613005654 140.6660714544758 189
1739613005663 140.52905249961643 190
1739613005672 140.39218298708954 191
1739613005681 140.2554627465271 192
1739613005690 140.11889160776016 193
1739613005699 139.98246940081864 194
1739613005708 139.84619595593108 195
1739613005717 139.71007110352437 196
1739613005726 139.57409467422366 197
1739613005735 139.43826649885187 198
1739613005744 139.3025864084298 199
1739613005753 139.16705423417548 200
1739613005761 139.03166980750436 201
1739613005770 138.89643296002876 202
1739613005779 138.76134352355777 203
1739613005787 138.62640133009705 204
1739613005796 138.49160621184848 205
1739613005804 138.35695800121002 206
1739613005813 138.22245653077547 207
1739613005821 138.0881016333342 208
1739613005830 137.95389314187094 209
1739613005840 137.81983088956554 210
1739613005849 137.68591470979277 211
1739613005858 137.55214443612203 212
1739613005867 137.41851990231723 213
1739613005876 137.2850409423364 214
1739613005885 137.15170739033158 215
1739613005894 137.01851908064856 216
1739613005903 136.88547584782663 217
1739613005913 136.75257752659837 218
1739613005922 136.61982395188946 219
1739613005931 136.48721495881836 220
1739613005941 136.3547503826961 221
1739613005961 136.22243005902618 222
1739613005978 136.09025382350418 223
1739613005992 135.95822151201764 224
1739613006007 135.82633296064571 225
1739613006022 135.69458800565906 226
1739613006036 135.56298648351967 227
1739613006050 135.43152823088036 228
1739613006067 135.3002130845849 229
1739613006077 135.1690408816675 230
1739613006086 135.03801145935284 231
1739613006095 134.9071246550555 232
1739613006103 134.77638030638013 233
1739613006112 134.64577825112096 234
1739613006121 134.5153183272617 235
1739613006130 134.38500037297516 236
1739613006140 134.2548242266233 237
1739613006149 134.1247897267567 238
1739613006158 133.99489671211452 239
1739613006167 133.86514502162427 240
1739613006176 133.73553449440155 241
1739613006185 133.60606496974978 242
1739613006194 133.47673628716004 243
1739613006203 133.34754828631088 244
1739613006211 133.21850080706804 245
1739613006221 133.0895936894842 246
1739613006230 132.96082677379883 247
1739613006238 132.83219990043796 248
1739613006247 132.70371291001385 249
1739613006256 132.57536564332503 250
1739613006266 132.4471579413557 251
1739613006274 132.31908964527585 252
1739613006283 132.1911605964409 253
1739613006292 132.0633706363915 254
1739613006302 131.93571960685318 255
1739613006311 131.8082073497364 256
1739613006320 131.6808337071361 257
1739613006329 131.55359852133157 258
1739613006338 131.42650163478626 259
1739613006347 131.2995428901475 260
1739613006356 131.17272213024629 261
1739613006365 131.04603919809716 262
1739613006374 130.91949393689788 263
1739613006383 130.79308619002916 264
1739613006392 130.6668158010547 265
1739613006401 130.54068261372066 266
1739613006410 130.4146864719557 267
1739613006419 130.28882721987054 268
1739613006428 130.163104701758 269
1739613006436 130.03751876209245 270
1739613006445 129.91206924552998 271
1739613006458 129.7867559969079 272
1739613006468 129.66157886124464 273
1739613006477 129.53653768373945 274
1739613006486 129.41163230977236 275
1739613006495 129.2868625849038 276
1739613006504 129.16222835487443 277
1739613006513 129.0377294656049 278
1739613006522 128.9133657631958 279
1739613006531 128.78913709392725 280
1739613006540 128.6650433042587 281
1739613006549 128.5410842408289 282
1739613006558 128.4172597504555 283
1739613006566 128.29356968013485 284
1739613006575 128.17001387704198 285
1739613006584 128.04659218853016 286
1739613006593 127.9233044621308 287
1739613006602 127.80015054555318 288
1739613006610 127.67713028668436 289
1739613006619 127.55424353358885 290
1739613006628 127.43149013450841 291
1739613006637 127.30886993786194 292
1739613006646 127.18638279224513 293
1739613006655 127.06402854643034 294
1739613006665 126.9418070493664 295
1739613006674 126.81971815017836 296
1739613006683 126.6977616981673 297
1739613006692 126.57593754281008 298
1739613006701 126.4542455337592 299
1739613006710 126.33268552084257 300
1739613006719 126.21125735406329 301
1739613006728 126.0899608835994 302
1739613006737 125.9687959598038 303
1739613006746 125.84776243320387 304
1739613006755 125.72686015450147 305
1739613006764 125.60608897457247 306
1739613006773 125.48544874446684 307
1739613006782 125.36493931540821 308
1739613006791 125.24456053879376 309
1739613006799 125.12431226619407 310
1739613006809 125.00419434935276 311
1739613007014 124.88420664018646 312
1739613007025 124.76434899078446 313
1739613007034 124.64462125340859 314
1739613007043 124.52502328049302 315
1739613007052 124.40555492464398 316
1739613007061 124.28621603863967 317
1739613007070 124.16700647542994 318
1739613007080 124.04792608813612 319
1739613007089 123.92897473005094 320
1739613007097 123.81015225463811 321
1739613007107 123.69145851553232 322
1739613007116 123.57289336653888 323
1739613007125 123.45445666163363 324
1739613007134 123.33614825496271 325
1739613007143 123.2179680008423 326
1739613007152 123.09991575375851 327
1739613007161 122.98199136836706 328
1739613007170 122.86419469949325 329
1739613007179 122.74652560213163 330
1739613007189 122.62898393144576 331
1739613007198 122.51156954276817 332
1739613007207 122.39428229160005 333
1739613007216 122.27712203361104 334
1739613007225 122.16008862463909 335
1739613007234 122.04318192069024 336
1739613007243 121.92640177793841 337
1739613007252 121.80974805272518 338
1739613007261 121.69322060155967 339
1739613007269 121.57681928111826 340
1739613007279 121.46054394824442 341
1739613007287 121.3443944599485 342
1739613007296 121.2283706734076 343
1739613007305 121.11247244596525 344
1739613007314 120.99669963513136 345
1739613007323 120.88105209858189 346
1739613007332 120.76552969415874 347
1739613007341 120.65013227986951 348
1739613007350 120.5348597138873 349
1739613007360 120.4197118545506 350
1739613007369 120.30468856036295 351
1739613007379 120.18978968999285 352
1739613007388 120.07501510227355 353
1739613007397 119.96036465620287 354
1739613007406 119.84583821094289 355
1739613007415 119.7314356258199 356
1739613007424 119.61715676032416 357
1739613007433 119.50300147410968 358
1739613007441 119.38896962699404 359
1739613007450 119.27506107895816 360
1739613007463 119.16127569014624 361
1739613007472 119.04761332086538 362
1739613007481 118.93407383158554 363
1739613007490 118.82065708293923 364
1739613007499 118.7073629357214 365
1739613007508 118.59419125088927 366
1739613007517 118.48114188956202 367
1739613007526 118.3682147130207 368
1739613007535 118.25540958270801 369
1739613007544 118.14272636022812 370
1739613007553 118.03016490734639 371
1739613007562 117.9177250859894 372
1739613007571 117.80540675824443 373
1739613007581 117.69320978635965 374
1739613007590 117.58113403274355 375
1739613007599 117.46917935996505 376
1739613007608 117.35734563075319 377
1739613007617 117.24563270799692 378
1739613007626 117.13404045474489 379
1739613007635 117.02256873420541 380
1739613007644 116.91121740974611 381
1739613007653 116.79998634489374 382
1739613007662 116.68887540333412 383
1739613007671 116.5778844489119 384
1739613007680 116.46701334563025 385
1739613007689 116.35626195765083 386
1739613007698 116.24563014929356 387
1739613007707 116.13511778503637 388
1739613007716 116.02472472951504 389
1739613007725 115.91445084752314 390
1739613007734 115.80429600401159 391
1739613007743 115.69426006408875 392
1739613007752 115.58434289302001 393
1739613007760 115.47454435622772 394
1739613007770 115.36486431929104 395
1739613007779 115.25530264794563 396
1739613007788 115.14585920808354 397
1739613007797 115.03653386575303 398
1739613007806 114.9273264871584 399
1739613007815 114.81823693865971 400
1739613007824 114.70926508677272 401
1739613007833 114.60041079816861 402
1739613007842 114.4916739396739 403
1739613007851 114.38305437827015 404
1739613007860 114.2745519810938 405
1739613007869 114.16616661543607 406
1739613007878 114.05789814874274 407
1739613007887 113.94974644861387 408
1739613007896 113.84171138280377 409
1739613007905 113.73379281922072 410
1739613007914 113.62599062592682 411
1739613007922 113.51830467113776 412
1739613007931 113.41073482322278 413
1739613007940 113.30328095070425 414
1739613007949 113.19594292225776 415
1739613007964 113.0887206067117 416
1739613007979 112.9816138730473 417
1739613007988 112.87462259039819 418
1739613007997 112.76774662805053 419
1739613008006 112.66098585544252 420
1739613008015 112.55434014216446 421
1739613008024 112.4478093579584 422
1739613008033 112.34139337271812 423
1739613008042 112.23509205648881 424
1739613008051 112.12890527946699 425
1739613008061 112.02283291200024 426
1739613008070 111.91687482458708 427
1739613008079 111.8110308878768 428
1739613008088 111.70530097266928 429
1739613008096 111.59968494991477 430
1739613008106 111.49418269071377 431
1739613008114 111.38879406631672 432
1739613008123 111.28351894812407 433
1739613008132 111.17835720768586 434
1739613008141 111.0733087167017 435
1739613008150 110.96837334702046 436
1739613008159 110.8635509706402 437
1739613008168 110.75884145970802 438
1739613008177 110.65424468651972 439
1739613008186 110.5497605235198 440
1739613008195 110.44538884330119 441
1739613008204 110.34112951860511 442
1739613008213 110.23698242232085 443
1739613008222 110.13294742748569 444
1739613008231 110.02902440728457 445
1739613008240 109.92521323505012 446
1739613008249 109.82151378426225 447
1739613008258 109.71792592854824 448
1739613008267 109.6144495416823 449
1739613008275 109.51108449758556 450
1739613008285 109.4078306703259 451
1739613008293 109.3046879341177 452
1739613008303 109.20165616332169 453
1739613008312 109.09873523244482 454
1739613008321 108.99592501614006 455
1739613008330 108.89322538920617 456
1739613008339 108.79063622658764 457
1739613008348 108.68815740337442 458
1739613008357 108.58578879480183 459
1739613008366 108.48353027625029 460
1739613008375 108.38138172324525 461
1739613008383 108.27934301145696 462
1739613008392 108.17741401670031 463
1739613008401 108.07559461493462 464
1739613008410 107.97388468226359 465
1739613008419 107.87228409493503 466
1739613008428 107.77079272934066 467
1739613008437 107.66941046201597 468
1739613008447 107.56813716964024 469
1739613008455 107.46697272903599 470
1739613008469 107.3659170171691 471
1739613008478 107.26496991114863 472
1739613008487 107.16413128822649 473
1739613008496 107.0634010257974 474
1739613008505 106.96277900139869 475
1739613008514 106.8622650927101 476
1739613008522 106.76185917755369 477
1739613008531 106.66156113389354 478
1739613008540 106.56137083983577 479
1739613008549 106.46128817362813 480
1739613008557 106.36131301366011 481
1739613008566 106.26144523846253 482
1739613008575 106.1616847267075 483
1739613008584 106.06203135720823 484
1739613008593 105.96248500891889 485
1739613008602 105.86304556093431 486
1739613008610 105.76371289249008 487
1739613008619 105.66448688296207 488
1739613008628 105.56536741186649 489
1739613008637 105.46635435885965 490
1739613008646 105.36744760373776 491
1739613008655 105.26864702643681 492
1739613008664 105.16995250703242 493
1739613008672 105.07136392573962 494
1739613008681 104.9728811629127 495
1739613008690 104.87450409904511 496
1739613008699 104.7762326147692 497
1739613008708 104.67806659085613 498
1739613008717 104.58000590821567 499
