1739557644295 93.48696637228184 0
1739557644304 58.46164245277335 1
1739557644313 35.62378605831013 2
1739557644321 24.365142299534376 3
1739557644361 20.365348590491852 4
1739557644372 16.725477883034245 5
1739557644380 16.2244636969073 6
1739557644389 9.657601128986327 7
1739557644397 14.46934712028 8
1739557644405 12.82983863555221 9
1739557644414 10.701192896399158 10
1739557644425 10.126476307272728 11
1739557644434 14.644353121291392 12
1739557644443 12.491689053591404 13
1739557644451 9.395960626569423 14
1739557644459 13.887150385646441 15
1739557644468 11.160337707865127 16
1739557644476 11.338641249198464 17
1739557644495 15.47959076321065 18
1739557644504 14.786800633361434 19
1739557644513 15.02920579879391 20
1739557644521 12.05887052093313 21
1739557644530 13.864872693281965 22
1739557644538 11.964850501304031 23
1739557644546 13.64310293467127 24
1739557644554 11.402673106717447 25
1739557644562 11.349080750691497 26
1739557644570 10.23505854674932 27
1739557644578 10.875746704568089 28
1739557644586 10.635362760577012 29
1739557644594 12.412458291223023 30
1739557644602 14.06554858923201 31
1739557644610 13.998849731459881 32
1739557644618 17.107886453253492 33
1739557644626 9.484329605403618 34
1739557644634 11.548884355024736 35
1739557644642 16.26318287696629 36
1739557644650 13.934687864332538 37
1739557644658 10.133883750659798 38
1739557644666 9.914421331979433 39
1739557644674 16.12058194009849 40
1739557644682 12.22858341944567 41
1739557644689 14.14306166987691 42
1739557644697 11.739298933714213 43
1739557644705 12.452906174739123 44
1739557644713 12.408912853452593 45
1739557644721 11.078389089207366 46
1739557644729 11.794311673575061 47
1739557644737 10.39489397435888 48
1739557644745 9.185549579363986 49
1739557644754 8.81433177978887 50
1739557644762 14.37582106412307 51
1739557644772 12.245192568258512 52
1739557644780 9.632928060494216 53
1739557644788 11.013136482223105 54
1739557644797 14.723169752206482 55
1739557644805 12.454803575907867 56
1739557644813 13.905796899183876 57
1739557644821 11.595914438729983 58
1739557644830 8.588843055491745 59
1739557644839 19.46890723691421 60
1739557644847 11.891025031426887 61
1739557644855 12.974687894456837 62
1739557644863 7.724794375771511 63
1739557644871 13.071281885956541 64
1739557644879 11.851033676761377 65
1739557644888 15.442617862538883 66
1739557644896 11.286826681857665 67
1739557644905 12.530428102289166 68
1739557644913 13.729526259458577 69
1739557644921 8.22677103033529 70
1739557644929 9.532101218688341 71
1739557644937 13.015839471056728 72
1739557644945 13.643339941093522 73
1739557644954 13.910883035928222 74
1739557644962 10.93788834878617 75
1739557644970 7.5519387257223425 76
1739557644978 12.276587109968496 77
1739557644987 9.686466678282976 78
1739557644996 9.950780639554733 79
1739557645007 11.703170211014658 80
1739557645015 9.929711139041137 81
1739557645024 14.922310653148045 82
1739557645033 12.14555056377987 83
1739557645041 12.46386915600195 84
1739557645050 11.458573088649532 85
1739557645058 12.905266385671116 86
1739557645066 11.632531023578965 87
1739557645075 10.772892105343692 88
1739557645084 12.486371473355883 89
1739557645094 7.694447031892954 90
1739557645102 12.872108951061284 91
1739557645110 10.372540702464386 92
1739557645119 12.283276500765288 93
1739557645128 12.441034552305021 94
1739557645137 14.200570551937494 95
1739557645145 10.177135286556597 96
1739557645154 10.570147272352944 97
1739557645162 9.768717685715588 98
1739557645171 14.485067139824908 99
1739557645180 8.197682424964677 100
1739557645188 13.057702209570893 101
1739557645197 8.140897539124603 102
1739557645205 9.43040097552593 103
1739557645214 11.225372441482175 104
1739557645222 14.8377547482531 105
1739557645231 14.890609395955249 106
1739557645239 9.227973231604985 107
1739557645248 12.868280912676562 108
1739557645256 19.29455855606297 109
1739557645265 17.301047159431484 110
1739557645273 7.527209686996024 111
1739557645282 15.220202691544683 112
1739557645290 10.400119384241684 113
1739557645298 11.493549884987397 114
1739557645307 12.800714634558929 115
1739557645315 14.4880914300963 116
1739557645323 10.83177103991554 117
1739557645332 13.16313218711501 118
1739557645340 10.141651408181195 119
1739557645349 11.07120363305508 120
1739557645358 12.168230972418792 121
1739557645366 6.240405339976701 122
1739557645375 11.756329758584824 123
1739557645384 13.517393037915328 124
1739557645392 10.742160508998198 125
1739557645400 6.921284104473219 126
1739557645408 11.67479439249422 127
1739557645417 12.966559818499034 128
1739557645425 14.532983769332912 129
1739557645434 12.196873877339725 130
1739557645442 13.734621067994723 131
1739557645450 12.12714588040565 132
1739557645458 10.363700312425633 133
1739557645467 14.433662860325587 134
1739557645475 14.701768477578064 135
1739557645484 14.147347026438526 136
1739557645492 7.796444704839308 137
1739557645501 13.754034721650822 138
1739557645511 8.633519142504824 139
1739557645521 18.5384907658899 140
1739557645530 8.954413171975737 141
1739557645540 9.938038661999153 142
1739557645549 11.637819023015016 143
1739557645557 14.08606644052254 144
1739557645565 10.027607041523542 145
1739557645574 12.569319819409392 146
1739557645585 11.729302659690987 147
1739557645594 13.677548458517164 148
1739557645603 14.492041906516356 149
1739557645612 7.666569203716592 150
1739557645621 11.440344653165127 151
1739557645630 10.33836901304133 152
1739557645639 8.813670103208954 153
1739557645648 12.889178563768546 154
1739557645657 13.667973415595888 155
1739557645666 13.126146240805921 156
1739557645677 9.4688395938074 157
1739557645690 10.54797878722564 158
1739557645699 7.489155490389108 159
1739557645708 10.022135803837116 160
1739557645717 8.696050404240673 161
1739557645727 9.782720251118233 162
1739557645736 6.883496464878145 163
1739557645744 12.910853665638374 164
1739557645753 8.365785734078907 165
1739557645762 11.790644601108943 166
1739557645770 9.718052534134486 167
1739557645778 15.151987621069313 168
1739557645786 10.65957012459887 169
1739557645795 9.316892514220195 170
1739557645804 12.339043998559657 171
1739557645812 11.326742937102361 172
1739557645820 10.439874927529564 173
1739557645829 14.80949160409531 174
1739557645837 9.99794450542257 175
1739557645846 8.766012545331996 176
1739557645854 11.910609848072193 177
1739557645862 15.008730993487529 178
1739557645871 8.931502239390095 179
1739557645880 8.305270023094812 180
1739557645888 11.3599213772027 181
1739557645896 10.297574111968704 182
1739557645904 9.80949609092354 183
1739557645913 10.348173659891561 184
1739557645922 12.195406817686136 185
1739557645930 10.678057292663658 186
1739557645939 10.014864205169562 187
1739557645947 9.542894284884712 188
1739557645956 8.678818158246536 189
1739557645964 9.069285924062287 190
1739557645973 7.592850974762127 191
1739557645981 10.305004733171137 192
1739557645989 6.856794640091695 193
1739557645998 8.157985345750488 194
1739557646006 10.24431823269583 195
1739557646014 10.920099708693959 196
1739557646023 10.754713206359117 197
1739557646032 9.816385650187046 198
1739557646040 14.853706716418184 199
1739557646049 9.070904029273278 200
1739557646058 13.063677126183052 201
1739557646066 14.00956372935306 202
1739557646074 7.074586216094604 203
1739557646083 10.341544697809608 204
1739557646092 7.423910238551832 205
1739557646100 10.336018986892366 206
1739557646109 12.226644930115015 207
1739557646118 11.367509832645053 208
1739557646126 9.530723381652136 209
1739557646135 12.111070836565816 210
1739557646143 14.90070668581772 211
1739557646151 9.11350805373902 212
1739557646160 14.75703956122956 213
1739557646168 15.602222978697057 214
1739557646176 14.495514473313248 215
1739557646185 10.67080152094106 216
1739557646193 9.250762618019257 217
1739557646201 11.64941795683367 218
1739557646210 11.370186532297415 219
1739557646218 14.024725060216502 220
1739557646226 14.383397554178815 221
1739557646235 9.032492991360817 222
1739557646243 10.011605322289107 223
1739557646251 9.369646198091312 224
1739557646260 9.899348611731964 225
1739557646269 10.344026352393024 226
1739557646277 10.149872214587756 227
1739557646286 13.379025224723886 228
1739557646294 13.55714758913101 229
1739557646303 12.32025994484691 230
1739557646311 11.936700637272779 231
1739557646320 9.103062553467334 232
1739557646328 13.681970173517488 233
1739557646337 12.172606874270114 234
1739557646345 14.061609785858298 235
1739557646354 12.206397266115767 236
1739557646363 9.511772097316468 237
1739557646371 10.110469688100418 238
1739557646380 10.230209131180551 239
1739557646389 10.80686292308 240
1739557646397 10.024069676999677 241
1739557646405 13.769036890448849 242
1739557646414 9.397059438583929 243
1739557646422 8.755357435976359 244
1739557646431 8.811646552460774 245
1739557646439 10.11988634935621 246
1739557646448 13.470094150739582 247
1739557646456 18.807904562819417 248
1739557646465 15.154127890348219 249
1739557646473 19.50335318079025 250
1739557646482 12.406101997218835 251
1739557646491 10.084208271500597 252
1739557646499 11.721411990250546 253
1739557646508 15.043074208272735 254
1739557646517 12.53219787510052 255
1739557646525 8.416331032455266 256
1739557646533 15.234373713531363 257
1739557646542 12.479725936400287 258
1739557646550 12.199242337581085 259
1739557646558 9.094509014587668 260
1739557646567 13.140387181233626 261
1739557646575 9.311087313573484 262
1739557646584 13.350169505653474 263
1739557646593 14.345358693311658 264
1739557646602 7.972904759161509 265
1739557646610 12.693323855584437 266
1739557646619 12.108451763973012 267
1739557646627 14.47801452588485 268
1739557646636 15.176171048062216 269
1739557646644 11.109710008374945 270
1739557646653 11.419580433004258 271
1739557646661 13.230066823708752 272
1739557646669 9.230433725966003 273
1739557646678 8.786598316769194 274
1739557646686 10.091988998307 275
1739557646694 10.41277412240083 276
1739557646703 13.484649571379725 277
1739557646711 11.7007958323593 278
1739557646719 10.22827403272829 279
1739557646729 12.732250825339452 280
1739557646737 10.000810266207282 281
1739557646745 7.851566518594903 282
1739557646753 10.155002660879573 283
1739557646762 7.613249498988719 284
1739557646770 8.472618431053311 285
1739557646779 9.233310357871202 286
1739557646787 8.27860253403748 287
1739557646795 7.488170348529109 288
1739557646804 10.800466869760863 289
1739557646812 11.843082419662768 290
1739557646821 13.787288574673484 291
1739557646830 13.327478316283578 292
1739557646839 12.06821681969196 293
1739557646848 13.87291340742962 294
1739557646857 10.628597004695289 295
1739557646865 9.30983850232638 296
1739557646874 11.529040587541278 297
1739557646883 14.057259868743504 298
1739557646891 14.67458631724156 299
1739557646900 10.730778776489414 300
1739557646909 6.90057972314772 301
1739557646917 11.24077458651517 302
1739557646926 11.79911590449096 303
1739557646934 11.679368010536534 304
1739557646943 10.384392197583896 305
1739557646951 10.32829914279493 306
1739557646960 8.22927917125352 307
1739557646968 10.721316351260333 308
1739557646976 13.072525580038857 309
1739557646985 8.9777727398696 310
1739557646993 11.843825823748942 311
1739557647001 8.23150872504134 312
1739557647010 10.891604345868842 313
1739557647018 9.48913865768896 314
1739557647026 6.868345639961832 315
1739557647035 9.778854721434673 316
1739557647043 12.06763948858662 317
1739557647051 8.54860134136307 318
1739557647060 7.004160799069514 319
1739557647068 9.356793354286026 320
1739557647076 11.133046730057327 321
1739557647085 12.043184263020677 322
1739557647093 14.576350094600759 323
1739557647102 8.05155231528545 324
1739557647110 8.615130620797032 325
1739557647118 12.000132214219857 326
1739557647127 12.306783854741138 327
1739557647135 9.563954308733758 328
1739557647143 12.228870785633697 329
1739557647152 10.67907314955133 330
1739557647161 10.414785095392178 331
1739557647169 12.401748139532996 332
1739557647178 8.392467537908011 333
1739557647186 7.7536017721641315 334
1739557647195 10.032703262594662 335
1739557647203 6.6900391112386846 336
1739557647212 11.519092586901857 337
1739557647220 12.35035028251716 338
1739557647229 10.595083159600918 339
1739557647238 12.029975568928005 340
1739557647246 10.095731352512482 341
1739557647254 9.361560953499053 342
1739557647262 11.180153192228362 343
1739557647271 12.030703073043812 344
1739557647279 14.722157688825645 345
1739557647287 11.228721846123188 346
1739557647296 10.42943334701151 347
1739557647304 8.38734184296623 348
1739557647313 10.787517394006565 349
1739557647322 9.766567259835005 350
1739557647331 9.64073974079299 351
1739557647339 11.688449771278936 352
1739557647348 9.75696672720583 353
1739557647356 10.77570621737281 354
1739557647364 13.51928073903847 355
1739557647373 11.246228270328428 356
1739557647381 9.081499673848732 357
1739557647390 12.618345322011661 358
1739557647399 11.04642361177296 359
1739557647407 9.741017072196783 360
1739557647416 14.665161153083142 361
1739557647425 8.079711305875657 362
1739557647433 12.453086439452568 363
1739557647441 10.797179830549695 364
1739557647450 6.5193125474923646 365
1739557647459 11.567714729032712 366
1739557647467 12.13578309160643 367
1739557647476 8.87166459658567 368
1739557647485 12.554636582989229 369
1739557647493 13.907731294246167 370
1739557647501 8.463412495880105 371
1739557647510 12.127152765189596 372
1739557647518 9.230041026679869 373
1739557647527 8.902125297083677 374
1739557647536 10.303600973382876 375
1739557647544 10.096446181274658 376
1739557647553 9.874236762399656 377
1739557647561 9.83233250676561 378
1739557647570 7.693593022489745 379
1739557647578 13.08099334134652 380
1739557647587 15.628402487901338 381
1739557647595 10.81828362995056 382
1739557647603 10.311360938865938 383
1739557647612 15.150930127022281 384
1739557647621 8.464031736892112 385
1739557647629 11.20968604945641 386
1739557647638 8.472601516294755 387
1739557647647 12.76773815653171 388
1739557647655 8.280650523597243 389
1739557647664 8.330226103928252 390
1739557647673 8.702310453743209 391
1739557647681 7.980885151933968 392
1739557647690 13.318252389737033 393
1739557647701 14.372452770458464 394
1739557647710 9.735273801774323 395
1739557647719 10.991078821101441 396
1739557647728 16.027208883088694 397
1739557647738 11.630207645597963 398
1739557647747 8.083663146094999 399
1739557647756 14.69706218193562 400
1739557647765 11.664747065818176 401
1739557647774 10.264872463442387 402
1739557647783 6.644483456615811 403
1739557647791 11.778891872020123 404
1739557647800 7.384678189365754 405
1739557647809 9.031979217315245 406
1739557647819 14.121353277637992 407
1739557647828 9.03692904643253 408
1739557647836 8.502170404249823 409
1739557647846 8.399598636087656 410
1739557647854 9.239361450801239 411
1739557647863 12.20804748092486 412
1739557647872 8.532563422343426 413
1739557647880 11.76644529655448 414
1739557647889 16.232977194861206 415
1739557647897 12.971370271991821 416
1739557647906 6.90944539267896 417
1739557647914 13.143777922020151 418
1739557647923 10.481382860160664 419
1739557647931 10.543635870455825 420
1739557647940 8.385768962644429 421
1739557647948 14.472149808598648 422
1739557647957 8.172838882209907 423
1739557647965 12.075257049706634 424
1739557647974 10.955898361069336 425
1739557647983 9.13491126401558 426
1739557647991 13.031678597578257 427
1739557647999 12.381873521400381 428
1739557648008 11.117396133647073 429
1739557648017 12.923117229948542 430
1739557648026 11.500218374360955 431
1739557648034 9.834415592743918 432
1739557648043 10.327927832251197 433
1739557648051 13.089143002687607 434
1739557648060 11.55454063681799 435
1739557648068 8.120937641360005 436
1739557648076 12.817555089688135 437
1739557648085 7.819279370298044 438
1739557648094 11.156939036714538 439
1739557648103 11.94082642877425 440
1739557648111 9.58562576061172 441
1739557648120 11.764848834297153 442
1739557648129 11.604657514077903 443
1739557648137 11.002188886836635 444
1739557648146 4.771123487119042 445
1739557648154 12.307711466260995 446
1739557648163 9.927832653104725 447
1739557648171 12.265958607677053 448
1739557648180 8.905272703193516 449
1739557648189 8.2262874537473 450
1739557648197 10.153278313854264 451
1739557648206 11.457347369146994 452
1739557648214 6.890924993938131 453
1739557648223 10.94749339039738 454
1739557648231 7.8970352956953604 455
1739557648240 8.904405675556394 456
1739557648248 11.538106868472262 457
1739557648257 6.475981673358083 458
1739557648265 10.49336495673553 459
1739557648274 8.01282635850905 460
1739557648283 14.288810447942181 461
1739557648291 10.894198627702702 462
1739557648300 6.510824744572932 463
1739557648308 8.391698233932198 464
1739557648316 12.818637756994463 465
1739557648325 13.072444388133857 466
1739557648334 10.800526824277084 467
1739557648342 14.20136325088973 468
1739557648350 8.458332462884588 469
1739557648359 9.924688516082373 470
1739557648368 11.036040966458996 471
1739557648376 8.071344627655659 472
1739557648385 9.374402182146524 473
1739557648393 11.50126258544386 474
1739557648402 12.109684350291314 475
1739557648410 12.637654531111513 476
1739557648418 9.795938241728841 477
1739557648427 10.828643863111912 478
1739557648435 7.621205801306717 479
1739557648444 11.068962264155774 480
1739557648452 7.806103370781147 481
1739557648461 8.978964103782403 482
1739557648469 9.496472994330086 483
1739557648477 12.418392857253693 484
1739557648486 9.148776716072334 485
1739557648495 10.561483717956943 486
1739557648504 8.503006721496622 487
1739557648512 10.498997811506346 488
1739557648521 9.156328619389981 489
1739557648529 9.509053756093365 490
1739557648537 14.650168750931561 491
1739557648546 8.534455634226726 492
1739557648555 12.476202000037949 493
1739557648563 10.612764191545764 494
1739557648572 10.880331085542316 495
1739557648580 8.960878989609691 496
1739557648589 12.164111336325814 497
1739557648597 9.165972626007433 498
1739557648606 6.532678481090753 499
