1739555067192 169.1786807993118 0
1739555067201 169.17191355564606 1
1739555067210 169.16532520069765 2
1739555067218 169.15873712046601 3
1739555067227 169.1521493186846 4
1739555067235 169.14556179534148 5
1739555067243 169.13897455042485 6
1739555067251 169.13238758392293 7
1739555067259 169.1258008958239 8
1739555067267 169.11921448611596 9
1739555067275 169.11262835478738 10
1739555067283 169.1060425018263 11
1739555067291 169.09945692722093 12
1739555067300 169.0928716309595 13
1739555067308 169.08628661303015 14
1739555067316 169.0797018734212 15
1739555067324 169.07311741212075 16
1739555067333 169.066533229117 17
1739555067341 169.0599493243983 18
1739555067349 169.05336569795273 19
1739555067357 169.04678234976848 20
1739555067365 169.04019927983384 21
1739555067373 169.033616488137 22
1739555067381 169.02703397466615 23
1739555067390 169.0204517394095 24
1739555067425 169.01386978235527 25
1739555067439 169.00728810349167 26
1739555067448 169.00070670280695 27
1739555067456 168.99412558028925 28
1739555067464 168.9875447359268 29
1739555067472 168.98096416970782 30
1739555067481 168.97438388162055 31
1739555067489 168.9678038716532 32
1739555067498 168.96122413979398 33
1739555067506 168.95464468603103 34
1739555067514 168.94806551035268 35
1739555067523 168.94148661274707 36
1739555067531 168.9349079932025 37
1739555067539 168.9283296517071 38
1739555067548 168.92175158824912 39
1739555067561 168.91517380281678 40
1739555067569 168.9085962953983 41
1739555067578 168.90201906598188 42
1739555067587 168.89544211455578 43
1739555067596 168.88886544110818 44
1739555067604 168.88228904562732 45
1739555067613 168.8757129281014 46
1739555067623 168.8691370885187 47
1739555067631 168.86256152686732 48
1739555067639 168.85598624313562 49
1739555067647 168.84941123731176 50
1739555067656 168.84283650938394 51
1739555067664 168.8362620593405 52
1739555067672 168.82968788716948 53
1739555067681 168.82311399285928 54
1739555067689 168.81654037639802 55
1739555067698 168.80996703777396 56
1739555067707 168.80339397697534 57
1739555067715 168.79682119399033 58
1739555067723 168.79024868880722 59
1739555067731 168.7836764614142 60
1739555067739 168.77710451179954 61
1739555067748 168.77053283995141 62
1739555067756 168.76396144585811 63
1739555067765 168.7573903295078 64
1739555067774 168.75081949088877 65
1739555067783 168.7442489299892 66
1739555067791 168.73767864679738 67
1739555067800 168.7311086413015 68
1739555067808 168.72453891348977 69
1739555067816 168.71796946335047 70
1739555067824 168.71140029087178 71
1739555067832 168.70483139604204 72
1739555067841 168.6982627788494 73
1739555067850 168.6916944392821 74
1739555067858 168.6851263773284 75
1739555067867 168.67855859297651 76
1739555067875 168.6719910862147 77
1739555067883 168.66542385703116 78
1739555067891 168.65885690541415 79
1739555067900 168.65229023135197 80
1739555067908 168.64572383483272 81
1739555067916 168.6391577158448 82
1739555067925 168.6325918743763 83
1739555067933 168.62602631041557 84
1739555067940 168.61946102395083 85
1739555067948 168.61289601497026 86
1739555067956 168.60633128346217 87
1739555067964 168.59976682941473 88
1739555067972 168.59320265281627 89
1739555067979 168.58663875365502 90
1739555067987 168.58007513191916 91
1739555067995 168.573511787597 92
1739555068002 168.56694872067672 93
1739555068010 168.5603859311466 94
1739555068019 168.55382341899488 95
1739555068031 168.54726118420984 96
1739555068039 168.54069922677968 97
1739555068047 168.5341375466927 98
1739555068055 168.5275761439371 99
1739555068063 168.5210150185011 100
1739555068070 168.514454170373 101
1739555068078 168.50789359954106 102
1739555068086 168.50133330599346 103
1739555068094 168.49477328971858 104
1739555068102 168.48821355070453 105
1739555068110 168.48165408893962 106
1739555068119 168.47509490441212 107
1739555068128 168.46853599711028 108
1739555068137 168.4619773670223 109
1739555068146 168.45541901413648 110
1739555068155 168.44886093844107 111
1739555068164 168.44230313992432 112
1739555068172 168.4357456185745 113
1739555068181 168.42918837437978 114
1739555068189 168.42263140732857 115
1739555068197 168.41607471740897 116
1739555068206 168.4095183046093 117
1739555068214 168.40296216891787 118
1739555068222 168.39640631032287 119
1739555068230 168.38985072881258 120
1739555068238 168.38329542437523 121
1739555068246 168.3767403969991 122
1739555068254 168.37018564667252 123
1739555068262 168.36363117338362 124
1739555068269 168.35707697712078 125
1739555068278 168.35052305787218 126
1739555068286 168.3439694156261 127
1739555068295 168.33741605037082 128
1739555068303 168.3308629620946 129
1739555068311 168.3243101507857 130
1739555068319 168.31775761643232 131
1739555068327 168.31120535902284 132
1739555068335 168.30465337854548 133
1739555068343 168.29810167498846 134
1739555068351 168.29155024834006 135
1739555068359 168.28499909858857 136
1739555068367 168.27844822572231 137
1739555068374 168.2718976297294 138
1739555068384 168.2653473105983 139
1739555068394 168.25879726831707 140
1739555068409 168.25224750287413 141
1739555068421 168.2456980142577 142
1739555068431 168.23914880245604 143
1739555068440 168.23259986745748 144
1739555068449 168.22605120925022 145
1739555068460 168.2195028278225 146
1739555068473 168.21295472316268 147
1739555068482 168.206406895259 148
1739555068490 168.1998593440997 149
1739555068499 168.19331206967314 150
1739555068511 168.18676507196747 151
1739555068524 168.18021835097107 152
1739555068534 168.17367190667215 153
1739555068542 168.167125739059 154
1739555068550 168.16057984811994 155
1739555068558 168.15406100320192 156
1739555068566 168.1475290485273 157
1739555068575 168.1409973700011 158
1739555068583 168.13446596736355 159
1739555068591 168.12793484060302 160
1739555068600 168.12140398970783 161
1739555068609 168.11487341466628 162
1739555068619 168.10834311546665 163
1739555068627 168.1018130920973 164
1739555068635 168.09528334454657 165
1739555068643 168.08875387280273 166
1739555068652 168.08222467685408 167
1739555068660 168.07569575668902 168
1739555068668 168.06916711229576 169
1739555068676 168.06263874366272 170
1739555068685 168.05611065077815 171
1739555068693 168.04958283363044 172
1739555068701 168.04305529220784 173
1739555068709 168.03652802649867 174
1739555068718 168.0300010364913 175
1739555068726 168.02347432217405 176
1739555068734 168.01694788353527 177
1739555068743 168.0104217205632 178
1739555068752 168.0038958332462 179
1739555068760 167.99737022157262 180
1739555068768 167.99084488553075 181
1739555068776 167.9843198251089 182
1739555068784 167.97779504029546 183
1739555068791 167.97127053107872 184
1739555068800 167.96474629744702 185
1739555068807 167.95822233938867 186
1739555068816 167.95169865689198 187
1739555068824 167.94517524994532 188
1739555068832 167.938652118537 189
1739555068840 167.93212926265537 190
1739555068848 167.92566471912636 191
1739555068855 167.91917142849883 192
1739555068863 167.91267841217663 193
1739555068871 167.90618566954728 194
1739555068879 167.89969320059924 195
1739555068887 167.893201005321 196
1739555068895 167.88670908370082 197
1739555068904 167.88021743572725 198
1739555068912 167.87372606138868 199
1739555068920 167.86723496067358 200
1739555068928 167.86074413357025 201
1739555068936 167.85425358006722 202
1739555068944 167.84776330015288 203
1739555068952 167.8412732938156 204
1739555068960 167.8347835610439 205
1739555068968 167.8282941018262 206
1739555068976 167.82180491615085 207
1739555068984 167.81531600400635 208
1739555068992 167.80882736538106 209
1739555069000 167.8023390002635 210
1739555069008 167.79585090864194 211
1739555069016 167.789363090505 212
1739555069024 167.78287554584097 213
1739555069033 167.77638827463832 214
1739555069041 167.7699012768855 215
1739555069049 167.76341455257094 216
1739555069057 167.75692810168303 217
1739555069065 167.75044192421026 218
1739555069072 167.743956020141 219
1739555069080 167.73747038946377 220
1739555069087 167.7309850321669 221
1739555069095 167.72449994823884 222
1739555069103 167.7180151376681 223
1739555069111 167.71153060044304 224
1739555069119 167.70504633655213 225
1739555069126 167.69856234598382 226
1739555069134 167.6920786287265 227
1739555069143 167.68559518476863 228
1739555069151 167.67911201409865 229
1739555069159 167.67262911670502 230
1739555069167 167.6661464925761 231
1739555069175 167.6596641417004 232
1739555069183 167.65318206406636 233
1739555069190 167.64670025966237 234
1739555069198 167.64021872847692 235
1739555069206 167.63373747049843 236
1739555069213 167.62725648571532 237
1739555069221 167.62077577411605 238
1739555069229 167.61429533568906 239
1739555069237 167.60781517042278 240
1739555069245 167.6013352783057 241
1739555069252 167.5948556593262 242
1739555069260 167.58837631347276 243
1739555069268 167.5818972407338 244
1739555069276 167.5754184410978 245
1739555069284 167.56893991455323 246
1739555069291 167.56246166108843 247
1739555069300 167.55598368069192 248
1739555069308 167.54950597335213 249
1739555069316 167.54302853905756 250
1739555069324 167.53655137779654 251
1739555069332 167.53007448955762 252
1739555069339 167.5235978743292 253
1739555069348 167.51712153209976 254
1739555069356 167.51064546285775 255
1739555069365 167.50416966659157 256
1739555069372 167.49769414328972 257
1739555069380 167.49121889294062 258
1739555069388 167.48474391553276 259
1739555069396 167.47826921105457 260
1739555069404 167.4717947794945 261
1739555069412 167.46532062084094 262
1739555069420 167.4588467350825 263
1739555069428 167.4523731222075 264
1739555069436 167.44589978220444 265
1739555069444 167.43942671506176 266
1739555069452 167.43295392076794 267
1739555069460 167.4264813993114 268
1739555069468 167.42000915068064 269
1739555069476 167.4135371748641 270
1739555069484 167.40706547185022 271
1739555069491 167.40059404162747 272
1739555069500 167.3941228841843 273
1739555069507 167.3876519995092 274
1739555069515 167.38118138759057 275
1739555069523 167.37471104841694 276
1739555069531 167.36824098197673 277
1739555069539 167.3617711882584 278
1739555069547 167.35530166725042 279
1739555069555 167.34883241894127 280
1739555069566 167.34236344331939 281
1739555069574 167.33589474037322 282
1739555069581 167.32942631009126 283
1739555069589 167.32295815246192 284
1739555069597 167.3164902674738 285
1739555069605 167.31002265511515 286
1739555069613 167.30355531537467 287
1739555069620 167.29708824824067 288
1739555069628 167.29062145370165 289
1739555069635 167.2841549317461 290
1739555069643 167.27768868236242 291
1739555069651 167.27122270553917 292
1739555069660 167.26475700126477 293
1739555069669 167.25829156952773 294
1739555069677 167.25182641031645 295
1739555069685 167.24536152361947 296
1739555069693 167.2388969094252 297
1739555069700 167.2324325677221 298
1739555069708 167.2259684984987 299
1739555069716 167.2195047017435 300
1739555069725 167.2130411774448 301
1739555069734 167.2065779255913 302
1739555069741 167.20011494617134 303
1739555069749 167.19365223917342 304
1739555069757 167.18718980458596 305
1739555069765 167.18072764239753 306
1739555069773 167.1742657525966 307
1739555069781 167.16780413517154 308
1739555069789 167.1613427901109 309
1739555069797 167.15488171740316 310
1739555069805 167.14842091703682 311
1739555069814 167.14196038900025 312
1739555069822 167.13550013328208 313
1739555069830 167.12904014987072 314
1739555069837 167.12258043875457 315
1739555069845 167.11612099992217 316
1739555069854 167.10966183336208 317
1739555069862 167.10320293906267 318
1739555069869 167.09674431701245 319
1739555069877 167.09028596719992 320
1739555069884 167.0838278896136 321
1739555069892 167.07737008424184 322
1739555069900 167.07091255107326 323
1739555069908 167.06445529009625 324
1739555069916 167.05799830129936 325
1739555069925 167.05154158467104 326
1739555069933 167.04508514019983 327
1739555069941 167.0386289678741 328
1739555069949 167.03217306768246 329
1739555069956 167.02571743961326 330
1739555069964 167.01926208365512 331
1739555069972 167.01280699979648 332
1739555069980 167.00635218802583 333
1739555069988 166.99989764833163 334
1739555069996 166.9934433807024 335
1739555070004 166.9869893851266 336
1739555070013 166.98053566159274 337
1739555070020 166.9740822100893 338
1739555070028 166.9676290306048 339
1739555070036 166.9611761231277 340
1739555070043 166.95472348764648 341
1739555070052 166.94827112414967 342
1739555070061 166.94181903262574 343
1739555070070 166.9353672130632 344
1739555070077 166.9289156654505 345
1739555070085 166.9224643897762 346
1739555070093 166.91601338602874 347
1739555070101 166.90956265419663 348
1739555070109 166.90311219426837 349
1739555070119 166.89666200623248 350
1739555070128 166.8902120900774 351
1739555070136 166.88376244579166 352
1739555070144 166.87731307336375 353
1739555070152 166.87086397278225 354
1739555070160 166.8644151440355 355
1739555070169 166.8579665871121 356
1739555070176 166.8515183020005 357
1739555070184 166.8450702886893 358
1739555070192 166.8386225471669 359
1739555070201 166.83217507742182 360
1739555070208 166.8257278794426 361
1739555070216 166.81928095321769 362
1739555070224 166.81283429873565 363
1739555070232 166.80638791598489 364
1739555070239 166.799941804954 365
1739555070248 166.79349596563148 366
1739555070256 166.7870503980058 367
1739555070264 166.78060510206544 368
1739555070272 166.774160077799 369
1739555070281 166.76771532519487 370
1739555070289 166.76127084424164 371
1739555070297 166.75482663492778 372
1739555070305 166.74838269724182 373
1739555070313 166.74193903117222 374
1739555070321 166.73549563670755 375
1739555070329 166.72905251383634 376
1739555070338 166.72260966254694 377
1739555070346 166.71616708282804 378
1739555070354 166.70972477466808 379
1739555070363 166.70328273805555 380
1739555070370 166.69684097297895 381
1739555070379 166.69039947942687 382
1739555070386 166.6839582573878 383
1739555070394 166.67751730685015 384
1739555070403 166.67107662780253 385
1739555070411 166.66463622023346 386
1739555070418 166.65819608413142 387
1739555070426 166.65175621948495 388
1739555070433 166.6453166262825 389
1739555070441 166.63887730451268 390
1739555070449 166.6324382541639 391
1739555070456 166.6259994752248 392
1739555070465 166.61956096768375 393
1739555070473 166.61312273152942 394
1739555070481 166.60668476675025 395
1739555070488 166.60024707333477 396
1739555070496 166.59380965127144 397
1739555070505 166.58737250054887 398
1739555070513 166.58093562115553 399
1739555070522 166.57449901307996 400
1739555070529 166.5680626763107 401
1739555070538 166.56162661083616 402
1739555070550 166.55519081664502 403
1739555070559 166.5487552937257 404
1739555070571 166.5423200420668 405
1739555070579 166.53588506165673 406
1739555070587 166.52945035248408 407
1739555070596 166.52301591453744 408
1739555070604 166.51658174780522 409
1739555070613 166.510147852276 410
1739555070621 166.50371422793827 411
1739555070630 166.4972808747806 412
1739555070638 166.49084779279153 413
1739555070646 166.4844149819595 414
1739555070654 166.47798244227315 415
1739555070662 166.4715501737209 416
1739555070671 166.46511817629138 417
1739555070678 166.45868644997304 418
1739555070686 166.45225499475447 419
1739555070693 166.44582381062418 420
1739555070702 166.43939289757066 421
1739555070710 166.43296225558245 422
1739555070717 166.42653188464817 423
1739555070725 166.4201017847562 424
1739555070733 166.4136719558952 425
1739555070741 166.40724239805368 426
1739555070749 166.40081311122017 427
1739555070757 166.39438409538312 428
1739555070765 166.38795535053117 429
1739555070773 166.3815268766528 430
1739555070781 166.3750986737366 431
1739555070789 166.36867074177104 432
1739555070798 166.36224308074472 433
1739555070805 166.35581569064607 434
1739555070813 166.34938857146375 435
1739555070821 166.34296172318622 436
1739555070829 166.33653514580206 437
1739555070836 166.3301088392998 438
1739555070845 166.32368280366796 439
1739555070853 166.3172570388951 440
1739555070862 166.31083154496977 441
1739555070870 166.30440632188046 442
1739555070878 166.29798136961577 443
1739555070886 166.2915566881642 444
1739555070895 166.28513227751435 445
1739555070903 166.27870813765463 446
1739555070911 166.27228426857374 447
1739555070918 166.26586067026017 448
1739555070926 166.2594373427024 449
1739555070934 166.25301428588907 450
1739555070941 166.24659149980866 451
1739555070949 166.24016898444975 452
1739555070956 166.23374673980084 453
1739555070964 166.22732476585054 454
1739555070972 166.22090306258735 455
1739555070980 166.21448162999982 456
1739555070988 166.20806046807652 457
1739555070996 166.20163957680606 458
1739555071003 166.19521895617683 459
1739555071012 166.18879860617753 460
1739555071020 166.1823785267966 461
1739555071028 166.17595871802266 462
1739555071035 166.16953917984424 463
1739555071043 166.1631199122499 464
1739555071050 166.15670091522819 465
1739555071058 166.15028218876762 466
1739555071068 166.1438637328568 467
1739555071076 166.13744554748428 468
1739555071085 166.13102763263856 469
1739555071092 166.12460998830826 470
1739555071100 166.1181926144819 471
1739555071109 166.111775511148 472
1739555071117 166.10535867829518 473
1739555071125 166.09894211591197 474
1739555071132 166.092525823987 475
1739555071140 166.08610980250864 476
1739555071148 166.0796940514656 477
1739555071156 166.07327857084644 478
1739555071164 166.06686336063967 479
1739555071172 166.0604484208338 480
1739555071180 166.05403375141753 481
1739555071188 166.0476193523793 482
1739555071196 166.04120522370772 483
1739555071204 166.03479136539133 484
1739555071211 166.02837777741874 485
1739555071219 166.02196445977842 486
1739555071226 166.01555141245902 487
1739555071234 166.00913863544903 488
1739555071241 166.00272612873707 489
1739555071249 165.9963138923117 490
1739555071257 165.98990192616148 491
1739555071266 165.983490230275 492
1739555071274 165.97707880464074 493
1739555071282 165.97066764924733 494
1739555071290 165.9642567640833 495
1739555071298 165.95784614913728 496
1739555071305 165.95143580439776 497
1739555071313 165.94502572985337 498
1739555071321 165.93861592549266 499
