1739613822498 99.98763934049201 0
1739613822509 57.887635252278464 1
1739613822521 45.898469440557236 2
1739613822532 24.7590543425038 3
1739613822542 18.895188164538993 4
1739613822553 19.86854394342999 5
1739613822563 16.356478584490848 6
1739613822574 13.010984263703069 7
1739613822585 11.265218209268172 8
1739613822596 10.916100352230051 9
1739613822607 16.24341884745924 10
1739613822618 10.681909543399069 11
1739613822631 13.119146454928758 12
1739613822642 10.572398737927276 13
1739613822654 16.333081311446144 14
1739613822665 14.577017866187006 15
1739613822677 13.263145726451116 16
1739613822691 9.976986485322124 17
1739613822703 15.046698864679767 18
1739613822715 13.487810234454049 19
1739613822726 15.724355863102673 20
1739613822737 12.121094116874987 21
1739613822750 12.157346753803557 22
1739613822761 12.859219476072314 23
1739613822772 10.878841005631456 24
1739613822787 15.215197578568379 25
1739613822798 11.337991617250061 26
1739613822810 9.509823987044346 27
1739613822821 14.482276284899854 28
1739613822832 9.684367060652223 29
1739613822843 13.292485422277048 30
1739613822855 18.092232867688434 31
1739613822867 12.539686786297988 32
1739613822879 10.96524194999587 33
1739613822890 11.276032204146198 34
1739613822902 12.801856937167026 35
1739613822914 13.632715299328444 36
1739613822924 16.754679842326357 37
1739613822936 10.97947153306068 38
1739613822950 16.814650010408332 39
1739613822962 10.589975916650198 40
1739613822973 11.33050399777107 41
1739613822984 13.26796367797562 42
1739613822996 6.641004277294867 43
1739613823007 10.778914026647083 44
1739613823019 10.046567340799585 45
1739613823030 12.27468362545729 46
1739613823041 13.11730405264906 47
1739613823055 13.760060907751415 48
1739613823067 12.003610020502883 49
1739613823078 18.482656859205996 50
1739613823089 16.034603099800485 51
1739613823102 15.17741785898079 52
1739613823113 11.716912317626907 53
1739613823124 13.241797678304374 54
1739613823135 13.554564860493443 55
1739613823150 15.693108161050315 56
1739613823164 8.544807510880506 57
1739613823177 12.599695432913512 58
1739613823189 15.224505750155167 59
1739613823201 11.154484442993729 60
1739613823212 12.46009553950486 61
1739613823224 16.15882312282008 62
1739613823236 13.81635174996057 63
1739613823247 12.667398508390418 64
1739613823257 13.77638278477784 65
1739613823268 12.582286984690892 66
1739613823278 11.886876061316945 67
1739613823289 9.016642976835028 68
1739613823299 12.483690375183887 69
1739613823310 9.930150907138165 70
1739613823321 14.843186156161936 71
1739613823331 14.625294781234132 72
1739613823342 10.263331534581408 73
1739613823353 12.182710855082634 74
1739613823364 13.282120245182 75
1739613823374 15.3398175912919 76
1739613823385 10.770329933049775 77
1739613823395 12.019335581535062 78
1739613823406 9.889681004312832 79
1739613823417 17.54735811868596 80
1739613823427 10.959968087550473 81
1739613823438 10.389286330298109 82
1739613823449 14.832985457070722 83
1739613823460 12.034752488989461 84
1739613823470 14.812985329622874 85
1739613823480 12.22470772302772 86
1739613823490 12.333104435642198 87
1739613823502 11.686475380931165 88
1739613823514 10.478411467466314 89
1739613823525 11.725051157214851 90
1739613823537 14.436986845628974 91
1739613823549 10.342479926547455 92
1739613823568 9.851980034305743 93
1739613823583 12.911333905943101 94
1739613823597 10.529841061967822 95
1739613823612 10.128811031582606 96
1739613823624 11.768656331100349 97
1739613823637 12.361710576184715 98
1739613823650 13.359892997446433 99
1739613823666 19.758567073947244 100
1739613823679 11.55669533673299 101
1739613823691 12.890636279623106 102
1739613823702 8.682276144183827 103
1739613823714 15.09681227202209 104
1739613823725 13.19809114905387 105
1739613823736 14.096124165168664 106
1739613823747 14.097478385588976 107
1739613823757 14.740603786481403 108
1739613823768 15.559720511758643 109
1739613823779 13.802201782164907 110
1739613823789 7.7199646645582245 111
1739613823800 19.990708651167004 112
1739613823811 15.193713579550918 113
1739613823822 12.592985625568769 114
1739613823832 13.819870007394103 115
1739613823842 12.878597772098818 116
1739613823852 16.903773435704505 117
1739613823863 7.469772332003271 118
1739613823873 14.226821860015232 119
1739613823884 12.583468916174139 120
1739613823895 17.266814548814075 121
1739613823905 12.859872940853517 122
1739613823916 13.471496643516206 123
1739613823926 12.356207035122036 124
1739613823937 13.791637570449433 125
1739613823950 15.470682268136079 126
1739613823961 8.512727027164752 127
1739613823973 10.142371868187258 128
1739613823985 13.03201824081626 129
1739613823996 11.1822679375018 130
1739613824010 11.355594100544668 131
1739613824025 13.661483494892233 132
1739613824036 10.454121411324506 133
1739613824047 13.115159768677392 134
1739613824059 12.52198441727582 135
1739613824071 16.088640970001876 136
1739613824083 11.200192467614867 137
1739613824093 13.322714376999215 138
1739613824105 13.95780284742266 139
1739613824117 11.923421220576806 140
1739613824128 11.278216589256287 141
1739613824139 15.688857793567164 142
1739613824150 10.189911402661094 143
1739613824161 12.800764494156152 144
1739613824172 13.39766357712106 145
1739613824184 10.106752605858897 146
1739613824195 13.676980085764828 147
1739613824206 12.89737080629453 148
1739613824218 15.320481812413373 149
1739613824230 13.42063621159218 150
1739613824240 12.34648105583568 151
1739613824252 9.537718112037501 152
1739613824263 17.92564190435815 153
1739613824274 13.59416211000338 154
1739613824286 14.41654312332392 155
1739613824298 11.307163634335332 156
1739613824308 10.267777934801286 157
1739613824320 12.155189750278305 158
1739613824334 15.161803914016117 159
1739613824344 10.42371330803835 160
1739613824355 13.306093256930655 161
1739613824367 16.511185237497912 162
1739613824377 15.13139557549273 163
1739613824388 10.223809515987188 164
1739613824400 11.582191743512032 165
1739613824412 12.884587795892678 166
1739613824422 8.733415549001021 167
1739613824435 11.694000067852688 168
1739613824446 17.164464295302032 169
1739613824457 11.873452379424657 170
1739613824470 14.267165432855057 171
1739613824481 13.456181130764701 172
1739613824493 9.530629704927863 173
1739613824504 13.317344358370928 174
1739613824514 12.74034033383001 175
1739613824526 12.485552496182097 176
1739613824537 14.553766868621508 177
1739613824548 17.3777238611322 178
1739613824560 13.310411790336465 179
1739613824571 13.826467155270167 180
1739613824582 15.189034787433211 181
1739613824594 16.40837243901193 182
1739613824606 8.430529068857037 183
1739613824617 12.060451927171538 184
1739613824629 14.060476450628665 185
1739613824640 19.274042164073663 186
1739613824652 11.318718391454727 187
1739613824664 10.915034215073115 188
1739613824675 9.271828287052799 189
1739613824687 10.340425882057566 190
1739613824698 10.73885776933857 191
1739613824709 13.44442324847555 192
1739613824720 12.031975412790377 193
1739613824744 15.33457862313047 194
1739613824756 7.43284561777051 195
1739613824771 13.375138841728928 196
1739613824786 12.771618589490238 197
1739613824801 9.412697665261382 198
1739613824812 12.577662099479822 199
1739613824823 11.65858085057757 200
1739613824838 9.677523580746948 201
1739613824850 11.493723773143635 202
1739613824861 16.605468123826512 203
1739613824873 15.79715292284532 204
1739613824885 8.67475637179659 205
1739613824896 16.459409613860593 206
1739613824908 10.812171207218427 207
1739613824920 14.895768993951481 208
1739613824931 8.627117152749282 209
1739613824942 14.313277028668253 210
1739613824953 16.694542288514597 211
1739613824965 14.542832652697154 212
1739613824976 15.018032321942616 213
1739613824987 13.311287668865782 214
1739613824999 10.47543457804853 215
1739613825009 12.038812198180747 216
1739613825022 11.642181511613583 217
1739613825034 16.585312625667527 218
1739613825046 11.760470886427253 219
1739613825056 13.507910466552845 220
1739613825071 17.386816794334255 221
1739613825084 12.02237615722043 222
1739613825096 17.571395819386282 223
1739613825106 15.842295095982205 224
1739613825119 19.229984294697996 225
1739613825131 17.648380538687146 226
1739613825142 11.398229046482895 227
1739613825153 13.453098550690159 228
