1739612750838 169.6210407770955 0
1739612750851 169.4877158870233 1
1739612750862 169.35453070918075 2
1739612750874 169.221485085855 3
1739612750883 169.08857885951974 4
1739612750893 168.95581187283477 5
1739612750905 168.82318396864596 6
1739612750914 168.6906949899848 7
1739612750924 168.5583447800684 8
1739612750933 168.4261331822993 9
1739612750944 168.29406004026484 10
1739612750955 168.1621251977374 11
1739612750964 168.03032849867392 12
1739612750975 167.89866978721582 13
1739612750985 167.76714890768858 14
1739612750995 167.63576570460174 15
1739612751007 167.50452002264862 16
1739612751062 167.37341170670587 17
1739612751074 167.24244060183355 18
1739612751083 167.11160655327484 19
1739612751104 166.98090940645562 20
1739612751113 166.85034900698454 21
1739612751124 166.71992520065254 22
1739612751134 166.58963783343276 23
1739612751144 166.45948675148043 24
1739612751155 166.32947180113229 25
1739612751164 166.1995928289068 26
1739612751175 166.06984968150357 27
1739612751184 165.94024220580343 28
1739612751195 165.81077024886795 29
1739612751206 165.6814336579395 30
1739612751215 165.55223228044056 31
1739612751226 165.42316596397418 32
1739612751235 165.29423455632318 33
1739612751245 165.16543790545015 34
1739612751255 165.03677585949725 35
1739612751264 164.90824826678607 36
1739612751341 164.77985497581724 37
1739612751355 164.6515958352702 38
1739612751365 164.5234706940031 39
1739612751377 164.39547940105274 40
1739612751390 164.26762180563395 41
1739612751401 164.13989775713958 42
1739612751411 164.0123071051405 43
1739612751422 163.88484969938497 44
1739612751432 163.75752538979873 45
1739612751443 163.63033402648463 46
1739612751453 163.5032754597226 47
1739612751464 163.37634953996917 48
1739612751486 163.24955611785742 49
1739612751497 163.12289504419675 50
1739612751508 162.99636616997273 51
1739612751519 162.8699693463467 52
1739612751531 162.74370442465576 53
1739612751543 162.6175712564124 54
1739612751553 162.49156969330437 55
1739612751563 162.36569958719448 56
1739612751574 162.23996079012034 57
1739612751583 162.11435315429418 58
1739612751593 161.9888765321026 59
1739612751603 161.8635307761063 60
1739612751613 161.73831573904025 61
1739612751624 161.6132312738128 62
1739612751633 161.48827723350618 63
1739612751645 161.3634534713757 64
1739612751658 161.23875984084995 65
1739612751676 161.1141961955305 66
1739612751689 160.98976238919136 67
1739612751700 160.86545827577933 68
1739612751710 160.74128370941344 69
1739612751722 160.6172385443847 70
1739612751735 160.49332263515606 71
1739612751747 160.36953583636213 72
1739612751759 160.245878002809 73
1739612751773 160.122348989474 74
1739612751784 159.9989486515055 75
1739612751794 159.8756768442227 76
1739612751806 159.7525334231154 77
1739612751825 159.629518243844 78
1739612751840 159.50663116223882 79
1739612751851 159.38387203430048 80
1739612751862 159.26124071619913 81
1739612751873 159.1387370642748 82
1739612751882 159.01636093503674 83
1739612751895 158.8941121851634 84
1739612751906 158.77199067150232 85
1739612751917 158.6499962510696 86
1739612751927 158.52812878105019 87
1739612751948 158.4063881187972 88
1739612751962 158.28477412183202 89
1739612751973 158.16328664784393 90
1739612751985 158.04192555469 91
1739612751998 157.9206907003949 92
1739612752010 157.79958194315063 93
1739612752022 157.67859914131625 94
1739612752032 157.55774215341788 95
1739612752043 157.4370108381483 96
1739612752058 157.31640505436698 97
1739612752071 157.1959246610995 98
1739612752082 157.07556951753776 99
1739612752119 156.95533948303964 100
1739612752131 156.8352344171285 101
1739612752145 156.7152541794936 102
1739612752159 156.59539862998915 103
1739612752170 156.4756676286348 104
1739612752179 156.356061035615 105
1739612752190 156.23657871127898 106
1739612752199 156.1172205161405 107
1739612752210 155.99798631087754 108
1739612752220 155.87887595633248 109
1739612752230 155.7598893135114 110
1739612752240 155.64102624358418 111
1739612752250 155.52228660788435 112
1739612752260 155.40367026790867 113
1739612752270 155.2851770853171 114
1739612752279 155.1668069219325 115
1739612752290 155.04855963974057 116
1739612752300 154.93043510088944 117
1739612752310 154.81243316768976 118
1739612752322 154.69455370261426 119
1739612752331 154.57679656829754 120
1739612752342 154.4591616275361 121
1739612752351 154.34164874328803 122
1739612752362 154.2242577786727 123
1739612752373 154.10698859697072 124
1739612752382 153.98984106162365 125
1739612752392 153.8728150362339 126
1739612752402 153.75591038456446 127
1739612752412 153.63912697053868 128
1739612752422 153.52246465824015 129
1739612752431 153.40592331191255 130
1739612752442 153.2895027959592 131
1739612752451 153.17320297494325 132
1739612752462 153.0570237135871 133
1739612752473 152.9409648767726 134
1739612752482 152.82502632954052 135
1739612752493 152.70920793709038 136
1739612752504 152.59350956478065 137
1739612752513 152.477931078128 138
1739612752524 152.36247234280756 139
1739612752533 152.24713322465246 140
1739612752543 152.13191358965378 141
1739612752555 152.01681330396022 142
1739612752563 151.90183223387805 143
1739612752574 151.786970245871 144
1739612752583 151.6722272065597 145
1739612752594 151.55760298272185 146
1739612752603 151.44309744129183 147
1739612752613 151.32871044936078 148
1739612752624 151.21444187417595 149
1739612752637 151.10029158314097 150
1739612752647 150.98625944381544 151
1739612752658 150.87234532391466 152
1739612752667 150.75854909130965 153
1739612752677 150.64487061402684 154
1739612752687 150.5313097602479 155
1739612752698 150.41786639830957 156
1739612752711 150.30454039670346 157
1739612752722 150.19133162407576 158
1739612752731 150.07823994922737 159
1739612752742 149.96526524111323 160
1739612752751 149.85240736884265 161
1739612752761 149.73966620167874 162
1739612752772 149.62704160903834 163
1739612752781 149.51453346049192 164
1739612752791 149.40214162576333 165
1739612752801 149.28986597472957 166
1739612752812 149.17770637742063 167
1739612752823 149.06566270401933 168
1739612752832 148.95373482486121 169
1739612752842 148.84192261043415 170
1739612752852 148.73022593137833 171
1739612752862 148.61864465848603 172
1739612752873 148.50717866270145 173
1739612752882 148.39582781512044 174
1739612752892 148.28459198699045 175
1739612752903 148.1734710497102 176
1739612752913 148.06246487482963 177
1739612752924 147.95157333404967 178
1739612752933 147.84079629922206 179
1739612752946 147.73013364234907 180
1739612752961 147.61958523558346 181
1739612752977 147.5091509512283 182
1739612752988 147.39883066173655 183
1739612752998 147.28862423971137 184
1739612753009 147.1785315579053 185
1739612753019 147.0685524892206 186
1739612753029 146.9586869067089 187
1739612753039 146.8489346835707 188
1739612753049 146.73929569315598 189
1739612753060 146.62976980896306 190
1739612753071 146.5203569046392 191
1739612753080 146.41105685397991 192
1739612753089 146.3018695309291 193
1739612753098 146.19279480957866 194
1739612753108 146.08383256416843 195
1739612753117 145.97498266908605 196
1739612753127 145.8662449988666 197
1739612753137 145.75761942819258 198
1739612753146 145.64910583189368 199
1739612753163 145.54070408494664 200
1739612753174 145.43241406247495 201
1739612753184 145.32423563974888 202
1739612753194 145.21616869218514 203
1739612753203 145.10821309534666 204
1739612753212 145.00036872494255 205
1739612753223 144.89263545682797 206
1739612753231 144.7850131670037 207
1739612753241 144.6775017316163 208
1739612753253 144.5701010269576 209
1739612753272 144.4628109294647 210
1739612753282 144.35563131571976 211
1739612753292 144.24856206244996 212
1739612753301 144.1416030465272 213
1739612753312 144.03475414496768 214
1739612753326 143.92801523493225 215
1739612753335 143.82138619372583 216
1739612753345 143.71486689879734 217
1739612753354 143.60845722773968 218
1739612753364 143.50215705828933 219
1739612753373 143.39596626832622 220
1739612753382 143.2898847358737 221
1739612753391 143.1839123390983 222
1739612753400 143.0780489563094 223
1739612753409 142.97229446595935 224
1739612753418 142.86664874664302 225
1739612753428 142.76111167709783 226
1739612753437 142.6556831362034 227
1739612753447 142.5503630029815 228
1739612753456 142.44515115659593 229
1739612753466 142.3400474763522 230
1739612753475 142.23505184169747 231
1739612753484 142.1301641322202 232
1739612753493 142.02538422765025 233
1739612753503 141.9207120078586 234
1739612753514 141.816147352857 235
1739612753531 141.71169014279818 236
1739612753541 141.60734025797518 237
1739612753551 141.5030975788217 238
1739612753561 141.39896198591146 239
1739612753572 141.2949333599585 240
1739612753582 141.19101158181653 241
1739612753592 141.08719653247917 242
1739612753601 140.9834880930795 243
1739612753610 140.87988614489007 244
1739612753620 140.77639056932261 245
1739612753630 140.67300124792794 246
1739612753639 140.56971806239576 247
1739612753648 140.46654089455453 248
1739612753657 140.36346962637114 249
1739612753666 140.26050413995114 250
1739612753676 140.15764431753797 251
1739612753685 140.0548900415134 252
1739612753695 139.95224119439698 253
1739612753704 139.8496976588459 254
1739612753714 139.74725931765514 255
1739612753723 139.64492605375682 256
1739612753732 139.5426977502204 257
1739612753741 139.44057429025247 258
1739612753751 139.33855555719634 259
1739612753761 139.23664143453223 260
1739612753770 139.13483180587681 261
1739612753783 139.0331265549832 262
1739612753799 138.93152556574074 263
1739612753810 138.8300287221748 264
1739612753820 138.7286359084467 265
1739612753829 138.62734700885355 266
1739612753839 138.52616190782794 267
1739612753847 138.42508048993793 268
1739612753857 138.3241026398868 269
1739612753869 138.22322824251296 270
1739612753879 138.12245718278967 271
1739612753889 138.02178934582508 272
1739612753898 137.92122461686182 273
1739612753908 137.820762881277 274
1739612753917 137.72040402458197 275
1739612753927 137.62014793242227 276
1739612753936 137.5199944905773 277
1739612753947 137.41994358496035 278
1739612753958 137.3199951016182 279
1739612753976 137.2201489267312 280
1739612753988 137.12040494661304 281
1739612753997 137.02076304771037 282
1739612754007 136.92122311660307 283
1739612754018 136.82178504000362 284
1739612754028 136.7224487047573 285
1739612754038 136.62321399784187 286
1739612754047 136.52408080636735 287
1739612754057 136.42504901757604 288
1739612754066 136.32611851884224 289
1739612754076 136.22728919767206 290
1739612754085 136.1285609417034 291
1739612754094 136.02993363870561 292
1739612754106 135.9314071765795 293
1739612754123 135.8329814433571 294
1739612754134 135.73465632720146 295
1739612754144 135.63643171640658 296
1739612754153 135.53830749939723 297
1739612754164 135.44028356472873 298
1739612754176 135.34235980108687 299
1739612754186 135.24453609728772 300
1739612754195 135.14681234227746 301
1739612754204 135.04918842513223 302
1739612754214 134.95166423505802 303
1739612754234 134.8542396613904 304
1739612754244 134.75691459359453 305
1739612754254 134.65968892126483 306
1739612754262 134.56256253412494 307
1739612754273 134.46553532202753 308
1739612754282 134.36860717495415 309
1739612754292 134.27177798301506 310
1739612754300 134.17504763644902 311
1739612754310 134.07841602562334 312
1739612754319 133.98188304103346 313
1739612754330 133.8854485733029 314
1739612754340 133.78911251318328 315
1739612754349 133.6928747515538 316
1739612754358 133.5967351794215 317
1739612754367 133.50069368792072 318
1739612754376 133.40475016831326 319
1739612754385 133.308904511988 320
1739612754394 133.2131566104609 321
1739612754403 133.11750635537481 322
1739612754413 133.02195363849916 323
1739612754424 132.92649835173012 324
1739612754435 132.83114038709013 325
1739612754444 132.73587963672796 326
1739612754453 132.64071599291842 327
1739612754462 132.54564934806237 328
1739612754472 132.45067959468636 329
1739612754481 132.35580662544265 330
1739612754490 132.261030333109 331
1739612754499 132.16635061058852 332
1739612754510 132.07176735090943 333
1739612754521 131.97728044722507 334
1739612754530 131.88288979281373 335
1739612754539 131.78859528107827 336
1739612754549 131.69439680554632 337
1739612754558 131.60029425986983 338
1739612754567 131.50628753782507 339
1739612754577 131.4123765333125 340
1739612754586 131.31856114035654 341
1739612754596 131.2248412531054 342
1739612754605 131.13121676583108 343
1739612754614 131.03768757292903 344
1739612754623 130.94425356891816 345
1739612754632 130.8509146484406 346
1739612754641 130.7576707062616 347
1739612754650 130.6645216372693 348
1739612754660 130.5714673364747 349
1739612754669 130.47850769901146 350
1739612754678 130.38564262013568 351
1739612754687 130.29287199522588 352
1739612754696 130.2001957197827 353
1739612754706 130.10761368942897 354
1739612754714 130.01512579990938 355
1739612754724 129.92273194709034 356
1739612754733 129.83043202695995 357
1739612754743 129.73822593562772 358
1739612754755 129.6461135693246 359
1739612754765 129.55409482440254 360
1739612754774 129.46216959733474 361
1739612754783 129.3703377847151 362
1739612754793 129.2785992832584 363
1739612754802 129.18695398979995 364
1739612754812 129.09540180129554 365
1739612754822 129.00394261482126 366
1739612754831 128.91257632757333 367
1739612754841 128.82130283686806 368
1739612754849 128.73012204014162 369
1739612754859 128.63903383494986 370
1739612754870 128.5480381189682 371
1739612754879 128.45713478999164 372
1739612754889 128.3663237459343 373
1739612754898 128.27560488482956 374
1739612754908 128.18497810482984 375
1739612754917 128.09444330420632 376
1739612754927 128.00400038134896 377
1739612754936 127.91364923476631 378
1739612754945 127.82338976308534 379
1739612754955 127.73322186505136 380
1739612754964 127.64314543952777 381
1739612754973 127.55316038549599 382
1739612754982 127.46326660205533 383
1739612754992 127.37346398842284 384
1739612755001 127.28375244393314 385
1739612755010 127.19413186803826 386
1739612755020 127.10460216030758 387
1739612755029 127.01516322042761 388
1739612755039 126.9258149482019 389
1739612755048 126.83655724355087 390
1739612755058 126.74739000651167 391
1739612755069 126.65831313723803 392
1739612755078 126.5693265360002 393
1739612755087 126.48043010318467 394
1739612755097 126.39162373929418 395
1739612755107 126.30290734494741 396
1739612755116 126.21428082087907 397
1739612755125 126.12574406793945 398
1739612755135 126.03729698709465 399
1739612755144 125.94893947942612 400
1739612755153 125.86067144613067 401
1739612755163 125.77249278852035 402
1739612755172 125.68440340802222 403
1739612755181 125.59640320617834 404
1739612755190 125.50849208464544 405
1739612755199 125.42066994519502 406
1739612755209 125.33293668971301 407
1739612755219 125.24529222019972 408
1739612755228 125.15773643876969 409
1739612755238 125.07026924765162 410
1739612755247 124.98289054918806 411
1739612755256 124.89560024583551 412
1739612755265 124.808398240164 413
1739612755284 124.72128443485724 414
1739612755294 124.63425873271228 415
1739612755304 124.5473210366395 416
1739612755313 124.46047124966235 417
1739612755324 124.37370927491729 418
1739612755334 124.28703501565371 419
1739612755343 124.20044837523368 420
1739612755352 124.11394925713186 421
1739612755362 124.02753756493536 422
1739612755372 123.94121320234368 423
1739612755380 123.85497607316843 424
1739612755390 123.76882608133332 425
1739612755399 123.68276313087392 426
1739612755408 123.5967871259377 427
1739612755417 123.51089797078359 428
1739612755427 123.42509556978224 429
1739612755439 123.33937982741558 430
1739612755449 123.25375064827675 431
1739612755461 123.16820793707008 432
1739612755474 123.08275159861084 433
1739612755489 122.99738153782512 434
1739612755502 122.91209765974979 435
1739612755512 122.82689986953224 436
1739612755525 122.74178807243032 437
1739612755538 122.6567621738122 438
1739612755548 122.57182207915622 439
1739612755560 122.48696769405079 440
1739612755570 122.40219892419422 441
1739612755580 122.3175156753946 442
1739612755592 122.23291785356966 443
1739612755603 122.14840536474665 444
1739612755613 122.06397811506226 445
1739612755625 121.97963601076233 446
1739612755636 121.89537895820196 447
1739612755645 121.81120686384511 448
1739612755655 121.72711963426467 449
1739612755666 121.64311717614228 450
1739612755676 121.55919939626813 451
1739612755686 121.47536620154091 452
1739612755696 121.39161749896762 453
1739612755707 121.30795319566352 454
1739612755716 121.22437319885186 455
1739612755727 121.14087741586395 456
1739612755738 121.05746575413885 457
1739612755746 120.9741381212233 458
1739612755757 120.89089442477163 459
1739612755766 120.8077345725456 460
1739612755777 120.72465847241425 461
1739612755787 120.64166603235378 462
1739612755797 120.5587571604475 463
1739612755808 120.47593176488559 464
1739612755817 120.39318975396493 465
1739612755828 120.31053103608926 466
1739612755840 120.22795551976866 467
1739612755849 120.14546311361968 468
1739612755860 120.0630537263652 469
1739612755871 119.98072726683412 470
1739612755881 119.89848364396147 471
1739612755893 119.8163227667881 472
1739612755904 119.73424454446068 473
1739612755914 119.65224888623148 474
1739612755926 119.57033570145826 475
1739612755938 119.48850489960421 476
1739612755949 119.40675639023773 477
1739612755962 119.32509008303238 478
1739612755974 119.2435058877667 479
1739612755985 119.16200371432416 480
1739612755996 119.0805834726929 481
1739612756008 118.9992450729657 482
1739612756020 118.91798842533993 483
1739612756033 118.83681344011718 484
1739612756045 118.75572002770343 485
1739612756058 118.67470809860869 486
1739612756067 118.593777563447 487
1739612756078 118.51292833293627 488
1739612756089 118.43216031789818 489
1739612756098 118.35147342925801 490
1739612756109 118.27086757804447 491
1739612756118 118.1903426753898 492
1739612756128 118.10989863252934 493
1739612756140 118.02953536080162 494
1739612756149 117.94925277164819 495
1739612756160 117.86905077661343 496
1739612756171 117.7889292873445 497
1739612756180 117.7088882155912 498
1739612756190 117.62892747320582 499
