1739612072313 181.6193309586785 0
1739612072347 130.0881732806603 1
1739612072380 111.57745621185614 2
1739612072413 110.39872252162488 3
1739612072447 104.235728998202 4
1739612072522 89.02363997854289 5
1739612072556 90.18505157396952 6
1739612072590 68.1053824512997 7
1739612072624 45.04579266413935 8
1739612072658 92.5924738292945 9
1739612072691 29.616646070158527 10
1739612072725 38.92216787499607 11
1739612072759 33.22431844473715 12
1739612072794 27.288273958016028 13
1739612072861 33.1211680866543 14
1739612072898 2.9862326229541223 15
1739612072938 58.199744458246435 16
1739612072972 10.318851327526712 17
1739612073006 13.26867409753347 18
1739612073039 54.071611371264844 19
1739612073072 11.339760853188572 20
1739612073105 54.90913850022675 21
1739612073139 35.850035292104614 22
1739612073172 48.169858303202034 23
1739612073205 7.044303709077017 24
1739612073238 17.622631702415305 25
1739612073272 53.15103102844936 26
1739612073305 52.71924489137136 27
1739612073343 0.7612862610166798 28
1739612073376 67.34541097165763 29
1739612073409 20.21425037679581 30
1739612073442 14.414821187735392 31
1739612073476 70.57512717835628 32
1739612073509 53.60435444521453 33
1739612073543 52.60488076097109 34
1739612073576 51.167780768040814 35
1739612073609 72.26591627560266 36
1739612073642 34.015021633642405 37
1739612073676 1.8708968612880599 38
1739612073709 15.266638108362654 39
1739612073742 6.247680218864851 40
1739612073775 50.887871449162525 41
1739612073809 7.034723231543619 42
1739612073842 58.96155044558593 43
1739612073875 22.47348554801873 44
1739612073908 54.224262782587225 45
1739612073942 44.17391497806865 46
1739612073976 20.785960871736222 47
1739612074012 10.574291441140444 48
1739612074047 20.022365099415616 49
1739612074081 19.954631724857435 50
1739612074116 7.918727843139565 51
1739612074151 5.909209993138026 52
1739612074184 43.820071594939286 53
1739612074217 39.13040916699154 54
1739612074252 18.467394592370777 55
1739612074287 44.125179225728175 56
1739612074320 54.79641925297948 57
1739612074354 47.06102142823637 58
1739612074387 7.904303001552353 59
1739612074420 8.969499336071264 60
1739612074454 22.92263194441596 61
1739612074487 11.227202036076969 62
1739612074521 69.91088805376594 63
1739612074554 10.620084915379488 64
1739612074587 23.097739033604363 65
1739612074620 57.21418607931124 66
1739612074655 29.406158674016474 67
1739612074688 35.997581914330134 68
1739612074722 64.74919249397891 69
1739612074757 5.938038099660761 70
1739612074796 2.142758459192517 71
1739612074836 20.236172908098762 72
1739612074894 23.769912981596253 73
1739612074931 6.888006098616377 74
1739612074965 38.95654245710017 75
1739612075001 26.24179303400513 76
1739612075040 78.40715392178674 77
