1739614206211 169.5266411313562 0
1739614206223 168.21421551492344 1
1739614206233 167.56560875323495 2
1739614206244 166.92104220647587 3
1739614206254 166.27782340270565 4
1739614206265 165.63730617259353 5
1739614206275 164.99947659261835 6
1739614206286 164.36432334811334 7
1739614206297 163.7318351667633 8
1739614206306 163.10200082383264 9
1739614206317 162.4748091419536 10
1739614206327 161.8502489909256 11
1739614206338 161.2283092875162 12
1739614206348 160.60897899526267 13
1739614206359 159.99224712427466 14
1739614206371 159.3781027310371 15
1739614206382 158.7665349182146 16
1739614206393 158.15753283445625 17
1739614206403 157.55108567420152 18
1739614206414 156.94718267748667 19
1739614206425 156.34581312975223 20
1739614206435 155.74696636165137 21
1739614206445 155.15063174885861 22
1739614206455 154.5567987118799 23
1739614206465 153.96545671586316 24
1739614206475 153.37659527040984 25
1739614206485 152.7902039293869 26
1739614206496 152.20627229074015 27
1739614206506 151.62478999630778 28
1739614206516 151.04574673163518 29
1739614206526 150.4691322257902 30
1739614206537 149.89495342264888 31
1739614206549 149.3231571669829 32
1739614206561 148.75378487495652 33
1739614206571 148.18677493123513 34
1739614206581 147.62216874734608 35
1739614206591 147.05990489129644 36
1739614206601 146.50002476118598 37
1739614206611 145.94246710724897 38
1739614206621 145.38727331385851 39
1739614206631 144.83438231235152 40
1739614206641 144.28383547307934 41
1739614206652 143.73557190736463 42
1739614206662 143.1896329712466 43
1739614206672 142.64595795492417 44
1739614206683 142.10458819983788 45
1739614206694 141.56546317396155 46
1739614206704 141.0286242038547 47
1739614206715 140.4940109341719 48
1739614206761 139.96166467631343 49
1739614206772 139.43152525052813 50
1739614206783 138.90363395278297 51
1739614206793 138.37793077784178 52
1739614206804 137.85445700596816 53
1739614206815 137.33315280536945 54
1739614206825 136.81405944033952 55
1739614206835 136.29711725146484 56
1739614206846 135.78236748680746 57
1739614206856 135.2697506582759 58
1739614206867 134.759307997442 59
1739614206881 134.25098018648663 60
1739614206890 133.74480844023688 61
1739614206901 133.24073361010326 62
1739614206912 132.7387968939176 63
1739614206923 132.23893931128458 64
1739614206933 131.74120204279367 65
1739614206943 131.24552627521538 66
1739614206954 130.7519531716538 67
1739614206964 130.2604240850238 68
1739614206975 129.77098016070454 69
1739614206985 129.28356291674098 70
1739614206996 128.79821348055137 71
1739614207006 128.31487353430336 72
1739614207017 127.83358418722227 73
1739614207028 127.35428728459759 74
1739614207038 126.87702391723306 75
1739614207048 126.40173609254639 76
1739614207060 125.9284648826946 77
1739614207069 125.45715245623656 78
1739614207080 124.98783986646102 79
1739614207091 124.52046944208774 80
1739614207101 124.05508221731911 81
1739614207121 123.5916206800621 82
1739614207132 123.13012584521805 83
1739614207143 122.67054035891415 84
1739614207153 122.21290521653948 85
1739614207164 121.75716322148098 86
1739614207175 121.30335534940754 87
1739614207185 120.8514245600119 88
1739614207196 120.40141180903822 89
1739614207206 119.9532602115377 90
1739614207216 119.50701070312833 91
1739614207226 119.06260655327875 92
1739614207236 118.62008867728287 93
1739614207246 118.17941670162998 94
1739614207256 117.74057478660674 95
1739614207266 117.30359566493962 96
1739614207277 116.86842299390855 97
1739614207287 116.43509763873821 98
1739614207297 116.00356340043696 99
1739614207307 115.57386112325324 100
1739614207318 115.14593475845635 101
1739614207329 114.71982512911904 102
1739614207339 114.29547633586512 103
1739614207350 113.87292918041086 104
1739614207361 113.45212791183417 105
1739614207371 113.0331133103172 106
1739614207381 112.61582977249763 107
1739614207391 112.20031805684889 108
1739614207401 111.78652270668009 109
1739614207411 111.3744844585843 110
1739614207422 110.9641480016598 111
1739614207432 110.5555540504505 112
1739614207442 110.14864743896749 113
1739614207452 109.74346885953982 114
1739614207463 109.33996329022084 115
1739614207473 108.93817140096179 116
1739614207484 108.53803831299379 117
1739614207494 108.13960467373019 118
1739614207504 107.7428316008975 119
1739614207514 107.34770420860113 120
1739614207524 106.95425513573117 121
1739614207535 106.56242986318505 122
1739614207545 106.17226898293674 123
1739614207555 105.78371810901191 124
1739614207565 105.39681781032341 125
1739614207575 105.01151384025525 126
1739614207586 104.62784674449665 127
1739614207596 104.24576241495676 128
1739614207605 103.86530137395637 129
1739614207616 103.48640965110216 130
1739614207626 103.10912774520423 131
1739614207636 102.73340182274478 132
1739614207646 102.35927235888364 133
1739614207656 101.986685656162 134
1739614207667 101.61568216595244 135
1739614207677 101.246208326044 136
1739614207688 100.87830456388762 137
1739614207698 100.51191745171461 138
1739614207708 100.1470873929224 139
1739614207718 99.78376109338429 140
1739614207729 99.42197893231476 141
1739614207739 99.06168774843417 142
1739614207749 98.70292789664742 143
1739614207759 98.34566187059244 144
1739614207770 97.98987565078728 145
1739614207780 97.63560174915467 146
1739614207790 97.28278733819889 147
1739614207801 96.9314727130997 148
1739614207811 96.58160516975582 149
1739614207821 96.23322497862691 150
1739614207831 95.8862795649465 151
1739614207842 95.54080917432394 152
1739614207852 95.19676136056144 153
1739614207863 94.85417634430443 154
1739614207873 94.51300180716258 155
1739614207885 94.17327794470626 156
1739614207895 93.83495256559645 157
1739614207905 93.4980658402194 158
1739614207916 93.16256570353639 159
1739614207926 92.8284923006429 160
1739614207936 92.49579369205433 161
1739614207947 92.16450999747099 162
1739614207957 91.83458940222121 163
1739614207967 91.50607200050793 164
1739614207978 91.17890610173623 165
1739614207988 90.85313177451158 166
1739614207999 90.52869745158439 167
1739614208011 90.20564317586489 168
1739614208029 89.88393271138057 169
1739614208040 89.56355282600369 170
1739614208050 89.24453587708985 171
1739614208071 88.92683060735563 172
1739614208082 88.61047699664768 173
1739614208093 88.29542390213274 174
1739614208103 87.98171127765012 175
1739614208114 87.66928810048005 176
1739614208125 87.35819429835257 177
1739614208135 87.04837896795615 178
1739614208145 86.73988201082533 179
1739614208155 86.43265264235635 180
1739614208168 86.12673073780388 181
1739614208178 85.822065630576 182
1739614208188 85.51869716956533 183
1739614208199 85.21657480550034 184
1739614208209 84.91573836083128 185
1739614208219 84.61613740292027 186
1739614208230 84.31781172769689 187
1739614208241 84.0207110184745 188
1739614208251 83.72487504458563 189
1739614208262 83.43025360461718 190
1739614208278 83.13688644123003 191
1739614208292 82.84472346761126 192
1739614208303 82.55380439967762 193
1739614208317 82.26407926454728 194
1739614208330 81.97558775132217 195
1739614208347 81.68829488787024 196
1739614208358 81.40218821229634 197
1739614208369 81.1172998895093 198
1739614208380 80.83358023298203 199
1739614208391 80.55106886607125 200
1739614208401 80.26971620784701 201
1739614208412 79.98956185463074 202
1739614208423 79.71055633646723 203
1739614208434 79.43273922256739 204
1739614208445 79.15606115330544 205
1739614208456 78.88056167072095 206
1739614208467 78.6061915248766 207
1739614208478 78.33299023058153 208
1739614208489 78.06090864695014 209
1739614208500 77.78998626150373 210
1739614208511 77.52017404177572 211
1739614208522 77.25151144794391 212
1739614208533 76.98394955533222 213
1739614208544 76.71752779672106 214
1739614208554 76.45219735460026 215
1739614208566 76.18799763430054 216
1739614208577 75.92487992485735 217
1739614208588 75.66288360410094 218
1739614208599 75.40196006699603 219
1739614208610 75.14214866382343 220
1739614208621 74.88340089486474 221
1739614208632 74.6257560828038 222
1739614208641 74.36918041681938 223
1739614208652 74.11366213033448 224
1739614208663 73.85923317462691 225
1739614208675 73.60584531471538 226
1739614208685 73.35353780568424 227
1739614208697 73.10226251005683 228
1739614208707 72.8520586551789 229
1739614208718 72.60287820618396 230
1739614208729 72.35476036262655 231
1739614208740 72.10765719165954 232
1739614208752 71.8616078650073 233
1739614208763 71.61656455125511 234
1739614208773 71.37256639425969 235
1739614208785 71.1295656634554 236
1739614208796 70.8876014747954 237
1739614208806 70.64662619798372 238
1739614208816 70.40667892103527 239
1739614208827 70.16771211334814 240
1739614208837 69.92976483496588 241
1739614208847 69.6927896544086 242
1739614208857 69.4568256037168 243
1739614208868 69.2218253499643 244
1739614208878 68.98782789715823 245
1739614208890 68.75478601036156 246
1739614208900 68.52273866551904 247
1739614208911 68.29163872512179 248
1739614208921 68.06152513702463 249
1739614208932 67.8323508605895 250
1739614208944 67.60415481555502 251
1739614208954 67.37690433477115 252
1739614208964 67.15058832375489 253
1739614208975 66.92523848590538 254
1739614208985 66.70080802411343 255
1739614208995 66.47733578931197 256
1739614209005 66.2547750739706 257
1739614209026 66.03316470083608 258
1739614209036 65.81245805678451 259
1739614209048 65.59269393634479 260
1739614209059 65.37382582026162 261
1739614209070 65.1558924748269 262
1739614209081 64.9388474741194 263
1739614209092 64.7227295561762 264
1739614209106 64.50749238787905 265
1739614209117 64.2931746789936 266
1739614209128 64.07973018867683 267
1739614209139 63.86719759840759 268
1739614209150 63.65553075909381 269
1739614209159 63.44476832391333 270
1739614209169 63.23486423500397 271
1739614209180 63.025857117229606 272
1739614209190 62.81770100344038 273
1739614209200 62.61043449017429 274
1739614209210 62.404011700479415 275
1739614209220 62.198471202557286 276
1739614209231 61.99376720914283 277
1739614209241 61.78993826009157 278
1739614209251 61.58695266517338 279
1739614209262 61.38479989326807 280
1739614209272 61.183511404251036 281
1739614209282 60.983041636336466 282
1739614209293 60.78342906007187 283
1739614209303 60.58462819651608 284
1739614209313 60.38667748785682 285
1739614209323 60.18953154257991 286
1739614209334 59.99322877449805 287
1739614209344 59.79772387903053 288
1739614209354 59.60305524161157 289
1739614209363 59.40917764410368 290
1739614209374 59.21612944356013 291
1739614209384 59.02386550779944 292
1739614209395 58.83242416549254 293
1739614209405 58.641760369929884 294
1739614209417 58.45191242139974 295
1739614209427 58.26283535818337 296
1739614209437 58.07456745218705 297
1739614209447 57.887063826204916 298
1739614209458 57.700362723762936 299
1739614209468 57.51441935169305 300
1739614209478 57.32927192514363 301
1739614209488 57.144875734512425 302
1739614209498 56.9612689665738 303
1739614209509 56.77840699482242 304
1739614209518 56.596327977663236 305
1739614209529 56.41498737122172 306
1739614209539 56.234423305539 307
1739614209550 56.05460505414181 308
1739614209560 55.875522631137756 309
1739614209570 55.697207224940655 310
1739614209581 55.51961449941614 311
1739614209591 55.34278251531823 312
1739614209602 55.166667012750146 313
1739614209613 54.99130602413902 314
1739614209623 54.81665537015777 315
1739614209633 54.64275305490619 316
1739614209644 54.46955497917677 317
1739614209654 54.297099118752584 318
1739614209665 54.125341454098375 319
1739614209675 53.9543199326919 320
1739614209685 53.783990614225736 321
1739614209696 53.61439141788471 322
1739614209707 53.44547848214742 323
1739614209717 53.27728969791897 324
1739614209727 53.10978128202503 325
1739614209737 52.942991097105036 326
1739614209748 52.77687543789559 327
1739614209758 52.61147213878523 328
1739614209768 52.446737571988045 329
1739614209779 52.282709543657376 330
1739614209789 52.11934450305403 331
1739614209799 51.95668022811266 332
1739614209810 51.79467324471275 333
1739614209820 51.633361302587474 334
1739614209831 51.472701003809654 335
1739614209842 51.31273006992912 336
1739614209852 51.15341865767152 337
1739614209864 50.994757270890524 338
1739614209874 50.83677681989687 339
1739614209889 50.67943409830941 340
1739614209900 50.52276675889623 341
1739614209911 50.36673166549272 342
1739614209922 50.21136644276248 343
1739614209932 50.05662802885254 344
1739614209942 49.902554020333916 345
1739614209953 49.74910142925429 346
1739614209972 49.596307824114305 347
1739614209983 49.444130290453906 348
1739614209994 49.292606368726254 349
1739614210004 49.141693217557616 350
1739614210015 48.99142834937733 351
1739614210026 48.8417689954946 352
1739614210036 48.69275264033932 353
1739614210046 48.54433658750272 354
1739614210057 48.39655829344029 355
1739614210067 48.24937513362686 356
1739614210077 48.10282453656921 357
1739614210087 47.95686394922987 358
1739614210096 47.81153077219332 359
1739614210106 47.66678252351631 360
1739614210117 47.52265657588801 361
1739614210128 47.37911051806834 362
1739614210138 47.236181694878944 363
1739614210148 47.09382776539422 364
1739614210159 46.9520860465966 365
1739614210169 46.81091426748882 366
1739614210179 46.670349717243035 367
1739614210189 46.53036341611865 368
1739614210200 46.39094633688861 369
1739614210211 46.252129088575735 370
1739614210222 46.1138695759586 371
1739614210232 45.97620502040776 372
1739614210243 45.83909339106551 373
1739614210253 45.70257188160737 374
1739614210263 45.566598529395215 375
1739614210274 45.431210500432314 376
1739614210286 45.296365899926734 377
1739614210296 45.162101866241855 378
1739614210307 45.02837657206092 379
1739614210318 44.895227128140306 380
1739614210328 44.76261177426967 381
1739614210338 44.630567593631824 382
1739614210349 44.49905289275642 383
1739614210359 44.368104727286706 384
1739614210370 44.237681470128045 385
1739614210381 44.10782014941873 386
1739614210392 43.97847920407787 387
1739614210402 43.849695634773866 388
1739614210412 43.72142794607977 389
1739614210422 43.59371311122978 390
1739614210432 43.46650970009333 391
1739614210442 43.339854658506574 392
1739614210453 43.21370662127995 393
1739614210463 43.08810250688821 394
1739614210473 42.96300101472961 395
1739614210484 42.83843903595476 396
1739614210494 42.71438833021107 397
1739614210504 42.59084026341112 398
1739614210515 42.4678251618402 399
1739614210525 42.34530188722065 400
1739614210535 42.22330726415243 401
1739614210546 42.10180021373823 402
1739614210556 41.98081753339649 403
1739614210566 41.860318207254636 404
1739614210577 41.74033900558052 405
1739614210587 41.62083897518486 406
1739614210597 41.5018548592248 407
1739614210608 41.383345766854816 408
1739614210618 41.26534841416181 409
1739614210629 41.147821972306616 410
1739614210639 41.03080313034657 411
1739614210649 40.91425112111362 412
1739614210660 40.79820260667684 413
1739614210670 40.68261688120592 414
1739614210680 40.56753057982334 415
1739614210691 40.45290305770533 416
1739614210702 40.33877092306986 417
1739614210712 40.225093591770374 418
1739614210723 40.11190764516301 419
1739614210733 39.999172559451104 420
1739614210744 39.88692488917185 421
1739614210754 39.77512417055326 422
1739614210765 39.663806931357016 423
1739614210776 39.55293276751241 424
1739614210788 39.44253818004939 425
1739614210799 39.33258282427719 426
1739614210811 39.22310317453822 427
1739614210820 39.114071714793035 428
1739614210831 39.005480187985455 429
1739614210841 38.89735861946625 430
1739614210853 38.789666813743 431
1739614210864 38.68244118022928 432
1739614210874 38.57564157795907 433
1739614210884 38.46930438982409 434
1739614210897 38.363389532815894 435
1739614210907 38.25793336334231 436
1739614210928 38.152895856041624 437
1739614210938 38.04831334088405 438
1739614210949 37.94414584984565 439
1739614210960 37.84042968650565 440
1739614210971 37.737124939870725 441
1739614210982 37.63426788717613 442
1739614210992 37.53181867415387 443
1739614211003 37.42981355174256 444
1739614211014 37.32821272209609 445
1739614211025 37.22705240990408 446
1739614211035 37.12629287344069 447
1739614211046 37.02597031119456 448
1739614211055 36.926045037260316 449
1739614211065 36.82655322397394 450
1739614211076 36.72745524095243 451
1739614211086 36.62878723442786 452
1739614211096 36.53050962924335 453
1739614211106 36.432658545575954 454
1739614211117 36.33519446320054 455
1739614211126 36.23815347628839 456
1739614211136 36.141496119253354 457
1739614211147 36.045258460310606 458
1739614211157 35.949401088222025 459
1739614211168 35.853960045296525 460
1739614211179 35.75890851870472 461
1739614211189 35.664238609203174 462
1739614211200 35.569980025598255 463
1739614211210 35.47609349315918 464
1739614211220 35.382614991244075 465
1739614211230 35.28950529496441 466
1739614211240 35.196800357956285 467
1739614211250 35.10446100839123 468
1739614211261 35.01252317422712 469
1739614211271 34.920947736413936 470
1739614211281 34.82977059728281 471
1739614211291 34.738952690282304 472
1739614211302 34.64852989216848 473
1739614211312 34.558463188610276 474
1739614211322 34.46878843084064 475
1739614211333 34.37946665647233 476
1739614211344 34.29053369126738 477
1739614211354 34.20195062450744 478
1739614211365 34.11375325653609 479
1739614211376 34.02590272803059 480
1739614211386 33.93843481396876 481
1739614211396 33.85131070615181 482
1739614211406 33.76456615424471 483
1739614211416 33.67816240090255 484
1739614211427 33.5921351705307 485
1739614211437 33.506445756369615 486
1739614211447 33.42112985761842 487
1739614211457 33.33614881783608 488
1739614211467 33.25153831106915 489
1739614211478 33.16725973092979 490
1739614211488 33.08334872636576 491
1739614211498 32.999779087470856 492
1739614211509 32.91654321488305 493
1739614211519 32.83367052557512 494
1739614211529 32.75112253882757 495
1739614211539 32.6689348426733 496
1739614211550 32.58706900224184 497
1739614211560 32.50556058066443 498
1739614211570 32.42437119194915 499
