1739554495577 0.0015000193056964094 0
1739554495616 0.003047461714452719 1
1739554495652 0.7164173442604842 2
1739554495690 3.258293470434463 3
1739554495727 0.24917677672528032 4
1739554495800 0.22537823683824734 5
1739554495844 0.26135212568355715 6
1739554495889 1.7014844387110926 7
1739554495929 0.22075766299781285 8
1739554495968 0.00903081822585409 9
1739554496007 0.41301202884033095 10
1739554496046 0.01822595769287644 11
1739554496085 0.6819625130646331 12
1739554496124 0.9047573476693146 13
1739554496163 2.4451793275504645 14
1739554496202 0.01925062118942891 15
1739554496239 0.45558861085362534 16
1739554496276 0.021551318429115836 17
1739554496312 1.6398239768544696 18
1739554496348 0.05133700698212685 19
1739554496385 1.1333841846285189 20
1739554496421 0.7557431093271941 21
1739554496458 0.452395357390187 22
1739554496495 0.12495852427707192 23
1739554496531 0.33137981795758864 24
1739554496568 0.1850460335974716 25
1739554496605 0.09002003233619595 26
1739554496641 0.445524628513783 27
1739554496677 0.1296361483252542 28
1739554496714 0.10507804540807712 29
1739554496750 0.412959999152549 30
1739554496795 0.48547160194407857 31
1739554496835 0.3798106313613007 32
1739554496874 0.03944625454123045 33
1739554496913 0.8088919939610307 34
1739554496952 0.0034591054563484556 35
1739554496992 0.36417434725668424 36
1739554497030 2.433490227987448 37
1739554497067 7.096877276175703 38
1739554497103 0.17778446470919657 39
1739554497139 0.07065237688672003 40
1739554497176 0.8513147720797254 41
1739554497213 0.058533108488420554 42
1739554497249 0.4316496173497249 43
1739554497285 1.6438018311661309 44
1739554497322 0.9016189187729651 45
1739554497358 0.3245207959624297 46
1739554497395 0.0182776963483132 47
1739554497432 0.6384528532455467 48
1739554497470 0.6317557767696705 49
1739554497508 0.8000373603825912 50
1739554497545 0.2196049696533329 51
1739554497584 0.018555476651920453 52
1739554497624 1.5223869743024385 53
1739554497663 4.294312751532756 54
1739554497700 2.6596861603207493 55
1739554497737 0.1886402805481813 56
1739554497774 0.03565822575902762 57
1739554497811 0.40016143376448193 58
1739554497847 1.2687803534675466 59
1739554497883 0.0008577471240478292 60
1739554497920 0.3893689020270214 61
1739554497956 1.0557183746098773 62
1739554497993 0.4100227253651989 63
1739554498029 0.0031554790324261656 64
1739554498066 1.466302841030694 65
1739554498102 0.5245351549707139 66
1739554498138 0.10970452967571913 67
1739554498175 0.08936353634307671 68
1739554498211 4.950030157151128 69
1739554498248 0.3896788599260573 70
1739554498284 0.02482324844788418 71
1739554498322 2.545376823978619 72
1739554498358 0.6188938439079935 73
1739554498395 0.23312478573108 74
1739554498432 0.2899885970800264 75
1739554498468 1.7102452865085889 76
1739554498505 0.3872205871612449 77
1739554498541 0.6150947655311143 78
1739554498578 0.1733095456621365 79
1739554498615 0.01249088829811387 80
1739554498652 1.9493673653542394 81
1739554498688 0.6784746604650023 82
1739554498725 1.3237390005365746 83
1739554498761 0.49918905471936104 84
1739554498797 2.495255719932762 85
1739554498833 6.4461217204672545 86
1739554498869 0.40284658615866714 87
1739554498905 0.10145269862898836 88
1739554498940 4.385904405517603 89
1739554498975 3.259839007232523 90
1739554499011 0.18515375193558622 91
1739554499048 0.14404972838554622 92
1739554499083 1.7777098763911958 93
1739554499119 0.2183736856939055 94
1739554499154 0.47529581017405265 95
1739554499190 0.4902328885211746 96
1739554499226 0.17839088390510582 97
1739554499262 0.7475702405915351 98
1739554499297 1.912975992113097 99
1739554499334 0.14903525619962954 100
1739554499370 0.39292548557664503 101
1739554499406 0.9257405309728683 102
1739554499442 0.37875949822061666 103
1739554499477 0.5366002353448179 104
1739554499514 0.019393735387639045 105
1739554499549 0.13525668270568486 106
1739554499585 0.5429242518069527 107
1739554499621 0.33992385224949234 108
1739554499657 2.841406030390161 109
1739554499695 6.716683027691434 110
1739554499732 2.1644833010740157 111
1739554499770 1.6348694925830594 112
1739554499806 3.2306574198641163 113
1739554499843 0.0752565922249999 114
1739554499880 0.7025227923491835 115
1739554499916 1.153863826311521 116
1739554499953 1.6831107627053337 117
1739554499989 1.5786940236298377 118
1739554500026 0.12605547097420192 119
1739554500063 4.230559499029261 120
1739554500100 0.5335358072196331 121
1739554500137 0.9622474039473867 122
1739554500173 0.42959195028349734 123
1739554500210 2.8359012504856627 124
1739554500246 2.823272404091916 125
1739554500281 0.027534392619204207 126
1739554500317 0.7980515340563353 127
1739554500354 0.04104160647358956 128
1739554500389 0.33066657022979073 129
1739554500426 1.500915731204772 130
1739554500461 2.1212771327311506 131
1739554500497 0.1128101249540707 132
1739554500533 0.03630833482564178 133
1739554500568 0.726922836181295 134
1739554500605 0.00518065122456297 135
1739554500640 0.5377467220859297 136
1739554500676 0.3599518374422455 137
1739554500711 3.2489118690638805 138
1739554500748 1.8213810729712125 139
1739554500783 1.0151469493179404 140
1739554500819 0.8324646250127004 141
1739554500855 1.5597962734189372 142
1739554500890 0.8657845418829198 143
1739554500926 0.08847628346930045 144
1739554500962 0.3099878696431627 145
1739554500997 0.7780431501292127 146
1739554501032 0.15718913770127405 147
1739554501069 1.7108110753581551 148
1739554501105 0.6909718582732253 149
1739554501141 0.28687477904027586 150
1739554501177 1.4399956177993396 151
1739554501212 0.6266976225324569 152
1739554501248 0.7756361318264355 153
1739554501284 2.8829640042608684 154
1739554501320 0.11821109427708061 155
1739554501356 0.5460749911675743 156
1739554501392 23.373620017664184 157
1739554501428 0.2786091697193499 158
1739554501464 0.008718799459698393 159
1739554501499 0.1506561286887389 160
1739554501535 0.2574208641610975 161
1739554501571 1.2041535538097516 162
1739554501606 0.3808158792138547 163
1739554501642 0.6789664204116923 164
1739554501678 1.353785562349463 165
1739554501714 1.3786918428766668 166
1739554501750 0.012114965256774836 167
1739554501787 0.2356649177063595 168
1739554501824 0.25522307184480625 169
1739554501862 0.006180939483799314 170
1739554501899 0.01063571429345081 171
1739554501936 1.4144108393835755 172
1739554501973 0.22754317708732802 173
1739554502009 1.282718333187035 174
1739554502046 0.3973792147821123 175
1739554502083 0.6063735591266028 176
1739554502119 0.010698592435079481 177
1739554502156 3.3963831371420357 178
1739554502192 3.870153022677461 179
1739554502229 0.3901605489543815 180
1739554502266 2.1486727266276913 181
1739554502304 4.569610855333008 182
1739554502342 0.0012840324209911114 183
1739554502379 0.24520245891135864 184
1739554502416 0.1038058762612742 185
1739554502455 0.5551847910158112 186
1739554502493 1.3653732050540468 187
1739554502531 0.051827053116729575 188
1739554502568 0.003512808666829076 189
1739554502605 0.5143831632065096 190
1739554502642 2.414978978098953 191
1739554502679 0.2792375305226513 192
1739554502715 0.0005556219156123829 193
1739554502752 1.8431986051216327 194
1739554502788 1.5840516250414085 195
1739554502825 1.343763105645611 196
1739554502861 0.422991025755271 197
1739554502897 0.026395562260112252 198
1739554502933 0.010573651018243414 199
1739554502970 0.29984881826519394 200
1739554503007 0.11588834267416522 201
1739554503044 0.1978946407779139 202
1739554503081 0.12067241074677887 203
1739554503118 2.577017718197739 204
1739554503154 0.15407676260227948 205
1739554503191 0.22899872421205397 206
