1739553637783 84.2570028328727 0
1739553637796 43.762813609823134 1
1739553637805 24.934137754817094 2
1739553637815 15.60004217675005 3
1739553637826 10.842239043728473 4
1739553637835 9.194458373365302 5
1739553637844 7.265875011987592 6
1739553637852 7.126680631359717 7
1739553637864 7.094353774457933 8
1739553637873 5.59266055468484 9
1739553637883 5.317790064833462 10
1739553637894 7.021976864883643 11
1739553637903 5.797866972671933 12
1739553637912 4.250524651548111 13
1739553637920 6.141932632028767 14
1739553637932 6.3970017061728806 15
1739553637942 5.694684533626634 16
1739553637951 6.693110187638259 17
1739553637962 5.825094035106666 18
1739553637971 5.80247282303843 19
1739553637981 6.277768527579727 20
1739553637993 5.889947679760731 21
1739553638002 5.239868632070086 22
1739553638012 5.631779196929204 23
1739553638022 5.181517205303912 24
1739553638031 7.069925736692559 25
1739553638040 4.434795657506576 26
1739553638048 5.687087632925437 27
1739553638059 5.707201610158367 28
1739553638068 5.131003013364013 29
1739553638076 6.1845678318138395 30
1739553638084 5.080329799976481 31
1739553638093 6.94867998462592 32
1739553638101 4.654179651638957 33
1739553638109 5.841802474828699 34
1739553638117 4.586582279372045 35
1739553638128 6.0423351736554824 36
1739553638137 5.536153354833537 37
1739553638145 5.03830795607478 38
1739553638156 5.339005628133305 39
1739553638164 4.862785222552843 40
1739553638172 5.564929450972166 41
1739553638180 5.661823994997702 42
1739553638190 4.611576757765446 43
1739553638199 7.004805472566355 44
1739553638207 5.545952686238565 45
1739553638215 5.408251455121482 46
1739553638224 4.906040412113485 47
1739553638232 6.152354920500129 48
1739553638239 6.59610818956982 49
1739553638247 6.110727079589149 50
1739553638258 5.947682322937516 51
1739553638266 4.6636817996043245 52
1739553638276 4.863862574613029 53
1739553638285 6.2822168988170235 54
1739553638296 4.789618656226162 55
1739553638306 6.438519423736353 56
1739553638315 5.061282985335531 57
1739553638326 6.359849023724573 58
1739553638335 5.0843646781089005 59
1739553638344 5.609096048043246 60
1739553638354 7.404257217083735 61
1739553638363 5.074303220860685 62
1739553638371 4.983609547218543 63
1739553638379 5.963448129639571 64
1739553638389 5.0564081383087744 65
1739553638399 6.283496302765309 66
1739553638408 5.027400767411693 67
1739553638418 4.673870477371163 68
1739553638427 7.0604599328244 69
1739553638436 5.319218525017934 70
1739553638444 6.435811529278719 71
1739553638451 4.843375447588842 72
1739553638461 6.459678977652073 73
1739553638470 5.951883393945587 74
1739553638479 5.110289416394691 75
1739553638488 5.5251899826933375 76
1739553638496 5.249319200585113 77
1739553638504 5.694124344373978 78
1739553638512 5.966311607225059 79
1739553638523 5.645853791420339 80
1739553638532 6.025221453730796 81
1739553638541 5.188560682519755 82
1739553638550 5.49561415529838 83
1739553638559 5.097679250050336 84
1739553638566 6.066446706861402 85
1739553638575 4.5563422105364415 86
1739553638583 6.43325815524713 87
1739553638594 5.5497666505137415 88
1739553638603 6.307772775117065 89
1739553638611 6.181717740800553 90
1739553638621 5.640234193244086 91
1739553638630 5.5134475365799425 92
1739553638637 5.56227545083804 93
1739553638645 4.849130973275585 94
1739553638656 6.213359971078025 95
1739553638666 6.084411009763976 96
1739553638675 5.225664070926891 97
1739553638684 5.670886178070497 98
1739553638693 5.434979226514528 99
1739553638701 5.454226834291448 100
1739553638710 4.988696884990124 101
1739553638718 6.420680687173643 102
1739553638729 5.6728805086435194 103
1739553638738 5.615366747608458 104
1739553638746 4.935179622881598 105
1739553638755 5.324396312456403 106
1739553638764 5.722483769209033 107
1739553638772 5.266607909567514 108
1739553638780 5.996014132922954 109
1739553638792 5.790855785273192 110
1739553638800 4.90909816021268 111
1739553638810 6.338727308054201 112
1739553638819 5.863196847392987 113
1739553638828 5.026015382226368 114
1739553638837 5.475905800597038 115
1739553638844 4.996190143598064 116
1739553638852 5.515024930012492 117
1739553638862 5.787310021411881 118
1739553638871 5.070790429341379 119
1739553638878 6.267773141198539 120
1739553638886 5.147609791283861 121
1739553638895 6.345262499504917 122
1739553638903 7.17645942404595 123
1739553638911 5.886692582324802 124
1739553638923 5.089347319000494 125
1739553638932 5.295600997106457 126
1739553638941 6.022970367488661 127
1739553638949 5.109977115816195 128
1739553638960 5.901109337104288 129
1739553638967 5.6975555386729555 130
1739553638975 5.778270129929456 131
1739553638983 5.878878686946776 132
1739553638993 5.749098621266511 133
1739553639001 5.397568313899821 134
1739553639009 5.2039077264184135 135
