1739553315395 6.344324701463989 0
1739553315429 7.9508574536873935 1
1739553315461 1.9529180372085422 2
1739553315494 4.844974650609429 3
1739553315526 1.9377197708895342 4
1739553315558 7.371342866600237 5
1739553315601 6.71700731529284 6
1739553315633 12.483552692937236 7
1739553315665 3.8581036044332087 8
1739553315698 1.2428630810798136 9
1739553315731 10.149907462875339 10
1739553315763 7.0672773390003085 11
1739553315795 1.9442893948946307 12
1739553315827 4.942236527979773 13
1739553315860 7.2154767438053815 14
1739553315892 7.894566317447546 15
1739553315924 1.1801221913205298 16
1739553315957 5.169519928418964 17
1739553315991 1.3714518202225543 18
1739553316026 7.474672445926802 19
1739553316059 0.5282800457235954 20
1739553316091 7.005735394397531 21
1739553316125 6.388282704620251 22
1739553316158 7.065836733312911 23
1739553316220 24.378132803795147 24
1739553316255 2.834483372404462 25
1739553316288 4.6224056677697 26
1739553316323 3.5634991237358897 27
1739553316358 0.4585358202556755 28
1739553316392 4.829759920567283 29
1739553316427 12.11877225367396 30
1739553316460 3.9321060774437 31
1739553316493 14.263388576316151 32
1739553316526 1.7025363285976103 33
1739553316558 8.097582869400497 34
1739553316590 23.689807115085067 35
1739553316623 18.67901409078321 36
1739553316658 2.1738542976078423 37
1739553316691 5.25128487113945 38
1739553316725 3.3368985271228873 39
1739553316757 9.380435003276494 40
1739553316791 1.5364319894344396 41
1739553316824 4.242101135742046 42
1739553316856 4.426756616737754 43
1739553316888 3.3860338201590086 44
1739553316923 2.1783238678201764 45
1739553316955 3.2904533565083462 46
1739553316988 3.947057051434604 47
1739553317020 3.6852003196572554 48
1739553317054 2.515796548955125 49
1739553317086 1.4992675945224518 50
1739553317119 6.036686655969822 51
1739553317151 7.896969683863833 52
1739553317183 10.667104311504152 53
1739553317219 11.474269235019124 54
1739553317253 1.3559906650195146 55
1739553317286 12.044383370435742 56
1739553317321 3.2764460240494273 57
1739553317354 3.4789576270919595 58
1739553317388 1.436838742786776 59
1739553317422 7.753648872451334 60
1739553317455 8.012224770744323 61
1739553317489 0.9493190537486125 62
1739553317526 11.847372175795442 63
1739553317557 2.257172735849855 64
1739553317591 4.700124319700173 65
1739553317624 5.74242793743712 66
1739553317656 1.1729706216925975 67
1739553317689 7.85991392634122 68
1739553317723 6.47028530852856 69
1739553317756 3.7164699145067535 70
1739553317789 2.8658773559718886 71
1739553317821 5.810298306085084 72
1739553317853 6.360015713521022 73
1739553317889 2.819929199714686 74
1739553317923 15.814074485827348 75
1739553317955 9.343419956877678 76
1739553317988 0.7333442519403128 77
1739553318022 6.363715299276821 78
1739553318054 4.421227414701297 79
1739553318087 3.8743070604694654 80
1739553318120 1.3155140320430296 81
1739553318153 1.434168074235709 82
1739553318186 5.872905510624064 83
1739553318219 2.397441152350686 84
1739553318251 4.044412801260824 85
1739553318284 5.599213092633159 86
1739553318317 4.665807656107238 87
1739553318349 4.095619050623969 88
1739553318381 8.034275371525034 89
1739553318416 3.80401524881642 90
1739553318449 5.595768083811408 91
1739553318481 5.117886796815584 92
1739553318514 2.7162040580776408 93
1739553318547 4.509516518248811 94
1739553318579 3.1013256030121794 95
1739553318611 7.092799883739422 96
1739553318644 3.0963453256104323 97
1739553318677 5.602033531379423 98
1739553318712 3.1444421308128954 99
1739553318743 12.040835718707688 100
1739553318776 9.238734570378977 101
1739553318809 2.327588746756082 102
1739553318843 6.217741459474932 103
1739553318876 5.192259576841975 104
1739553318911 9.116076891167625 105
1739553318943 4.0653414796517815 106
1739553318979 9.880771896813028 107
1739553319012 11.59582552446798 108
1739553319045 1.0972849746177484 109
1739553319078 2.6468720922917806 110
1739553319112 5.002595218511202 111
1739553319144 3.8734539403905464 112
1739553319178 1.0712681109874578 113
1739553319212 6.447036463481534 114
1739553319246 10.44100347857745 115
1739553319279 2.5524578127663555 116
1739553319313 3.9298601043797365 117
1739553319347 6.8552197920344335 118
1739553319380 0.5884647152927959 119
1739553319413 6.967840786262069 120
1739553319448 4.315308781022704 121
1739553319481 5.0821854462349725 122
1739553319514 2.519005238803783 123
1739553319547 7.838603026435004 124
1739553319581 4.287828127313066 125
1739553319616 1.7170358142678608 126
1739553319650 2.1048604144920535 127
1739553319682 6.038122771422476 128
1739553319715 1.4084332925002025 129
1739553319751 6.619576097039072 130
1739553319783 4.866475274643416 131
1739553319816 0.7057416024976697 132
1739553319848 4.523407995401647 133
1739553319882 3.054368043137133 134
1739553319915 3.7698819820074263 135
1739553319949 1.4730892997589558 136
1739553319981 4.8805728030051805 137
1739553320015 5.819636743396565 138
1739553320047 9.903123117368363 139
1739553320080 6.2218052977319145 140
1739553320115 4.6319977499363425 141
1739553320149 7.997768171785528 142
1739553320183 2.8657130156400585 143
1739553320217 3.968296832135545 144
1739553320249 5.854858693089463 145
1739553320284 4.471805259724088 146
1739553320317 4.566413926135749 147
1739553320351 2.4160910552591344 148
1739553320383 5.446106725431368 149
1739553320417 5.682007383278509 150
1739553320449 8.194326008379747 151
1739553320481 5.036481656519212 152
1739553320513 8.555718821131515 153
1739553320547 3.807743475043165 154
1739553320580 6.995575317529364 155
1739553320613 8.484660489271933 156
1739553320646 3.601810984091721 157
1739553320679 6.169132069192493 158
1739553320711 8.176821593516566 159
1739553320745 7.018646225140338 160
1739553320778 5.362869641657468 161
1739553320812 4.03976791632706 162
1739553320848 0.7250234209452397 163
1739553320880 3.491888975852023 164
1739553320913 5.284173971705564 165
1739553320945 4.952478930896732 166
1739553320980 4.552333252560943 167
1739553321013 7.0047542694601574 168
1739553321046 2.7291204208559585 169
1739553321081 6.782235453868643 170
1739553321114 1.3716341074052556 171
1739553321146 2.3978070405306755 172
1739553321179 2.337608577544951 173
1739553321214 5.8422030803735545 174
1739553321246 1.1632891879173086 175
1739553321279 5.700309127617663 176
1739553321312 37.233592340629166 177
1739553321347 7.442361886632514 178
1739553321381 4.2353858008423515 179
1739553321415 1.509371803826622 180
1739553321448 3.4195034191623224 181
1739553321480 9.569298499397235 182
1739553321513 2.643742190421406 183
1739553321547 5.667597955563419 184
1739553321579 3.6064177151943038 185
1739553321614 7.969741662525086 186
1739553321647 4.169588133122186 187
1739553321680 4.262742197691855 188
1739553321713 7.486068637898806 189
1739553321748 13.465221829394087 190
1739553321780 3.5275202575329856 191
1739553321814 6.212738419109966 192
1739553321846 4.82470728094525 193
1739553321880 1.8305019280200538 194
1739553321914 8.329758573054248 195
1739553321946 4.672065913244819 196
1739553321980 4.783425436692672 197
1739553322013 6.853951775967864 198
1739553322048 3.8530399398795137 199
1739553322080 3.595514420110504 200
1739553322112 0.8906225206233667 201
1739553322144 3.1289204563357425 202
1739553322178 5.842957261741176 203
1739553322211 4.610481708731987 204
1739553322243 3.7953929936537123 205
1739553322275 3.0296082923706797 206
1739553322311 1.113443488932587 207
1739553322344 7.270258743548891 208
1739553322377 2.1829487488767536 209
1739553322411 13.10042302805973 210
1739553322446 3.8784505773509768 211
1739553322480 8.663000313575361 212
1739553322512 3.4756314813789575 213
1739553322547 5.278538779021191 214
1739553322580 2.5333334251492503 215
1739553322614 1.822945806140502 216
1739553322647 2.713324868140069 217
1739553322680 15.577735045648312 218
1739553322713 5.41739237045193 219
1739553322746 2.1840623728676496 220
1739553322779 4.034437140721237 221
1739553322813 5.580346183696026 222
1739553322845 5.191747404960829 223
1739553322878 14.41182995311455 224
1739553322912 0.8406688484858958 225
1739553322946 3.793149592966415 226
1739553322980 4.08415538733275 227
1739553323014 2.390478634343091 228
1739553323046 3.5595835518191814 229
1739553323081 6.344925628556489 230
1739553323114 3.5772927855705294 231
1739553323147 7.82924698920596 232
1739553323180 1.6428867005030887 233
1739553323214 2.743078958310463 234
1739553323247 5.868075464655463 235
1739553323279 1.0549684284733045 236
1739553323314 6.443996914034542 237
1739553323348 5.662782721027674 238
1739553323381 2.9040597476359093 239
1739553323414 5.629217090266465 240
1739553323446 8.16631674062051 241
1739553323480 3.0408460730642024 242
1739553323514 3.2123268730987746 243
1739553323548 4.97788710473013 244
1739553323581 5.402986576718133 245
1739553323615 3.7727303559995526 246
1739553323648 5.170184232338922 247
1739553323679 8.204938202140715 248
1739553323711 6.287106012603507 249
1739553323744 3.6212643882430133 250
1739553323777 1.3116188220252973 251
1739553323810 6.556162984348584 252
1739553323842 7.80299339270668 253
1739553323876 4.915418134279483 254
1739553323909 3.583606435060813 255
1739553323941 4.597021586594716 256
1739553323975 4.372734261140771 257
1739553324011 11.069672728191136 258
1739553324044 6.466207376228071 259
1739553324077 36.904524730210305 260
1739553324110 3.8613750578206 261
1739553324146 5.901671891434693 262
1739553324178 1.0665992149564734 263
1739553324212 4.29880188233847 264
1739553324246 6.567844381803372 265
1739553324280 3.9087884503100963 266
1739553324312 1.6365720758359588 267
1739553324346 7.976320611151985 268
1739553324378 15.757232649522011 269
1739553324411 4.9326582074154794 270
1739553324445 7.856151425093628 271
1739553324476 6.273869480923046 272
1739553324510 2.716218465513525 273
1739553324543 8.045962685034588 274
1739553324578 8.689863189445076 275
1739553324610 2.6588048848752615 276
1739553324642 5.3000901977379025 277
1739553324673 7.35344032051744 278
1739553324708 1.8375179796768562 279
1739553324740 4.387616242699082 280
1739553324774 3.237642267153051 281
1739553324808 3.1112474663396967 282
1739553324842 4.2293111133297865 283
1739553324875 7.7491493158849565 284
1739553324909 6.341756480126039 285
1739553324944 8.17274483758187 286
1739553324977 2.4277412846847373 287
1739553325010 2.718186810649183 288
1739553325043 4.431017009369008 289
1739553325078 4.131376602445427 290
1739553325111 9.647807025560489 291
1739553325144 4.52339308086888 292
1739553325176 4.4547190504961085 293
1739553325211 2.374920888503383 294
1739553325244 2.407586407590466 295
1739553325277 3.220080656198719 296
1739553325310 4.012812101405692 297
1739553325344 6.937148026342633 298
1739553325378 5.150038344753667 299
1739553325410 4.011441733647113 300
1739553325471 5.793414201989647 301
1739553325509 4.290222245407008 302
1739553325541 5.915192872168483 303
1739553325575 11.382029077670191 304
1739553325609 10.028978712759637 305
1739553325644 11.684283693192665 306
1739553325676 3.7423725499339264 307
1739553325710 3.910594621435711 308
1739553325745 2.5180519075381986 309
1739553325778 3.4097593723941437 310
1739553325811 10.696592694352045 311
1739553325843 1.4408834203494059 312
1739553325876 5.7897559616967635 313
1739553325910 1.935296185381092 314
1739553325942 5.438037218099795 315
1739553325977 3.2214520331203302 316
1739553326012 3.530460987610879 317
1739553326045 8.31285366578719 318
1739553326078 5.694502673009948 319
1739553326112 3.1455231459651913 320
1739553326146 8.10387581393241 321
1739553326179 1.2002532538296764 322
1739553326211 4.2116273210444595 323
1739553326246 8.025552509563475 324
1739553326279 11.438933183788029 325
1739553326313 2.6487494328845704 326
1739553326346 11.035534162231194 327
1739553326378 3.3315585935551555 328
1739553326417 9.762752874353913 329
1739553326451 1.96123019315183 330
1739553326485 1.3511955600700798 331
1739553326518 13.192928491658794 332
1739553326551 5.5047953290040414 333
1739553326584 1.8646736165008118 334
1739553326617 3.2327846500378636 335
1739553326649 0.5970832726937135 336
1739553326683 1.098234050796108 337
1739553326717 2.4674711950174246 338
1739553326750 5.312414031649637 339
1739553326782 11.608307634959186 340
1739553326817 4.80465175665506 341
1739553326850 9.414361909768509 342
1739553326883 2.5157651426717518 343
1739553326915 11.33640935180353 344
1739553326949 17.029518518852388 345
1739553326981 8.516543819016166 346
1739553327015 5.237779775691778 347
1739553327048 6.912193974966891 348
1739553327081 9.00723694513869 349
1739553327116 2.736416528874121 350
1739553327149 1.1582044166013379 351
1739553327182 1.5913249288849955 352
1739553327217 10.982600661414907 353
1739553327250 8.155076608320748 354
1739553327282 10.278478600741423 355
1739553327315 5.5560603872725265 356
1739553327347 3.580908527384348 357
1739553327380 3.3845481914264894 358
1739553327414 3.1269567991085596 359
1739553327447 7.611319898954269 360
1739553327481 3.596794376657732 361
1739553327514 3.1608579037906424 362
1739553327547 0.7614487407942951 363
1739553327580 7.0017604374539095 364
1739553327616 5.963849707809582 365
1739553327650 1.8051976316402565 366
1739553327682 3.6265951503147673 367
1739553327715 7.502104489608933 368
1739553327749 0.6831848512870925 369
1739553327782 2.820936194009339 370
1739553327816 7.317603022928288 371
1739553327849 6.961476384627661 372
1739553327882 8.350557967508138 373
1739553327916 6.944282636834733 374
1739553327950 15.572807441410948 375
1739553327982 1.1769137034772323 376
1739553328015 4.780874635825623 377
1739553328049 8.980883741554845 378
1739553328081 5.145559608669498 379
1739553328115 5.395528661832881 380
1739553328150 7.838810730583854 381
1739553328183 6.235640164777485 382
1739553328216 2.3545898903837013 383
1739553328249 2.690615968978491 384
1739553328284 4.954822743980153 385
1739553328317 4.346556134927633 386
1739553328349 2.9586681967585413 387
1739553328380 5.770699848407466 388
1739553328414 2.828038167528709 389
1739553328448 14.724787893705706 390
1739553328485 9.685211609377694 391
1739553328526 6.324189908543922 392
1739553328572 9.995797924648553 393
1739553328606 0.614826923032091 394
1739553328640 4.0556256760661205 395
1739553328675 1.303546083807081 396
1739553328709 3.4523823960464712 397
1739553328745 2.5191376256012736 398
1739553328779 2.3358836720073395 399
1739553328814 5.030433171497417 400
1739553328848 6.080660795605828 401
1739553328881 3.8962762847422034 402
1739553328914 2.2178206696082263 403
1739553328947 3.998482668631676 404
1739553328980 3.8717283977599153 405
1739553329014 1.6376417346077832 406
1739553329048 11.03480653723894 407
1739553329083 5.563264519957604 408
1739553329116 5.658521700847772 409
1739553329149 6.001797349194373 410
1739553329181 3.3009398121157223 411
1739553329217 3.6792146440891282 412
1739553329250 8.857349955710841 413
1739553329283 3.732578959583818 414
1739553329317 4.869481765080173 415
1739553329351 9.095393177244695 416
1739553329385 3.158482061940443 417
1739553329418 19.042693645675044 418
1739553329452 12.138941338969461 419
1739553329487 4.057790619019312 420
1739553329520 11.268270806885168 421
1739553329555 6.378139647790949 422
1739553329589 5.454587033535021 423
1739553329623 5.478103240331712 424
1739553329657 4.466620176295002 425
1739553329689 2.9775768985831372 426
1739553329722 2.008548270157884 427
1739553329755 3.1280727418967733 428
1739553329788 4.927618542845216 429
1739553329820 4.405239688603451 430
1739553329852 6.912152775137533 431
1739553329885 6.263206432551292 432
1739553329919 1.9021755297668033 433
1739553329954 7.153411956865108 434
1739553329987 10.332670844023962 435
1739553330020 4.232415336871057 436
1739553330052 2.3758331270934767 437
1739553330085 2.8076376327109966 438
1739553330117 5.241439657874502 439
1739553330152 4.524071698444793 440
1739553330221 4.673721841169475 441
1739553330256 7.331878277864754 442
1739553330291 8.717000862967495 443
1739553330326 11.164980595025586 444
1739553330361 6.1277175367220105 445
1739553330395 6.150717210870723 446
1739553330432 5.807568302990669 447
1739553330466 3.4007793490331273 448
1739553330499 5.553567042818104 449
1739553330534 1.963933627717186 450
1739553330570 2.879920776583808 451
1739553330605 4.776201204170989 452
1739553330638 1.828897406249863 453
1739553330672 9.605727396003479 454
1739553330706 1.8372313918003764 455
1739553330738 4.81189202625258 456
1739553330772 3.1005333650518043 457
1739553330804 3.352470689627732 458
1739553330837 6.724012964685192 459
1739553330869 5.894653515300923 460
1739553330901 5.0104316963565605 461
1739553330935 4.394272168816111 462
1739553330972 5.501426531868591 463
1739553331005 3.8398162022954336 464
1739553331037 5.686584927082602 465
1739553331068 3.227422599521368 466
1739553331101 3.0575619813470007 467
1739553331134 8.105303960465832 468
1739553331166 1.6913736551759022 469
1739553331199 15.197192874602402 470
1739553331233 9.370391182924916 471
1739553331268 7.225179813950009 472
1739553331300 15.779423193778545 473
1739553331334 6.72989364079907 474
1739553331369 0.9674300173137855 475
1739553331402 4.671510741910834 476
1739553331441 20.95755086710539 477
1739553331481 14.423432995609893 478
1739553331518 1.536765199434274 479
1739553331551 2.3481426676580237 480
1739553331586 4.4132817958056485 481
1739553331625 4.688111425809206 482
1739553331658 12.705214954845808 483
1739553331691 1.6885937959253894 484
1739553331725 2.906312274168858 485
1739553331758 7.558204137161644 486
1739553331790 5.634084170086333 487
1739553331822 1.9334079902754182 488
1739553331854 0.7978146317654227 489
1739553331886 8.228160378009235 490
1739553331919 3.300686245536926 491
1739553331952 9.573014388461653 492
1739553331983 4.299341625509796 493
1739553332018 0.6678302196018223 494
1739553332054 2.8990496778127897 495
1739553332087 4.34169548834865 496
1739553332121 5.017834607592915 497
1739553332154 7.524929124529587 498
1739553332188 3.470257298576379 499
