1739617995955 169.6210407770955 0
1739617995967 169.5872638077882 1
1739617995979 169.57037997427815 2
1739617995990 169.5534969858455 3
1739617996002 169.53661568820274 4
1739617996013 169.51973608113826 5
1739617996025 169.50285816448277 6
1739617996036 169.4859819380669 7
1739617996047 169.4691074017215 8
1739617996058 169.4522345552772 9
1739617996069 169.43536339856482 10
1739617996080 169.41849393141516 11
1739617996091 169.40162615365892 12
1739617996102 169.384760065127 13
1739617996113 169.36789566565025 14
1739617996126 169.35103295505942 15
1739617996136 169.3341719331855 16
1739617996148 169.31731259985926 17
1739617996159 169.30045495491166 18
1739617996170 169.2835989981736 19
1739617996181 169.266744729476 20
1739617996194 169.24989214864982 21
1739617996206 169.233041255526 22
1739617996217 169.21619204993556 23
1739617996228 169.19934453170953 24
1739617996239 169.18249870067885 25
1739617996250 169.16565455667453 26
1739617996261 169.14881209952776 27
1739617996272 169.1319713290695 28
1739617996283 169.1151322451309 29
1739617996294 169.09829484754297 30
1739617996305 169.08145913613689 31
1739617996316 169.06462511074378 32
1739617996327 169.04779277119485 33
1739617996338 169.0309621173212 34
1739617996349 169.01413314895402 35
1739617996360 168.9973058659245 36
1739617996371 168.98048026806387 37
1739617996382 168.96365635520348 38
1739617996393 168.94683412717444 39
1739617996403 168.93001358380803 40
1739617996414 168.9131947249356 41
1739617996425 168.89637755038845 42
1739617996436 168.87956205999782 43
1739617996447 168.86274825359519 44
1739617996458 168.8459361310118 45
1739617996469 168.82912569207903 46
1739617996480 168.81231693662835 47
1739617996492 168.79550986449104 48
1739617996503 168.77870447549864 49
1739617996514 168.7619007694825 50
1739617996525 168.74509874627418 51
1739617996536 168.7282984057051 52
1739617996547 168.71149974760664 53
1739617996558 168.6947027718105 54
1739617996569 168.6779074781481 55
1739617996581 168.66111386645096 56
1739617996592 168.64432193655068 57
1739617996603 168.62753168827882 58
1739617996614 168.61074312146698 59
1739617996625 168.5939562359468 60
1739617996636 168.57717103154982 61
1739617996648 168.56038750810774 62
1739617996660 168.54360566545222 63
1739617996672 168.52682550341493 64
1739617996686 168.51004702182757 65
1739617996698 168.49327022052182 66
1739617996711 168.47649509932944 67
1739617996722 168.45972165808212 68
1739617996735 168.4429498966117 69
1739617996747 168.4261798147499 70
1739617996759 168.4094114123285 71
1739617996771 168.3926446891794 72
1739617996783 168.3758796451343 73
1739617996795 168.35911628002512 74
1739617996807 168.34235459368372 75
1739617996818 168.32559458594199 76
1739617996830 168.30883625663176 77
1739617996842 168.292079605585 78
1739617996853 168.27532463263364 79
1739617996865 168.2585713376096 80
1739617996877 168.24181972034484 81
1739617996889 168.22506978067136 82
1739617996901 168.20832151842112 83
1739617996912 168.19157493342618 84
1739617996924 168.17483002551853 85
1739617996936 168.15808679453022 86
1739617996947 168.1413452402934 87
1739617996959 168.12460536263995 88
1739617996971 168.10786716140217 89
1739617996983 168.09113063641206 90
1739617996994 168.07439578750183 91
1739617997006 168.05766261450356 92
1739617997018 168.0409311172494 93
1739617997029 168.0242012955716 94
1739617997041 168.0074731493023 95
1739617997052 167.99074667827378 96
1739617997064 167.97402188231823 97
1739617997076 167.95729876126782 98
1739617997087 167.94057731495494 99
1739617997098 167.9238575432118 100
1739617997110 167.9071394458707 101
1739617997122 167.89042302276405 102
1739617997133 167.87370827372408 103
1739617997145 167.85699519858318 104
1739617997157 167.84028379717364 105
1739617997170 167.82357406932792 106
1739617997184 167.80686601487844 107
1739617997196 167.79015963365754 108
1739617997208 167.7734549254977 109
1739617997220 167.75675189023136 110
1739617997232 167.74005052769098 111
1739617997243 167.72335083770906 112
1739617997256 167.70665282011808 113
1739617997276 167.68995647475057 114
1739617997288 167.67326180143908 115
1739617997300 167.6565688000161 116
1739617997313 167.63987747031425 117
1739617997324 167.6231878121661 118
1739617997336 167.60649982540426 119
1739617997348 167.58981350986127 120
1739617997359 167.57312886536988 121
1739617997371 167.55644589176268 122
1739617997382 167.53976458887234 123
1739617997394 167.5230849565316 124
1739617997406 167.50640699457304 125
1739617997418 167.4897307028295 126
1739617997430 167.47305608113362 127
1739617997441 167.45638312931823 128
1739617997453 167.43971184721605 129
1739617997464 167.42304223465987 130
1739617997476 167.4063742914825 131
1739617997488 167.38970801751674 132
1739617997500 167.37304341259545 133
1739617997512 167.3563804765515 134
1739617997523 167.3397192092177 135
1739617997535 167.323059610427 136
1739617997547 167.30640168001224 137
1739617997558 167.28974541780636 138
1739617997570 167.27309082364232 139
1739617997581 167.256437897353 140
1739617997593 167.2397866387715 141
1739617997605 167.22313704773072 142
1739617997616 167.2064891240636 143
1739617997628 167.18984286760326 144
1739617997640 167.17319827818272 145
1739617997651 167.15655535563502 146
1739617997663 167.13991409979323 147
1739617997674 167.1232745104904 148
1739617997686 167.10663658755968 149
1739617997698 167.09000033083416 150
1739617997709 167.073365740147 151
1739617997721 167.05673281533134 152
1739617997732 167.04010155622035 153
1739617997744 167.0234719626472 154
1739617997756 167.00684403444512 155
1739617997768 166.99021777144733 156
1739617997779 166.97359317348705 157
1739617997791 166.9569702403975 158
1739617997802 166.940348972012 159
1739617997814 166.92372936816386 160
1739617997826 166.90711142868633 161
1739617997837 166.89049515341276 162
1739617997849 166.87388054217644 163
1739617997860 166.85726759481076 164
1739617997872 166.8406563111491 165
1739617997884 166.82404669102482 166
1739617997896 166.8074387342713 167
1739617997907 166.79083244072206 168
1739617997919 166.77422781021042 169
1739617997931 166.7576248425699 170
1739617997942 166.741023537634 171
1739617997954 166.7244238952361 172
1739617997965 166.70782591520975 173
1739617997977 166.6912295973885 174
1739617997989 166.67463494160586 175
1739617998000 166.65804194769544 176
1739617998014 166.6414506154907 177
1739617998026 166.62486094482531 178
1739617998037 166.60827293553288 179
1739617998049 166.59168658744701 180
1739617998061 166.57510190040128 181
1739617998073 166.55851887422938 182
1739617998085 166.54193750876505 183
1739617998097 166.52535780384184 184
1739617998109 166.5087797592936 185
1739617998122 166.49220337495396 186
1739617998133 166.47562865065663 187
1739617998145 166.45905558623548 188
1739617998156 166.44248418152418 189
1739617998168 166.42591443635655 190
1739617998181 166.40934635056638 191
1739617998192 166.39277992398746 192
1739617998204 166.37621515645375 193
1739617998216 166.35965204779893 194
1739617998228 166.343090597857 195
1739617998239 166.32653080646182 196
1739617998251 166.30997267344725 197
1739617998264 166.29341619864724 198
1739617998277 166.2768613818957 199
1739617998289 166.26030822302667 200
1739617998301 166.24375672187398 201
1739617998315 166.22720687827172 202
1739617998328 166.2106586920539 203
1739617998340 166.1941121630544 204
1739617998352 166.17756729110744 205
1739617998364 166.16102407604697 206
1739617998376 166.14448251770708 207
1739617998388 166.12794261592182 208
1739617998400 166.1114043705254 209
1739617998412 166.0948677813518 210
1739617998424 166.07833284823525 211
1739617998435 166.06179957100989 212
1739617998447 166.04526794950985 213
1739617998459 166.02873798356933 214
1739617998471 166.01220967302257 215
1739617998482 165.9956830177037 216
1739617998495 165.97915801744708 217
1739617998507 165.96263467208684 218
1739617998518 165.94611298145733 219
1739617998530 165.9295929453928 220
1739617998541 165.9130745637276 221
1739617998553 165.896557836296 222
1739617998565 165.8800427629323 223
1739617998577 165.86352934347093 224
1739617998588 165.8470175777462 225
1739617998600 165.83050746559255 226
1739617998612 165.8139990068443 227
1739617998624 165.79749220133596 228
1739617998635 165.78098704890186 229
1739617998647 165.7644835493766 230
1739617998659 165.7479817025945 231
1739617998671 165.73148150839012 232
1739617998682 165.71498296659794 233
1739617998697 165.69848607705245 234
1739617998708 165.68199083958825 235
1739617998719 165.66549725403982 236
1739617998731 165.64900532024183 237
1739617998743 165.63251503802874 238
1739617998755 165.61602640723524 239
1739617998766 165.59953942769587 240
1739617998778 165.58305409924535 241
1739617998789 165.56657042171827 242
1739617998801 165.55008839494928 243
1739617998813 165.53360801877312 244
1739617998825 165.51712929302448 245
1739617998837 165.50065221753803 246
1739617998849 165.48417679214856 247
1739617998861 165.46770301669073 248
1739617998872 165.45123089099943 249
1739617998884 165.43476041490936 250
1739617998895 165.41829158825533 251
1739617998907 165.40182441087217 252
1739617998919 165.38535888259472 253
1739617998931 165.3688950032578 254
1739617998942 165.35243277269626 255
1739617998954 165.33597219074503 256
1739617998965 165.319513257239 257
1739617998978 165.30305597201308 258
1739617998990 165.28660033490215 259
1739617999002 165.27014634574124 260
1739617999014 165.25369400436523 261
1739617999026 165.23724331060916 262
1739617999038 165.220794264308 263
1739617999049 165.20434686529686 264
1739617999061 165.1879011134106 265
1739617999073 165.17145700848437 266
1739617999084 165.15501455035323 267
1739617999096 165.13857373885224 268
1739617999107 165.1221345738165 269
1739617999119 165.10569705508112 270
1739617999130 165.08926118248124 271
1739617999143 165.072826955852 272
1739617999154 165.05639437502853 273
1739617999166 165.03996343984608 274
1739617999178 165.0235341501398 275
1739617999190 165.0071065057449 276
1739617999202 164.9906805064966 277
1739617999214 164.9742561522302 278
1739617999226 164.95783344278087 279
1739617999237 164.941412377984 280
1739617999249 164.92499295767476 281
1739617999261 164.90857518168858 282
1739617999275 164.89215904986068 283
1739617999288 164.8757445620265 284
1739617999300 164.85933171802134 285
1739617999312 164.84292051768062 286
1739617999324 164.82651096083964 287
1739617999336 164.81010304733394 288
1739617999349 164.7936967769989 289
1739617999361 164.77729214966985 290
1739617999373 164.7608891651824 291
1739617999384 164.74448782337197 292
1739617999397 164.72808812407405 293
1739617999408 164.71169006712415 294
1739617999420 164.69529365235778 295
1739617999432 164.67889887961056 296
1739617999444 164.6625057487179 297
1739617999456 164.6461142595155 298
1739617999467 164.6297244118389 299
1739617999479 164.61333620552372 300
1739617999490 164.5969496404056 301
1739617999503 164.5805647163202 302
1739617999515 164.56418143310304 303
1739617999527 164.54779979058995 304
1739617999539 164.53141978861655 305
1739617999551 164.51504142701856 306
1739617999562 164.4986647056317 307
1739617999574 164.48228962429172 308
1739617999585 164.46591618283438 309
1739617999598 164.44954438109542 310
1739617999609 164.43317421891064 311
1739617999621 164.41680569611583 312
1739617999632 164.40043881254684 313
1739617999644 164.38407356803953 314
1739617999655 164.36770996242973 315
1739617999667 164.35134799555328 316
1739617999679 164.3349876672461 317
1739617999694 164.3186289773441 318
1739617999706 164.30227192568316 319
1739617999717 164.28591651209925 320
1739617999728 164.2695627364283 321
1739617999740 164.2532105985063 322
1739617999752 164.23686009816925 323
1739617999764 164.22051123525313 324
1739617999775 164.2041640095939 325
1739617999787 164.18781842102774 326
1739617999798 164.1714744693906 327
1739617999810 164.15513215451853 328
1739617999822 164.13879147624763 329
1739617999834 164.1224524344141 330
1739617999845 164.1061150288539 331
1739617999857 164.08977925940326 332
1739617999868 164.07344512589833 333
1739617999880 164.05711262817525 334
1739617999892 164.04078176607018 335
1739617999903 164.02445253941937 336
1739617999915 164.00812494805902 337
1739617999927 163.99179899182533 338
1739617999938 163.9754746705546 339
1739617999950 163.95915198408304 340
1739617999962 163.942830932247 341
1739617999974 163.9265115148827 342
1739617999985 163.91019373182647 343
1739617999997 163.89387758291468 344
1739618000009 163.8775630679837 345
1739618000021 163.86125018686982 346
1739618000032 163.84493893940945 347
1739618000044 163.82862932543898 348
1739618000057 163.81232134479484 349
1739618000070 163.79601499731345 350
1739618000083 163.7797102828312 351
1739618000095 163.76340720118463 352
1739618000107 163.74710575221022 353
1739618000119 163.73080593574437 354
1739618000133 163.71450775162373 355
1739618000145 163.69821119968472 356
1739618000157 163.6819162797639 357
1739618000169 163.6656229916979 358
1739618000181 163.64933133532318 359
1739618000193 163.6330413104764 360
1739618000205 163.61675291699416 361
1739618000217 163.60046615471308 362
1739618000229 163.58418102346982 363
1739618000241 163.56789752310104 364
1739618000253 163.5516156534434 365
1739618000265 163.53533541433356 366
1739618000277 163.51905680560827 367
1739618000288 163.50277982710423 368
1739618000300 163.48650447865822 369
1739618000312 163.47023076010694 370
1739618000324 163.4539586712872 371
1739618000335 163.4376882120358 372
1739618000347 163.42141938218947 373
1739618000359 163.40515218158512 374
1739618000370 163.38888661005953 375
1739618000382 163.37262266744958 376
1739618000394 163.35636035359212 377
1739618000405 163.3400996683241 378
1739618000417 163.3238406114823 379
1739618000430 163.30758318290376 380
1739618000443 163.29132738242535 381
1739618000455 163.27507320988406 382
1739618000467 163.25882066511684 383
1739618000479 163.24256974796063 384
1739618000492 163.2263204582525 385
1739618000504 163.21007279582946 386
1739618000516 163.19382676052854 387
1739618000528 163.17758235218673 388
1739618000539 163.16133957064116 389
1739618000551 163.1450984157289 390
1739618000563 163.12885888728704 391
1739618000574 163.1126209851527 392
1739618000586 163.096384709163 393
1739618000597 163.08015005915507 394
1739618000609 163.06391703496618 395
1739618000620 163.04768563643336 396
1739618000632 163.03145586339392 397
1739618000644 163.015227715685 398
1739618000655 162.9990011931439 399
1739618000667 162.9827762956078 400
1739618000679 162.96655302291398 401
1739618000691 162.95033137489975 402
1739618000702 162.93411135140238 403
1739618000714 162.91789295225914 404
1739618000726 162.90167617730742 405
1739618000737 162.88546102638455 406
1739618000750 162.8692474993279 407
1739618000762 162.8530355959748 408
1739618000774 162.8368253161627 409
1739618000785 162.82061665972896 410
1739618000797 162.80440962651102 411
1739618000809 162.78820421634634 412
1739618000820 162.77200042907234 413
1739618000832 162.7557982645265 414
1739618000843 162.73959772254636 415
1739618000855 162.7233988029694 416
1739618000867 162.70720150563312 417
1739618000879 162.69100583037508 418
1739618000892 162.67481177703283 419
1739618000903 162.65861934544392 420
1739618000915 162.64242853544596 421
1739618000927 162.62623934687656 422
1739618000939 162.61005177957333 423
1739618000950 162.5938658333739 424
1739618000962 162.57768150811594 425
1739618000974 162.5614988036371 426
1739618000985 162.54531771977508 427
1739618000997 162.52913825636762 428
1739618001008 162.51296041325233 429
1739618001020 162.49678419026702 430
1739618001032 162.48060958724943 431
1739618001044 162.46443660403733 432
1739618001056 162.44826524046852 433
1739618001068 162.43209549638073 434
1739618001080 162.41592737161184 435
1739618001091 162.39976086599964 436
1739618001103 162.38359597938205 437
1739618001114 162.36743271159685 438
1739618001126 162.35127106248194 439
1739618001138 162.33511103187524 440
1739618001150 162.31895261961463 441
1739618001162 162.3027958255381 442
1739618001173 162.28664064948353 443
1739618001185 162.2704870912889 444
1739618001197 162.25433515079226 445
1739618001208 162.2381848278315 446
1739618001220 162.22203612224465 447
1739618001232 162.20588903386974 448
1739618001243 162.1897435625449 449
1739618001255 162.17359970810801 450
1739618001267 162.15745747039733 451
1739618001278 162.14131684925084 452
1739618001290 162.1251778445067 453
1739618001301 162.10904045600302 454
1739618001313 162.0929046835779 455
1739618001325 162.07677052706953 456
1739618001336 162.06063798631607 457
1739618001348 162.0445070611557 458
1739618001360 162.02837775142672 459
1739618001371 162.01225005696722 460
1739618001383 161.9961239776155 461
1739618001394 161.9799995132098 462
1739618001406 161.96387666358842 463
1739618001418 161.94775542858955 464
1739618001429 161.9316358080516 465
1739618001441 161.91551780181283 466
1739618001452 161.8994014097116 467
1739618001464 161.8832866315863 468
1739618001475 161.8671734672752 469
1739618001487 161.85106191661674 470
1739618001498 161.8349519794493 471
1739618001510 161.8188436556113 472
1739618001522 161.8027369449412 473
1739618001533 161.7866318472774 474
1739618001545 161.77052836245838 475
1739618001557 161.75442649032266 476
1739618001568 161.73832623070868 477
1739618001580 161.72222758345498 478
1739618001591 161.70613054840007 479
1739618001603 161.6900351253825 480
1739618001614 161.67394131424092 481
1739618001626 161.65784911481373 482
1739618001638 161.64175852693964 483
1739618001650 161.62566955045725 484
1739618001661 161.60958218520514 485
1739618001673 161.59349643102203 486
1739618001684 161.57741228774648 487
1739618001699 161.56132975521726 488
1739618001710 161.545248833273 489
1739618001721 161.5291695217524 490
1739618001733 161.51309182049425 491
1739618001744 161.4970157293372 492
1739618001756 161.48094124812005 493
1739618001768 161.46486837668155 494
1739618001780 161.44879711486055 495
1739618001791 161.43272746249573 496
1739618001803 161.41665941942608 497
1739618001815 161.40059298549025 498
1739618001826 161.38452816052725 499
