1739617812332 168.51256994062877 0
1739617812346 167.44234898817305 1
1739617812359 166.79939007007397 2
1739617812371 166.15822433749418 3
1739617812384 165.51972797272538 4
1739617812396 164.88388802428716 5
1739617812409 164.2506934426385 6
1739617812421 163.62013322035867 7
1739617812434 162.99219639583723 8
1739617812447 162.36687205307527 9
1739617812460 161.74414932149566 10
1739617812473 161.1240173757539 11
1739617812485 160.50646543555004 12
1739617812497 159.89148276544128 13
1739617812512 159.2790586746552 14
1739617812525 158.669182516904 15
1739617812538 158.06184369019928 16
1739617812550 157.45703163666786 17
1739617812563 156.854735842368 18
1739617812576 156.25494583710687 19
1739617812588 155.65765119425828 20
1739617812601 155.0628415305816 21
1739617812613 154.47050650604092 22
1739617812625 153.88063582362562 23
1739617812637 153.2932192291712 24
1739617812650 152.7082465111809 25
1739617812662 152.1257075006483 26
1739617812674 151.54559207088056 27
1739617812687 150.96789013732203 28
1739617812699 150.39259165737943 29
1739617812712 149.81968663024662 30
1739617812725 149.2491650967314 31
1739617812738 148.68101713908175 32
1739617812750 148.1152328808138 33
1739617812763 147.55180248654003 34
1739617812776 146.99071616179796 35
1739617812789 146.4319641528803 36
1739617812801 145.87553674666518 37
1739617812813 145.32142427044727 38
1739617812826 144.76961709176945 39
1739617812838 144.22010561825567 40
1739617812850 143.67288029744392 41
1739617812863 143.12793161662023 42
1739617812875 142.58525010265325 43
1739617812887 142.04482632182956 44
1739617812899 141.50665087968963 45
1739617812912 140.97071442086454 46
1739617812924 140.4370076289134 47
1739617812936 139.905521226161 48
1739617812949 139.37624597353704 49
1739617812962 138.849172670415 50
1739617812975 138.32429215445248 51
1739617812987 137.8015953014319 52
1739617813000 137.2810730251016 53
1739617813012 136.76271627701811 54
1739617813026 136.24651604638888 55
1739617813038 135.73246335991524 56
1739617813051 135.22054928163686 57
1739617813064 134.71076491277606 58
1739617813077 134.20310139158315 59
1739617813089 133.6975498931825 60
1739617813102 133.19410162941892 61
1739617813114 132.69274784870504 62
1739617813126 132.19347983586894 63
1739617813138 131.69628891200284 64
1739617813150 131.20116643431206 65
1739617813163 130.70810379596483 66
1739617813176 130.21709242594255 67
1739617813188 129.72812378889097 68
1739617813200 129.24118938497156 69
1739617813212 128.7562807497138 70
1739617813224 128.27338945386808 71
1739617813237 127.79250710325917 72
1739617813249 127.31362533864011 73
1739617813262 126.83673583554702 74
1739617813274 126.3618303041543 75
1739617813287 125.88890048913052 76
1739617813299 125.41793816949487 77
1739617813311 124.9489351584743 78
1739617813324 124.48188330336106 79
1739617813336 124.01677448537107 80
1739617813348 123.55360061950266 81
1739617813361 123.09235365439606 82
1739617813374 122.63302557219345 83
1739617813386 122.17560838839944 84
1739617813398 121.72009415174239 85
1739617813411 121.26647494403605 86
1739617813423 120.81474288004196 87
1739617813435 120.36489010733231 88
1739617813448 119.91690880615346 89
1739617813464 119.47079118928993 90
1739617813476 119.02652950192906 91
1739617813489 118.58411602152614 92
1739617813501 118.14354305767017 93
1739617813515 117.7048029519501 94
1739617813558 117.26788807782175 95
1739617813579 116.8327908404752 96
1739617813593 116.39950367670266 97
1739617813606 115.96801905476707 98
1739617813619 115.53832947427111 99
1739617813632 115.11042746602679 100
1739617813646 114.68430559192562 101
1739617813660 114.2599564448092 102
1739617813673 113.83737264834055 103
1739617813687 113.41654685687578 104
1739617813700 112.99747175533646 105
1739617813714 112.5801400590823 106
1739617813727 112.16454451378459 107
1739617813740 111.75067789530017 108
1739617813754 111.33853300954553 109
1739617813767 110.9281026923721 110
1739617813780 110.51937980944136 111
1739617813794 110.11235725610105 112
1739617813807 109.70702795726147 113
1739617813820 109.30338486727261 114
1739617813833 108.90142096980155 115
1739617813846 108.50112927771045 116
1739617813858 108.10250283293522 117
1739617813873 107.70553470636436 118
1739617813887 107.31021799771862 119
1739617813900 106.91654583543097 120
1739617813913 106.52451137652714 121
1739617813925 106.13410780650665 122
1739617813938 105.74532833922427 123
1739617813951 105.35816621677218 124
1739617813963 104.97261470936228 125
1739617813976 104.58866711520938 126
1739617813988 104.2063167604145 127
1739617814001 103.82555699884894 128
1739617814013 103.44638121203874 129
1739617814025 103.06878280904955 130
1739617814037 102.692755226372 131
1739617814050 102.31829192780778 132
1739617814062 101.94538640435572 133
1739617814075 101.57403217409883 134
1739617814087 101.20422278209153 135
1739617814100 100.83595180024743 136
1739617814112 100.46921282722752 137
1739617814124 100.10399948832901 138
1739617814136 99.74030543537431 139
1739617814149 99.37812434660081 140
1739617814161 99.01744992655084 141
1739617814174 98.6582759059624 142
1739617814187 98.30059604165992 143
1739617814200 97.94440411644592 144
1739617814212 97.5896939389928 145
1739617814224 97.2364593437352 146
1739617814237 96.88469419076289 147
1739617814250 96.5343923657139 148
1739617814263 96.18554777966827 149
1739617814276 95.83815436904223 150
1739617814290 95.49220609548269 151
1739617814305 95.14769694576233 152
1739617814319 94.80462093167496 153
1739617814333 94.46297208993151 154
1739617814348 94.12274448205632 155
1739617814361 93.78393219428376 156
1739617814375 93.44652933745569 157
1739617814388 93.11053004691877 158
1739617814400 92.77592848242264 159
1739617814413 92.44271882801847 160
1739617814425 92.1108952919576 161
1739617814437 91.78045210659104 162
1739617814450 91.45138352826915 163
1739617814463 91.12368383724169 164
1739617814475 90.7973473375585 165
1739617814487 90.4723683569704 166
1739617814500 90.14874124683054 167
1739617814512 89.82646038199626 168
1739617814525 89.50552016073125 169
1739617814538 89.18591500460819 170
1739617814550 88.86763935841164 171
1739617814562 88.55068769004163 172
1739617814574 88.23505449041738 173
1739617814587 87.92073427338153 174
1739617814599 87.60772157560473 175
1739617814612 87.29601095649069 176
1739617814624 86.98559699808155 177
1739617814637 86.67647430496378 178
1739617814649 86.36863750417422 179
1739617814661 86.06208124510675 180
1739617814674 85.75680019941929 181
1739617814687 85.45278906094111 182
1739617814699 85.15004254558053 183
1739617814712 84.84855539123322 184
1739617814725 84.54832235769048 185
1739617814737 84.24933822654829 186
1739617814749 83.95159780111653 187
1739617814762 83.65509590632868 188
1739617814774 83.35982738865175 189
1739617814788 83.0657871159967 190
1739617814800 82.7729699776293 191
1739617814812 82.48137088408116 192
1739617814825 82.19098476706134 193
1739617814837 81.90180657936813 194
1739617814849 81.61383129480141 195
1739617814862 81.32705390807513 196
1739617814874 81.0414694347304 197
1739617814886 80.75707291104881 198
1739617814899 80.47385939396601 199
1739617814911 80.19182396098599 200
1739617814923 79.91096171009525 201
1739617814935 79.63126775967774 202
1739617814948 79.35273724842996 203
1739617814960 79.07536533527636 204
1739617814973 78.79914719928522 205
1739617814986 78.52407803958488 206
1739617814999 78.25015307528021 207
1739617815011 77.97736754536949 208
1739617815024 77.70571670866163 209
1739617815037 77.43519584369378 210
1739617815050 77.16580024864919 211
1739617815063 76.89752524127552 212
1739617815079 76.63036615880333 213
1739617815092 76.36431835786512 214
1739617815105 76.09937721441457 215
1739617815117 75.83553812364613 216
1739617815130 75.57279649991489 217
1739617815145 75.311147776657 218
1739617815157 75.05058740631014 219
1739617815169 74.79111086023454 220
1739617815182 74.5327136286342 221
1739617815194 74.27539122047848 222
1739617815207 74.01913916342407 223
1739617815219 73.76395300373709 224
1739617815232 73.50982830621588 225
1739617815244 73.25676065411368 226
1739617815257 73.00474564906195 227
1739617815269 72.75377891099384 228
1739617815282 72.50385607806813 229
1739617815294 72.25497280659323 230
1739617815308 72.00712477095186 231
1739617815320 71.76030766352564 232
1739617815333 71.51451719462037 233
1739617815345 71.26974909239134 234
1739617815358 71.0259991027691 235
1739617815370 70.78326298938545 236
1739617815383 70.54153653349991 237
1739617815395 70.30081553392614 238
1739617815408 70.06109580695919 239
1739617815421 69.82237318630251 240
1739617815433 69.58464352299565 241
1739617815445 69.34790268534208 242
1739617815458 69.11214655883731 243
1739617815470 68.87737104609751 244
1739617815483 68.64357206678805 245
1739617815496 68.41074555755274 246
1739617815509 68.17888747194313 247
1739617815521 67.94799378034804 248
1739617815534 67.71806046992371 249
1739617815546 67.48908354452385 250
1739617815558 67.2610590246303 251
1739617815570 67.03398294728369 252
1739617815582 66.80785136601466 253
1739617815595 66.58266035077521 254
1739617815607 66.35840598787037 255
1739617815619 66.13508437989013 256
1739617815632 65.9126916456417 257
1739617815644 65.69122392008204 258
1739617815657 65.47067735425064 259
1739617815669 65.2510481152026 260
1739617815681 65.03233238594201 261
1739617815693 64.81452636535558 262
1739617815706 64.5976262681465 263
1739617815718 64.38162832476876 264
1739617815731 64.1665287813614 265
1739617815743 63.952323899683456 266
1739617815755 63.73900995704886 267
1739617815767 63.52658324626172 268
1739617815780 63.31504007555187 269
1739617815792 63.104376768510704 270
1739617815805 62.894589664027244 271
1739617815818 62.685675116224466 272
1739617815830 62.47762949439594 273
1739617815842 62.27044918294266 274
1739617815854 62.06413058131029 275
1739617815866 61.858670103926414 276
1739617815878 61.6540641801383 277
1739617815890 61.450309254150774 278
1739617815903 61.24740178496445 279
1739617815915 61.0453382463141 280
1739617815928 60.844115126607356 281
1739617815940 60.643728928863695 282
1739617815952 60.44417617065359 283
1739617815964 60.245453384038 284
1739617815976 60.04755711550808 285
1739617815990 59.850483925925104 286
1739617816003 59.65423039046066 287
1739617816016 59.45879309853719 288
1739617816028 59.264168653768564 289
1739617816041 59.070353673901145 290
1739617816054 58.877344790754925 291
1739617816066 58.68513865016497 292
1739617816079 58.49373191192308 293
1739617816091 58.3031212497198 294
1739617816105 58.11330335108647 295
1739617816117 57.92427491733771 296
1739617816130 57.736032663514095 297
1739617816142 57.54857331832495 298
1739617816155 57.3618936240915 299
1739617816167 57.1759903366903 300
1739617816179 56.990860225496746 301
1739617816192 56.80650007332899 302
1739617816204 56.62290667639187 303
1739617816216 56.44007684422138 304
1739617816229 56.25800739962905 305
1739617816241 56.07669517864681 306
1739617816254 55.89613703047191 307
1739617816266 55.71632981741217 308
1739617816278 55.53727041483144 309
1739617816291 55.358955711095234 310
1739617816303 55.18138260751665 311
1739617816316 55.00454801830255 312
1739617816328 54.828448870499784 313
1739617816340 54.653082103941884 314
1739617816353 54.478444671195774 315
1739617816365 54.30453353750884 316
1739617816377 54.13134568075614 317
1739617816390 53.958878091387874 318
1739617816402 53.78712777237706 319
1739617816415 53.61609173916739 320
1739617816428 53.44576701962137 321
1739617816440 53.27615065396868 322
1739617816452 53.107239694754625 323
1739617816464 52.939031206788975 324
1739617816477 52.77152226709489 325
1739617816489 52.60470996485808 326
1739617816502 52.43859140137628 327
1739617816514 52.273163690008744 328
1739617816526 52.10842395612611 329
1739617816538 51.944369337060444 330
1739617816551 51.78099698205544 331
1739617816563 51.61830405221684 332
1739617816575 51.456287720463116 333
1739617816588 51.29494517147624 334
1739617816599 51.13427360165287 335
1739617816611 50.97427021905546 336
1739617816624 50.81493224336383 337
1739617816636 50.65625690582673 338
1739617816649 50.49824144921381 339
1739617816661 50.34088312776757 340
1739617816673 50.184179207155665 341
1739617816685 50.02812696442346 342
1739617816697 49.87272368794648 343
1739617816709 49.71796667738349 344
1739617816723 49.56385324362937 345
1739617816735 49.41038070876844 346
1739617816748 49.25754640602795 347
1739617816760 49.105347679731565 348
1739617816772 48.95378188525338 349
1739617816784 48.80284638897174 350
1739617816795 48.65253856822363 351
1739617816808 48.502855811258975 352
1739617816821 48.35379551719524 353
1739617816833 48.20535509597225 354
1739617816846 48.05753196830712 355
1739617816857 47.910323565649435 356
1739617816869 47.763727330136525 357
1739617816881 47.617740714549115 358
1739617816894 47.47236118226695 359
1739617816906 47.32758620722471 360
1739617816919 47.1834132738681 361
1739617816932 47.03983987711009 362
1739617816943 46.89686352228737 363
1739617816955 46.75448172511702 364
1739617816968 46.612692011653245 365
1739617816980 46.471491918244425 366
1739617816992 46.330878991490245 367
1739617817004 46.19085078819905 368
1739617817016 46.051404875345334 369
1739617817028 45.91253883002751 370
1739617817040 45.77425023942572 371
1739617817053 45.63653670075992 372
1739617817068 45.49939582124808 373
1739617817080 45.362825218064586 374
1739617817092 45.22682251829885 375
1739617817104 45.091385358913996 376
1739617817117 44.95651138670577 377
1739617817130 44.82219825826174 378
1739617817142 44.688443639920415 379
1739617817154 44.55524520773072 380
1739617817165 44.42260064741159 381
1739617817178 44.2905076543118 382
1739617817190 44.15896393336977 383
1739617817202 44.02796719907374 384
1739617817215 43.897515175422036 385
1739617817227 43.767605595883474 386
1739617817239 43.63823620335795 387
1739617817253 43.509404750137236 388
1739617817267 43.38110899786582 389
1739617817279 43.25334671750209 390
1739617817292 43.12611568927953 391
1739617817305 42.999413702668065 392
1739617817318 42.87323855633576 393
1739617817331 42.747588058110445 394
1739617817343 42.6224600249416 395
1739617817356 42.49785228286251 396
1739617817368 42.37376266695228 397
1739617817381 42.25018902129841 398
1739617817393 42.12712919895913 399
1739617817405 42.00458106192619 400
1739617817418 41.88254248108761 401
1739617817431 41.7610113361907 402
1739617817443 41.639985515805215 403
1739617817455 41.5194629172866 404
1739617817468 41.399441446739466 405
1739617817480 41.27991901898117 406
1739617817492 41.16089355750556 407
1739617817505 41.042362994446876 408
1739617817518 40.92432527054379 409
1739617817530 40.806778335103644 410
1739617817542 40.6897201459667 411
1739617817554 40.57314866947076 412
1739617817567 40.457061880415694 413
1739617817579 40.34145776202832 414
1739617817591 40.22633430592724 415
1739617817603 40.11168951208803 416
1739617817615 39.99752138880839 417
1739617817627 39.88382795267357 418
1739617817640 39.77060722852181 419
1739617817653 39.65785724941008 420
1739617817666 39.54557605657984 421
1739617817678 39.433761699422966 422
1739617817690 39.32241223544791 423
1739617817702 39.21152573024583 424
1739617817715 39.10110025745703 425
1739617817727 38.991133898737445 426
1739617817740 38.88162474372526 427
1739617817752 38.77257089000776 428
1739617817765 38.66397044308817 429
1739617817777 38.55582151635279 430
1739617817790 38.448122231038155 431
1739617817802 38.340870716198395 432
1739617817814 38.23406510867265 433
1739617817826 38.12770355305279 434
1739617817839 38.021784201650995 435
1739617817851 37.91630521446776 436
1739617817863 37.81126475915989 437
1739617817876 37.70666101100856 438
1739617817888 37.60249215288766 439
1739617817900 37.49875637523222 440
1739617817912 37.39545187600686 441
1739617817924 37.292576860674544 442
1739617817937 37.19012954216535 443
1739617817950 37.08810814084538 444
1739617817962 36.98651088448583 445
1739617817974 36.88533600823221 446
1739617817986 36.78458175457359 447
1739617817998 36.684246373312114 448
1739617818010 36.58432812153256 449
1739617818023 36.48482526357195 450
1739617818035 36.38573607098951 451
1739617818048 36.28705882253653 452
1739617818062 36.188791804126446 453
1739617818073 36.09093330880502 454
1739617818085 35.99348163672076 455
1739617818099 35.89643509509524 456
1739617818112 35.79979199819373 457
1739617818124 35.703550667295914 458
1739617818137 35.607709430666645 459
1739617818150 35.512266623526926 460
1739617818162 35.417220588024925 461
1739617818174 35.32256967320717 462
1739617818186 35.22831223498986 463
1739617818199 35.13444663613025 464
1739617818211 35.040971246198204 465
1739617818223 34.94788444154788 466
1739617818236 34.8551846052894 467
1739617818250 34.76287012726085 468
1739617818263 34.67093940400022 469
1739617818275 34.57939083871755 470
1739617818288 34.48822284126715 471
1739617818301 34.39743382811998 472
1739617818313 34.30702222233608 473
1739617818326 34.21698645353722 474
1739617818338 34.127324957879466 475
1739617818351 34.038036178026175 476
1739617818363 33.94911856312075 477
1739617818375 33.86057056875977 478
1739617818387 33.772390656966095 479
1739617818400 33.684577296162175 480
1739617818412 33.59712896114336 481
1739617818424 33.51004413305143 482
1739617818437 33.42332129934817 483
1739617818449 33.33695895378906 484
1739617818461 33.2509555963971 485
1739617818473 33.165309733436764 486
1739617818485 33.080019877387926 487
1739617818497 32.99508454692013 488
1739617818509 32.91050226686674 489
1739617818522 32.82627156819933 490
1739617818534 32.74239098800214 491
1739617818547 32.65885906944664 492
1739617818560 32.57567436176617 493
1739617818573 32.49283542023076 494
1739617818585 32.41034080612202 495
1739617818597 32.32818908670807 496
1739617818611 32.24637883521868 497
1739617818624 32.16490863082041 498
1739617818637 32.08377705859199 499
