1739617285500 163.58863597836788 0
1739617285514 161.2378674976064 1
1739617285528 151.57318861899282 2
1739617285541 151.56399311129698 3
1739617285554 142.7734222528767 4
1739617285566 141.65234825898605 5
1739617285578 136.63557322122833 6
1739617285591 135.1492413414799 7
1739617285603 131.38782085928446 8
1739617285615 124.72972411927803 9
1739617285628 122.29487219285565 10
1739617285642 119.43097928726897 11
1739617285656 118.6651238702057 12
1739617285669 116.45888695242905 13
1739617285682 108.30029787752447 14
1739617285696 108.93799763426868 15
1739617285710 105.94888844904501 16
1739617285723 98.52510357478705 17
1739617285735 101.3696577800924 18
1739617285747 99.18164499798525 19
1739617285760 91.97313607985298 20
1739617285773 89.46763114330938 21
1739617285787 91.59305882460917 22
1739617285801 85.80879739147811 23
1739617285815 86.95423977339463 24
1739617285828 85.2354849291008 25
1739617285841 78.21438497912429 26
1739617285854 74.09343592108814 27
1739617285867 78.01856593141699 28
1739617285880 76.7723729030135 29
1739617285893 72.17967813905392 30
1739617285905 77.64085064073228 31
1739617285920 64.91552536453834 32
1739617285933 61.92588927991594 33
1739617285947 69.94965038757657 34
1739617285962 61.28773678004624 35
1739617285977 61.219738717917245 36
1739617285993 62.253808012004264 37
1739617286009 59.94444161285469 38
1739617286024 54.66951043079498 39
1739617286040 53.855975878355295 40
1739617286056 57.713550891347765 41
1739617286070 51.43334299209676 42
1739617286085 49.34856116988554 43
1739617286099 48.26949000049536 44
1739617286114 44.67789451113718 45
1739617286128 44.93503603431852 46
1739617286142 50.108812894296385 47
1739617286157 43.73305568050111 48
1739617286171 39.36868979356877 49
1739617286185 42.71813300605761 50
1739617286200 41.062938024463726 51
1739617286214 44.14240020105239 52
1739617286228 39.70075685015558 53
1739617286241 42.392001796678876 54
1739617286254 38.29708835768792 55
1739617286267 38.294596116444 56
1739617286280 37.66044117238499 57
1739617286293 38.18407610785919 58
1739617286306 40.88434444545196 59
1739617286319 35.823492515239494 60
1739617286332 31.32264701618876 61
1739617286345 39.32132610521178 62
1739617286358 34.21890804301138 63
1739617286371 31.538445091147995 64
1739617286385 34.08750656875323 65
1739617286399 32.58834549470012 66
1739617286412 29.992815723146997 67
1739617286425 30.811892368719544 68
1739617286438 32.62130430296151 69
1739617286451 24.207139550819885 70
1739617286464 25.42413271722127 71
1739617286477 28.646637073051494 72
1739617286490 29.674547001097174 73
1739617286503 27.631948162183196 74
1739617286516 28.563292063237974 75
1739617286529 26.047918588151703 76
1739617286542 23.929291842049164 77
1739617286555 21.161639622585707 78
1739617286567 21.589281513691393 79
1739617286580 22.671459417135384 80
1739617286593 19.507507918951074 81
1739617286607 23.74257645485953 82
1739617286620 19.05521906621761 83
1739617286633 25.20671512580504 84
1739617286646 23.2438764865439 85
1739617286658 22.868701930571444 86
1739617286671 20.16324018282651 87
1739617286684 17.254535334484352 88
1739617286696 18.39512951134974 89
1739617286709 25.92456410510701 90
1739617286723 19.12307823036035 91
1739617286736 19.542914295551217 92
1739617286750 24.169011477136177 93
1739617286762 19.559015319188273 94
1739617286775 19.678457983089753 95
1739617286786 16.042575034056537 96
1739617286804 15.965366780955573 97
1739617286826 23.394136488597727 98
1739617286841 19.441185258754984 99
1739617286856 16.607507242709993 100
1739617286873 17.8107388320535 101
1739617286891 15.662442046524541 102
1739617286907 17.490246351988688 103
1739617286924 15.281882681164166 104
1739617286979 19.66109060382783 105
1739617286996 18.025705715339736 106
1739617287013 11.94064270553537 107
1739617287028 17.37131370909637 108
1739617287045 16.917938465236237 109
1739617287061 20.598917599341576 110
1739617287076 13.98484729704806 111
1739617287090 19.286704693751027 112
1739617287105 18.29734593349076 113
1739617287120 20.689987429840663 114
1739617287134 16.383459746787416 115
1739617287150 16.42889272802564 116
1739617287165 19.8703705238355 117
1739617287180 15.763009373949746 118
1739617287194 20.159602451673123 119
1739617287210 13.718930321045903 120
1739617287263 15.528801725092611 121
1739617287281 14.731680701848797 122
1739617287298 13.444785664919166 123
1739617287314 15.086330225875509 124
1739617287330 16.343276077371268 125
1739617287346 10.588597873038147 126
1739617287361 11.72591782050643 127
1739617287375 19.711983876776802 128
1739617287389 19.79912030624818 129
1739617287403 14.41907791544847 130
1739617287417 15.422750711147083 131
1739617287431 13.367536579276338 132
1739617287445 16.880210057592446 133
1739617287460 11.982114289020652 134
1739617287474 10.526698952503784 135
1739617287488 14.259331331358874 136
1739617287502 16.820195525382168 137
1739617287515 19.117561930008343 138
1739617287527 13.792207157055985 139
1739617287541 15.011999180470923 140
1739617287556 14.877770215915936 141
1739617287570 11.236766108483353 142
1739617287583 11.779952572351563 143
1739617287596 17.25198569600025 144
1739617287611 12.9831067502074 145
1739617287625 17.666731814368323 146
1739617287640 9.740886608848646 147
1739617287653 15.611732729796401 148
1739617287666 16.076399004824367 149
1739617287679 11.717280399314992 150
1739617287693 18.529731976365937 151
1739617287706 14.115082475341262 152
1739617287720 11.612207473794298 153
1739617287734 10.773676906917643 154
1739617287749 14.20368818697044 155
1739617287770 11.906031557767706 156
1739617287791 13.004461418697536 157
1739617287808 15.213853737005014 158
1739617287826 17.796059571363283 159
1739617287843 14.846810994868695 160
1739617287859 12.818155990615384 161
1739617287877 8.602919082832438 162
1739617287893 10.540485867263817 163
1739617287910 13.384555008154932 164
1739617287926 15.271742318413247 165
1739617287941 19.044464599039966 166
1739617287955 9.612699700688925 167
1739617287968 16.09333663985194 168
1739617287981 10.523784026177788 169
1739617287994 13.214410796942573 170
1739617288007 13.400090704505457 171
1739617288020 16.157460740565295 172
1739617288033 12.753845667354925 173
1739617288046 16.235834606368456 174
1739617288059 19.063181769271818 175
1739617288072 12.72297352373078 176
1739617288085 10.1666943027098 177
1739617288098 18.350753037020116 178
1739617288111 13.828319711853233 179
1739617288124 11.736397653624206 180
1739617288137 11.669060635614832 181
1739617288152 12.656418551795973 182
1739617288166 13.400574817497764 183
1739617288179 12.730063320917735 184
1739617288192 12.137249555022459 185
1739617288205 9.300433952645346 186
1739617288218 17.21482249584597 187
1739617288231 13.828976299986804 188
1739617288245 14.002758113488834 189
1739617288258 13.187494082427268 190
1739617288271 13.679581210588312 191
1739617288284 14.036559236233568 192
1739617288297 9.152838136501915 193
1739617288310 17.38497130257796 194
1739617288323 13.678749299517323 195
1739617288336 8.289469113064012 196
1739617288350 10.845870393064759 197
1739617288364 12.767016817078275 198
1739617288378 9.5267440621146 199
1739617288393 11.57902865868969 200
1739617288406 11.317263923220537 201
1739617288420 9.524013276472246 202
1739617288433 11.199945309070278 203
1739617288446 9.137368411251753 204
1739617288458 10.734769818611419 205
1739617288471 15.473842090111512 206
1739617288483 20.570470990281255 207
1739617288497 12.117820201283193 208
1739617288511 11.75847908318419 209
1739617288524 11.242070775924093 210
1739617288537 9.139423254486807 211
1739617288551 15.033742158266673 212
1739617288563 11.621762578067978 213
1739617288576 11.462890309331014 214
1739617288589 12.267472035392917 215
1739617288602 13.982711794330553 216
1739617288614 15.562096122265954 217
1739617288627 14.291185485417845 218
1739617288640 10.602268414114393 219
1739617288652 14.949491139842248 220
1739617288664 10.236053620139474 221
1739617288682 9.409081146222663 222
1739617288711 13.11148043378717 223
1739617288729 19.213719547947214 224
1739617288747 9.135181155353376 225
1739617288763 14.93460628313165 226
1739617288780 12.1549589831988 227
1739617288794 11.877076833115508 228
1739617288810 10.808337029080777 229
1739617288825 12.774874945647335 230
1739617288840 14.465174442355451 231
1739617288854 13.135137755413892 232
1739617288867 11.549512419942156 233
1739617288881 12.456293534894423 234
1739617288895 14.859399440365824 235
1739617288908 15.892055628777905 236
1739617288921 17.10187807534541 237
1739617288934 10.6333245164196 238
1739617288947 8.790462760939823 239
1739617288961 16.319483893425378 240
1739617288974 11.27944280040733 241
1739617288987 8.262532658768366 242
1739617289000 11.930188701281578 243
1739617289014 14.410134375891403 244
1739617289027 11.368142455493095 245
1739617289040 14.648628872865395 246
1739617289055 18.06198988462821 247
1739617289073 12.856442831666804 248
1739617289089 13.551920420557224 249
1739617289105 11.939543788454316 250
1739617289120 10.893673978686019 251
1739617289136 14.846064209562796 252
1739617289152 9.760034259233956 253
1739617289168 14.119397445222381 254
1739617289183 10.603327781303339 255
1739617289202 11.199019679555205 256
1739617289219 10.436717610836705 257
1739617289235 10.336626315841281 258
1739617289249 17.27027536412001 259
1739617289262 15.56276252303469 260
1739617289275 13.469519309131249 261
1739617289289 10.955678894891715 262
1739617289303 10.200969508757566 263
1739617289317 20.61494767393081 264
1739617289330 14.474650983090914 265
1739617289343 10.234811180350698 266
1739617289356 13.291866373621088 267
1739617289369 15.353793436110498 268
1739617289382 12.623010956346416 269
1739617289396 18.37647224302686 270
1739617289409 13.346076153487232 271
1739617289422 13.472506057624742 272
1739617289436 10.748172904351458 273
1739617289449 14.259432794169728 274
1739617289463 9.556235465895563 275
1739617289476 11.493567255481535 276
1739617289489 9.621792828106436 277
1739617289502 11.18282311126317 278
1739617289515 12.230131142820696 279
1739617289527 11.591072089028584 280
1739617289541 15.001119522682895 281
1739617289553 10.104720144759366 282
1739617289567 12.44861397886518 283
1739617289579 12.531325385385502 284
1739617289592 11.936165341329795 285
1739617289605 16.409555164496147 286
1739617289618 12.706889318218014 287
1739617289631 8.93349222372816 288
1739617289644 10.230464547431597 289
1739617289657 16.383771525730015 290
1739617289670 13.129359554332327 291
1739617289683 10.70648152231592 292
1739617289695 9.767564328391812 293
1739617289708 13.049702773448905 294
1739617289721 12.540163593555361 295
1739617289733 9.70694885749016 296
1739617289746 13.411292656854204 297
1739617289758 17.292836972404974 298
1739617289770 17.728076366136634 299
1739617289782 10.490589170301085 300
1739617289795 13.22319765421453 301
1739617289809 17.760420513065398 302
1739617289821 10.551250622621152 303
1739617289833 12.226115930001866 304
1739617289846 14.28866983564972 305
1739617289858 13.492544288087794 306
1739617289873 12.728454174820182 307
1739617289886 14.381839756682622 308
1739617289898 12.664212585008494 309
1739617289911 11.291323529671596 310
1739617289924 15.054735593198693 311
1739617289936 12.440786150591014 312
1739617289948 10.828113149375662 313
1739617289961 10.784399588628839 314
1739617289973 12.645768234517714 315
1739617289985 12.493341153793198 316
1739617289998 11.482919058712898 317
1739617290010 15.05985221558025 318
1739617290022 12.130417780303299 319
1739617290035 17.998087478478087 320
1739617290047 13.615162152447862 321
1739617290059 17.38882636396675 322
1739617290071 13.168171087279246 323
1739617290083 13.583470320307494 324
1739617290095 20.833232475944406 325
1739617290108 12.033731747985104 326
1739617290120 14.443448458404765 327
1739617290133 13.640527333252743 328
1739617290145 14.085505215894758 329
1739617290159 8.125808028836325 330
1739617290172 15.467466989940048 331
1739617290189 10.043316929282977 332
1739617290205 13.390879900321053 333
1739617290219 10.681167806047922 334
1739617290233 13.626903322807403 335
1739617290246 12.773573855016766 336
1739617290260 10.96107470484707 337
1739617290273 11.891784447556018 338
1739617290287 10.626397861737797 339
1739617290300 15.547985933237984 340
1739617290313 14.125339259127633 341
1739617290326 11.776755372396988 342
1739617290339 12.353715458337131 343
1739617290351 11.879989994373464 344
1739617290364 11.753471230115883 345
1739617290376 11.004616239069625 346
1739617290389 11.183468946680883 347
1739617290401 11.419299375719707 348
1739617290414 11.952643145727631 349
1739617290427 14.231561363731862 350
1739617290439 14.175212315106258 351
1739617290452 11.578462622051381 352
1739617290464 13.080259291928845 353
1739617290477 13.363061072307449 354
1739617290489 11.056333582540017 355
1739617290502 12.891940927096437 356
1739617290514 15.419895738371059 357
1739617290527 13.875562503511071 358
1739617290539 10.895121289229802 359
1739617290553 12.494423407868037 360
1739617290565 8.683190031496446 361
1739617290578 12.178894654818091 362
1739617290591 14.46452750208422 363
1739617290606 12.406773029719496 364
1739617290621 10.636785167656672 365
1739617290636 13.611275666311133 366
1739617290649 12.833188859565416 367
1739617290662 12.713889963134895 368
1739617290675 10.246721768101603 369
1739617290690 14.487540999014687 370
1739617290704 10.219919849618469 371
1739617290718 16.293586783900974 372
1739617290731 16.98028528865427 373
1739617290744 11.671164139627365 374
1739617290756 14.398286448249532 375
1739617290769 14.088782022654957 376
1739617290781 14.388509693936335 377
1739617290793 13.27636155281929 378
1739617290806 8.19036605014328 379
1739617290819 14.212576079078335 380
1739617290831 13.164664849038841 381
1739617290843 11.680986059849873 382
1739617290855 16.03695512419738 383
1739617290868 12.254880110987932 384
1739617290879 13.001190702971702 385
1739617290892 14.059601082291048 386
1739617290904 11.75208259039933 387
1739617290916 15.222216233500667 388
1739617290928 12.820301344262742 389
1739617290941 9.62104694614668 390
1739617290953 14.873818355036361 391
1739617290965 9.868979179178957 392
1739617290978 13.492579913913781 393
1739617290990 7.217600207359359 394
1739617291002 10.588555538103908 395
1739617291015 14.738154861491699 396
1739617291028 8.722123905055803 397
1739617291040 11.183300213136791 398
1739617291053 14.412946975639372 399
1739617291066 10.217986055577592 400
1739617291080 11.112590418280519 401
1739617291093 12.745629261875509 402
1739617291106 12.944409042282341 403
1739617291119 10.823275948437448 404
1739617291131 12.76966519584454 405
1739617291144 13.566273609257584 406
1739617291158 14.335269239032463 407
1739617291171 9.879438512675483 408
1739617291185 12.648990118113923 409
1739617291197 8.736497855589933 410
1739617291211 13.254458152837339 411
1739617291224 12.9394249753652 412
1739617291237 12.425836512251585 413
1739617291250 10.42356274903479 414
1739617291262 9.125342551874384 415
1739617291275 11.90703388086152 416
1739617291288 12.697495679210515 417
1739617291300 9.513015041179967 418
1739617291313 9.393422493188826 419
1739617291325 12.871898126896 420
1739617291337 9.811634304858279 421
1739617291350 12.603729132968228 422
1739617291363 14.719208759089044 423
1739617291375 14.819516295220604 424
1739617291387 12.333483776371219 425
1739617291400 11.42325649582937 426
1739617291412 15.083030320653098 427
1739617291424 13.021985495427334 428
1739617291437 11.165896394106312 429
1739617291449 8.747621533493403 430
1739617291461 12.369670373171006 431
1739617291473 14.746432412505643 432
1739617291485 9.088433104714408 433
1739617291497 15.684765967562042 434
1739617291509 12.885113076944895 435
1739617291521 13.4449557187265 436
1739617291534 7.073212151911042 437
1739617291546 10.354351111489196 438
1739617291559 14.20134199010549 439
1739617291571 9.641773865095114 440
1739617291583 12.060509736612193 441
1739617291595 12.486315209989547 442
1739617291608 20.766490644179587 443
1739617291620 10.832566186448865 444
1739617291632 11.242396937679215 445
1739617291644 15.664059275218163 446
1739617291656 12.709873506762994 447
1739617291669 12.407464392552589 448
1739617291681 16.785476063061598 449
1739617291693 7.107032002622165 450
1739617291705 14.412539915243455 451
1739617291717 9.982297450468632 452
1739617291729 7.747065886232296 453
1739617291742 14.462028477071197 454
1739617291754 14.515462540763604 455
1739617291766 7.295398247248216 456
1739617291778 13.103554272292628 457
1739617291791 16.81118295108596 458
1739617291804 12.40232970734752 459
1739617291816 14.931847708831373 460
1739617291829 12.945156563869128 461
1739617291841 14.61623278647157 462
1739617291854 12.290190495556631 463
1739617291866 11.034629902634531 464
1739617291878 10.098728173183314 465
1739617291891 8.176235939689956 466
1739617291903 11.57854059884984 467
1739617291915 13.542078915601778 468
1739617291928 10.519930986569445 469
1739617291941 10.258295070254643 470
1739617291953 11.874057118921044 471
1739617291966 13.884639758248428 472
1739617291979 15.678709978217203 473
1739617291993 11.250932527759852 474
1739617292006 11.358167559771543 475
1739617292019 14.65487570716501 476
1739617292032 13.3190314321903 477
1739617292045 11.709821639516631 478
1739617292058 10.920436492513176 479
1739617292070 14.216411332431187 480
1739617292082 10.580967578940294 481
1739617292095 12.415177881563087 482
1739617292107 11.700476892574814 483
1739617292119 9.526051441418511 484
1739617292132 11.339221033763346 485
1739617292144 14.882671200628465 486
1739617292157 12.196398702110127 487
1739617292169 11.994099664025995 488
1739617292181 12.489906390850509 489
1739617292194 12.47357402378272 490
1739617292208 12.405360144911446 491
1739617292224 14.686734091543826 492
1739617292241 12.603075302837825 493
1739617292257 11.967579315879538 494
1739617292274 9.640849773125359 495
1739617292292 8.498356494508096 496
1739617292311 14.967982061691744 497
1739617292330 7.086937950901582 498
1739617292350 12.571352191207609 499
