1739553566838 165.86597226298534 0
1739553566846 166.63653278129024 1
1739553566853 168.48155167506437 2
1739553566862 158.6314923103373 3
1739553566871 165.63522357658044 4
1739553566878 160.19027221209316 5
1739553566886 163.88734150712833 6
1739553566894 160.61566785451328 7
1739553566902 160.75576032617573 8
1739553566911 156.07819993554557 9
1739553566921 157.2945662257601 10
1739553566928 157.74494809366712 11
1739553566936 158.23186716627194 12
1739553566945 152.02793867314205 13
1739553566952 158.48264265500515 14
1739553566960 155.21618647263867 15
1739553566968 147.8608991768369 16
1739553566976 149.0197811601359 17
1739553566983 151.77630208244184 18
1739553566991 147.79308801107152 19
1739553567000 151.93003132114495 20
1739553567009 145.0292649613074 21
1739553567017 151.59338882618067 22
1739553567025 146.9815135858681 23
1739553567035 146.04502338328186 24
1739553567043 147.26706955313782 25
1739553567050 148.07855016228024 26
1739553567057 142.6028729122346 27
1739553567065 141.54825498573163 28
1739553567073 143.7580195691193 29
1739553567080 140.50194183384227 30
1739553567087 139.02394523663332 31
1739553567094 139.16185214110544 32
1739553567101 139.66289086923325 33
1739553567110 136.90658202510352 34
1739553567117 137.95330552767444 35
1739553567125 136.17207693877464 36
1739553567132 138.50911758842122 37
1739553567140 133.1954865011796 38
1739553567148 135.4592110924464 39
1739553567156 130.33555475503698 40
1739553567164 132.3226142935504 41
1739553567172 132.59266908678057 42
1739553567180 131.7934152219475 43
1739553567187 128.68085460188922 44
1739553567194 131.97475145207724 45
1739553567201 127.79990057719068 46
1739553567208 129.39220592874216 47
1739553567215 128.69472983604362 48
1739553567223 127.00235454061303 49
1739553567230 129.50080926242373 50
1739553567236 125.23815382647426 51
1739553567243 124.85172620235907 52
1739553567250 127.87855663725118 53
1739553567257 125.83453852656805 54
1739553567265 126.93988842726134 55
1739553567274 119.58195565938315 56
1739553567282 123.21783755130791 57
1739553567290 118.67548370990899 58
1739553567297 120.73098734798764 59
1739553567307 121.58803218407506 60
1739553567315 119.53834731616165 61
1739553567323 120.0137726922553 62
1739553567330 122.0182464818235 63
1739553567337 117.21903574547714 64
1739553567346 117.13550321706765 65
1739553567356 115.89920334653459 66
1739553567365 117.73882853781322 67
1739553567376 115.35783992032944 68
1739553567384 113.81972584402007 69
1739553567392 117.15038947404739 70
1739553567399 115.79776692396959 71
1739553567409 113.99598768821065 72
1739553567417 114.42473628160344 73
1739553567425 112.6861465108898 74
1739553567432 110.83327491664167 75
1739553567440 112.36455878773084 76
1739553567447 109.63773935172507 77
1739553567454 106.03668686267541 78
1739553567462 107.2776086517829 79
1739553567469 106.08571068852274 80
1739553567476 109.00530163537134 81
1739553567484 110.29931488069421 82
1739553567492 107.19681599267045 83
1739553567501 106.24731162677841 84
1739553567510 108.84782667355103 85
1739553567519 110.23394489815969 86
1739553567528 107.26928895755509 87
1739553567536 103.07861495905183 88
1739553567543 105.63509412660153 89
1739553567552 106.68880745442362 90
1739553567559 99.32965883963239 91
1739553567566 103.23497779233931 92
1739553567573 102.51958191382627 93
1739553567580 105.67822733528155 94
1739553567588 104.9167935906766 95
1739553567596 101.19406913990659 96
1739553567605 105.51933010769339 97
1739553567614 104.00048049035148 98
1739553567621 97.80639098892077 99
1739553567630 98.50293909413378 100
1739553567637 97.56163144876034 101
1739553567646 99.92145080520336 102
1739553567653 99.31187098928469 103
1739553567660 95.70199244394199 104
1739553567668 96.49108148093093 105
1739553567675 94.87345923907414 106
1739553567682 97.11551993909177 107
1739553567690 93.09736443816959 108
1739553567699 96.91587614419257 109
1739553567707 96.24934439478828 110
1739553567715 93.4083829682893 111
1739553567724 97.39736913292042 112
1739553567732 94.94979731076025 113
1739553567740 92.6104928974238 114
1739553567748 93.4020143263684 115
1739553567756 92.76111639362666 116
1739553567764 90.56524977793889 117
1739553567772 92.3543888632719 118
1739553567779 90.70507063938068 119
1739553567786 92.21915930774048 120
1739553567794 91.73520566998666 121
1739553567802 94.8431371712878 122
1739553567811 92.05857425876893 123
1739553567819 89.846040949888 124
1739553567826 89.26154649398559 125
1739553567833 88.92931471320365 126
1739553567840 85.50594617276967 127
1739553567847 86.49505798809301 128
1739553567854 85.98977611855024 129
1739553567861 87.54128849725318 130
1739553567869 84.15680653067699 131
1739553567878 88.93927534755132 132
1739553567885 84.54648355826039 133
1739553567894 88.75508268353249 134
1739553567903 85.55008652339424 135
1739553567911 88.61927132207201 136
1739553567922 84.35983121110458 137
1739553567930 83.97947880756992 138
1739553567937 83.4511147743428 139
1739553567945 81.65019802129059 140
1739553567952 76.63367558790436 141
1739553567960 84.77145078157756 142
1739553567968 83.26335269412621 143
1739553567975 80.55768302627015 144
1739553567983 80.03810568028207 145
1739553567990 80.53765282210465 146
1739553567998 79.62662828347469 147
1739553568006 78.42636593471268 148
1739553568015 80.12926765721485 149
1739553568022 78.10923336030511 150
1739553568031 82.09434842972568 151
1739553568038 80.13885443929678 152
1739553568046 80.83545416723864 153
1739553568052 79.51988633645792 154
1739553568059 77.99094604572521 155
1739553568066 77.74531083088269 156
1739553568073 77.52505675613585 157
1739553568080 76.86882966013641 158
1739553568087 81.31289640058954 159
1739553568094 71.8057554033649 160
1739553568101 76.02584214041993 161
1739553568109 78.83234417406224 162
1739553568117 79.94364398650141 163
1739553568124 82.91515672965554 164
1739553568132 77.93717548962181 165
1739553568140 76.43867546823232 166
1739553568147 76.46117503816848 167
1739553568154 74.98380916045166 168
1739553568161 80.62947626670997 169
1739553568168 67.67016654432672 170
1739553568175 71.10645153298002 171
1739553568182 71.87853672481094 172
1739553568191 74.14235469813738 173
1739553568201 68.36559484306102 174
1739553568210 71.31093520647865 175
1739553568217 75.75949798253858 176
1739553568225 72.2511992364703 177
1739553568233 71.7207722658717 178
1739553568240 67.79325442400665 179
1739553568247 76.01655056362604 180
1739553568254 68.72475485975382 181
1739553568262 74.06298143385979 182
1739553568269 74.13177454848429 183
1739553568277 68.0461298383421 184
1739553568284 69.29387165461333 185
1739553568291 74.98126747564172 186
1739553568300 66.5526907663037 187
1739553568309 69.98665674751668 188
1739553568317 70.93427444275521 189
1739553568327 66.28332556309188 190
1739553568336 71.76404361241296 191
1739553568345 70.7242380464944 192
1739553568352 76.46732696022326 193
1739553568361 67.56836731126197 194
1739553568368 66.81986351462801 195
1739553568376 62.014477671073266 196
1739553568383 66.56077770223575 197
1739553568391 67.98765384911563 198
1739553568398 68.41331963912017 199
1739553568405 68.02211470754584 200
1739553568413 70.81518801752134 201
1739553568419 66.55815441402764 202
1739553568426 61.609109397518 203
1739553568433 71.98781794259658 204
1739553568440 65.00322894912865 205
1739553568447 64.32757252011652 206
1739553568454 63.98243309890149 207
1739553568461 68.71960966221876 208
1739553568468 64.18670996490785 209
1739553568476 63.56246077175941 210
1739553568507 63.89554540362456 211
1739553568580 62.5583667646727 212
1739553568597 66.0876382639672 213
1739553568608 63.45091416858529 214
1739553568618 65.49200283169766 215
1739553568630 63.915502087558934 216
1739553568640 64.21067044048189 217
1739553568650 64.86206984296065 218
1739553568661 68.77922787384749 219
1739553568672 66.33359404735187 220
1739553568682 58.915604080840055 221
1739553568693 65.80968744105219 222
1739553568704 59.25391373797606 223
1739553568714 59.259293532235255 224
1739553568723 60.31799821119294 225
1739553568733 61.91300894508326 226
1739553568742 59.54411835684814 227
1739553568752 62.02380397451041 228
1739553568762 61.46407796632758 229
1739553568772 65.99131708440133 230
1739553568781 57.72102771551035 231
1739553568790 61.60641679813938 232
1739553568802 58.19612443070448 233
1739553568811 63.3310767981909 234
1739553568820 57.149433100421405 235
1739553568830 59.84785738177018 236
1739553568839 56.683459204657545 237
1739553568848 57.579147345641815 238
1739553568857 60.38570805261217 239
1739553568867 52.311379179002564 240
1739553568875 65.41630343485699 241
1739553568885 59.865581021299974 242
1739553568895 57.14762892274625 243
1739553568905 59.68867881550767 244
1739553568914 59.734893781127944 245
1739553568924 54.2179644630181 246
1739553568933 59.04674875647576 247
1739553568943 56.55987428267645 248
1739553568951 56.690115217746445 249
1739553568960 52.66166039047064 250
1739553568969 58.65959337937597 251
1739553568978 52.93264399548116 252
1739553568987 58.53979252881971 253
1739553568996 51.51958785830473 254
1739553569006 60.49697869600896 255
1739553569014 55.728061648411895 256
1739553569023 52.71999726900567 257
1739553569033 58.635901928493446 258
1739553569043 53.43133349788885 259
1739553569051 58.55135945667269 260
1739553569060 52.24773794453031 261
1739553569070 59.50744735996374 262
1739553569079 50.615968767199846 263
1739553569087 55.966482950061234 264
1739553569095 55.383784409441056 265
1739553569104 61.67013695856523 266
1739553569112 55.21532700457346 267
1739553569120 55.35761031733382 268
1739553569128 53.34051186373441 269
1739553569136 51.16678642810451 270
1739553569145 53.327912439763374 271
1739553569153 59.789792312756035 272
1739553569162 47.835522861879916 273
1739553569169 54.782614951922234 274
1739553569177 54.8669494899676 275
1739553569184 52.410397261223025 276
1739553569192 55.77061323912326 277
1739553569200 55.81461786497382 278
1739553569208 59.48862330627129 279
1739553569215 54.2151395555481 280
1739553569223 56.893946963987545 281
1739553569231 55.52094309871318 282
1739553569239 53.59431269301801 283
1739553569246 53.763958641926166 284
1739553569254 53.59412741522623 285
1739553569261 52.61301271571096 286
1739553569268 50.81080562949329 287
1739553569276 51.48495508072148 288
1739553569282 52.71676326779538 289
1739553569289 54.18369693246558 290
1739553569296 44.97672487329226 291
1739553569304 50.17515701404325 292
1739553569311 49.83154696539272 293
1739553569318 50.90286316046938 294
1739553569325 50.97973737242536 295
1739553569333 54.580884241890715 296
1739553569339 45.86299509209431 297
1739553569346 49.72622555553901 298
1739553569353 50.42173888062083 299
1739553569360 51.90232525821896 300
1739553569367 50.83521688688663 301
1739553569374 50.93016185876213 302
1739553569382 50.50299883057074 303
1739553569391 49.94855571032798 304
1739553569400 53.39860631714984 305
1739553569409 44.210988889286895 306
1739553569417 42.68459238856697 307
1739553569425 45.39611059818458 308
1739553569433 51.035077117919606 309
1739553569442 47.12173846843745 310
1739553569450 50.148583138518745 311
1739553569459 51.337915384460864 312
1739553569467 52.791412966843744 313
1739553569474 47.2710019189706 314
1739553569482 47.799156460558514 315
1739553569490 45.06685401674254 316
1739553569497 43.47575764437287 317
1739553569505 47.008537065381816 318
1739553569514 42.44656207995829 319
1739553569523 48.83799385304444 320
1739553569532 49.11605028616797 321
1739553569539 50.68062041760741 322
1739553569548 46.272439647451854 323
1739553569555 46.07929997266714 324
1739553569563 48.54525729603407 325
1739553569570 46.43231633489166 326
1739553569577 52.9421352657052 327
1739553569586 47.289625777489114 328
1739553569594 48.174844997166026 329
1739553569601 49.27420720063328 330
1739553569610 48.48453528030871 331
1739553569619 45.79247021088158 332
1739553569630 48.19779238425806 333
1739553569638 43.10261012708492 334
1739553569646 49.71379795955333 335
1739553569653 45.90099940935448 336
1739553569663 45.12110546424824 337
1739553569672 47.32680314541656 338
1739553569680 47.15467244290012 339
1739553569689 49.2554354556322 340
1739553569697 43.171885055906216 341
1739553569704 50.6322602372671 342
1739553569712 42.940747563887804 343
1739553569720 44.27405335168186 344
1739553569727 45.0052449838947 345
1739553569734 42.69276760634047 346
1739553569741 40.432231858642425 347
1739553569749 40.913410236862134 348
1739553569757 42.00263310159597 349
1739553569765 42.89240809598171 350
1739553569772 43.71610047452565 351
1739553569779 45.152766013519596 352
1739553569787 47.93636370776922 353
1739553569796 47.02658166192146 354
1739553569804 46.63375047657336 355
1739553569812 42.535787830603915 356
1739553569819 43.55560019238661 357
1739553569828 45.70776929099162 358
1739553569836 47.5431622534828 359
1739553569843 45.725942357840545 360
1739553569851 40.07777161674868 361
1739553569859 45.74403426668571 362
1739553569867 47.69030053450665 363
1739553569874 45.93176707367396 364
1739553569881 48.82600064001281 365
1739553569889 41.270078247731206 366
1739553569897 45.893282252872766 367
1739553569905 40.28583697754015 368
1739553569913 38.3023970738044 369
1739553569922 47.75056887415229 370
1739553569933 48.30168911865771 371
1739553569941 42.929932578057496 372
1739553569948 48.1413030301011 373
1739553569955 47.538652085664005 374
1739553569962 48.612382449066544 375
1739553569970 41.915597545120114 376
1739553569977 44.79951660839033 377
1739553569985 41.561727824586775 378
1739553569992 38.9761701957683 379
1739553570000 47.76422787009276 380
1739553570007 44.503727983995866 381
1739553570014 45.1366043719208 382
1739553570022 38.14561950661083 383
1739553570030 41.07955526779634 384
1739553570038 39.761294134539064 385
1739553570046 37.307138648584576 386
1739553570054 39.0829033298073 387
1739553570062 44.64707622521003 388
1739553570070 39.12234555228704 389
1739553570079 36.209435920143385 390
1739553570086 35.95549505517798 391
1739553570093 42.340445258227895 392
1739553570100 40.31532714118582 393
1739553570108 39.54349514064724 394
1739553570115 38.49566980493405 395
1739553570123 44.39941044059893 396
1739553570132 47.43713214006675 397
1739553570140 44.718151368101545 398
1739553570148 45.27579157926524 399
1739553570157 41.856830755102095 400
1739553570166 42.180876841249386 401
1739553570175 40.24400027337277 402
1739553570183 40.176397916616104 403
1739553570193 45.58080921615538 404
1739553570203 39.05614836359539 405
1739553570211 40.26319770236605 406
1739553570218 46.18221413598238 407
1739553570225 38.7309695703917 408
1739553570234 34.81540911448103 409
1739553570242 34.57052245361375 410
1739553570250 40.88846086943474 411
1739553570257 38.33969182142821 412
1739553570266 38.34238606729839 413
1739553570274 39.235793547904066 414
1739553570283 36.495555645226084 415
1739553570291 40.69054926427189 416
1739553570302 33.47499282371968 417
1739553570311 34.65450856005689 418
1739553570319 44.986547238430276 419
1739553570329 45.72132254381646 420
1739553570338 36.73122706798762 421
1739553570346 38.45452672969807 422
1739553570354 39.30601033764237 423
1739553570363 39.82322828153158 424
1739553570371 41.11480190111042 425
1739553570378 42.406707867415705 426
1739553570385 36.79307342869568 427
1739553570395 41.19704541432239 428
1739553570403 30.180569482707803 429
1739553570411 45.12525234786078 430
1739553570418 46.88442347620064 431
1739553570426 39.29716361458175 432
1739553570433 34.440391267157835 433
1739553570441 36.41334154385204 434
1739553570449 34.96372484024845 435
1739553570456 42.04624102302277 436
1739553570464 37.203009289057306 437
1739553570472 39.26354067500364 438
1739553570481 37.864652830737676 439
1739553570488 36.980856914858066 440
1739553570495 41.64504711222495 441
1739553570505 45.42378175902019 442
1739553570512 34.82509003735218 443
1739553570520 42.706035440990625 444
1739553570529 38.242610150650684 445
1739553570538 47.204864964153884 446
1739553570545 40.150147758848995 447
1739553570553 41.81709473087231 448
1739553570560 37.28541794091355 449
1739553570568 35.81047568110064 450
1739553570575 38.8990812529321 451
1739553570582 35.72543986842266 452
1739553570590 32.38450516663679 453
1739553570598 40.651116613946954 454
1739553570607 35.935568707916055 455
1739553570615 44.500376371798325 456
1739553570624 30.604970317903348 457
1739553570632 41.88506333786675 458
1739553570641 36.93728987616232 459
1739553570649 37.51757773455926 460
1739553570656 39.20650552041306 461
1739553570663 43.75432193985741 462
1739553570672 42.098128337133964 463
1739553570680 43.171417996338675 464
1739553570688 33.67245329718239 465
1739553570695 33.167694337027044 466
1739553570704 40.0104593390298 467
1739553570712 40.40560578078262 468
1739553570720 46.7030424771265 469
1739553570727 38.09268513716224 470
1739553570736 37.63661953706988 471
1739553570744 37.817939709723106 472
1739553570753 32.252591811651214 473
1739553570760 35.2723885499535 474
1739553570768 35.87712591431538 475
1739553570776 34.45637868201791 476
1739553570783 38.18115612122232 477
1739553570790 41.89610019756962 478
1739553570798 37.23144400419623 479
1739553570807 30.029354179780572 480
1739553570815 38.746011600298516 481
1739553570822 38.099617610010625 482
1739553570829 37.70183398424963 483
1739553570836 37.4810986077928 484
1739553570843 42.49632490534984 485
1739553570852 38.797705008868675 486
1739553570861 38.78493216265574 487
1739553570870 39.76178890414821 488
1739553570880 39.84158024169542 489
1739553570890 29.198779925439606 490
1739553570904 33.83014257918143 491
1739553570914 36.821612633004314 492
1739553570923 32.99276086278558 493
1739553570938 34.74478628983488 494
1739553570950 36.90021088414296 495
1739553570960 34.551692580001706 496
1739553570971 35.172022266700196 497
1739553570987 37.28991553363713 498
1739553571000 37.45664070167042 499
