1739612930888 169.13424529036558 0
1739612930899 169.12742884425057 1
1739612930908 169.1207844955074 2
1739612930919 169.11414048997432 3
1739612930928 169.10749683300025 4
1739612930937 169.10085352456534 5
1739612930947 169.0942105646498 6
1739612930957 169.08756795323407 7
1739612930966 169.08092569029836 8
1739612930976 169.074283775823 9
1739612930985 169.0676422097883 10
1739612930995 169.06100099217457 11
1739612931004 169.0543601229621 12
1739612931013 169.04771960213122 13
1739612931023 169.04107942966223 14
1739612931032 169.03443960553548 15
1739612931041 169.02780012973122 16
1739612931051 169.02116100222983 17
1739612931060 169.0145222230116 18
1739612931070 169.00788379205684 19
1739612931091 169.00124570934588 20
1739612931103 168.99460797485898 21
1739612931112 168.98797058857656 22
1739612931122 168.9813335504789 23
1739612931131 168.97469686054632 24
1739612931141 168.96806051875916 25
1739612931150 168.9614245250977 26
1739612931159 168.9547888795423 27
1739612931168 168.94815358207333 28
1739612931178 168.94151863267103 29
1739612931187 168.9348840313158 30
1739612931197 168.92824977798796 31
1739612931206 168.92161587266781 32
1739612931216 168.91498231533575 33
1739612931226 168.90834910597198 34
1739612931236 168.90171624455704 35
1739612931246 168.89508373107105 36
1739612931255 168.88845156549453 37
1739612931266 168.88181974780773 38
1739612931275 168.87518827799101 39
1739612931285 168.8685571560247 40
1739612931294 168.8619263818891 41
1739612931304 168.8552959555647 42
1739612931313 168.8486658770317 43
1739612931322 168.8420361462705 44
1739612931332 168.83540676326146 45
1739612931342 168.8287777279849 46
1739612931351 168.82214904042118 47
1739612931361 168.81552070055065 48
1739612931371 168.8088927083537 49
1739612931383 168.80226506381064 50
1739612931395 168.79563776690185 51
1739612931404 168.78901081760768 52
1739612931414 168.7823842159085 53
1739612931423 168.77575796178456 54
1739612931434 168.7691320552164 55
1739612931444 168.76250649618424 56
1739612931453 168.75588128466853 57
1739612931462 168.7492564206496 58
1739612931471 168.74263190410778 59
1739612931481 168.73600773502346 60
1739612931491 168.72938391337703 61
1739612931501 168.72276043914886 62
1739612931511 168.7161373123193 63
1739612931520 168.70951453286867 64
1739612931529 168.70289210077743 65
1739612931538 168.69627001602595 66
1739612931548 168.68964827859452 67
1739612931557 168.68302688846356 68
1739612931567 168.67640584561346 69
1739612931579 168.66978515002455 70
1739612931589 168.6631648016773 71
1739612931599 168.656544800552 72
1739612931608 168.64992514662907 73
1739612931618 168.6433058398889 74
1739612931627 168.63668688031186 75
1739612931637 168.63006826787827 76
1739612931646 168.62345000256863 77
1739612931656 168.61683208436332 78
1739612931666 168.6102145132426 79
1739612931675 168.60359728918698 80
1739612931694 168.59698041217678 81
1739612931703 168.59036388219246 82
1739612931714 168.58374769921434 83
1739612931724 168.57713186322286 84
1739612931734 168.5705163741984 85
1739612931743 168.56390123212137 86
1739612931753 168.55728643697213 87
1739612931762 168.55067198873112 88
1739612931772 168.5440578873787 89
1739612931781 168.53744413289533 90
1739612931790 168.53083072526132 91
1739612931800 168.52421766445715 92
1739612931809 168.5176049504632 93
1739612931818 168.5109925832599 94
1739612931828 168.5043805628276 95
1739612931837 168.49776888914676 96
1739612931847 168.49115756219774 97
1739612931856 168.48454658196096 98
1739612931866 168.47793594841684 99
1739612931875 168.47132566154582 100
1739612931884 168.46471572132833 101
1739612931894 168.45810612774468 102
1739612931903 168.45149688077544 103
1739612931913 168.44488798040086 104
1739612931922 168.43827942660144 105
1739612931932 168.4316712193576 106
1739612931941 168.42506335864974 107
1739612931950 168.41845584445832 108
1739612931959 168.41184867676375 109
1739612931969 168.40524185554642 110
1739612931978 168.39863538078674 111
1739612931987 168.39202925246522 112
1739612931997 168.38542347056222 113
1739612932006 168.37881803505817 114
1739612932016 168.37221294593357 115
1739612932026 168.36560820316873 116
1739612932035 168.3590038067442 117
1739612932044 168.3523997566403 118
1739612932054 168.34579605283756 119
1739612932064 168.3391926953164 120
1739612932074 168.3325896840572 121
1739612932084 168.32598701904044 122
1739612932095 168.31938470024656 123
1739612932105 168.312782727656 124
1739612932115 168.3061811012492 125
1739612932124 168.29957982100657 126
1739612932134 168.2929788869086 127
1739612932143 168.28637829893566 128
1739612932153 168.27977805706828 129
1739612932162 168.27317816128686 130
1739612932171 168.2665786115719 131
1739612932181 168.25997940790376 132
1739612932190 168.25338055026296 133
1739612932200 168.24678203862993 134
1739612932210 168.24018387298517 135
1739612932219 168.233586053309 136
1739612932229 168.226988579582 137
1739612932238 168.22039145178462 138
1739612932248 168.21379466989723 139
1739612932258 168.20719823390039 140
1739612932268 168.2006021437745 141
1739612932277 168.1940063995 142
1739612932287 168.18741100105743 143
1739612932296 168.18081594842718 144
1739612932306 168.17422124158978 145
1739612932315 168.16762688052563 146
1739612932325 168.1610328652152 147
1739612932334 168.154439195639 148
1739612932344 168.14784587177746 149
1739612932354 168.14125289361112 150
1739612932364 168.13466026112036 151
1739612932373 168.1280679742857 152
1739612932383 168.12147603308762 153
1739612932392 168.11488443750656 154
1739612932402 168.10829318752303 155
1739612932411 168.10170228311748 156
1739612932420 168.0951117242704 157
1739612932430 168.08852151096227 158
1739612932440 168.08193164317356 159
1739612932449 168.07534212088478 160
1739612932458 168.06875294407635 161
1739612932468 168.06216411272885 162
1739612932478 168.0555756268227 163
1739612932487 168.04898748633838 164
1739612932497 168.04239969125638 165
1739612932506 168.0358122415572 166
1739612932516 168.02922513722137 167
1739612932526 168.02263837822932 168
1739612932535 168.01605196456157 169
1739612932546 168.0094658961986 170
1739612932556 168.00288017312093 171
1739612932566 167.996294795309 172
1739612932575 167.98970976274336 173
1739612932585 167.9831250754045 174
1739612932595 167.9765407332729 175
1739612932604 167.9699567363291 176
1739612932614 167.96337308455352 177
1739612932624 167.9567897779267 178
1739612932643 167.95020681642922 179
1739612932653 167.94362420004148 180
1739612932663 167.93704192874398 181
1739612932673 167.93046000251735 182
1739612932683 167.92387842134198 183
1739612932693 167.91729718519844 184
1739612932703 167.91071629406716 185
1739612932712 167.90413574792873 186
1739612932721 167.8975555467637 187
1739612932731 167.8909756905525 188
1739612932740 167.88439617927563 189
1739612932750 167.87781701291368 190
1739612932759 167.8712381914471 191
1739612932768 167.8646597148565 192
1739612932777 167.8580815831223 193
1739612932788 167.8515037962251 194
1739612932799 167.84492635414531 195
1739612932810 167.8383492568636 196
1739612932819 167.83177250436037 197
1739612932829 167.8251960966162 198
1739612932839 167.81862003361164 199
1739612932849 167.81204431532717 200
1739612932859 167.80546894174336 201
1739612932868 167.79889391284067 202
1739612932878 167.7923192285997 203
1739612932888 167.785744889001 204
1739612932897 167.779170894025 205
1739612932907 167.77259724365234 206
1739612932916 167.7660239378635 207
1739612932931 167.75945097663902 208
1739612932941 167.75287835995945 209
1739612932978 167.74630608780535 210
1739612932996 167.73973416015718 211
1739612933005 167.7331625769956 212
1739612933015 167.7265913383011 213
1739612933024 167.72002044405417 214
1739612933034 167.7134498942354 215
1739612933043 167.70687968882535 216
1739612933052 167.70030982780457 217
1739612933062 167.69374031115353 218
1739612933071 167.68717113885288 219
1739612933081 167.68060231088316 220
1739612933090 167.67403382722483 221
1739612933100 167.66746568785854 222
1739612933109 167.66089789276478 223
1739612933118 167.65433044192417 224
1739612933127 167.6477633353172 225
1739612933136 167.64119657292449 226
1739612933146 167.63463015472655 227
1739612933155 167.62806408070392 228
1739612933165 167.62149835083724 229
1739612933175 167.614932965107 230
1739612933185 167.6083679234938 231
1739612933195 167.60180322597822 232
1739612933204 167.59523887254076 233
1739612933214 167.58867486316205 234
1739612933223 167.58211119782266 235
1739612933233 167.57554787650304 236
1739612933242 167.56898489918396 237
1739612933251 167.5624222658458 238
1739612933262 167.55585997646932 239
1739612933271 167.54929803103488 240
1739612933281 167.54273642952322 241
1739612933290 167.5361751719149 242
1739612933300 167.52961425819038 243
1739612933309 167.52305368833035 244
1739612933318 167.5164934623154 245
1739612933328 167.509933580126 246
1739612933336 167.50337404174283 247
1739612933346 167.4968148471464 248
1739612933356 167.49025599631736 249
1739612933365 167.48369748923628 250
1739612933375 167.4771393258837 251
1739612933384 167.47058150624028 252
1739612933394 167.46402403028657 253
1739612933403 167.45746689800316 254
1739612933414 167.45091010937062 255
1739612933423 167.44435366436957 256
1739612933433 167.4377975629806 257
1739612933443 167.4312418051843 258
1739612933453 167.42468639096126 259
1739612933462 167.41813132029208 260
1739612933472 167.41157659315738 261
1739612933481 167.40502220953772 262
1739612933490 167.39846816941372 263
1739612933501 167.39191447276596 264
1739612933510 167.38536111957512 265
1739612933519 167.37880810982168 266
1739612933529 167.37225544348632 267
1739612933539 167.36570312054965 268
1739612933550 167.35915114099228 269
1739612933560 167.3525995047948 270
1739612933569 167.34604821193776 271
1739612933589 167.33949726240184 272
1739612933599 167.3329466561677 273
1739612933609 167.32639639321584 274
1739612933619 167.31984647352692 275
1739612933629 167.3132968970816 276
1739612933639 167.30674766386042 277
1739612933648 167.30019877384407 278
1739612933658 167.2936502270131 279
1739612933668 167.28710202334818 280
1739612933678 167.28055416282996 281
1739612933687 167.2740066454389 282
1739612933696 167.26745947115583 283
1739612933705 167.26091263996125 284
1739612933714 167.2543661518358 285
1739612933723 167.24782000676018 286
1739612933733 167.24127420471487 287
1739612933743 167.23472874568066 288
1739612933752 167.2281836296381 289
1739612933762 167.22163885656775 290
1739612933771 167.21509442645043 291
1739612933780 167.20855033926662 292
1739612933790 167.202006594997 293
1739612933799 167.19546319362217 294
1739612933808 167.18892013512283 295
1739612933817 167.1823774194796 296
1739612933826 167.17583504667306 297
1739612933835 167.16929301668392 298
1739612933845 167.16275132949283 299
1739612933854 167.15620998508035 300
1739612933864 167.1496689834272 301
1739612933873 167.14312832451398 302
1739612933883 167.13658800832138 303
1739612933892 167.13004803483003 304
1739612933902 167.12350840402055 305
1739612933911 167.1169691158736 306
1739612933920 167.11043017036982 307
1739612933929 167.10389156748994 308
1739612933938 167.0973533072145 309
1739612933948 167.0908153895242 310
1739612933957 167.08427781439977 311
1739612933967 167.0777405818217 312
1739612933976 167.07120369177082 313
1739612933986 167.06466714422766 314
1739612933995 167.058130939173 315
1739612934004 167.05159507658738 316
1739612934013 167.04505955645152 317
1739612934022 167.0385243787461 318
1739612934032 167.03198954345174 319
1739612934041 167.02545505054914 320
1739612934050 167.01892090001894 321
1739612934059 167.01238709184182 322
1739612934068 167.0058536259984 323
1739612934078 166.99932050246952 324
1739612934087 166.99278772123563 325
1739612934098 166.98625528227757 326
1739612934107 166.97972318557586 327
1739612934117 166.97319143111133 328
1739612934128 166.96666001886456 329
1739612934138 166.96012894881628 330
1739612934150 166.9535982209471 331
1739612934159 166.94706783523776 332
1739612934168 166.9405377916689 333
1739612934178 166.93400809022125 334
1739612934187 166.9274787308754 335
1739612934196 166.92094971361215 336
1739612934207 166.91442103841212 337
1739612934218 166.907892705256 338
1739612934227 166.90136471412447 339
1739612934237 166.89483706499826 340
1739612934247 166.888309757858 341
1739612934256 166.88178279268445 342
1739612934266 166.87525616945823 343
1739612934276 166.86872988816006 344
1739612934285 166.86220394877063 345
1739612934295 166.85567835127068 346
1739612934305 166.84915309564082 347
1739612934315 166.84262818186184 348
1739612934324 166.83610360991437 349
1739612934334 166.82957937977918 350
1739612934344 166.82305549143683 351
1739612934353 166.8165319448682 352
1739612934363 166.8100087400539 353
1739612934372 166.80348587697463 354
1739612934384 166.7969633556111 355
1739612934395 166.790441175944 356
1739612934404 166.7839193379541 357
1739612934414 166.77739784162205 358
1739612934423 166.7708766869286 359
1739612934433 166.76435587385444 360
1739612934442 166.7578354023803 361
1739612934452 166.75131527248683 362
1739612934462 166.74479548415482 363
1739612934473 166.73827603736495 364
1739612934483 166.73175693209794 365
1739612934492 166.72523816833453 366
1739612934501 166.7187197460554 367
1739612934511 166.7122016652413 368
1739612934520 166.7056839258729 369
1739612934540 166.69916652793103 370
1739612934549 166.6926494713963 371
1739612934560 166.68613275624952 372
1739612934570 166.67961638247135 373
1739612934581 166.67310035004252 374
1739612934592 166.6665846589438 375
1739612934601 166.66006930915594 376
1739612934611 166.65355430065958 377
1739612934620 166.64703963343553 378
1739612934630 166.6405253074645 379
1739612934639 166.6340113227272 380
1739612934649 166.62749767920437 381
1739612934658 166.62098437687678 382
1739612934667 166.61447141572512 383
1739612934677 166.6079587957302 384
1739612934686 166.6014465168727 385
1739612934696 166.59493457913337 386
1739612934705 166.58842298249292 387
1739612934715 166.5819117269322 388
1739612934724 166.57540081243187 389
1739612934733 166.56889023897267 390
1739612934742 166.56238000653536 391
1739612934752 166.55587011510065 392
1739612934762 166.54936056464936 393
1739612934770 166.54285135516224 394
1739612934780 166.53634248662 395
1739612934790 166.5298339590034 396
1739612934799 166.5233257722932 397
1739612934808 166.5168179264701 398
1739612934818 166.51031042151496 399
1739612934827 166.50380325740846 400
1739612934836 166.49729643413139 401
1739612934846 166.49078995166448 402
1739612934856 166.48428380998854 403
1739612934865 166.47777800908426 404
1739612934875 166.47127254893246 405
1739612934884 166.46476742951393 406
1739612934893 166.4582626508093 407
1739612934903 166.4517582127995 408
1739612934915 166.4452541154652 409
1739612934925 166.43875035878713 410
1739612934935 166.43224694274622 411
1739612934945 166.4257438673231 412
1739612934954 166.4192411324985 413
1739612934963 166.41273873825335 414
1739612934972 166.40623668456837 415
1739612934982 166.39973497142424 416
1739612934991 166.39323359880186 417
1739612935000 166.38673256668193 418
1739612935010 166.3802318750452 419
1739612935019 166.3737315238726 420
1739612935029 166.36723151314476 421
1739612935038 166.3607318428425 422
1739612935047 166.35423251294662 423
1739612935056 166.3477335234379 424
1739612935065 166.34123487429716 425
1739612935074 166.3347365655051 426
1739612935083 166.32823859704257 427
1739612935094 166.32174096889034 428
1739612935106 166.31524368102924 429
1739612935116 166.30874673344 430
1739612935126 166.30225012610344 431
1739612935135 166.29575385900029 432
1739612935145 166.2892579321115 433
1739612935154 166.28276234541775 434
1739612935164 166.2762670988998 435
1739612935174 166.26977219253854 436
1739612935184 166.2632776263147 437
1739612935193 166.25678340020914 438
1739612935203 166.25028951420262 439
1739612935212 166.24379596827595 440
1739612935221 166.23730276240997 441
1739612935230 166.23080989658538 442
1739612935240 166.22431737078313 443
1739612935249 166.21782518498392 444
1739612935259 166.21133333916856 445
1739612935268 166.20484183331794 446
1739612935278 166.19835066741277 447
1739612935287 166.19185984143394 448
1739612935297 166.1853693553622 449
1739612935306 166.17887920917846 450
1739612935315 166.17238940286344 451
1739612935325 166.16589993639798 452
1739612935334 166.1594108097629 453
1739612935344 166.152922022939 454
1739612935353 166.1464335759071 455
1739612935363 166.1399454686481 456
1739612935372 166.13345770114273 457
1739612935382 166.12697027337185 458
1739612935392 166.1204831853163 459
1739612935402 166.11399643695682 460
1739612935411 166.10751002827433 461
1739612935420 166.10102395924963 462
1739612935430 166.09453822986353 463
1739612935439 166.08805284009685 464
1739612935449 166.0815677899305 465
1739612935458 166.07508307934515 466
1739612935468 166.06859870832182 467
1739612935485 166.06211467684125 468
1739612935497 166.05563098488423 469
1739612935507 166.0491476324317 470
1739612935516 166.04266461946443 471
1739612935526 166.0361819459633 472
1739612935535 166.02969961190905 473
1739612935545 166.02321761728268 474
1739612935554 166.01673596206487 475
1739612935564 166.0102546462366 476
1739612935573 166.00377366977858 477
1739612935583 165.9972930326718 478
1739612935592 165.99081273489702 479
1739612935601 165.98433277643508 480
1739612935610 165.97785315726685 481
1739612935619 165.97137387737322 482
1739612935629 165.96489493673494 483
1739612935638 165.95841633533294 484
1739612935648 165.95193807314809 485
1739612935657 165.94546015016115 486
1739612935667 165.93898256635305 487
1739612935675 165.93250532170467 488
1739612935684 165.9260284161968 489
1739612935694 165.91955184981032 490
1739612935703 165.91307562252612 491
1739612935712 165.90659973432503 492
1739612935721 165.90012418518785 493
1739612935731 165.89364897509563 494
1739612935740 165.88717410402904 495
1739612935750 165.88069957196905 496
1739612935759 165.87422537889645 497
1739612935768 165.8677515247922 498
1739612935777 165.86127800963712 499
