1739553411524 1.8924100950538658 0
1739553411560 5.954999714454999 1
1739553411593 5.544713388650815 2
1739553411627 3.7986587339947637 3
1739553411667 4.1946175432285795 4
1739553411702 5.353391507849851 5
1739553411736 7.578361218270779 6
1739553411770 2.3788995637610997 7
1739553411805 3.3150585377735076 8
1739553411843 1.814267510120298 9
1739553411879 4.008119382040945 10
1739553411915 1.575904065875095 11
1739553411952 9.312927719395427 12
1739553411987 3.1568135191748556 13
1739553412020 7.930512003160084 14
1739553412057 10.811813440133834 15
1739553412094 14.461658784704877 16
1739553412129 1.96480827858415 17
1739553412165 7.889298313107224 18
1739553412202 4.717864340224213 19
1739553412239 3.0526786780449706 20
1739553412272 4.615601174060952 21
1739553412310 3.429642685943756 22
1739553412347 7.570044629787652 23
1739553412382 5.017018054398178 24
1739553412417 4.684412716541291 25
1739553412452 5.978731111540859 26
1739553412488 1.9339679298902166 27
1739553412524 9.15216903443279 28
1739553412561 3.325890461116323 29
1739553412601 22.37791977609847 30
1739553412636 2.6524431652183833 31
1739553412670 0.5678267357599021 32
1739553412706 6.703674436192197 33
1739553412743 7.166013929544784 34
1739553412778 3.583218708009192 35
1739553412813 2.9561677634726284 36
1739553412850 6.1089526579218205 37
1739553412887 12.988131226529827 38
1739553412923 2.163809667659255 39
1739553412959 8.044683787046068 40
1739553412997 2.913541653690962 41
1739553413031 1.0295875573244813 42
1739553413066 4.903308943164056 43
1739553413101 6.5608441782734825 44
1739553413137 7.3944030487465575 45
1739553413173 5.044712538293037 46
1739553413207 6.445717507862106 47
1739553413242 4.039823922483118 48
1739553413279 3.8504237597002597 49
1739553413315 5.526808737018902 50
1739553413350 4.012998666129259 51
1739553413386 3.1119619402057093 52
1739553413423 8.242123102113286 53
1739553413459 6.23816989650478 54
1739553413533 10.998879728491902 55
1739553413572 8.652431356471423 56
1739553413610 9.623208180583216 57
1739553413650 4.07505243280253 58
1739553413688 5.279883430632253 59
1739553413726 6.848822777498412 60
1739553413763 8.689425808807966 61
1739553413801 6.9900339034976335 62
1739553413837 4.63473561526052 63
1739553413872 3.7923022215564934 64
1739553413910 5.590870595095208 65
1739553413946 21.12666107328999 66
1739553413982 12.773960405085445 67
1739553414019 5.2034489132565 68
1739553414055 11.447897991393432 69
1739553414092 14.061699352301149 70
1739553414129 4.755698668812198 71
1739553414164 7.181926662089024 72
1739553414203 2.4252975593663444 73
1739553414238 2.8958210609835997 74
1739553414273 10.590514337438874 75
1739553414309 5.713406819064229 76
1739553414345 4.070626569711577 77
1739553414378 3.8423059339821006 78
1739553414414 3.258192879918758 79
1739553414450 3.057732181331311 80
1739553414485 5.0949140767674646 81
1739553414520 5.568361843968704 82
1739553414554 0.8915935494711997 83
1739553414590 4.520398702316968 84
1739553414627 2.9608404351344686 85
1739553414664 1.8682152034504984 86
1739553414701 7.58079592201964 87
1739553414738 3.839558393590686 88
1739553414774 9.93298100046938 89
1739553414810 8.381294974104225 90
1739553414846 3.529241007898325 91
1739553414882 4.563571552049923 92
1739553414919 1.0543267542249835 93
1739553414954 2.669387554791969 94
1739553414991 5.331248151115828 95
1739553415028 6.354469229328238 96
1739553415065 3.331410453166527 97
1739553415101 8.429881139496048 98
1739553415137 5.807869276774711 99
1739553415172 4.323986561253606 100
1739553415208 6.100281456331052 101
1739553415244 1.887439565589903 102
1739553415280 8.71306915631477 103
1739553415316 3.095323818003212 104
1739553415403 5.617936517857748 105
1739553415437 5.3853008146920684 106
1739553415470 6.990931673146347 107
1739553415505 3.366839117849263 108
1739553415542 2.3797811528088886 109
1739553415578 9.52707218898123 110
1739553415613 1.686454419168308 111
1739553415648 6.823908309186893 112
1739553415685 4.683739502845006 113
1739553415721 6.995405052898972 114
1739553415755 2.8737957583416933 115
1739553415790 0.31726128008396737 116
1739553415828 6.157111358395967 117
1739553415864 1.8589358298998362 118
1739553415899 1.7256258816791339 119
1739553415935 3.8230713348597343 120
1739553415970 6.471682637202045 121
1739553416004 2.873982065633636 122
1739553416040 2.502594822292969 123
1739553416076 6.597817573725613 124
1739553416111 4.236561065311057 125
1739553416146 5.605393780914326 126
1739553416182 8.989730272374004 127
1739553416218 1.75898422618972 128
1739553416254 2.7863746590805 129
1739553416289 5.1982900735840305 130
1739553416329 8.492060380491546 131
1739553416366 3.369459281878089 132
1739553416402 7.528449979205446 133
1739553416448 3.7557170339277874 134
1739553416490 1.6479029435982573 135
1739553416531 8.860032893910983 136
1739553416570 2.574149566032287 137
1739553416609 7.283161836101539 138
1739553416645 7.662772473977486 139
1739553416681 7.294937463223784 140
1739553416719 6.898072662349149 141
1739553416756 8.794348927088707 142
1739553416793 3.634456723894456 143
1739553416829 2.5187922368871027 144
1739553416868 4.941055208893235 145
1739553416904 5.253348911489649 146
1739553416941 2.8419806334357847 147
1739553416979 12.53734731304692 148
1739553417016 3.937877115213677 149
1739553417053 4.781378761993371 150
1739553417089 4.9459318600955795 151
1739553417129 1.3164335316434976 152
1739553417164 13.379146433217253 153
1739553417200 2.6826388126193312 154
1739553417235 2.755196151847555 155
1739553417274 3.954911395953619 156
1739553417309 4.0332008755659325 157
1739553417345 20.052261484498896 158
1739553417380 8.003671963111135 159
1739553417416 8.246372983324987 160
1739553417451 10.902890001586133 161
1739553417486 5.588779704753492 162
1739553417523 8.181178792580404 163
1739553417560 3.8319193577018793 164
1739553417596 9.487900441328742 165
1739553417629 3.0232283284369124 166
1739553417667 1.6401350656585911 167
1739553417703 4.444887602300945 168
1739553417737 10.589031476051204 169
1739553417772 4.608101032902992 170
1739553417809 0.9849437579063606 171
1739553417844 8.580344361675223 172
1739553417878 8.712219100061935 173
1739553417915 11.33286915400864 174
1739553417950 7.841117000150776 175
1739553417985 19.82772110024463 176
1739553418020 2.4449579980541913 177
1739553418056 9.519031590676379 178
1739553418092 11.045519842321339 179
1739553418127 2.646786152226526 180
1739553418163 6.907405408004633 181
1739553418200 3.7169375110872576 182
1739553418235 4.948140893286355 183
1739553418268 8.343602031929342 184
1739553418304 4.898805175147709 185
1739553418340 7.07752314828902 186
1739553418375 1.5183722456212398 187
1739553418409 5.176005485065284 188
1739553418444 3.5586247558346673 189
1739553418479 4.3078905611066585 190
1739553418515 6.109914029642474 191
1739553418550 2.6669494572716066 192
1739553418587 4.994534105928192 193
1739553418623 6.1784072654954745 194
1739553418657 6.015352979356681 195
1739553418691 3.319694497871886 196
1739553418728 8.179545822281504 197
1739553418762 3.3719133877183043 198
1739553418797 8.329205950976894 199
1739553418832 6.1362526437644815 200
1739553418868 15.496799534453148 201
1739553418904 6.008494734701117 202
1739553418939 17.50794064964647 203
1739553418975 8.196043634637523 204
1739553419011 4.23511372199072 205
1739553419045 3.3836431725319396 206
1739553419078 18.14149737169651 207
1739553419113 5.907173518123122 208
1739553419150 1.969931805790198 209
1739553419186 4.719606676468649 210
1739553419222 3.196959693061893 211
1739553419258 2.4158296622022153 212
1739553419293 10.550693032146336 213
1739553419331 12.821606618523925 214
1739553419366 2.5211667599218184 215
1739553419402 4.3519680570680945 216
1739553419439 2.8664626960559687 217
1739553419478 5.14309579861346 218
1739553419517 4.309170759214533 219
1739553419555 17.92148143326881 220
1739553419590 3.007039481084149 221
1739553419627 5.037206010801798 222
1739553419664 10.24612406471679 223
1739553419700 4.757751322316011 224
1739553419736 3.483238628962611 225
1739553419771 9.954473934448467 226
1739553419806 3.577087881727923 227
1739553419843 1.8757540551694758 228
1739553419877 1.899653202350091 229
1739553419912 4.808995398076211 230
1739553419947 0.8685118128872782 231
1739553419982 2.932192635251164 232
1739553420016 3.0485743515059394 233
1739553420052 92.5110226626784 234
1739553420087 1.9760364190372746 235
1739553420125 2.3454129315311527 236
1739553420160 11.80333893325679 237
1739553420197 0.9767759707113561 238
1739553420233 5.874228986421766 239
1739553420267 6.339468357122993 240
1739553420301 1.6679823143444645 241
1739553420339 11.745535329225705 242
1739553420376 3.508442032812139 243
1739553420413 3.92803354096654 244
1739553420447 4.359219514794647 245
1739553420481 7.708915526261058 246
1739553420517 4.2980487429314165 247
1739553420551 4.149094606738365 248
1739553420585 6.963502134059538 249
1739553420621 5.5104933708035215 250
1739553420656 1.2414090869362444 251
1739553420689 7.95222952383005 252
1739553420723 1.7566509193524358 253
1739553420758 2.6438808608522413 254
1739553420793 4.752739018369837 255
1739553420829 2.038250784034934 256
1739553420865 6.3830763243720225 257
1739553420901 1.0556063752338276 258
1739553420937 6.603355069384126 259
1739553420973 1.5199767143320437 260
1739553421010 2.898471728102581 261
1739553421046 5.113709395269701 262
1739553421079 2.590372736425433 263
1739553421114 1.960025724437768 264
1739553421149 5.453647070219846 265
1739553421183 28.2075065071674 266
1739553421217 4.774568145311018 267
1739553421249 3.153775824895964 268
1739553421284 6.107455186205665 269
1739553421322 6.431750640110125 270
1739553421358 3.7472582817581293 271
1739553421393 2.8934330872917675 272
1739553421432 8.082346947196903 273
1739553421468 8.66172259474641 274
1739553421502 5.354696639347111 275
1739553421538 1.6025855834713865 276
1739553421575 2.6954535963852084 277
1739553421607 2.0705528162740485 278
1739553421640 3.94459142398937 279
1739553421674 5.48473002742864 280
1739553421711 10.275529510630173 281
1739553421746 5.7538014748060755 282
1739553421780 0.8195557795651155 283
1739553421816 3.8984397402621673 284
1739553421851 5.706015000244139 285
1739553421885 7.4619406669175765 286
1739553421925 4.29606307077936 287
1739553421964 2.346687143793973 288
1739553422000 34.528903040665725 289
1739553422036 11.225558446787094 290
1739553422071 3.435470455183455 291
1739553422108 5.137623672388295 292
1739553422144 5.19385395536658 293
1739553422178 5.621452716552967 294
1739553422214 3.0945730186477762 295
1739553422249 5.7782874713871495 296
1739553422283 7.150850873916841 297
1739553422317 7.3908058538624815 298
1739553422352 4.109252303002056 299
1739553422388 2.2546821771815484 300
1739553422425 11.008281169192193 301
1739553422459 8.29850425668217 302
1739553422496 5.5925117047518045 303
1739553422532 5.655037961995799 304
1739553422569 7.3478516738247155 305
1739553422605 2.6253623302208275 306
1739553422640 1.5098787713515134 307
1739553422675 5.7488569068753375 308
1739553422711 3.6890585492072137 309
1739553422747 9.484422142476763 310
1739553422783 4.73266890833154 311
1739553422818 6.238866191221861 312
1739553422851 2.863101544718854 313
1739553422886 2.241180416600275 314
1739553422922 10.468382379625304 315
1739553422957 5.428144023957871 316
1739553422992 7.155939168040374 317
1739553423030 3.9077062794935147 318
1739553423065 6.1792435559323815 319
1739553423100 1.824997471741763 320
1739553423135 6.235463467913586 321
1739553423170 1.562038826606997 322
1739553423204 7.512528773025755 323
1739553423237 5.4926333939452325 324
1739553423271 20.464296058289996 325
1739553423308 6.35506605973356 326
1739553423343 2.960534303890404 327
1739553423377 4.475994745788885 328
1739553423414 6.9934334838841545 329
1739553423449 1.4155333689223921 330
1739553423483 5.133732368890339 331
1739553423516 5.103268871110997 332
1739553423550 7.965683164133886 333
1739553423584 3.4637884638698746 334
1739553423618 12.936020840452683 335
1739553423650 0.12490117296675032 336
1739553423684 4.411028478388069 337
1739553423719 7.565867546802912 338
1739553423752 4.255546760986342 339
1739553423785 9.802043908463165 340
1739553423821 3.041692308283206 341
1739553423856 5.6289330567801725 342
1739553423891 5.253069854198433 343
1739553423923 4.07732678561008 344
1739553423957 2.009819870705854 345
1739553423990 4.767896433733497 346
1739553424024 1.7816945359863403 347
1739553424059 2.6321215616806377 348
1739553424095 3.8251906143411003 349
1739553424127 6.2018748211736385 350
1739553424160 3.2142300603841267 351
1739553424195 11.854606279019027 352
1739553424231 6.801909805373416 353
1739553424265 1.9878705789034894 354
1739553424298 10.240263205031281 355
1739553424335 7.644290124058039 356
1739553424372 4.630648728002947 357
1739553424406 3.8981895044828243 358
1739553424439 8.702374485973138 359
1739553424474 4.245445013317784 360
1739553424509 5.4602416400992855 361
1739553424543 2.1821734219326165 362
1739553424576 1.3990224416109562 363
1739553424612 1.9406704880542354 364
1739553424647 5.973980355000092 365
1739553424681 4.080758648890488 366
1739553424715 5.873251937442644 367
1739553424751 4.3311636422234745 368
1739553424785 27.986087069079925 369
1739553424819 11.281723312302784 370
1739553424852 4.598006039002914 371
1739553424887 15.195973715643786 372
1739553424922 9.547591920465742 373
1739553424957 5.268398369427036 374
1739553424991 5.706991751910524 375
1739553425028 6.607900463529447 376
1739553425062 11.851770149219844 377
1739553425095 3.0137810218694816 378
1739553425130 2.5162884289279086 379
1739553425166 7.935998373405899 380
1739553425203 2.804775853535552 381
1739553425239 6.624740882501996 382
1739553425274 5.781912658724872 383
1739553425311 9.887343423835128 384
1739553425346 4.037573614409387 385
1739553425380 1.4773906171047655 386
1739553425416 0.16828620263031932 387
1739553425451 4.6858684020261 388
1739553425485 0.28924439257232903 389
1739553425520 4.73430896661718 390
1739553425557 0.8099731309244029 391
1739553425593 3.728932011826313 392
1739553425628 7.479992701008168 393
1739553425663 3.6716181276435966 394
1739553425698 4.287654161422096 395
1739553425732 5.248464106391325 396
1739553425767 2.959609035399461 397
1739553425802 9.674215022538448 398
1739553425837 8.84143561737257 399
1739553425870 2.0867972515206596 400
1739553425904 3.1586104423980355 401
1739553425938 3.601082409031097 402
1739553425972 7.94712872635797 403
1739553426006 7.653310503510844 404
1739553426040 12.878156848430196 405
1739553426073 6.0833774469480195 406
1739553426110 1.788352274546235 407
1739553426144 5.9635128283623455 408
1739553426179 10.448993569408318 409
1739553426214 3.0934464826802004 410
1739553426250 7.881597517137979 411
1739553426282 1.8577941804302964 412
1739553426316 11.867278091659996 413
1739553426352 7.8022235895031375 414
1739553426389 6.501834972547203 415
1739553426423 4.229195154607366 416
1739553426456 5.249253649603858 417
1739553426494 6.120569214243771 418
1739553426530 6.995723473256882 419
1739553426565 1.543708218210306 420
1739553426599 4.817941814934385 421
1739553426635 2.112973676640296 422
1739553426668 1.987522920274053 423
1739553426702 7.7266317701194485 424
1739553426737 7.344870526695254 425
1739553426773 3.556745093633306 426
1739553426808 2.2208595164912452 427
1739553426842 8.764125389973524 428
1739553426877 10.847801786631267 429
1739553426913 2.374232855446303 430
1739553426948 11.43379654082844 431
1739553426981 2.786031143659184 432
1739553427016 6.773224236187878 433
1739553427053 11.283352064369689 434
1739553427086 0.6943998775504452 435
1739553427123 1.3729988031067297 436
1739553427159 4.0413538167585665 437
1739553427195 11.3628347582392 438
1739553427228 6.354441419164062 439
1739553427262 1.4182017587752285 440
1739553427300 14.03538376735585 441
1739553427336 1.9276379647042419 442
1739553427372 8.9891374488188 443
1739553427410 2.1936077911820333 444
1739553427446 3.06286226996512 445
1739553427481 5.898190367470121 446
1739553427517 22.604222015398744 447
1739553427553 0.37230084698297655 448
1739553427589 0.681731175577578 449
1739553427623 10.363289713482212 450
1739553427663 6.358377534432878 451
1739553427701 5.670046258425674 452
1739553427738 5.212443869105924 453
1739553427773 2.452858415090622 454
1739553427811 6.628426561070158 455
1739553427847 3.3632766908201814 456
1739553427883 3.0186153788368864 457
1739553427918 5.48289070374452 458
1739553427953 7.0504606646409345 459
1739553427990 1.8059062591768051 460
1739553428027 6.145958105471906 461
1739553428063 2.768666439435056 462
1739553428099 4.869984510370783 463
1739553428134 1.8925053919057655 464
1739553428166 3.5906286322154983 465
1739553428203 8.314550813894924 466
1739553428238 2.58582546994154 467
1739553428271 1.6029814332908168 468
1739553428305 2.7818605035956443 469
1739553428344 7.459318286969132 470
1739553428379 5.947398096254603 471
1739553428415 6.346252692252019 472
1739553428450 4.943706593116446 473
1739553428486 4.1467281423398274 474
1739553428523 1.4058376661534921 475
1739553428557 2.918115217201478 476
1739553428591 5.6079412246038345 477
1739553428629 9.553303898393509 478
1739553428664 1.447406291978483 479
1739553428699 1.1229517613808435 480
1739553428734 17.1470126824737 481
1739553428771 3.54226989733214 482
1739553428806 4.147918302882109 483
1739553428840 3.1498493645117134 484
1739553428874 11.922765924254508 485
1739553428910 5.7049387505674805 486
1739553428945 4.04685825648657 487
1739553428979 4.15730512897686 488
1739553429014 5.995728495418546 489
1739553429048 3.0396695087698338 490
1739553429081 4.034481385420743 491
1739553429115 7.505638844064714 492
1739553429151 6.170414217680918 493
1739553429186 3.6026972453775743 494
1739553429220 4.241796246529777 495
1739553429253 2.8236148219081683 496
1739553429289 2.5647956157155383 497
1739553429358 2.734882086999809 498
1739553429397 6.565452064153024 499
