1739613916031 171.14075431384828 0
1739613916042 163.1095920934497 1
1739613916054 163.3184389759744 2
1739613916065 163.0257346817105 3
1739613916075 153.4551431111552 4
1739613916085 157.5046004677575 5
1739613916096 147.01707216117424 6
1739613916107 151.09950497167674 7
1739613916118 150.62305124362751 8
1739613916132 147.8319493070627 9
1739613916142 146.63038011710435 10
1739613916152 141.26626995198893 11
1739613916164 142.42536505406318 12
1739613916174 135.04212318360948 13
1739613916185 133.7731106260339 14
1739613916196 132.35439241005426 15
1739613916209 126.62701866932069 16
1739613916220 133.68884095604986 17
1739613916231 130.08155154459857 18
1739613916242 129.8700503341943 19
1739613916252 123.65129163171642 20
1739613916264 126.12034040663491 21
1739613916274 122.63562541019772 22
1739613916285 118.77507819454881 23
1739613916296 118.14233122581551 24
1739613916306 117.26514966417768 25
1739613916317 113.1813961253728 26
1739613916328 112.06190376838434 27
1739613916338 110.98147599325401 28
1739613916359 109.76201626540568 29
1739613916370 107.0021811954489 30
1739613916382 106.62810250913257 31
1739613916393 106.72538438091806 32
1739613916403 101.37781838064646 33
1739613916414 100.26644279436984 34
1739613916425 99.402090125252 35
1739613916436 99.04936975238645 36
1739613916450 100.04845252709747 37
1739613916462 94.81161709892226 38
1739613916472 93.86486599186804 39
1739613916482 93.62674704461966 40
1739613916493 91.18995855907515 41
1739613916503 90.29515890427606 42
1739613916513 88.00312235353819 43
1739613916524 89.18487587583603 44
1739613916534 85.35655471679765 45
1739613916544 83.39048604347646 46
1739613916555 83.87124356307797 47
1739613916566 87.03525504483432 48
1739613916576 83.31913225480204 49
1739613916587 81.46949302083455 50
1739613916597 78.68430520096959 51
1739613916607 78.45732450300525 52
1739613916618 74.87337288627573 53
1739613916628 75.16869154915044 54
1739613916638 74.89703948847144 55
1739613916649 73.67377572212315 56
1739613916659 70.46760472917927 57
1739613916669 70.22001603043722 58
1739613916680 67.7784210743241 59
1739613916690 70.559032661728 60
1739613916701 68.68010807702602 61
1739613916711 68.09700272795389 62
1739613916722 67.01015095768224 63
1739613916732 64.59689432784461 64
1739613916743 67.90283961995162 65
1739613916753 63.44492556177494 66
1739613916764 61.0196975440175 67
1739613916775 60.070310064797475 68
1739613916785 61.22663200818879 69
1739613916796 61.31562507255787 70
1739613916807 59.346522073378615 71
1739613916817 56.55201016356268 72
1739613916828 58.307610398185965 73
1739613916838 55.10119370162005 74
1739613916848 56.29236148802872 75
1739613916859 55.748079290882536 76
1739613916869 55.11523219855583 77
1739613916880 53.133391989112475 78
1739613916890 51.78578848881902 79
1739613916901 52.006439314048855 80
1739613916912 51.23428416492764 81
1739613916923 49.415620226036616 82
1739613916934 48.502555165385324 83
1739613916945 49.194611580821 84
1739613916955 48.92196577809376 85
1739613916966 45.18108095800894 86
1739613916976 47.73891118344856 87
1739613916987 46.33747084770868 88
1739613916998 47.301812354918745 89
1739613917008 45.14256655161815 90
1739613917019 43.215904356447396 91
1739613917029 43.67623724398276 92
1739613917040 41.818921445691835 93
1739613917050 41.780274629531185 94
1739613917061 42.72096388757689 95
1739613917072 42.243904567207025 96
1739613917082 39.03958583221315 97
1739613917093 39.4820755675665 98
1739613917103 39.17624857869763 99
1739613917114 40.40856811911896 100
1739613917124 38.65735959109248 101
1739613917135 39.29224803216806 102
1739613917145 37.20914085753169 103
1739613917155 38.35245395335025 104
1739613917166 37.06817258476718 105
1739613917176 38.14862672655888 106
1739613917187 35.50676888399664 107
1739613917197 35.69196778768086 108
1739613917208 34.63965550314418 109
1739613917218 35.942261394751156 110
1739613917229 34.68284443449122 111
1739613917239 33.893262489091484 112
1739613917251 34.21022978066926 113
1739613917262 32.9025938435182 114
1739613917274 32.66677993002272 115
1739613917285 30.357057305637035 116
1739613917305 30.72128542099455 117
1739613917316 27.41705614457562 118
1739613917328 29.311734756771102 119
1739613917338 32.24205810377518 120
1739613917349 29.113134650882976 121
1739613917360 28.680267116431274 122
1739613917370 27.06721712860207 123
1739613917380 27.288339761935582 124
1739613917391 27.6946764680909 125
1739613917401 29.237706739928914 126
1739613917411 26.638620356441894 127
1739613917422 26.257400451924067 128
1739613917432 25.890035964600465 129
1739613917443 24.52654533704017 130
1739613917454 24.25305281112903 131
1739613917465 24.685144991062074 132
1739613917476 24.062784876674126 133
1739613917486 23.913977935633806 134
1739613917496 23.985491014146795 135
1739613917506 23.62096876619034 136
1739613917516 24.234385165563037 137
1739613917526 23.734271355835467 138
1739613917536 22.590348185344304 139
1739613917547 21.620779864459678 140
1739613917558 21.326726236952553 141
1739613917568 19.513706324396363 142
1739613917579 21.152786974911855 143
1739613917589 21.33135540886289 144
1739613917600 19.918154473670626 145
1739613917610 18.689338348935248 146
1739613917620 20.716929042231147 147
1739613917630 19.723042956593634 148
1739613917641 21.282166947125212 149
1739613917651 18.19079886721537 150
1739613917662 20.136897247432973 151
1739613917673 18.147107627938937 152
1739613917683 19.871040544069817 153
1739613917694 17.627856085289316 154
1739613917704 17.29772559744249 155
1739613917715 20.6500087546993 156
1739613917725 19.046038652230532 157
1739613917736 16.529680135414576 158
1739613917746 16.65345477728978 159
1739613917757 16.511576578167602 160
1739613917768 15.945252518650776 161
1739613917778 17.293880567526763 162
1739613917788 15.460421280576416 163
1739613917799 16.2565057748027 164
1739613917809 14.890352979872645 165
1739613917820 15.8362369378256 166
1739613917830 14.29024197877401 167
1739613917840 15.032023515531458 168
1739613917851 14.673820451606268 169
1739613917861 14.792544858166664 170
1739613917872 14.599949657609475 171
1739613917882 14.23142838051371 172
1739613917892 13.732802360961228 173
1739613917903 14.963150178474615 174
1739613917913 13.86180424770769 175
1739613917923 12.969667524339881 176
1739613917933 13.80191941512628 177
1739613917946 12.546700801995623 178
1739613917957 12.422071540799678 179
1739613917967 12.956879569376142 180
1739613917978 12.685910754189276 181
1739613917989 12.481544134557248 182
1739613917999 12.274074556979885 183
1739613918011 11.97760176035975 184
1739613918027 12.229926964379072 185
1739613918038 11.537595934424056 186
1739613918049 10.822619891746685 187
1739613918059 11.62607939896824 188
1739613918070 12.243553130603136 189
1739613918081 11.620547001688873 190
1739613918092 11.828362042707383 191
1739613918102 12.84762012607452 192
1739613918113 11.208916874301798 193
1739613918123 11.026804168071823 194
1739613918133 10.47409030274998 195
1739613918144 9.945280461299232 196
1739613918154 9.529893530880836 197
1739613918164 11.762528254678404 198
1739613918176 9.507493577037257 199
1739613918186 10.58852651906145 200
1739613918197 9.84713656605225 201
1739613918208 9.892602549934546 202
1739613918219 10.675869517486952 203
1739613918231 8.511342699566592 204
1739613918246 7.7997064504371405 205
1739613918262 8.218164806297736 206
1739613918273 9.105075501521698 207
1739613918284 8.246111269477336 208
1739613918295 8.80944218258217 209
1739613918306 7.77382437285973 210
1739613918317 9.093778037979884 211
1739613918329 9.002794465425064 212
1739613918340 9.386919357178037 213
1739613918351 8.915401467563527 214
1739613918361 8.658716830022389 215
1739613918372 7.48248983738631 216
1739613918382 7.4660931028252016 217
1739613918393 7.435248535541291 218
1739613918403 7.351349936846157 219
1739613918414 7.4627895743402215 220
1739613918424 8.392138498145666 221
1739613918434 6.595155469046997 222
1739613918445 6.4640830437953465 223
1739613918459 7.212701908443731 224
1739613918469 7.17587966277181 225
1739613918480 7.159409137279175 226
1739613918491 7.773037352674713 227
1739613918502 7.096636250074489 228
1739613918512 6.866417351873534 229
1739613918523 7.6352556968293435 230
1739613918533 6.01954129236092 231
1739613918543 6.993073730139862 232
1739613918553 6.881165200378344 233
1739613918564 6.861267745385232 234
1739613918575 6.684342553295763 235
1739613918585 6.906057941664485 236
1739613918595 7.026686785209068 237
1739613918605 6.4578659001506935 238
1739613918616 5.741885120910991 239
1739613918626 5.258328764719984 240
1739613918636 5.7727135949178034 241
1739613918647 6.671391361375176 242
1739613918657 5.044929810408551 243
1739613918667 6.305337821986392 244
1739613918678 7.099743764805533 245
1739613918689 5.550326730537695 246
1739613918700 5.172726582398566 247
1739613918710 5.960616568302688 248
1739613918720 5.274551626855493 249
1739613918731 4.411647389811229 250
1739613918741 5.865044758545111 251
1739613918751 5.483338838576711 252
1739613918762 4.256648399976318 253
1739613918772 4.921861107062753 254
1739613918783 4.551263015620987 255
1739613918794 4.0749710779534905 256
1739613918804 4.78202993907791 257
1739613918814 5.724539508323179 258
1739613918824 4.8305797058686855 259
1739613918835 4.462657855995098 260
1739613918846 4.211866476869595 261
1739613918856 4.237810807848717 262
1739613918866 4.911973048427182 263
1739613918877 3.903198149640853 264
1739613918887 4.4407995811002285 265
1739613918898 4.628105162529773 266
1739613918908 4.175577549852352 267
1739613918918 4.872644623666177 268
1739613918929 3.7988836103443147 269
1739613918939 3.832451773874425 270
1739613918950 4.482099636490601 271
1739613918961 3.626985975279421 272
1739613918971 4.012751579866472 273
1739613918983 5.262741373264306 274
1739613918994 4.396345381433783 275
1739613919004 4.218505818739709 276
1739613919015 4.1310718337561365 277
1739613919026 3.6129795721180846 278
1739613919036 5.160449365032723 279
1739613919046 4.156121180076257 280
1739613919091 4.617570736369887 281
1739613919111 4.372275579456338 282
1739613919127 4.210558416143568 283
1739613919142 2.8983870735208144 284
1739613919156 3.7700049665293465 285
1739613919167 3.6346506314776685 286
1739613919179 3.9191976173660517 287
1739613919198 3.093087385157705 288
1739613919211 3.9055104675638876 289
1739613919221 3.954851107501057 290
1739613919232 3.1451802373835798 291
1739613919244 3.5316221072859295 292
1739613919255 2.9185196006446983 293
1739613919266 3.0695179169285747 294
1739613919278 2.349206693174668 295
1739613919290 3.0565668866297666 296
1739613919301 3.2909461050652937 297
1739613919312 3.823564553787271 298
1739613919324 2.682953582256066 299
1739613919334 3.1535626699379624 300
1739613919346 2.269975295023972 301
1739613919357 3.5565031288254922 302
1739613919368 2.22354703886352 303
1739613919379 3.058290768428725 304
1739613919391 4.196503433438583 305
1739613919401 3.4868351956537933 306
1739613919412 3.9880750204680306 307
1739613919422 3.32627626287691 308
1739613919433 2.5028906932085957 309
1739613919443 2.340341205099644 310
1739613919453 3.8271265170853157 311
1739613919465 3.4330876299440907 312
1739613919476 2.7533864722325077 313
1739613919486 2.3160170995309035 314
1739613919497 2.505492523203856 315
1739613919507 3.3350327642368014 316
1739613919518 3.294621174369381 317
1739613919528 2.702512318907854 318
1739613919538 2.549154380415656 319
1739613919549 2.6230382802441383 320
1739613919559 2.397241403586004 321
1739613919569 2.5192267701431903 322
1739613919580 2.9214316100258744 323
1739613919590 2.8410851442636447 324
1739613919601 2.7885845297331273 325
1739613919612 2.6865331533616232 326
1739613919622 3.3344040192998707 327
1739613919633 3.4612633269103266 328
1739613919643 2.7123222698418643 329
1739613919654 2.661283578800654 330
1739613919664 1.752746412306675 331
1739613919675 2.1730885891098217 332
1739613919685 2.3966246159411493 333
1739613919696 2.2340762400649274 334
1739613919707 1.501383006063296 335
1739613919717 2.504736976806438 336
1739613919727 2.3616614908113447 337
1739613919737 2.2637407842411013 338
1739613919748 2.2163973654823894 339
1739613919759 1.7130891394691987 340
1739613919769 1.7831557168888907 341
1739613919781 1.6960938139737178 342
1739613919791 2.2387473585067785 343
1739613919801 1.591268516832029 344
1739613919812 1.6608362329036725 345
1739613919823 2.700668348620626 346
1739613919834 2.3128686950705255 347
1739613919845 2.3977567719823427 348
1739613919855 2.3735827282971074 349
1739613919866 2.036585426766176 350
1739613919876 2.5684310062496998 351
1739613919886 1.4733842016418663 352
1739613919897 1.5200781774187904 353
1739613919908 1.4131162813363292 354
1739613919919 2.161549762727122 355
1739613919929 1.8853165345860918 356
1739613919940 2.7121363497677664 357
1739613919951 2.0616380456638406 358
1739613919962 1.7434718402331506 359
1739613919973 1.1198457269679423 360
1739613919983 2.760681556105507 361
1739613919994 2.5015752691765165 362
1739613920004 1.5922730154153404 363
1739613920015 2.254195675029029 364
1739613920026 1.7729499909934148 365
1739613920036 2.049683646907774 366
1739613920048 1.5842237419064877 367
1739613920059 2.1657273169900244 368
1739613920071 2.4605321161359015 369
1739613920083 2.3134238067389252 370
1739613920095 2.2872447783891605 371
1739613920105 1.7873706931030569 372
1739613920116 2.1273170173015536 373
1739613920127 1.5052881437811436 374
1739613920137 3.079399765262825 375
1739613920157 1.8514307182820517 376
1739613920168 2.225813078520011 377
1739613920179 1.6440218832772537 378
1739613920190 1.517533464065831 379
1739613920200 1.6651664627772993 380
1739613920211 1.4226675033861513 381
1739613920222 2.537563954221226 382
1739613920232 2.494730048645511 383
1739613920242 1.7938623076245594 384
1739613920253 1.4206027977006488 385
1739613920263 1.159985018436881 386
1739613920273 2.014221273033494 387
1739613920284 1.500135283600509 388
1739613920293 1.4607304354446031 389
1739613920303 1.5886906149285986 390
1739613920314 1.132132057853875 391
1739613920324 1.3107522319116223 392
1739613920335 1.2238100632427225 393
1739613920345 1.4838079728792248 394
1739613920355 1.5003072000404416 395
1739613920365 1.6635764478479198 396
1739613920376 2.6358151908502454 397
1739613920386 1.4388566587871279 398
1739613920397 1.596463753264162 399
1739613920407 1.2706566245423936 400
1739613920417 1.3779097287219917 401
1739613920428 1.5044676594587811 402
1739613920439 1.0646998187400445 403
1739613920451 1.0899418498046547 404
1739613920461 1.5244650117216405 405
1739613920474 1.3136494364999007 406
1739613920485 1.8573329341935119 407
1739613920496 1.3125625924524362 408
1739613920506 1.6693465447834515 409
1739613920516 1.3966402917889127 410
1739613920527 1.4232135684211642 411
1739613920537 0.8167825137152515 412
1739613920548 2.1973818639056657 413
1739613920559 1.9403701217076972 414
1739613920569 1.2189328157909856 415
1739613920580 1.9656866259938761 416
1739613920590 2.1306806404862013 417
1739613920601 1.3284258755286529 418
1739613920611 1.3912121993560773 419
1739613920622 1.6995624309014477 420
1739613920632 1.297139973237157 421
1739613920642 1.454554864382875 422
1739613920653 0.9632379497110612 423
1739613920664 1.04850848592043 424
1739613920674 1.493935232481375 425
1739613920685 1.0434037216586052 426
1739613920695 0.9148004181962656 427
1739613920706 1.240131438277879 428
1739613920717 1.1059780834213395 429
1739613920727 1.3871412324872296 430
1739613920738 1.2156976189049722 431
1739613920749 1.8602732550531618 432
1739613920761 1.2936921529833327 433
1739613920771 1.1361393012946355 434
1739613920782 1.3999877818752544 435
1739613920792 1.4615211425562311 436
1739613920802 0.8633818840504214 437
1739613920813 1.5253296861692258 438
1739613920823 1.9837288806708402 439
1739613920834 1.5734852428953208 440
1739613920845 2.1461874007299726 441
1739613920855 1.8322065497242628 442
1739613920866 1.8110076226382952 443
1739613920877 2.0646110683372814 444
1739613920888 1.6444516036610854 445
1739613920899 1.7941148651584382 446
1739613920911 1.6813986426072522 447
1739613920922 1.2069638074434919 448
1739613920933 1.2707938384178623 449
1739613920944 1.0343328215071939 450
1739613920954 1.5438725408833833 451
1739613920965 1.041440581700236 452
1739613920976 1.4229480986948553 453
1739613920987 1.5835209019820031 454
1739613920998 1.6501019298507749 455
1739613921009 1.2476641124381131 456
1739613921020 1.512196620303114 457
1739613921031 1.3719247741608112 458
1739613921042 1.1246069848153353 459
1739613921052 1.2957722523327988 460
1739613921063 1.2757740442711019 461
1739613921074 1.0722039378299073 462
1739613921085 0.9530299995103736 463
1739613921106 1.3733270134832845 464
1739613921117 1.1692364231032268 465
1739613921128 1.2349309861638305 466
1739613921140 1.4745043645746367 467
1739613921150 1.0674305697462676 468
1739613921161 1.0979862717140612 469
1739613921171 1.608323871966087 470
1739613921182 1.1113111080169562 471
1739613921192 1.1878939150972718 472
1739613921202 1.3257420506801925 473
1739613921211 0.7258094491206947 474
1739613921221 1.0467593127067527 475
1739613921233 1.2873178516244372 476
1739613921243 1.4006008329906077 477
1739613921253 0.7601617932093524 478
1739613921264 2.192736052073925 479
1739613921275 0.9793763242898674 480
1739613921285 0.7765817994767782 481
1739613921299 1.0751024301389107 482
1739613921312 1.4169082768059587 483
1739613921327 1.176325567600675 484
1739613921342 2.099875804642573 485
1739613921353 1.0105624877610595 486
1739613921364 1.9062121305223274 487
1739613921375 1.601827186574464 488
1739613921386 1.0822442964419605 489
1739613921397 0.6407205622092844 490
1739613921407 0.8888670365463066 491
1739613921418 0.9213032488199207 492
1739613921428 1.267299894580759 493
1739613921438 1.3536353449206975 494
1739613921449 1.434772687595568 495
1739613921459 0.6913673443265747 496
1739613921473 0.9805339675857018 497
1739613921483 0.6145153829070935 498
1739613921493 0.8930108580461512 499
