1739555102049 169.6210407770955 0
1739555102057 169.58726380778816 1
1739555102065 169.5539135756541 2
1739555102072 169.52056998204583 3
1739555102079 169.48723302563778 4
1739555102086 169.45390270510475 5
1739555102093 169.42057901912167 6
1739555102101 169.38726196636387 7
1739555102108 169.35395154550685 8
1739555102116 169.3206477552265 9
1739555102123 169.28735059419873 10
1739555102130 169.25406006109998 11
1739555102137 169.2207761546068 12
1739555102145 169.18749887339607 13
1739555102152 169.1542282161449 14
1739555102160 169.12096418153067 15
1739555102169 169.08770676823107 16
1739555102176 169.05445597492397 17
1739555102183 169.0212118002876 18
1739555102190 168.98797424300034 19
1739555102198 168.95474330174096 20
1739555102205 168.92151897518835 21
1739555102212 168.88830126202188 22
1739555102220 168.85509016092095 23
1739555102227 168.82188567056534 24
1739555102234 168.7886877896351 25
1739555102243 168.75549651681052 26
1739555102252 168.72231185077217 27
1739555102260 168.68913379020088 28
1739555102267 168.65596233377767 29
1739555102275 168.62279748018392 30
1739555102283 168.58963922810128 31
1739555102290 168.5564875762116 32
1739555102298 168.52334252319702 33
1739555102306 168.49020406773994 34
1739555102314 168.45707220852304 35
1739555102321 168.42394694422924 36
1739555102329 168.39082827354179 37
1739555102337 168.357716195144 38
1739555102345 168.32461070771976 39
1739555102353 168.29151180995296 40
1739555102361 168.25841950052788 41
1739555102370 168.225333778129 42
1739555102381 168.19225464144114 43
1739555102389 168.15918208914928 44
1739555102397 168.12611611993876 45
1739555102404 168.0930567324951 46
1739555102412 168.06000392550422 47
1739555102420 168.02695769765208 48
1739555102427 167.9939180476251 49
1739555102435 167.96088497410992 50
1739555102443 167.92785847579336 51
1739555102452 167.8948385513626 52
1739555102459 167.861825199505 53
1739555102467 167.82881841890833 54
1739555102475 167.79581820826036 55
1739555102483 167.76282456624932 56
1739555102491 167.72983749156376 57
1739555102499 167.69685698289226 58
1739555102507 167.6638830389239 59
1739555102515 167.6309156583479 60
1739555102522 167.59795483985374 61
1739555102530 167.56500058213115 62
1739555102538 167.53205288387022 63
1739555102546 167.49911174376118 64
1739555102553 167.46617716049457 65
1739555102562 167.4332491327613 66
1739555102569 167.4003276592523 67
1739555102577 167.367412738659 68
1739555102585 167.33450436967294 69
1739555102592 167.30160255098608 70
1739555102601 167.2687072812904 71
1739555102609 167.23581855927836 72
1739555102617 167.2029363836426 73
1739555102625 167.17006075307597 74
1739555102632 167.13719166627172 75
1739555102640 167.10432912192317 76
1739555102648 167.0714731187241 77
1739555102656 167.03862365536838 78
1739555102664 167.0057807305503 79
1739555102671 166.9729443429643 80
1739555102680 166.94011449130508 81
1739555102687 166.90729117426764 82
1739555102695 166.87447439054725 83
1739555102703 166.84166413883946 84
1739555102711 166.80886041783998 85
1739555102718 166.77606322624487 86
1739555102726 166.74327256275043 87
1739555102734 166.71048842605325 88
1739555102742 166.6777108148501 89
1739555102750 166.64493972783802 90
1739555102758 166.61217516371448 91
1739555102766 166.57941712117696 92
1739555102774 166.54666559892334 93
1739555102782 166.5139205956518 94
1739555102789 166.48118211006067 95
1739555102797 166.44845014084862 96
1739555102805 166.41572468671453 97
1739555102813 166.38300574635755 98
1739555102820 166.35029331847716 99
1739555102828 166.31758740177298 100
1739555102835 166.28488799494494 101
1739555102843 166.25219509669333 102
1739555102852 166.21950870571857 103
1739555102861 166.18682882072133 104
1739555102868 166.15415544040266 105
1739555102876 166.12148856346374 106
1739555102884 166.0888281886061 107
1739555102892 166.05617431453157 108
1739555102900 166.02352693994206 109
1739555102907 165.9908860635399 110
1739555102915 165.95825168402766 111
1739555102923 165.92562380010804 112
1739555102931 165.89300241048423 113
1739555102939 165.86038751385942 114
1739555102947 165.8277791089373 115
1739555102955 165.79517719442163 116
1739555102963 165.76258176901655 117
1739555102971 165.72999283142636 118
1739555102979 165.69741038035573 119
1739555102986 165.66483441450953 120
1739555102994 165.63226493259288 121
1739555103002 165.59970193331108 122
1739555103010 165.56714541536994 123
1739555103017 165.53459537747528 124
1739555103025 165.50205181833329 125
1739555103033 165.46951473665035 126
1739555103040 165.43698413113322 127
1739555103048 165.4044600004888 128
1739555103055 165.37194234342425 129
1739555103064 165.33943115864713 130
1739555103072 165.30692644486507 131
1739555103080 165.27442820078613 132
1739555103088 165.24193642511844 133
1739555103095 165.2094511165706 134
1739555103103 165.1769722738513 135
1739555103111 165.14449989566955 136
1739555103119 165.11203398073465 137
1739555103126 165.0795745277561 138
1739555103134 165.04712153544375 139
1739555103142 165.01467500250752 140
1739555103150 164.9822349276578 141
1739555103158 164.9498013096051 142
1739555103168 164.91737414706034 143
1739555103176 164.8849534387345 144
1739555103183 164.8525391833389 145
1739555103191 164.8201313795852 146
1739555103199 164.7877300261852 147
1739555103206 164.755335121851 148
1739555103214 164.722946665295 149
1739555103221 164.69056465522976 150
1739555103229 164.65818909036827 151
1739555103236 164.62581996942353 152
1739555103245 164.59345729110902 153
1739555103255 164.56110105413836 154
1739555103266 164.52875125722548 155
1739555103275 164.49640789908452 156
1739555103283 164.46407097842987 157
1739555103291 164.43174049397626 158
1739555103299 164.39941644443866 159
1739555103306 164.36709882853216 160
1739555103314 164.3347876449723 161
1739555103322 164.30248289247473 162
1739555103329 164.27018456975543 163
1739555103337 164.23789267553065 164
1739555103344 164.20560720851682 165
1739555103352 164.1733281674307 166
1739555103360 164.1410555509893 167
1739555103372 164.1087893579098 168
1739555103387 164.07652958690977 169
1739555103401 164.0442762367069 170
1739555103413 164.01202930601926 171
1739555103426 163.97978879356515 172
1739555103439 163.94755469806302 173
1739555103453 163.9153270182317 174
1739555103467 163.88310575279027 175
1739555103478 163.85089090045796 176
1739555103489 163.81868245995432 177
1739555103498 163.78648042999916 178
1739555103507 163.75428480931265 179
1739555103516 163.722095596615 180
1739555103525 163.6899127906268 181
1739555103534 163.65773639006892 182
1739555103543 163.62556639366244 183
1739555103552 163.59340280012864 184
1739555103561 163.56124560818927 185
1739555103571 163.52909481656604 186
1739555103580 163.49695042398113 187
1739555103590 163.46481242915686 188
1739555103599 163.4326808308159 189
1739555103609 163.40055562768117 190
1739555103618 163.36843681847571 191
1739555103627 163.33632440192292 192
1739555103636 163.30421837674652 193
1739555103645 163.27211874167028 194
1739555103653 163.24002549541848 195
1739555103661 163.20793863671554 196
1739555103670 163.17585816428598 197
1739555103701 163.14378407685484 198
1739555103718 163.1117163731473 199
1739555103727 163.07965505188872 200
1739555103737 163.0476001118048 201
1739555103746 163.01555155162157 202
1739555103755 162.98350937006506 203
1739555103764 162.95147356586187 204
1739555103773 162.91944413773862 205
1739555103782 162.88742108442233 206
1739555103791 162.85540440464015 207
1739555103801 162.8233940971196 208
1739555103810 162.79139016058832 209
1739555103819 162.7593925937744 210
1739555103827 162.727401395406 211
1739555103835 162.6954165642116 212
1739555103844 162.66343809891998 213
1739555103852 162.6314659982601 214
1739555103860 162.5995002609612 215
1739555103868 162.56754088575286 216
1739555103877 162.53558787136473 217
1739555103885 162.5036412165269 218
1739555103894 162.47170091996958 219
1739555103902 162.4397669804233 220
1739555103911 162.40783939661887 221
1739555103919 162.37591816728727 222
1739555103927 162.3440032911598 223
1739555103935 162.31209476696796 224
1739555103944 162.28019259344362 225
1739555103952 162.2482967693187 226
1739555103960 162.21640729332563 227
1739555103969 162.18452416419686 228
1739555103977 162.1526473806652 229
1739555103986 162.12077694146373 230
1739555103994 162.08891284532578 231
1739555104002 162.05705509098485 232
1739555104011 162.0252036771748 233
1739555104018 161.99335860262968 234
1739555104026 161.96151986608382 235
1739555104033 161.9296874662718 236
1739555104041 161.8978614019284 237
1739555104050 161.86604167178874 238
1739555104057 161.83422827458816 239
1739555104065 161.8024212090622 240
1739555104073 161.77062047394682 241
1739555104081 161.73882606797793 242
1739555104089 161.707037989892 243
1739555104097 161.67525623842556 244
1739555104105 161.64348081231557 245
1739555104114 161.61171171029898 246
1739555104121 161.57994893111325 247
1739555104129 161.54819247349596 248
1739555104137 161.51644233618495 249
1739555104145 161.48469851791836 250
1739555104152 161.45296101743455 251
1739555104160 161.42122983347207 252
1739555104168 161.38950496476994 253
1739555104179 161.35778641006712 254
1739555104187 161.32607416810305 255
1739555104195 161.29436823761736 256
1739555104203 161.2626686173499 257
1739555104210 161.23097530604088 258
1739555104218 161.1992883024306 259
1739555104226 161.16760760525972 260
1739555104234 161.1359332132691 261
1739555104242 161.10426512519993 262
1739555104250 161.07260333979355 263
1739555104257 161.0409478557916 264
1739555104265 161.009298671936 265
1739555104272 160.97765578696885 266
1739555104281 160.94601919963262 267
1739555104288 160.91438890866993 268
1739555104297 160.88276491282363 269
1739555104304 160.85114721083687 270
1739555104312 160.81953580145313 271
1739555104320 160.78793068341602 272
1739555104327 160.75633185546937 273
1739555104335 160.72473931635741 274
1739555104343 160.6931530648246 275
1739555104351 160.66157309961545 276
1739555104359 160.629999419475 277
1739555104367 160.59843202314835 278
1739555104376 160.56687090938092 279
1739555104384 160.53531607691835 280
1739555104391 160.5037675245066 281
1739555104400 160.47222525089177 282
1739555104407 160.4406892548203 283
1739555104416 160.4091595350389 284
1739555104423 160.37763609029437 285
1739555104431 160.34611891933397 286
1739555104439 160.31460802090515 287
1739555104446 160.28310339375543 288
1739555104454 160.25160503663287 289
1739555104462 160.22011294828556 290
1739555104470 160.1886271274619 291
1739555104477 160.15714757291065 292
1739555104485 160.12567428338062 293
1739555104495 160.09420725762106 294
1739555104505 160.06274649438134 295
1739555104513 160.03129199241113 296
1739555104521 159.99984375046034 297
1739555104529 159.9684017672792 298
1739555104536 159.9369660416181 299
1739555104544 159.90553657222765 300
1739555104552 159.87411335785882 301
1739555104560 159.84269639726276 302
1739555104569 159.8112856891909 303
1739555104576 159.77988123239493 304
1739555104584 159.74848302562668 305
1739555104592 159.71709106763845 306
1739555104600 159.6857053571825 307
1739555104609 159.65432589301162 308
1739555104617 159.62295267387864 309
1739555104624 159.5915856985368 310
1739555104632 159.56022496573945 311
1739555104640 159.52887047424028 312
1739555104650 159.49752222279318 313
1739555104658 159.46618021015237 314
1739555104666 159.4348444350722 315
1739555104674 159.4035148963073 316
1739555104682 159.37219159261267 317
1739555104690 159.34087452274343 318
1739555104698 159.30956368545495 319
1739555104706 159.27825907950293 320
1739555104714 159.24696070364323 321
1739555104722 159.21566855663204 322
1739555104730 159.18438263722575 323
1739555104737 159.15310294418103 324
1739555104744 159.12182947625473 325
1739555104751 159.09056223220404 326
1739555104759 159.05930121078632 327
1739555104767 159.0280464107593 328
1739555104774 158.9967978308807 329
1739555104782 158.96555546990885 330
1739555104790 158.93431932660198 331
1739555104798 158.90308939971885 332
1739555104805 158.87186568801832 333
1739555104813 158.84064819025946 334
1739555104821 158.80943690520172 335
1739555104829 158.77823183160473 336
1739555104836 158.74703296822827 337
1739555104843 158.71584031383262 338
1739555104851 158.684653867178 339
1739555104858 158.65347362702516 340
1739555104866 158.62229959213485 341
1739555104873 158.59113176126831 342
1739555104881 158.55997013318685 343
1739555104889 158.52881470665204 344
1739555104898 158.49766548042584 345
1739555104906 158.46652245327027 346
1739555104914 158.43538562394772 347
1739555104922 158.40425499122082 348
1739555104929 158.37313055385235 349
1739555104937 158.34201231060544 350
1739555104944 158.31090026024344 351
1739555104952 158.27979440152998 352
1739555104959 158.2486947332289 353
1739555104967 158.21760125410415 354
1739555104975 158.18651396292026 355
1739555104983 158.15543285844169 356
1739555104990 158.12435793943328 357
1739555104998 158.09328920466015 358
1739555105006 158.06222665288755 359
1739555105014 158.03117028288116 360
1739555105022 158.0001200934067 361
1739555105030 157.96907608323028 362
1739555105037 157.93803825111817 363
1739555105044 157.90700659583698 364
1739555105052 157.8759811161535 365
1739555105059 157.84496181083475 366
1739555105068 157.81394867864802 367
1739555105076 157.78294171836086 368
1739555105083 157.7519409287411 369
1739555105090 157.72094630855676 370
1739555105099 157.68995785657611 371
1739555105107 157.65897557156768 372
1739555105116 157.6279994523002 373
1739555105123 157.59702949754276 374
1739555105131 157.56606570606465 375
1739555105138 157.5351080766353 376
1739555105146 157.5041566080245 377
1739555105153 157.4732112990023 378
1739555105161 157.44227214833884 379
1739555105169 157.4113391548047 380
1739555105180 157.38041231717062 381
1739555105187 157.34949163420762 382
1739555105195 157.31857710468685 383
1739555105202 157.2876687273799 384
1739555105210 157.2567665010584 385
1739555105218 157.2258704244943 386
1739555105226 157.19498049645992 387
1739555105234 157.16409671572765 388
1739555105241 157.13321908107025 389
1739555105249 157.1023475912606 390
1739555105258 157.07148224507196 391
1739555105265 157.04062304127774 392
1739555105273 157.00976997865166 393
1739555105280 156.97892305596767 394
1739555105288 156.94808227199988 395
1739555105296 156.91724762552278 396
1739555105304 156.88641911531099 397
1739555105311 156.85559674013945 398
1739555105320 156.82478049878335 399
1739555105327 156.79397039001807 400
1739555105335 156.76316641261928 401
1739555105343 156.73236856536278 402
1739555105350 156.70157684702482 403
1739555105358 156.67079125638173 404
1739555105366 156.64001179221017 405
1739555105373 156.609238453287 406
1739555105381 156.5784712383893 407
1739555105389 156.54771014629452 408
1739555105396 156.5169551757802 409
1739555105404 156.48620632562418 410
1739555105412 156.45546359460462 411
1739555105420 156.4247269814998 412
1739555105428 156.3939964850883 413
1739555105435 156.36327210414902 414
1739555105443 156.33255383746098 415
1739555105451 156.30184168380353 416
1739555105458 156.2711356419562 417
1739555105466 156.2404357106988 418
1739555105474 156.20974188881135 419
1739555105482 156.1790541750742 420
1739555105489 156.1483725682679 421
1739555105497 156.11769706717317 422
1739555105504 156.08702767057108 423
1739555105513 156.0563643772428 424
1739555105520 156.02570718597 425
1739555105529 155.99505609553438 426
1739555105537 155.96441110471787 427
1739555105544 155.93377221230276 428
1739555105552 155.90313941707154 429
1739555105560 155.87251271780693 430
1739555105567 155.84189211329192 431
1739555105575 155.81127760230976 432
1739555105582 155.78066918364385 433
1739555105590 155.75006685607786 434
1739555105598 155.71947061839586 435
1739555105606 155.68888046938196 436
1739555105614 155.6582964078206 437
1739555105622 155.62771843249644 438
1739555105629 155.5971465421944 439
1739555105638 155.56658073569974 440
1739555105646 155.53602101179771 441
1739555105655 155.50546736927404 442
1739555105663 155.47491980691464 443
1739555105670 155.44437832350565 444
1739555105678 155.41384291783336 445
1739555105685 155.38331358868447 446
1739555105693 155.35279033484582 447
1739555105701 155.3222731551045 448
1739555105708 155.29176204824788 449
1739555105717 155.26125701306356 450
1739555105725 155.23075804833928 451
1739555105733 155.20026515286324 452
1739555105740 155.1697783254237 453
1739555105748 155.13929756480914 454
1739555105755 155.10882286980856 455
1739555105763 155.0783542392108 456
1739555105771 155.04789167180525 457
1739555105778 155.01743516638146 458
1739555105786 154.98698472172913 459
1739555105794 154.95654033663826 460
1739555105802 154.92610200989918 461
1739555105809 154.8956697403023 462
1739555105817 154.8652435266385 463
1739555105825 154.83482336769856 464
1739555105832 154.80440926227385 465
1739555105840 154.77400120915578 466
1739555105848 154.7435992071361 467
1739555105855 154.71320325500665 468
1739555105863 154.68281335155973 469
1739555105871 154.65242949558768 470
1739555105878 154.62205168588326 471
1739555105885 154.59167992123932 472
1739555105893 154.56131420044903 473
1739555105901 154.5309545223058 474
1739555105908 154.5006008856032 475
1739555105916 154.47025328913526 476
1739555105924 154.43991173169587 477
1739555105932 154.4095762120796 478
1739555105939 154.37924672908096 479
1739555105947 154.3489232814948 480
1739555105954 154.31860586811618 481
1739555105961 154.28829448774044 482
1739555105968 154.25798913916316 483
1739555105976 154.2276898211801 484
1739555105984 154.19739653258742 485
1739555105991 154.16710927218128 486
1739555105999 154.13682803875824 487
1739555106006 154.10655283111507 488
1739555106015 154.07628364804887 489
1739555106022 154.04602048835673 490
1739555106030 154.01576335083627 491
1739555106038 153.98551223428512 492
1739555106046 153.95526713750132 493
1739555106053 153.92502805928308 494
1739555106061 153.89479499842884 495
1739555106069 153.8645679537373 496
1739555106076 153.83434692400735 497
1739555106084 153.8041319080382 498
1739555106092 153.77392290462927 499
