1739554869162 81.33770810328855 0
1739554869173 40.80160806380334 1
1739554869182 20.055709152309454 2
1739554869193 10.08916610934847 3
1739554869202 5.919202241540446 4
1739554869211 2.8641030013558724 5
1739554869219 1.8681810756043762 6
1739554869228 1.7545036390453823 7
1739554869236 1.614362759706052 8
1739554869245 0.9249523340652545 9
1739554869254 1.0505650666258595 10
1739554869263 0.7686456983384499 11
1739554869272 1.2693628787138487 12
1739554869280 0.7635048342391771 13
1739554869288 0.7741759736610561 14
1739554869297 1.3778801326877004 15
1739554869305 1.2244486782825348 16
1739554869313 0.8607807244311428 17
1739554869322 1.5966922235574244 18
1739554869330 1.0271797350094982 19
1739554869339 1.024578294833429 20
1739554869348 0.8779725859836636 21
1739554869394 1.4693291846018304 22
1739554869405 0.9626796502339038 23
1739554869414 0.6150094481668988 24
1739554869425 1.001481443822028 25
1739554869434 0.5469534617668264 26
1739554869444 0.7893099231837322 27
1739554869454 1.1614710061069855 28
1739554869463 1.0975091466819829 29
1739554869472 0.8760707934434435 30
1739554869481 0.896244271809357 31
1739554869491 1.3408522463338688 32
1739554869500 0.4952757743068413 33
1739554869510 1.001615275394899 34
1739554869519 0.7809520724678177 35
1739554869528 0.7982747642994963 36
1739554869538 1.1405601206870253 37
1739554869547 1.1404210869452094 38
1739554869557 0.6971180875740768 39
1739554869565 1.0957174736472088 40
1739554869575 1.3147511942813443 41
1739554869584 0.8984409518760835 42
1739554869593 1.1067460709949393 43
1739554869602 2.1299961329181074 44
1739554869611 1.4856257053029693 45
1739554869621 0.7449852595295178 46
1739554869630 0.6881440926550478 47
1739554869639 1.0573905366785912 48
1739554869648 0.9640288907717727 49
1739554869658 0.9899001688042127 50
1739554869667 0.8664494528245671 51
1739554869677 0.9006906199037436 52
1739554869686 1.0541269943971339 53
1739554869695 0.9946167167116712 54
1739554869705 0.7808050816447828 55
1739554869715 0.6927316773798787 56
1739554869725 1.7780642115049285 57
1739554869733 1.0517487348655314 58
1739554869742 1.6436434185930326 59
1739554869751 1.353745932400623 60
1739554869759 0.7391525225882213 61
1739554869769 1.098119503457416 62
1739554869778 1.0217371438498661 63
1739554869786 0.9863856649468201 64
1739554869795 1.8073042650274505 65
1739554869803 0.682452604524369 66
1739554869812 1.0017531184757582 67
1739554869821 0.9371644969231683 68
1739554869829 1.9172930989499872 69
1739554869837 0.9008628563535437 70
1739554869845 1.3301336432537243 71
1739554869854 1.6635493312704013 72
1739554869863 0.696139918384749 73
1739554869872 0.8125772391647439 74
1739554869880 1.0967515422610667 75
1739554869889 0.776010238126849 76
1739554869897 0.9228207269656691 77
1739554869905 0.7631280443805141 78
1739554869914 1.7434405293570523 79
1739554869922 0.8128348656430602 80
1739554869930 0.7600903915392528 81
1739554869939 0.8356930449952075 82
1739554869948 1.4263696701161215 83
1739554869956 0.6169468879917902 84
1739554869965 1.221438604681838 85
1739554869973 0.771406610018933 86
1739554869982 0.7954506437434006 87
1739554869991 0.8698628909362006 88
1739554869999 1.1453564096108544 89
1739554870008 0.9151938534959041 90
1739554870016 1.1319880060226495 91
1739554870025 0.9798744247037665 92
1739554870033 0.7357645515649086 93
1739554870042 0.8198896008457103 94
1739554870051 1.328820900333944 95
1739554870060 0.6973520524995809 96
1739554870068 0.8405112091190104 97
1739554870077 0.9476995087667103 98
1739554870086 1.2412175402516399 99
1739554870094 0.9713544039726325 100
1739554870103 0.803430617426276 101
1739554870111 0.7821622461881531 102
1739554870120 0.9265597058593535 103
1739554870128 0.7453591109021249 104
1739554870137 0.6848200275421863 105
1739554870145 1.1322521023566166 106
1739554870155 0.8915363435992958 107
1739554870163 0.7334825876200671 108
1739554870172 1.912053292131114 109
1739554870181 1.1468680800539552 110
1739554870189 1.0963951862158037 111
1739554870197 0.9461342894614724 112
1739554870206 1.525741192345257 113
1739554870215 0.9272507250127151 114
1739554870224 0.8216716118221828 115
1739554870232 1.2968986766571229 116
1739554870241 1.9109943573384984 117
1739554870250 1.042362137396865 118
1739554870258 1.1813643335444954 119
1739554870267 0.9109328418653145 120
1739554870275 1.0294563304952884 121
1739554870284 0.9485658647557638 122
1739554870292 0.5188652334085434 123
1739554870301 1.0149043736621526 124
1739554870310 0.7749462080058432 125
1739554870319 0.7345374620653714 126
1739554870327 1.0669069699351434 127
1739554870335 1.1186637520106046 128
1739554870344 0.7875584746952279 129
1739554870353 1.7285317870702384 130
