1739616159975 169.2080049406808 0
1739616159991 165.8657455437254 1
1739616160006 162.60343247441807 2
1739616160023 159.40749208059748 3
1739616160078 156.27655586777496 4
1739616160097 153.2092837532874 5
1739616160115 150.2043634743423 6
1739616160132 147.26051000841824 7
1739616160150 144.37646500576267 8
1739616160166 141.55099623373417 9
1739616160183 138.7828970327417 10
1739616160200 136.07098578353867 11
1739616160217 133.41410538563494 12
1739616160233 130.81112274659353 13
1739616160250 128.26092828198594 14
1739616160265 125.76243542578247 15
1739616160281 123.3145801509598 16
1739616160301 120.91632050011287 17
1739616160318 118.56663612586121 18
1739616160332 116.26452784084599 19
1739616160348 114.0090171771169 20
1739616160363 111.79914595471284 21
1739616160378 109.63397585924473 22
1739616160395 107.51258802829173 23
1739616160410 105.43408264642746 24
1739616160425 103.39757854869556 25
1739616160440 101.4022128323582 26
1739616160455 99.44714047674492 27
1739616160470 97.53153397103208 28
1739616160485 95.65458294978815 29
1739616160500 93.81549383612187 30
1739616160515 92.0134894922747 31
1739616160532 90.24780887750238 32
1739616160549 88.51770671309293 33
1739616160565 86.82245315437245 34
1739616160580 85.16133346955236 35
1739616160597 83.53364772527559 36
1739616160614 81.93871047872166 37
1739616160631 80.37585047613354 38
1739616160659 78.84441035763238 39
1739616160676 77.34374636818885 40
1739616160692 75.87322807462208 41
1739616160709 74.43223808850102 42
1739616160724 73.0201717948244 43
1739616160740 71.63643708635868 44
1739616160755 70.28045410351629 45
1739616160771 68.9516549796579 46
1739616160786 67.64948359170576 47
1739616160803 66.37339531595728 48
1739616160818 65.12285678898996 49
1739616160832 63.897345673551705 50
1739616160847 62.69635042933215 51
1739616160862 61.51937008851333 52
1739616160877 60.36591403599965 53
1739616160892 59.23550179422973 54
1739616160907 58.12766281247407 55
1739616160923 57.04193626052549 56
1739616160938 55.977870826689895 57
1739616160953 54.93502451998818 58
1739616160967 53.91296447648112 59
1739616160982 52.91126676963107 60
1739616160997 51.92951622461636 61
1739616161012 50.967306236515974 62
1739616161027 50.024238592283254 63
1739616161042 49.099923296430156 64
1739616161058 48.193978400344015 65
1739616161073 47.30602983516152 66
1739616161088 46.43571124812512 67
1739616161103 45.58266384234967 68
1739616161120 44.7465362199277 69
1739616161135 43.92698422830394 70
1739616161150 43.123670809850665 71
1739616161167 42.336265854577206 72
1739616161183 41.564446055907986 73
1739616161199 40.80789476946529 74
1739616161216 40.06630187479397 75
1739616161232 39.33936363996647 76
1739616161248 38.62678258900846 77
1739616161263 37.928267372085806 78
1739616161278 37.24353263839564 79
1739616161295 36.572298911704706 80
1739616161311 35.91429246848 81
1739616161326 35.269245218557536 82
1739616161341 34.636894588296315 83
1739616161356 34.016983406165444 84
1739616161372 33.40925979071393 85
1739616161387 32.81347704087322 86
1739616161402 32.22939352854383 87
1739616161418 31.65677259341854 88
1739616161434 31.095382439995284 89
1739616161449 30.544996036734247 90
1739616161464 30.00539101731426 91
1739616161480 29.47634958394488 92
1739616161495 28.957658412691057 93
1739616161512 28.449108560768558 94
1739616161527 27.950495375768956 95
1739616161542 27.461618406773987 96
1739616161558 26.982281317319835 97
1739616161573 26.512291800172633 98
1739616161596 26.0514614938777 99
1739616161615 25.59960590104517 100
1739616161631 25.15654430833599 101
1739616161647 24.722099708112832 102
1739616161662 24.29609872172106 103
1739616161678 23.878371524365907 104
1739616161693 23.468751771552416 105
1739616161708 23.06707652705571 106
1739616161723 22.67318619238953 107
1739616161738 22.286924437741895 108
1739616161752 21.90813813434723 109
1739616161766 21.536677288265068 110
1739616161781 21.172394975535887 111
1739616161796 20.81514727868549 112
1739616161811 20.464793224549723 113
1739616161826 20.12119472339203 114
1739616161841 19.78421650928687 115
1739616161857 19.453726081742648 116
1739616161872 19.129593648538247 117
1739616161886 18.811692069747927 118
1739616161901 18.49989680292976 119
1739616161919 18.19408584945337 120
1739616161936 17.89413970194324 121
1739616161951 17.5999412928143 122
1739616161967 17.31137594387706 123
1739616161983 17.028331316989927 124
1739616161998 16.75069736573699 125
1739616162013 16.478366288109772 126
1739616162030 16.211232480172136 127
1739616162045 15.949192490687746 128
1739616162061 15.69214497669015 129
1739616162076 15.439990659975676 130
1739616162091 15.192632284500094 131
1739616162106 14.949974574660047 132
1739616162123 14.711924194440911 133
1739616162142 14.478389707413015 134
1739616162159 14.249281537558483 135
1739616162176 14.0245119309115 136
1739616162192 13.803994917994936 137
1739616162207 13.58764627703681 138
1739616162222 13.375383497950368 139
1739616162237 13.167125747061753 140
1739616162252 12.962793832569792 141
1739616162268 12.762310170722673 142
1739616162283 12.565598752696467 143
1739616162299 12.372585112160944 144
1739616162314 12.183196293518394 145
1739616162330 11.997360820801365 146
1739616162344 11.815008667215665 147
1739616162360 11.63607122531509 148
1739616162375 11.460481277794896 149
1739616162390 11.28817296889089 150
1739616162405 11.119081776371782 151
1739616162421 10.953144484112219 152
1739616162435 10.790299155234573 153
1739616162451 10.63048510580758 154
1739616162466 10.473642879090203 155
1739616162482 10.319714220309413 156
1739616162497 10.168642051960772 157
1739616162511 10.020370449620941 158
1739616162526 9.874844618261369 159
1739616162552 9.7320108690529 160
1739616162568 9.591816596650874 161
1739616162585 9.454210256950924 162
1739616162601 9.319141345305507 163
1739616162616 9.186560375191684 164
1739616162632 9.05641885732073 165
1739616162647 8.928669279180333 166
1739616162663 8.803265085000461 167
1739616162678 8.680160656134033 168
1739616162693 8.559311291843766 169
1739616162708 8.440673190486745 170
1739616162725 8.324203431088478 171
1739616162740 8.209859955298285 172
1739616162756 8.097601549718123 173
1739616162770 7.987387828597045 174
1739616162786 7.879179216883724 175
1739616162801 7.772936933629598 176
1739616162816 7.66862297573528 177
1739616162831 7.566200102033208 178
1739616162847 7.4656318176994025 179
1739616162862 7.366882358987601 180
1739616162877 7.269916678279041 181
1739616162892 7.174700429441279 182
1739616162907 7.0811999534896755 183
1739616162922 6.989382264545241 184
1739616162937 6.89921503608266 185
1739616162953 6.810666587462502 186
1739616162969 6.7237058707416555 187
1739616162983 6.63830245775626 188
1739616162998 6.554426527471454 189
1739616163013 6.47204885359237 190
1739616163028 6.391140792430977 191
1739616163043 6.3116742710234455 192
1739616163058 6.233621775492814 193
1739616163074 6.156956339651921 194
1739616163090 6.081651533841498 195
1739616163104 6.007681453998672 196
1739616163121 5.935020710950984 197
1739616163137 5.8636444199313145 198
1739616163154 5.793528190309052 199
1739616163170 5.724648115533104 200
1739616163184 5.65698076328229 201
1739616163199 5.590503165818811 202
1739616163214 5.525192810540619 203
1739616163229 5.461027630728502 204
1739616163245 5.397985996483912 205
1739616163260 5.336046705853514 206
1739616163275 5.275188976136594 207
1739616163291 5.215392435371566 208
1739616163308 5.1566371139978315 209
1739616163323 5.098903436689351 210
1739616163337 5.042172214356359 211
1739616163353 4.986424636311773 212
1739616163368 4.931642262598841 213
1739616163382 4.877807016476705 214
1739616163397 4.824901177060566 215
1739616163413 4.772907372113302 216
1739616163428 4.72180857098537 217
1739616163444 4.671588077699901 218
1739616163459 4.62222952417999 219
1739616163483 4.573716863615258 220
1739616163499 4.526034363964749 221
1739616163513 4.479166601593402 222
1739616163528 4.433098455039237 223
1739616163544 4.387815098908636 224
1739616163559 4.343301997897036 225
1739616163574 4.299544900932388 226
1739616163590 4.256529835438921 227
1739616163603 4.214243101718641 228
1739616163617 4.172671267448174 229
1739616163631 4.13180116228855 230
1739616163644 4.091619872605596 231
1739616163658 4.052114736298615 232
1739616163672 4.013273337735161 233
1739616163685 3.975083502789662 234
1739616163700 3.937533293983799 235
1739616163714 3.900611005726446 236
1739616163727 3.8643051596512272 237
1739616163741 3.828604500049556 238
1739616163756 3.7934979893972613 239
1739616163769 3.758974803972826 240
1739616163783 3.72502432956535 241
1739616163796 3.691636157270388 242
1739616163810 3.6588000793718334 243
1739616163824 3.6265060853080877 244
1739616163838 3.5947443577207414 245
1739616163852 3.5635052685840747 246
1739616163865 3.532779375413745 247
1739616163879 3.5025574175529477 248
1739616163893 3.472830312534516 249
1739616163908 3.443589152517357 250
1739616163922 3.4148252007956845 251
1739616163935 3.3865298883795845 252
1739616163949 3.3586948106453773 253
1739616163962 3.3313117240543857 254
1739616163976 3.3043725429386743 255
1739616163990 3.277869336352376 256
1739616164005 3.2517943249872685 257
1739616164018 3.2261398781512427 258
1739616164033 3.2008985108084005 259
1739616164047 3.1760628806794693 260
1739616164061 3.1516257854013467 261
1739616164075 3.1275801597444857 262
1739616164089 3.10391907288698 263
1739616164103 3.080635725744148 264
1739616164116 3.057723448352512 265
1739616164131 3.0351756973069715 266
1739616164145 3.0129860532501733 267
1739616164163 2.9911482184129228 268
1739616164177 2.9696560142046415 269
1739616164191 2.948503378852771 270
1739616164203 2.927684365090202 271
1739616164217 2.9071931378896423 272
1739616164230 2.8870239722440685 273
1739616164244 2.867171250992182 274
1739616164258 2.84762946268807 275
1739616164271 2.828393199514056 276
1739616164286 2.8094571552359273 277
1739616164299 2.7908161231996194 278
1739616164312 2.77246499436852 279
1739616164326 2.7543987554005724 280
1739616164340 2.7366124867643213 281
1739616164353 2.719101360893141 282
1739616164366 2.701860640376827 283
1739616164380 2.6848856761898063 284
1739616164395 2.6681719059552087 285
1739616164417 2.651714852244041 286
1739616164431 2.6355101209087737 287
1739616164445 2.619553399450614 288
1739616164459 2.6038404554197747 289
1739616164473 2.5883671348480553 290
1739616164487 2.5731293607131063 291
1739616164500 2.5581231314336628 292
1739616164514 2.543344519395184 293
1739616164528 2.528789669505203 294
1739616164542 2.514454797777841 295
1739616164556 2.5003361899468373 296
1739616164570 2.486430200106552 297
1739616164583 2.47273324938033 298
1739616164597 2.459241824615686 299
1739616164612 2.445952477105759 300
1739616164627 2.432861821336492 301
1739616164642 2.419966533759008 302
1739616164657 2.4072633515866944 303
1739616164672 2.39474907161643 304
1739616164687 2.382420549073516 305
1739616164701 2.3702746964798105 306
1739616164716 2.358308482544566 307
1739616164731 2.3465189310775436 308
1739616164746 2.33490311992392 309
1739616164761 2.323458179920549 310
1739616164776 2.312181293873156 311
1739616164790 2.301069695553996 312
1739616164804 2.290120668719621 313
1739616164817 2.279331546148273 314
1739616164831 2.2686997086965603 315
1739616164846 2.2582225843749995 316
1739616164859 2.247897647442019 317
1739616164874 2.237722417516084 318
1739616164888 2.2276944587055496 319
1739616164901 2.2178113787558873 320
1739616164915 2.2080708282139265 321
1739616164928 2.198470499608761 322
1739616164948 2.189008126648996 323
1739616164962 2.1796814834359814 324
1739616164975 2.17048838369272 325
1739616164989 2.1614266800081277 326
1739616165001 2.152494263096329 327
1739616165014 2.143689061070686 328
1739616165029 2.135009038732254 329
1739616165042 2.1264521968723833 330
1739616165055 2.118016571589171 331
1739616165067 2.1097002336174597 332
1739616165080 2.10150128767216 333
1739616165092 2.0934178718045713 334
1739616165105 2.08544815677147 335
1739616165117 2.0775903454166826 336
1739616165130 2.0698426720649263 337
1739616165143 2.062203401927614 338
1739616165155 2.05467083052043 339
1739616165167 2.047243283092416 340
1739616165180 2.039919114066327 341
1739616165193 2.032696706490039 342
1739616165206 2.0255744714988 343
1739616165219 2.018550847788053 344
1739616165231 2.011624301096676 345
1739616165244 2.004793323700396 346
1739616165257 1.998056433915174 347
1739616165269 1.991412175610366 348
1739616165281 1.9848591177314476 349
1739616165294 1.9783958538321327 350
1739616165308 1.9720210016156772 351
1739616165320 1.9657332024851708 352
1739616165333 1.9595311211026845 353
1739616165346 1.9534134449570315 354
1739616165359 1.9473788839400117 355
1739616165372 1.9414261699309545 356
1739616165384 1.935554056389384 357
1739616165397 1.929761317955658 358
1739616165419 1.9240467500594065 359
1739616165432 1.9184091685356246 360
1739616165445 1.9128474092482568 361
1739616165458 1.9073603277211155 362
1739616165471 1.9019467987760141 363
1739616165483 1.8966057161779248 364
1739616165495 1.8913359922870643 365
1739616165508 1.886136557717737 366
1739616165520 1.8810063610038175 367
1739616165533 1.8759443682707284 368
1739616165545 1.8709495629137858 369
1739616165558 1.8660209452827854 370
1739616165569 1.8611575323727043 371
1739616165582 1.856358357520397 372
1739616165595 1.8516224701071624 373
1739616165607 1.8469489352670616 374
1739616165619 1.8423368336008776 375
1739616165632 1.8377852608955967 376
1739616165644 1.8332933278493142 377
1739616165657 1.8288601598014333 378
1739616165669 1.8244848964680727 379
1739616165682 1.8201666916825678 380
1739616165694 1.8159047131409654 381
1739616165706 1.8116981421524097 382
1739616165719 1.8075461733943414 383
1739616165731 1.8034480146723635 384
1739616165744 1.7994028866847478 385
1739616165756 1.7954100227914385 386
1739616165768 1.7914686687874821 387
1739616165780 1.7875780826807957 388
1739616165792 1.783737534474186 389
1739616165805 1.7799463059515273 390
1739616165817 1.7762036904680312 391
1739616165829 1.7725089927445137 392
1739616165842 1.7688615286655722 393
1739616165854 1.7652606250816245 394
1739616165866 1.7617056196146985 395
1739616165879 1.7581958604679297 396
1739616165892 1.7547307062386592 397
1739616165905 1.751309525735094 398
1739616165917 1.747931697796434 399
1739616165930 1.7445966111164126 400
1739616165943 1.7413036640701727 401
1739616165955 1.7380522645444196 402
1739616165968 1.7348418297707853 403
1739616165980 1.7316717861623236 404
1739616165993 1.7285415691531152 405
1739616166005 1.7254506230408668 406
1739616166017 1.722398400832496 407
1739616166030 1.719384364092599 408
1739616166043 1.7164079827947893 409
1739616166055 1.7134687351758002 410
1739616166067 1.7105661075923482 411
1739616166080 1.7076995943806588 412
1739616166126 1.7048686977186354 413
1739616166146 1.7020729274905912 414
1739616166160 1.6993118011545272 415
1739616166174 1.6965848436118665 416
1739616166187 1.6938915870796267 417
1739616166201 1.6912315709649763 418
1739616166214 1.6886043417421164 419
1739616166228 1.6860094528314604 420
1739616166242 1.6834464644810405 421
1739616166255 1.6809149436501396 422
1739616166268 1.6784144638950524 423
1739616166282 1.675944605256977 424
1739616166296 1.6735049541519782 425
1739616166311 1.67109510326297 426
1739616166325 1.6687146514337121 427
1739616166338 1.6663632035647387 428
1739616166352 1.664040370511219 429
1739616166365 1.6617457689826896 430
1739616166378 1.659479021444627 431
1739616166391 1.6572397560218264 432
1739616166411 1.655027606403555 433
1739616166426 1.6528422117504462 434
1739616166440 1.6506832166030754 435
1739616166453 1.6485502707922317 436
1739616166467 1.646443029350812 437
1739616166481 1.644361152427325 438
1739616166495 1.6423043052009665 439
1739616166507 1.6402721577982413 440
1739616166520 1.6382643852111005 441
1739616166532 1.63628066721656 442
1739616166545 1.6343206882977817 443
1739616166558 1.6323841375665729 444
1739616166570 1.630470708687295 445
1739616166582 1.6285800998021436 446
1739616166595 1.626712013457773 447
1739616166608 1.6248661565332474 448
1739616166620 1.6230422401692792 449
1739616166633 1.6212399796987518 450
1739616166646 1.6194590945784726 451
1739616166659 1.6176993083221616 452
1739616166671 1.6159603484346408 453
1739616166684 1.6142419463471824 454
1739616166696 1.6125438373540337 455
1739616166709 1.6108657605500538 456
1739616166721 1.609207458769476 457
1739616166733 1.607568678525752 458
1739616166746 1.605949169952462 459
1739616166758 1.6043486867452792 460
1739616166770 1.6027669861049594 461
1739616166783 1.601203828681334 462
1739616166796 1.5996589785183042 463
1739616166809 1.5981322029997922 464
1739616166821 1.5966232727966554 465
1739616166833 1.5951319618145274 466
1739616166846 1.5936580471425787 467
1739616166859 1.5922013090031766 468
1739616166872 1.5907615307024285 469
1739616166883 1.5893384985815808 470
1739616166896 1.5879320019692884 471
1739616166908 1.5865418331346892 472
1739616166921 1.5851677872413186 473
1739616166933 1.5838096623018183 474
1739616166947 1.5824672591334272 475
1739616166961 1.5811403813142533 476
1739616166973 1.5798288351402952 477
1739616166986 1.5785324295832133 478
1739616166998 1.5772509762488303 479
1739616167011 1.5759842893363405 480
1739616167024 1.5747321855982308 481
1739616167035 1.5734944843008873 482
1739616167048 1.5722710071858732 483
1739616167060 1.571061578431881 484
1739616167073 1.5698660246173344 485
1739616167085 1.568684174683617 486
1739616167097 1.567515859898946 487
1739616167110 1.566360913822851 488
1739616167124 1.5652191722712598 489
1739616167136 1.564090473282186 490
1739616167147 1.5629746570819798 491
1739616167160 1.5618715660521698 492
1739616167173 1.5607810446968589 493
1739616167185 1.559702939610668 494
1739616167197 1.5586370994472198 495
1739616167209 1.557583374888164 496
1739616167223 1.55654161861271 497
1739616167234 1.5555116852676778 498
1739616167247 1.5544934314380547 499
