1739556388865 156.1452474752639 0
1739556388876 150.06578343226968 1
1739556388888 135.5867024243359 2
1739556388898 123.89266314178727 3
1739556388909 118.31042717050674 4
1739556388920 108.71377182199097 5
1739556388931 98.79612671221396 6
1739556388941 93.62512745249019 7
1739556388950 88.51917604393394 8
1739556388960 79.93413088634524 9
1739556388970 75.99367448022105 10
1739556388980 69.66004670778817 11
1739556388990 63.60547682727015 12
1739556389000 63.13810518140607 13
1739556389010 58.071801505775916 14
1739556389019 52.77805793125366 15
1739556389030 49.1063000368045 16
1739556389041 45.73635112464273 17
1739556389064 42.67077272459235 18
1739556389078 41.28397724506966 19
1739556389088 39.64726926395587 20
1739556389099 34.93613947234451 21
1739556389110 33.94758090169659 22
1739556389121 31.43292307182898 23
1739556389133 30.128763346912844 24
1739556389144 27.159291384398657 25
1739556389155 24.6939243057961 26
1739556389166 25.332738972836967 27
1739556389177 21.665441021334875 28
1739556389187 20.85396403567462 29
1739556389198 19.470544857496566 30
1739556389209 18.241230926325397 31
1739556389220 18.806826110765865 32
1739556389231 15.924136121114058 33
1739556389242 15.766683269229247 34
1739556389254 14.291396536650382 35
1739556389265 14.154028862466305 36
1739556389275 12.043583901219927 37
1739556389285 11.998335613296307 38
1739556389295 12.171513811581537 39
1739556389305 11.291918940372359 40
1739556389315 9.602790603786602 41
1739556389326 8.791155332311956 42
1739556389336 9.355632428431985 43
1739556389347 8.720862177449908 44
1739556389357 8.228854509305643 45
1739556389367 7.386981634401414 46
1739556389377 6.921384790255003 47
1739556389386 7.713651825629061 48
1739556389396 7.211462476433461 49
1739556389406 6.2873296540197785 50
1739556389416 5.75885116727581 51
1739556389427 6.41783665177625 52
1739556389437 6.4795638055053795 53
1739556389446 5.921226388610929 54
1739556389456 5.0945511293353585 55
1739556389466 5.809302314480388 56
1739556389476 4.888593254603681 57
1739556389486 4.680838838415878 58
1739556389496 4.525765816822999 59
1739556389506 3.7525372681223153 60
1739556389516 4.7145995006484975 61
1739556389526 3.373968676186138 62
1739556389536 3.5613206974755247 63
1739556389547 3.4322513705387054 64
1739556389556 4.506767862183989 65
1739556389567 2.9132817086199654 66
1739556389576 4.157155767364473 67
1739556389586 3.1177210547751604 68
1739556389596 3.1415245862603376 69
1739556389606 3.824792912169245 70
1739556389616 3.3312271029349323 71
1739556389625 2.8981371909265197 72
1739556389636 2.636114043366432 73
1739556389647 2.5270442825555697 74
1739556389658 2.4695562023412476 75
1739556389669 3.1234779404222333 76
1739556389679 2.3447614398920877 77
1739556389688 2.233837369918064 78
1739556389698 2.856777859920961 79
1739556389708 2.621602239676302 80
1739556389718 2.579940093052278 81
1739556389727 2.776705719692923 82
1739556389738 3.0655836255729634 83
1739556389749 1.5023779262007262 84
1739556389759 1.566007725314534 85
1739556389770 2.296166177369152 86
1739556389779 1.7343585911675412 87
1739556389789 1.5817423979211351 88
1739556389800 2.223175421906303 89
1739556389810 2.609062592646452 90
1739556389819 1.8975733974467417 91
1739556389829 1.8478610126813353 92
1739556389839 1.4713276488298144 93
1739556389850 1.875179238076701 94
1739556389859 2.6373218474330105 95
1739556389870 2.226756005509355 96
1739556389880 2.00703156505955 97
1739556389891 2.428828903279397 98
1739556389901 2.4935798445552875 99
1739556389911 2.1203029774145503 100
1739556389923 1.7826572885179082 101
1739556389936 1.2947991864068868 102
1739556389950 1.5522816376126947 103
1739556389962 1.7554896232867492 104
1739556389972 2.606274072591288 105
1739556389983 1.558047264045467 106
1739556389994 1.893565151170341 107
1739556390005 1.2919377719206004 108
1739556390015 1.4164434731629318 109
1739556390027 2.005522104637813 110
1739556390038 1.3686687214630242 111
1739556390050 1.3951010575684335 112
1739556390062 1.4832591204018866 113
1739556390078 1.6606281014408493 114
1739556390090 2.2392924950078315 115
1739556390101 2.6071992213987447 116
1739556390112 1.6566415324156032 117
1739556390125 1.4697290722886585 118
1739556390160 2.2165697158955537 119
1739556390177 1.6300534903503867 120
1739556390189 1.463334770777029 121
1739556390200 1.3395315420787461 122
1739556390210 1.2951763964458736 123
1739556390222 2.561694586635302 124
1739556390233 0.9659792726783085 125
1739556390245 2.006489416067198 126
1739556390255 1.8023004229753163 127
1739556390266 1.6050237981295281 128
1739556390277 2.0412282596570073 129
1739556390288 1.4865438985845083 130
1739556390299 1.3581101879814603 131
1739556390310 1.9782885568583495 132
1739556390321 1.0562816742451546 133
1739556390331 1.5177264049390167 134
1739556390343 1.1369216216548501 135
1739556390354 1.5261674981513544 136
1739556390365 1.576127889461242 137
1739556390376 1.823191884768379 138
1739556390387 1.9660609709779866 139
1739556390398 1.6260452031452524 140
1739556390409 1.184135557023154 141
1739556390419 1.3347932769799227 142
1739556390430 1.7319277370118258 143
1739556390441 1.007296953658281 144
1739556390451 1.4155523809719588 145
1739556390462 1.518755520994334 146
1739556390473 1.5407010521089763 147
1739556390484 2.0155150194805045 148
1739556390495 0.9176487024752494 149
1739556390505 1.834822998857407 150
1739556390516 1.3374711344048986 151
1739556390526 1.577405861919797 152
1739556390536 1.7164621621167508 153
1739556390546 1.3565926936419859 154
1739556390555 1.4496399477132886 155
1739556390565 1.296967035549022 156
1739556390575 1.2328632011933807 157
1739556390585 1.2630611722815892 158
1739556390595 1.9909573732463317 159
1739556390605 1.2559918695161658 160
1739556390615 1.6126335191178105 161
1739556390625 2.2218744996530515 162
1739556390635 1.9792685996611057 163
1739556390645 2.1527657912830818 164
1739556390655 1.2974836894509771 165
1739556390666 1.3332727723072857 166
1739556390676 1.9719698286797198 167
1739556390685 1.0667383802382187 168
1739556390695 1.3689957590280055 169
1739556390705 1.8818854551889117 170
1739556390715 1.1983898168162206 171
1739556390724 1.0697732893355671 172
1739556390734 1.0643164998405221 173
1739556390744 2.4844781517802916 174
1739556390754 1.4426601734405249 175
1739556390764 1.6415410515915665 176
1739556390774 1.3280134807692878 177
1739556390783 1.6827836815888886 178
1739556390793 1.2315620353410601 179
1739556390803 0.9617604945826408 180
1739556390813 1.7180629805514893 181
1739556390823 1.627552341146375 182
1739556390833 0.9365866519534162 183
1739556390843 1.0649370247494347 184
1739556390853 1.3466510802749923 185
1739556390863 1.2850596832724825 186
1739556390874 1.3276593057978519 187
1739556390884 1.2245923425674785 188
1739556390893 1.063293481382914 189
1739556390903 1.4787143041470454 190
1739556390913 1.1087536559763678 191
1739556390922 1.1230512801084842 192
1739556390932 1.9501124351341093 193
1739556390942 1.2593900024357856 194
1739556390952 1.878080051650974 195
1739556390963 1.3836536397832555 196
1739556390974 1.6663039788368865 197
1739556390984 1.7300800043451705 198
1739556390994 1.9077408252898729 199
1739556391003 1.468427818162347 200
1739556391013 2.9572427567235455 201
1739556391023 1.34560394121019 202
1739556391033 1.2504242490486719 203
1739556391043 1.9168206969617352 204
1739556391053 1.3877205642200645 205
1739556391063 1.7436540773571463 206
1739556391074 1.7216181915675437 207
1739556391085 1.272269796741332 208
1739556391095 1.3110552315849264 209
1739556391105 1.455967711594426 210
1739556391115 0.9951383342683051 211
1739556391126 1.196847661990474 212
1739556391136 1.656388388783252 213
1739556391146 1.768637051116423 214
1739556391155 1.334217851480103 215
1739556391168 1.3063818251998887 216
1739556391180 1.0531260542611987 217
1739556391191 2.506086216041368 218
1739556391203 1.2716999571928842 219
1739556391214 1.9515576311712264 220
1739556391225 1.637589629811569 221
1739556391236 1.2031525862124588 222
1739556391247 1.6584936064684943 223
1739556391258 1.1105543852057278 224
