1739612938133 169.6210407770955 0
1739612938145 166.26008979308347 1
1739612938156 162.97274440925895 2
1739612938165 159.7573266527184 3
1739612938174 156.61219766766555 4
1739612938184 153.53575679262266 5
1739612938193 150.52644065954578 6
1739612938203 147.5827223143204 7
1739612938214 144.7031103581303 8
1739612938224 141.8861481092012 9
1739612938233 139.13041278443546 10
1739612938242 136.43451470046278 11
1739612938251 133.7970964936463 12
1739612938261 131.21683235859166 13
1739612938270 128.6924273047191 14
1739612938280 126.22261643046883 15
1739612938289 123.80616421471932 16
1739612938299 121.4418638250096 17
1739612938311 119.12853644216531 18
1739612938320 116.86503060093769 19
1739612938338 114.65022154627538 20
1739612938348 112.48301060485619 21
1739612938358 110.3623245715162 22
1739612938368 108.28711511022148 23
1739612938378 106.25635816923663 24
1739612938388 104.26905341015215 25
1739612938397 102.32422365044113 26
1739612938407 100.42091431922317 27
1739612938417 98.55819292592184 28
1739612938427 96.73514854150822 29
1739612938436 94.95089129203184 30
1739612938445 93.2045518641465 31
1739612938454 91.4952810223455 32
1739612938464 89.82224913762823 33
1739612938474 88.18464572732603 34
1739612938483 86.58167900582164 35
1739612938492 85.01257544590398 36
1739612938502 83.47657935050471 37
1739612938511 81.97295243456996 38
1739612938519 80.50097341682631 39
1739612938529 79.05993762120583 40
1739612938538 77.64915658770046 41
1739612938547 76.26795769242159 42
1739612938556 74.91568377664628 43
1739612938566 73.59169278463605 44
1739612938576 72.29535741002043 45
1739612938585 71.02606475054091 46
1739612938594 69.78321597095751 47
1739612938604 68.56622597392321 48
1739612938613 67.37452307863747 49
1739612938622 66.20754870709371 50
1739612938633 65.06475707774062 51
1739612938642 63.94561490638082 52
1739612938652 62.84960111413526 53
1739612938663 61.776206542305474 54
1739612938672 60.724933673969616 55
1739612938681 59.695296362152796 56
1739612938690 58.68681956441515 57
1739612938699 57.69903908370555 58
1739612938709 56.731501315332025 59
1739612938718 55.78376299990373 60
1739612938727 54.855390982102726 61
1739612938736 53.94596197514712 62
1739612938746 53.055062330810436 63
1739612938755 52.18228781486539 64
1739612938765 51.32724338782345 65
1739612938775 50.48954299084419 66
1739612938784 49.66880933669213 67
1739612938794 48.86467370562092 68
1739612938803 48.076775746068385 69
1739612938812 47.304763280047865 70
1739612938821 46.54829211312474 71
1739612938831 45.80702584886926 72
1739612938840 45.08063570767958 73
1739612938849 44.36880034987125 74
1739612938859 43.67120570293206 75
1739612938868 42.987544792843494 76
1739612938877 42.31751757937226 77
1739612938886 41.66083079523793 78
1739612938896 41.01719778906466 79
1739612938905 40.38633837202741 80
1739612938915 39.767978668104966 81
1739612938925 39.16185096785444 82
1739612938934 38.567693585623715 83
1739612938945 37.98525072012032 84
1739612938955 37.41427231825736 85
1739612938965 36.85451394219872 86
1739612938974 36.305736639527844 87
1739612938983 35.767706816466124 88
1739612938993 35.24019611406854 89
1739612939002 34.72298128732623 90
1739612939012 34.21584408710706 91
1739612939021 33.71857114486699 92
1739612939031 33.23095386006667 93
1739612939039 32.75278829022923 94
1739612939049 32.283875043576835 95
1739612939058 31.824019174184702 96
1739612939068 31.37303007959345 97
1739612939077 30.930721400821145 98
1739612939086 30.49691092471867 99
1739612939097 30.07142048861271 100
1739612939106 29.654075887182376 101
1739612939121 29.244706781516637 102
1739612939131 28.843146610300973 103
1739612939142 28.4492325030829 104
1739612939154 28.062805195567226 105
1739612939164 27.683708946893034 106
1739612939173 27.31179145884571 107
1739612939183 26.946903796958 108
1739612939192 26.58890031345571 109
1739612939201 26.2376385720044 110
1739612939211 25.892979274214472 111
1739612939220 25.554786187863154 112
1739612939229 25.22292607679285 113
1739612939238 24.89726863244631 114
1739612939248 24.577686406999828 115
1739612939260 24.264054748056918 116
1739612939269 23.956251734865553 117
1739612939288 23.65415811602298 118
1739612939298 23.35765724863309 119
1739612939308 23.06663503888201 120
1739612939318 22.780979883998466 121
1739612939328 22.50058261556636 122
1739612939337 22.22533644415747 123
1739612939347 21.955136905253326 124
1739612939357 21.689881806425834 125
1739612939367 21.429471175746883 126
1739612939376 21.173807211398078 127
1739612939385 20.922794232452297 128
1739612939395 20.676338630799403 129
1739612939404 20.434348824189243 130
1739612939413 20.196735210365535 131
1739612939422 19.963410122265064 132
1739612939432 19.73428778425697 133
1739612939441 19.50928426939778 134
1739612939451 19.28831745767815 135
1739612939460 19.071306995238075 136
1739612939469 18.858174254527757 137
1739612939478 18.648842295391873 138
1739612939488 18.443235827055485 139
1739612939498 18.241281170990483 140
1739612939507 18.042906224641808 141
1739612939516 17.84804042599322 142
1739612939525 17.656614718952902 143
1739612939534 17.46856151953971 144
1739612939543 17.283814682851073 145
1739612939552 17.102309470794435 146
1739612939562 16.923982520564046 147
1739612939570 16.74877181384584 148
1739612939580 16.576616646733115 149
1739612939590 16.407457600336482 150
1739612939599 16.24123651207171 151
1739612939608 16.077896447609543 152
1739612939618 15.917381673472052 153
1739612939627 15.759637630260313 154
1739612939636 15.604610906498557 155
1739612939646 15.452249213080481 156
1739612939655 15.302501358303424 157
1739612939665 15.15531722347683 158
1739612939674 15.010647739091366 159
1739612939683 14.868444861535728 160
1739612939692 14.728661550348177 161
1739612939701 14.591251745990387 162
1739612939711 14.456170348131321 163
1739612939720 14.323373194429232 164
1739612939730 14.192817039800133 165
1739612939740 14.064459536161362 166
1739612939749 13.938259212639124 167
1739612939759 13.81417545622918 168
1739612939768 13.692168492900082 169
1739612939778 13.57219936912863 170
1739612939787 13.454229933857464 171
1739612939796 13.338222820864889 172
1739612939805 13.224141431537362 173
1739612939814 13.11194991803523 174
1739612939822 13.001613166842544 175
1739612939833 12.89309678269196 176
1739612939842 12.78636707285605 177
1739612939851 12.681391031796425 178
1739612939861 12.578136326162314 179
1739612939870 12.476571280130596 180
1739612939879 12.3766648610791 181
1739612939888 12.278386665585641 182
1739612939898 12.18170690574508 183
1739612939909 12.086596395797043 184
1739612939918 11.993026539057064 185
1739612939928 11.900969315144136 186
1739612939937 11.81039726749773 187
1739612939949 11.721283491177552 188
1739612939961 11.633601620939507 189
1739612939970 11.5473258195815 190
1739612939980 11.46243076655263 191
1739612939989 11.378891646819877 192
1739612939999 11.296684139986185 193
1739612940009 11.215784409654145 194
1739612940019 11.136169093029537 195
1739612940030 11.057815290759288 196
1739612940039 10.980700556998281 197
1739612940049 10.90480288969979 198
1739612940059 10.830100721124374 199
1739612940069 10.75657290856208 200
1739612940079 10.684198725263165 201
1739612940088 10.612957851572395 202
1739612940098 10.542830366262239 203
1739612940107 10.473796738060427 204
1739612940118 10.405837817367306 205
1739612940130 10.338934828158608 206
1739612940139 10.27306936006947 207
1739612940149 10.208223360655332 208
1739612940159 10.144379127825793 209
1739612940168 10.081519302447397 210
1739612940179 10.019626861111377 211
1739612940188 9.958685109062674 212
1739612940198 9.89867767328645 213
1739612940207 9.839588495748465 214
1739612940227 9.7814018267858 215
1739612940236 9.724102218644502 216
1739612940247 9.66767451916066 217
1739612940257 9.612103865581783 218
1739612940266 9.557375678525089 219
1739612940276 9.503475656069682 220
1739612940286 9.450389767979493 221
1739612940296 9.398104250053985 222
1739612940305 9.346605598603727 223
1739612940314 9.295880565047923 224
1739612940323 9.245916150631139 225
1739612940333 9.196699601256508 226
1739612940342 9.148218402432729 227
1739612940352 9.100460274332235 228
1739612940361 9.053413166958029 229
1739612940369 9.0070652554167 230
1739612940379 8.961404935295178 231
1739612940389 8.91642081813885 232
1739612940399 8.872101727028761 233
1739612940408 8.828436692255611 234
1739612940418 8.785414947088354 235
1739612940428 8.74302592363525 236
1739612940437 8.70125924879524 237
1739612940446 8.660104740297603 238
1739612940455 8.619552402827933 239
1739612940464 8.579592424238378 240
1739612940474 8.540215171840295 241
1739612940483 8.501411188777478 242
1739612940492 8.463171190478032 243
1739612940501 8.42548606118318 244
1739612940510 8.388346850551278 245
1739612940520 8.351744770335266 246
1739612940529 8.315671191131942 247
1739612940538 8.28011763920143 248
1739612940548 8.245075793355218 249
1739612940556 8.21053748191128 250
1739612940565 8.176494679714715 251
1739612940575 8.142939505222433 252
1739612940584 8.109864217650465 253
1739612940594 8.077261214182474 254
1739612940603 8.045123027238084 255
1739612940612 8.013442321799655 256
1739612940621 7.982211892796285 257
1739612940631 7.951424662543607 258
1739612940640 7.921073678238278 259
1739612940650 7.89115210950579 260
1739612940659 7.8616532460005555 261
1739612940668 7.832570495056933 262
1739612940678 7.803897379390209 263
1739612940687 7.775627534846294 264
1739612940698 7.7477547081991345 265
1739612940707 7.720272754994684 266
1739612940717 7.6931756374404925 267
1739612940726 7.666457422339807 268
1739612940736 7.640112279069258 269
1739612940745 7.614134477599113 270
1739612940754 7.588518386555176 271
1739612940764 7.5632584713213875 272
1739612940773 7.538349292182245 273
1739612940782 7.513785502504124 274
1739612940792 7.489561846954684 275
1739612940801 7.465673159759465 276
1739612940811 7.442114362994868 277
1739612940820 7.41888046491674 278
1739612940830 7.395966558323722 279
1739612940839 7.373367818954651 280
1739612940849 7.3510795039192205 281
1739612940858 7.329096950161174 282
1739612940868 7.307415572953323 283
1739612940878 7.286030864423696 284
1739612940887 7.264938392112094 285
1739612940897 7.244133797556447 286
1739612940906 7.223612794908226 287
1739612940916 7.203371169576405 288
1739612940925 7.183404776899188 289
1739612940934 7.163709540843014 290
1739612940944 7.144281452728181 291
1739612940953 7.1251165699805705 292
1739612940962 7.1062110149087765 293
1739612940972 7.0875609735062515 294
1739612940981 7.069162694277766 295
1739612940991 7.051012487089773 296
1739612941000 7.033106722044069 297
1739612941010 7.0154418283743105 298
1739612941020 6.9980142933648395 299
1739612941030 6.980820661291356 300
1739612941039 6.963857532382984 301
1739612941049 6.947121561805198 302
1739612941058 6.930609458663272 303
1739612941068 6.914317985025671 304
1739612941077 6.898243954967069 305
1739612941086 6.8823842336305 306
1739612941096 6.86673573630828 307
1739612941105 6.851295427541236 308
1739612941115 6.836060320235909 309
1739612941128 6.82102747479928 310
1739612941138 6.806193998290737 311
1739612941148 6.791557043590806 312
1739612941157 6.777113808586355 313
1739612941177 6.762861535371885 314
1739612941186 6.748797509466618 315
1739612941196 6.73491905904697 316
1739612941206 6.721223554194103 317
1739612941216 6.707708406156308 318
1739612941225 6.694371066625776 319
1739612941234 6.681209027029568 320
1739612941244 6.668219817834407 321
1739612941253 6.65540100786503 322
1739612941265 6.64275020363582 323
1739612941276 6.63026504869541 324
1739612941285 6.6179432229839925 325
1739612941294 6.605782442203113 326
1739612941304 6.593780457197586 327
1739612941315 6.581935053349413 328
1739612941324 6.570244049983276 329
1739612941334 6.558705299783561 330
1739612941345 6.547316688222507 331
1739612941355 6.5360761329993275 332
1739612941365 6.524981583490078 333
1739612941375 6.5140310202079785 334
1739612941384 6.503222454274083 335
1739612941394 6.492553926897958 336
1739612941403 6.482023508868248 337
1739612941413 6.471629300052913 338
1739612941423 6.461369428908877 339
1739612941433 6.451242052000954 340
1739612941442 6.441245353529878 341
1739612941451 6.431377544869133 342
1739612941461 6.421636864110552 343
1739612941471 6.412021575618398 344
1739612941480 6.402529969591765 345
1739612941490 6.393160361635216 346
1739612941499 6.383911092337353 347
1739612941509 6.374780526857252 348
1739612941518 6.365767054518587 349
1739612941528 6.356869088411263 350
1739612941537 6.348085065000396 351
1739612941546 6.339413443742557 352
1739612941555 6.330852706709043 353
1739612941565 6.322401358216093 354
1739612941575 6.314057924461878 355
1739612941584 6.305820953170153 356
1739612941593 6.297689013240418 357
1739612941602 6.2896606944044695 358
1739612941612 6.281734606889164 359
1739612941622 6.273909381085377 360
1739612941631 6.266183667222908 361
1739612941640 6.258556135051288 362
1739612941651 6.251025473526365 363
1739612941663 6.2435903905025345 364
1739612941672 6.2362496124304965 365
1739612941682 6.229001884060427 366
1739612941691 6.221845968150517 367
1739612941701 6.214780645180691 368
1739612941711 6.207804713071412 369
1739612941720 6.200916986907555 370
1739612941730 6.194116298667132 371
1739612941739 6.187401496954866 372
1739612941749 6.180771446740467 373
1739612941758 6.17422502910153 374
1739612941768 6.167761140970986 375
1739612941777 6.161378694888957 376
1739612941786 6.155076618759019 377
1739612941796 6.148853855608708 378
1739612941805 6.142709363354207 379
1739612941816 6.136642114569168 380
1739612941826 6.130651096257526 381
1739612941836 6.124735309630313 382
1739612941845 6.118893769886279 383
1739612941855 6.1131255059963605 384
1739612941864 6.107429560491863 385
1739612941874 6.101804989256278 386
1739612941883 6.0962508613207085 387
1739612941893 6.090766258662769 388
1739612941902 6.085350276008979 389
1739612941912 6.0800020206404986 390
1739612941921 6.07472061220219 391
1739612941930 6.069505182514952 392
1739612941939 6.064354875391202 393
1739612941949 6.059268846453523 394
1739612941959 6.054246262956368 395
1739612941968 6.04928630361078 396
1739612941980 6.044388158412046 397
1739612941989 6.039551028470283 398
1739612941999 6.03477412584385 399
1739612942009 6.030056673375549 400
1739612942018 6.025397904531564 401
1739612942028 6.020797063243101 402
1739612942037 6.016253403750643 403
1739612942046 6.011766190450828 404
1739612942055 6.007334697745804 405
1739612942065 6.002958209895151 406
1739612942074 5.998636020870201 407
1739612942084 5.994367434210769 408
1739612942094 5.990151762884244 409
1739612942103 5.98598832914699 410
1739612942122 5.981876464408021 411
1739612942136 5.977815509094888 412
1739612942148 5.973804812521797 413
1739612942158 5.969843732759809 414
1739612942168 5.965931636509216 415
1739612942177 5.96206789897394 416
1739612942187 5.958251903737972 417
1739612942196 5.954483042643828 418
1739612942205 5.950760715672946 419
1739612942215 5.947084330827995 420
1739612942224 5.943453304017115 421
1739612942234 5.9398670589399645 422
1739612942243 5.936325026975614 423
1739612942252 5.932826647072238 424
1739612942262 5.929371365638519 425
1739612942271 5.925958636436848 426
1739612942281 5.922587920478142 427
1739612942290 5.9192586859183995 428
1739612942300 5.9159704079568165 429
1739612942310 5.91272256873558 430
1739612942319 5.909514657241189 431
1739612942328 5.906346169207342 432
1739612942337 5.903216607019349 433
1739612942346 5.900125479620027 434
1739612942356 5.897072302417101 435
1739612942365 5.8940565971919865 436
1739612942374 5.891077892010049 437
1739612942384 5.888135721132223 438
1739612942393 5.885229624928017 439
1739612942402 5.882359149789847 440
1739612942411 5.879523848048713 441
1739612942420 5.876723277891151 442
1739612942430 5.873957003277494 443
1739612942439 5.871224593861342 444
1739612942449 5.868525624910322 445
1739612942459 5.865859677228 446
1739612942469 5.86322633707704 447
1739612942478 5.860625196103492 448
1739612942487 5.858055851262249 449
1739612942497 5.855517904743637 450
1739612942507 5.8530109639011 451
1739612942516 5.850534641180006 452
1739612942526 5.848088554047519 453
1739612942536 5.845672324923496 454
1739612942545 5.8432855811124735 455
1739612942554 5.840927954736634 456
1739612942564 5.83859908266979 457
1739612942573 5.836298606472382 458
1739612942582 5.834026172327399 459
1739612942591 5.8317814309772835 460
1739612942601 5.829564037661785 461
1739612942610 5.827373652056702 462
1739612942619 5.825209938213554 463
1739612942629 5.823072564500153 464
1739612942638 5.820961203542041 465
1739612942648 5.8188755321648 466
1739612942658 5.816815231337181 467
1739612942668 5.814779986115119 468
1739612942677 5.812769485586539 469
1739612942717 5.810783422816965 470
1739612942730 5.808821494795934 471
1739612942739 5.806883402384212 472
1739612942749 5.804968850261749 473
1739612942758 5.803077546876384 474
1739612942767 5.8012092043933405 475
1739612942777 5.799363538645414 476
1739612942786 5.797540269083894 477
1739612942795 5.795739118730208 478
1739612942804 5.793959814128236 479
1739612942813 5.792202085297321 480
1739612942823 5.790465665685981 481
1739612942833 5.78875029212626 482
1739612942842 5.787055704788734 483
1739612942851 5.785381647138163 484
1739612942861 5.7837278658898 485
1739612942870 5.782094110966279 486
1739612942881 5.780480135455168 487
1739612942890 5.778885695567081 488
1739612942899 5.7773105505944145 489
1739612942908 5.775754462870657 490
1739612942917 5.7742171977302865 491
1739612942927 5.772698523469208 492
1739612942936 5.7711982113057765 493
1739612942947 5.769716035342378 494
1739612942956 5.768251772527504 495
1739612942965 5.766805202618414 496
1739612942974 5.765376108144286 497
1739612942984 5.763964274369904 498
1739612942994 5.762569489259838 499
