1739613105909 169.63245208171296 0
1739613105921 169.29480813722205 1
1739613105932 169.12651832090452 2
1739613105942 168.95831219461547 3
1739613105952 168.79029122203934 4
1739613105962 168.62245512999561 5
1739613105982 168.45480370667858 6
1739613105991 168.28733674049406 7
1739613106002 168.12005402009592 8
1739613106012 167.95295533438573 9
1739613106022 167.78604047251235 10
1739613106032 167.61930922387174 11
1739613106041 167.45276137810657 12
1739613106051 167.28639672510604 13
1739613106060 167.1202150550056 14
1739613106070 166.95421615818648 15
1739613106080 166.78839982527555 16
1739613106090 166.6227658471452 17
1739613106100 166.45731401491247 18
1739613106110 166.29204411993942 19
1739613106120 166.12695595383244 20
1739613106129 165.96204930844215 21
1739613106138 165.79732397586298 22
1739613106148 165.63277974843285 23
1739613106157 165.46841641873323 24
1739613106166 165.30423377958832 25
1739613106175 165.1402316240651 26
1739613106186 164.97640974547312 27
1739613106195 164.81276793736387 28
1739613106204 164.64930599353076 29
1739613106214 164.48602370800884 30
1739613106224 164.32292087507426 31
1739613106234 164.1599972892444 32
1739613106243 163.99725274527714 33
1739613106253 163.8346870381708 34
1739613106262 163.67229996316402 35
1739613106272 163.51009131573502 36
1739613106281 163.3480608916018 37
1739613106291 163.18620848672145 38
1739613106300 163.0245338972903 39
1739613106310 162.86303691974314 40
1739613106320 162.7017173507534 41
1739613106329 162.54057498723247 42
1739613106339 162.37960962632977 43
1739613106348 162.2188210654322 44
1739613106358 162.058209102164 45
1739613106368 161.89777353438643 46
1739613106377 161.7375141601975 47
1739613106387 161.57743077793157 48
1739613106396 161.41752318615937 49
1739613106406 161.2577911836874 50
1739613106415 161.0982345695578 51
1739613106425 160.9388531430481 52
1739613106436 160.77964670367075 53
1739613106446 160.6206150511732 54
1739613106456 160.46175798553713 55
1739613106466 160.30307530697874 56
1739613106476 160.144566815948 57
1739613106485 159.98623231312854 58
1739613106495 159.82807159943746 59
1739613106504 159.67008447602498 60
1739613106513 159.51227074427408 61
1739613106523 159.35463020580033 62
1739613106533 159.19716266245172 63
1739613106542 159.03986791630805 64
1739613106552 158.882745769681 65
1739613106562 158.72579602511362 66
1739613106574 158.56901848538027 67
1739613106585 158.4124129534861 68
1739613106595 158.25597923266696 69
1739613106606 158.09971712638904 70
1739613106617 157.9436264383487 71
1739613106634 157.78770697247208 72
1739613106650 157.6319585329148 73
1739613106666 157.47638092406189 74
1739613106682 157.32097395052728 75
1739613106697 157.16573741715368 76
1739613106712 157.01067112901225 77
1739613106725 156.85577489140238 78
1739613106735 156.7010485098513 79
1739613106745 156.54649179011398 80
1739613106755 156.39210453817276 81
1739613106765 156.23788656023703 82
1739613106775 156.08383766274312 83
1739613106784 155.9299576523538 84
1739613106794 155.77624633595835 85
1739613106804 155.62270352067185 86
1739613106813 155.46932901383533 87
1739613106823 155.31612262301525 88
1739613106833 155.1630841560033 89
1739613106842 155.01021342081623 90
1739613106852 154.85751022569534 91
1739613106861 154.70497437910643 92
1739613106871 154.55260568973955 93
1739613106881 154.4004039665086 94
1739613106890 154.2483690185511 95
1739613106900 154.09650065522789 96
1739613106910 153.94479868612308 97
1739613106933 153.79326292104346 98
1739613106942 153.6418931700185 99
1739613106952 153.4906892433 100
1739613106962 153.33965095136168 101
1739613106972 153.1887781048992 102
1739613106981 153.03807051482968 103
1739613106991 152.88752799229155 104
1739613107000 152.73715034864412 105
1739613107009 152.58693739546766 106
1739613107019 152.43688894456267 107
1739613107028 152.2870048079501 108
1739613107038 152.1372847978707 109
1739613107047 151.98772872678492 110
1739613107057 151.83833640737274 111
1739613107066 151.68910765253332 112
1739613107076 151.54004227538456 113
1739613107085 151.39114008926325 114
1739613107095 151.24240090772443 115
1739613107105 151.09382454454132 116
1739613107114 150.94541081370508 117
1739613107125 150.79715952942436 118
1739613107135 150.64907050612527 119
1739613107144 150.50114355845105 120
1739613107154 150.35337850126172 121
1739613107164 150.20577514963392 122
1739613107173 150.05833331886066 123
1739613107183 149.91105282445096 124
1739613107192 149.76393348212977 125
1739613107202 149.6169751078375 126
1739613107211 149.47017751772992 127
1739613107221 149.3235405281779 128
1739613107230 149.177063955767 129
1739613107239 149.0307476172975 130
1739613107250 148.88459132978383 131
1739613107259 148.73859491045448 132
1739613107269 148.59275817675177 133
1739613107279 148.44708094633154 134
1739613107288 148.30156303706298 135
1739613107298 148.15620426702813 136
1739613107307 148.01100445452204 137
1739613107317 147.86596341805205 138
1739613107326 147.721080976338 139
1739613107336 147.57635694831148 140
1739613107345 147.43179115311617 141
1739613107355 147.28738341010703 142
1739613107365 147.14313353885035 143
1739613107374 146.99904135912348 144
1739613107384 146.8551066909145 145
1739613107394 146.71132935442202 146
1739613107403 146.56770917005497 147
1739613107413 146.42424595843215 148
1739613107423 146.28093954038232 149
1739613107433 146.1377897369436 150
1739613107442 145.99479636936357 151
1739613107452 145.85195925909863 152
1739613107461 145.70927822781405 153
1739613107471 145.56675309738372 154
1739613107481 145.42438368988962 155
1739613107490 145.282169827622 156
1739613107501 145.14011133307872 157
1739613107510 144.99820802896525 158
1739613107520 144.85645973819436 159
1739613107529 144.7148662838859 160
1739613107539 144.5734274893665 161
1739613107549 144.4321431781693 162
1739613107559 144.29101317403382 163
1739613107569 144.15003730090578 164
1739613107578 144.00921538293647 165
1739613107588 143.86854724448295 166
1739613107598 143.72803271010758 167
1739613107607 143.5876716045778 168
1739613107618 143.4474637528659 169
1739613107628 143.30740898014886 170
1739613107638 143.167507111808 171
1739613107647 143.02775797342863 172
1739613107657 142.8881613908002 173
1739613107666 142.74871718991562 174
1739613107676 142.6094251969713 175
1739613107686 142.47028523836673 176
1739613107695 142.33129714070444 177
1739613107705 142.19246073078955 178
1739613107715 142.05377583562958 179
1739613107724 141.9152422824345 180
1739613107736 141.77685989861587 181
1739613107745 141.63862851178737 182
1739613107755 141.50054794976384 183
1739613107764 141.3626180405616 184
1739613107774 141.2248386123979 185
1739613107783 141.08720949369064 186
1739613107793 140.94973051305846 187
1739613107803 140.81240149932017 188
1739613107812 140.67522228149468 189
1739613107822 140.53819268880073 190
1739613107832 140.40131255065663 191
1739613107842 140.26458169667995 192
1739613107853 140.12799995668763 193
1739613107862 139.99156716069524 194
1739613107882 139.85528313891703 195
1739613107891 139.71914772176578 196
1739613107902 139.58316073985236 197
1739613107912 139.44732202398555 198
1739613107925 139.31163140517188 199
1739613107935 139.1760887146154 200
1739613107949 139.04069378371724 201
1739613107961 138.90544644407566 202
1739613107971 138.7703465274857 203
1739613107980 138.63539386593888 204
1739613107989 138.50058829162302 205
1739613107998 138.36592963692198 206
1739613108007 138.2314177344156 207
1739613108017 138.09705241687917 208
1739613108026 137.9628335172834 209
1739613108036 137.82876086879423 210
1739613108045 137.69483430477237 211
1739613108056 137.56105365877337 212
1739613108065 137.42741876454713 213
1739613108075 137.29392945603772 214
1739613108084 137.16058556738332 215
1739613108094 137.02738693291582 216
1739613108103 136.89433338716069 217
1739613108113 136.76142476483656 218
1739613108122 136.62866090085532 219
1739613108131 136.4960416303216 220
1739613108141 136.36356678853267 221
1739613108151 136.23123621097812 222
1739613108160 136.09904973333988 223
1739613108170 135.96700719149163 224
1739613108180 135.83510842149886 225
1739613108190 135.70335325961847 226
1739613108200 135.57174154229872 227
1739613108209 135.44027310617878 228
1739613108220 135.30894778808872 229
1739613108229 135.17776542504907 230
1739613108239 135.04672585427085 231
1739613108248 134.91582891315508 232
1739613108258 134.7850744392927 233
1739613108268 134.65446227046448 234
1739613108278 134.5239922446404 235
1739613108288 134.39366419997984 236
1739613108297 134.26347797483106 237
1739613108306 134.13343340773125 238
1739613108316 134.003530337406 239
1739613108325 133.8737686027693 240
1739613108335 133.74414804292326 241
1739613108344 133.61466849715788 242
1739613108354 133.48532980495077 243
1739613108364 133.356131805967 244
1739613108374 133.22707434005895 245
1739613108384 133.09815724726582 246
1739613108393 132.96938036781378 247
1739613108403 132.8407435421154 248
1739613108412 132.71224661076968 249
1739613108422 132.5838894145617 250
1739613108432 132.45567179446243 251
1739613108470 132.32759359162853 252
1739613108486 132.19965464740207 253
1739613108500 132.07185480331043 254
1739613108515 131.94419390106594 255
1739613108526 131.81667178256575 256
1739613108539 131.6892882898916 257
1739613108551 131.56204326530957 258
1739613108563 131.43493655126989 259
1739613108574 131.3079679904067 260
1739613108586 131.18113742553788 261
1739613108599 131.05444469966474 262
1739613108614 130.9278896559719 263
1739613108626 130.8014721378271 264
1739613108636 130.67519198878074 265
1739613108647 130.549049052566 266
1739613108656 130.42304317309842 267
1739613108666 130.2971741944757 268
1739613108675 130.17144196097755 269
1739613108686 130.0458463170654 270
1739613108697 129.92038710738228 271
1739613108707 129.79506417675248 272
1739613108716 129.66987737018144 273
1739613108725 129.5448265328555 274
1739613108734 129.4199115101417 275
1739613108744 129.29513214758754 276
1739613108753 129.17048829092073 277
1739613108762 129.0459797860491 278
1739613108772 128.92160647906024 279
1739613108781 128.79736821622143 280
1739613108790 128.6732648439793 281
1739613108800 128.54929620895973 282
1739613108809 128.4254621579675 283
1739613108819 128.30176253798624 284
1739613108828 128.17819719617808 285
1739613108838 128.05476597988354 286
1739613108847 127.93146873662128 287
1739613108857 127.80830531408782 288
1739613108866 127.68527556015746 289
1739613108875 127.56237932288201 290
1739613108887 127.43961645049049 291
1739613108898 127.31698679138917 292
1739613108908 127.19449019416096 293
1739613108918 127.07212650756564 294
1739613108933 126.94989558053936 295
1739613108943 126.82779726219452 296
1739613108953 126.7058314018196 297
1739613108964 126.58399784887887 298
1739613108974 126.46229645301221 299
1739613108985 126.34072706403497 300
1739613108996 126.21928953193768 301
1739613109007 126.09798370688586 302
1739613109017 125.97680943921985 303
1739613109027 125.85576657945455 304
1739613109037 125.73485497827924 305
1739613109056 125.61407448655741 306
1739613109069 125.49342495532652 307
1739613109079 125.3729062357977 308
1739613109089 125.25251817935577 309
1739613109100 125.13226063755879 310
1739613109109 125.01213346213804 311
1739613109120 124.89213650499771 312
1739613109129 124.77226961821474 313
1739613109139 124.65253265403858 314
1739613109149 124.53292546489104 315
1739613109159 124.41344790336599 316
1739613109170 124.29409982222936 317
1739613109180 124.17488107441864 318
1739613109190 124.0557915130429 319
1739613109201 123.93683099138256 320
1739613109211 123.81799936288913 321
1739613109222 123.69929648118494 322
1739613109231 123.58072220006314 323
1739613109241 123.46227637348734 324
1739613109252 123.34395885559145 325
1739613109265 123.22576950067948 326
1739613109275 123.10770816322533 327
1739613109285 122.98977469787258 328
1739613109294 122.8719689594344 329
1739613109305 122.7542908028931 330
1739613109315 122.63674008340027 331
1739613109325 122.51931665627622 332
1739613109337 122.4020203770101 333
1739613109347 122.28485110125946 334
1739613109358 122.16780868485017 335
1739613109368 122.05089298377625 336
1739613109377 121.93410385419956 337
1739613109388 121.81744115244966 338
1739613109400 121.70090473502366 339
1739613109409 121.58449445858595 340
1739613109420 121.46821017996804 341
1739613109430 121.3520517561683 342
1739613109440 121.23601904435188 343
1739613109451 121.12011190185036 344
1739613109461 121.00433018616175 345
1739613109472 120.88867375495009 346
1739613109483 120.77314246604537 347
1739613109493 120.65773617744334 348
1739613109504 120.54245474730524 349
1739613109513 120.42729803395768 350
1739613109524 120.31226589589237 351
1739613109535 120.197358191766 352
1739613109544 120.08257478039998 353
1739613109555 119.96791552078034 354
1739613109566 119.8533802720574 355
1739613109575 119.73896889354569 356
1739613109586 119.62468124472369 357
1739613109596 119.51051718523365 358
1739613109607 119.39647657488146 359
1739613109618 119.28255927363637 360
1739613109628 119.16876514163077 361
1739613109638 119.05509403916015 362
1739613109649 118.94154582668277 363
1739613109659 118.8281203648195 364
1739613109670 118.71481751435367 365
1739613109680 118.60163713623082 366
1739613109691 118.48857909155853 367
1739613109702 118.37564324160626 368
1739613109711 118.2628294478051 369
1739613109722 118.15013757174765 370
1739613109732 118.03756747518777 371
1739613109742 117.92511902004037 372
1739613109753 117.81279206838133 373
1739613109763 117.70058648244718 374
1739613109774 117.58850212463503 375
1739613109785 117.47653885750219 376
1739613109795 117.36469654376629 377
1739613109806 117.25297504630475 378
1739613109816 117.14137422815485 379
1739613109826 117.02989395251343 380
1739613109837 116.91853408273663 381
1739613109848 116.80729448233991 382
1739613109857 116.6961750149976 383
1739613109868 116.58517554454296 384
1739613109878 116.47429593496787 385
1739613109889 116.36353605042257 386
1739613109899 116.25289575521563 387
1739613109909 116.14237491381365 388
1739613109920 116.03197339084115 389
1739613109935 115.9216910510803 390
1739613109944 115.81152775947085 391
1739613109954 115.70148338110975 392
1739613109967 115.59155778125124 393
1739613109976 115.48175082530638 394
1739613109996 115.37206237884305 395
1739613110006 115.26249230758573 396
1739613110017 115.15304047741526 397
1739613110027 115.04370675436869 398
1739613110038 114.93449100463911 399
1739613110048 114.82539309457546 400
1739613110058 114.7164128906823 401
1739613110068 114.6075502596197 402
1739613110077 114.49880506820304 403
1739613110088 114.3901771834027 404
1739613110098 114.28166647234411 405
1739613110108 114.17327280230735 406
1739613110119 114.06499604072711 407
1739613110131 113.95683605519243 408
1739613110141 113.8487927134465 409
1739613110151 113.74086588338662 410
1739613110161 113.63305543306382 411
1739613110171 113.52536123068282 412
1739613110181 113.4177831446018 413
1739613110191 113.3103210433322 414
1739613110202 113.2029747955386 415
1739613110212 113.09574427003847 416
1739613110223 112.98862933580202 417
1739613110233 112.88162986195202 418
1739613110242 112.77474571776365 419
1739613110253 112.66797677266422 420
1739613110264 112.56132289623312 421
1739613110274 112.4547839582016 422
1739613110285 112.34835982845244 423
1739613110294 112.24205037702006 424
1739613110305 112.13585547409008 425
1739613110316 112.02977498999925 426
1739613110325 111.92380879523533 427
1739613110336 111.81795676043677 428
1739613110345 111.71221875639264 429
1739613110356 111.60659465404241 430
1739613110368 111.50108432447578 431
1739613110377 111.39568763893257 432
1739613110388 111.29040446880231 433
1739613110398 111.18523468562441 434
1739613110409 111.08017816108772 435
1739613110419 110.97523476703043 436
1739613110429 110.87040437543993 437
1739613110439 110.76568685845258 438
1739613110451 110.66108208835355 439
1739613110461 110.55658993757669 440
1739613110472 110.45221027870427 441
1739613110483 110.34794298446688 442
1739613110493 110.24378792774318 443
1739613110504 110.13974498155989 444
1739613110514 110.03581401909133 445
1739613110524 109.93199491365952 446
1739613110535 109.82828753873387 447
1739613110546 109.72469176793103 448
1739613110556 109.62120747501474 449
1739613110567 109.51783453389555 450
1739613110576 109.41457281863086 451
1739613110587 109.3114222034245 452
1739613110598 109.20838256262674 453
1739613110608 109.10545377073404 454
1739613110618 109.00263570238889 455
1739613110629 108.89992823237964 456
1739613110639 108.79733123564029 457
1739613110649 108.69484458725037 458
1739613110659 108.59246816243478 459
1739613110670 108.49020183656357 460
1739613110681 108.38804548515174 461
1739613110690 108.28599898385917 462
1739613110700 108.1840622084904 463
1739613110711 108.08223503499444 464
1739613110721 107.98051733946457 465
1739613110731 107.87890899813824 466
1739613110742 107.77740988739693 467
1739613110753 107.67601988376583 468
1739613110763 107.57473886391384 469
1739613110774 107.47356670465322 470
1739613110785 107.37250328293968 471
1739613110795 107.2715484758719 472
1739613110807 107.17070216069158 473
1739613110819 107.06996421478321 474
1739613110828 106.96933451567388 475
1739613110839 106.86881294103317 476
1739613110850 106.76839936867285 477
1739613110860 106.66809367654695 478
1739613110871 106.56789574275126 479
1739613110880 106.46780544552348 480
1739613110891 106.36782266324286 481
1739613110902 106.26794727443016 482
1739613110911 106.16817915774736 483
1739613110936 106.0685181919975 484
1739613110948 105.96896425612468 485
1739613110958 105.86951722921367 486
1739613110969 105.77017699048989 487
1739613110979 105.67094341931924 488
1739613110990 105.57181639520782 489
1739613111000 105.47279579780188 490
1739613111012 105.37388150688764 491
1739613111022 105.27507340239107 492
1739613111034 105.17637136437776 493
1739613111043 105.07777527305275 494
1739613111054 104.97928500876036 495
1739613111065 104.88090045198406 496
1739613111075 104.78262148334625 497
1739613111086 104.6844479836081 498
1739613111096 104.58637983366947 499
