1739556378462 77.69038024427905 0
1739556378473 41.31206387014409 1
1739556378483 22.10462336288054 2
1739556378493 12.164466859954159 3
1739556378502 7.7117576978981655 4
1739556378511 3.556436142786771 5
1739556378520 4.85615022527306 6
1739556378530 2.7754699182614853 7
1739556378539 1.945910466829104 8
1739556378549 1.453853181418731 9
1739556378558 1.4397799767322403 10
1739556378567 1.8499027079379353 11
1739556378576 1.2971839975071697 12
1739556378585 0.8306983451963587 13
1739556378595 2.1993340682094535 14
1739556378604 2.1484403130175354 15
1739556378614 1.4925205316285584 16
1739556378623 1.06226434807602 17
1739556378635 1.240258672862095 18
1739556378646 1.1631076505141518 19
1739556378657 1.7246659939862763 20
1739556378668 1.6297675073291835 21
1739556378678 1.5041803564057883 22
1739556378689 0.9764371139735019 23
1739556378698 1.2858824740886456 24
1739556378708 0.9879589234896627 25
1739556378718 1.0169212146984725 26
1739556378728 1.278561442606416 27
1739556378738 1.7162663023486175 28
1739556378749 1.1111269300361335 29
1739556378759 1.9097979275839514 30
1739556378768 1.0072979171485716 31
1739556378778 1.2910521638532317 32
1739556378788 1.3961040801508189 33
1739556378798 1.4348141818029032 34
1739556378807 0.956241545944654 35
1739556378817 1.4328764612923086 36
1739556378827 1.5876226900883421 37
1739556378836 1.3343392019150775 38
1739556378846 1.0773351451378355 39
1739556378856 1.066080543547367 40
1739556378866 2.072399314555583 41
1739556378876 1.3725946326224454 42
1739556378885 1.5378401462826303 43
1739556378895 1.8663365317573204 44
1739556378905 1.119064631111462 45
1739556378915 1.9340599917617454 46
1739556378924 0.9194120742163707 47
1739556378934 1.10067192000974 48
1739556378945 1.588076490155612 49
1739556378955 1.0164025531794305 50
1739556378965 1.0154590180503718 51
1739556378975 1.5084262818334593 52
1739556378985 1.9621852590690083 53
1739556378996 1.0901755177171855 54
1739556379006 1.5241285563360807 55
1739556379016 0.717003991953532 56
1739556379025 0.9442549577900907 57
1739556379035 1.6060445130820944 58
1739556379045 2.332496219902705 59
1739556379056 1.439749725373314 60
1739556379066 1.0761118141160222 61
1739556379076 4.156196293811685 62
1739556379085 1.4084705951318706 63
1739556379095 0.7017983250980846 64
1739556379104 2.275109856017185 65
1739556379115 1.3160050098151792 66
1739556379125 1.5784935307774557 67
1739556379135 1.2994941457592735 68
1739556379145 2.1140138933463923 69
1739556379155 2.174244815517375 70
1739556379165 1.922721565741439 71
1739556379175 1.6977067119619869 72
1739556379185 1.1076410745495537 73
1739556379195 1.4296156282555417 74
1739556379204 1.0407953371404508 75
1739556379214 2.237120311299258 76
1739556379223 2.063684549247757 77
1739556379233 1.1796819430232333 78
1739556379243 1.334732753254779 79
1739556379253 2.156569825152803 80
