1739612509069 169.85070087358824 0
1739612509079 166.59288064301657 1
1739612509089 168.17845291932025 2
1739612509098 162.3967250219366 3
1739612509108 165.88898867136015 4
1739612509116 164.0514781011068 5
1739612509125 158.03493293674182 6
1739612509134 157.1329189229477 7
1739612509143 160.01001533753603 8
1739612509152 159.68012570445077 9
1739612509161 155.60974192238464 10
1739612509170 155.96008701245304 11
1739612509178 154.51285018072832 12
1739612509187 161.25900898364617 13
1739612509196 154.20182807875736 14
1739612509204 153.33227351911185 15
1739612509213 155.47395534842894 16
1739612509222 152.42299481535238 17
1739612509231 150.45790677689362 18
1739612509241 151.1534155804123 19
1739612509254 152.71725121330059 20
1739612509264 149.53361472666728 21
1739612509274 147.5585034464311 22
1739612509283 150.7585620596936 23
1739612509292 150.3111454764758 24
1739612509301 145.87769515794608 25
1739612509310 144.18969654458937 26
1739612509319 145.61742552833917 27
1739612509328 142.8785187922057 28
1739612509337 141.68639619124204 29
1739612509346 147.13857655253724 30
1739612509355 142.03928338189837 31
1739612509364 141.2539295269325 32
1739612509372 137.72012707587345 33
1739612509381 139.58840495902493 34
1739612509390 138.31500807161368 35
1739612509399 137.87339282075936 36
1739612509407 140.98019170106093 37
1739612509417 133.13823144560988 38
1739612509426 131.7955400048609 39
1739612509435 133.94589847190585 40
1739612509444 131.6229243811415 41
1739612509453 135.43188840817336 42
1739612509462 134.7852303235076 43
1739612509471 129.2410211015831 44
1739612509480 129.64442782583296 45
1739612509489 131.6805641421598 46
1739612509498 128.3461588698679 47
1739612509506 129.18024202826717 48
1739612509515 126.048813605095 49
1739612509524 126.3779658871872 50
1739612509533 127.11944951767082 51
1739612509541 126.27109829071662 52
1739612509550 124.62688621161381 53
1739612509559 124.43961376612415 54
1739612509568 125.1964382950875 55
1739612509577 122.13987653046232 56
1739612509585 122.57753033927722 57
1739612509594 124.32545447978362 58
1739612509603 121.5228366932739 59
1739612509611 122.43681864604615 60
1739612509620 118.31401324265693 61
1739612509629 122.37776790852145 62
1739612509637 122.95389330811075 63
1739612509646 118.27350823948181 64
1739612509655 117.3024136543847 65
1739612509664 114.78342519221778 66
1739612509673 119.4850002744108 67
1739612509682 117.32914303412468 68
1739612509691 116.8882896542587 69
1739612509700 118.8910136433992 70
1739612509709 116.72234558324985 71
1739612509718 117.262508653247 72
1739612509728 115.14950276591398 73
1739612509742 114.15466841955383 74
1739612509753 115.43093679773877 75
1739612509763 112.6956088433848 76
1739612509772 111.06550045162219 77
1739612509780 109.76054800414214 78
1739612509789 109.19689089716378 79
1739612509797 109.13390116986197 80
1739612509806 108.74020413898921 81
1739612509815 109.75331888203685 82
1739612509825 109.12563367873508 83
1739612509833 109.36427155680256 84
1739612509842 107.1850276457855 85
1739612509851 108.5254561370232 86
1739612509860 109.45233153264422 87
1739612509868 109.1611889035903 88
1739612509877 107.0389968334151 89
1739612509886 108.02577562752205 90
1739612509895 103.75047226435356 91
1739612509904 103.0117464604111 92
1739612509913 100.96562288151162 93
1739612509922 101.47897162022018 94
1739612509931 102.06775671152204 95
1739612509940 101.32369938396238 96
1739612509949 104.5270145129521 97
1739612509958 98.39994655157533 98
1739612509966 100.20629046583971 99
1739612509975 102.53550381173329 100
1739612509984 96.45086382579812 101
1739612509993 93.49265364243604 102
1739612510002 97.35003829553197 103
1739612510011 98.49091805579131 104
1739612510019 96.4224700280691 105
1739612510029 99.20078253261283 106
1739612510038 98.04741271858713 107
1739612510046 98.66098037582192 108
1739612510055 94.5070110328138 109
1739612510064 96.67145690598635 110
1739612510072 93.15819083096605 111
1739612510083 94.65716070736198 112
1739612510092 93.56489749835929 113
1739612510101 93.53025443054189 114
1739612510111 93.7749865116613 115
1739612510119 89.87110819744977 116
1739612510128 92.71986185264325 117
1739612510137 92.14057184933685 118
1739612510146 89.11402891581213 119
1739612510155 90.65618027377963 120
1739612510164 91.5059475751383 121
1739612510172 92.67639528933421 122
1739612510181 92.5494896097068 123
1739612510190 90.3005686940406 124
1739612510198 88.37504309533071 125
1739612510207 91.14612984338173 126
1739612510216 85.1801769492458 127
1739612510225 92.6156398145089 128
1739612510233 87.38296083882553 129
1739612510242 84.90425498434384 130
1739612510250 85.53223846588787 131
1739612510259 86.36977112699643 132
1739612510268 87.06390224456413 133
1739612510277 84.91449718201282 134
1739612510287 85.89680061985932 135
1739612510297 85.86264053001696 136
1739612510307 88.26566107015655 137
1739612510318 86.52084277324654 138
1739612510328 84.55353354920207 139
1739612510337 83.40706161748282 140
1739612510346 85.40440905606515 141
1739612510355 82.76677311979124 142
1739612510365 83.85717169126657 143
1739612510374 84.73897494816012 144
1739612510382 86.83212978721505 145
1739612510391 82.3004599833356 146
1739612510400 78.44964814053111 147
1739612510409 80.01641024141169 148
1739612510418 80.48719021899538 149
1739612510427 85.832034289703 150
1739612510436 81.46866915322677 151
1739612510444 81.57570877926509 152
1739612510453 79.83406326489931 153
1739612510462 75.88894196536958 154
1739612510470 79.14214387115494 155
1739612510479 77.88090587417912 156
1739612510488 78.30238200459165 157
1739612510496 76.36512355075742 158
1739612510505 75.84272581882944 159
1739612510514 76.12306333402681 160
1739612510522 76.37280329118592 161
1739612510531 77.2007813458311 162
1739612510540 75.38497006308262 163
1739612510548 79.04684975735168 164
1739612510557 77.213114007518 165
1739612510567 75.90040791185031 166
1739612510576 74.79557906512964 167
1739612510585 72.41776243468327 168
1739612510594 68.57923596364557 169
1739612510602 73.60407458622468 170
1739612510611 73.44356649634706 171
1739612510620 72.71914521869309 172
1739612510628 74.20946179884426 173
1739612510637 77.47776069049156 174
1739612510646 71.92609285696388 175
1739612510655 73.54241125093246 176
1739612510664 72.42409228679394 177
1739612510672 75.37112895765915 178
1739612510681 71.0213252195636 179
1739612510690 70.41405967508906 180
1739612510698 71.60176072987078 181
1739612510707 67.01661068533357 182
1739612510716 75.05289702007471 183
1739612510725 70.89268151365515 184
1739612510733 70.09105114907528 185
1739612510742 70.93047907229568 186
1739612510750 72.89113680411971 187
1739612510759 73.56011469072122 188
1739612510768 68.14550909523618 189
1739612510777 68.7322673922894 190
1739612510786 65.88223014609075 191
1739612510794 74.19476574437692 192
1739612510803 68.45473638824977 193
1739612510812 65.01767523935007 194
1739612510820 71.0871058194901 195
1739612510829 62.802881727938285 196
1739612510838 67.85620886577654 197
1739612510846 64.85021521840497 198
1739612510855 67.89835206486426 199
1739612510863 65.49475222060036 200
1739612510872 64.9609660812193 201
1739612510881 66.56962909450844 202
1739612510890 63.69594313323449 203
1739612510898 66.9824033929715 204
1739612510907 67.2603559329465 205
1739612510916 63.22851940257493 206
1739612510926 66.00107398142696 207
1739612510935 59.458593852907086 208
1739612510947 67.2130243059938 209
1739612510961 59.83841379790006 210
1739612510971 64.16260682393404 211
1739612510979 65.64441022280495 212
1739612510988 64.77508233556479 213
1739612510997 63.08223931667976 214
1739612511006 70.62867966902148 215
1739612511015 63.197135799148604 216
1739612511024 61.31985468423536 217
1739612511034 64.66328230057566 218
1739612511043 62.92858986502412 219
1739612511052 60.83239451221959 220
1739612511061 62.455490229176874 221
1739612511070 63.02085498839988 222
1739612511079 63.945094768382354 223
1739612511088 60.32220772116963 224
1739612511097 63.38211898011044 225
1739612511106 60.646029763526236 226
1739612511115 64.69161656018473 227
1739612511124 61.87070031869181 228
1739612511133 63.62986926214462 229
1739612511141 56.18467786740621 230
1739612511150 59.128864927538416 231
1739612511159 61.220108800541986 232
1739612511167 62.494002567938324 233
1739612511176 59.319664043344844 234
1739612511185 57.561433543982226 235
1739612511194 59.462580509458604 236
1739612511203 62.273644372325606 237
1739612511211 60.217078547232134 238
1739612511220 62.60651296335863 239
1739612511229 62.35644606958034 240
1739612511238 61.57939489576792 241
1739612511246 58.18124093192271 242
1739612511255 66.06598281476784 243
1739612511264 57.78180046102348 244
1739612511273 60.1200871587409 245
1739612511281 58.7632743456302 246
1739612511290 56.88031010219016 247
1739612511298 57.60794003475416 248
1739612511307 53.57418487719223 249
1739612511316 62.521685169643256 250
1739612511325 66.32444540154825 251
1739612511333 63.593567560784415 252
1739612511343 54.01222462577329 253
1739612511352 61.19954647196369 254
1739612511360 61.787995833861544 255
1739612511369 60.851895623464465 256
1739612511378 56.03011717869632 257
1739612511386 59.03926232504844 258
1739612511395 56.12526654514736 259
1739612511404 50.952633713135356 260
1739612511413 56.521819162946514 261
1739612511421 52.84498886300213 262
1739612511430 51.55314230545597 263
1739612511439 54.11906128441341 264
1739612511448 52.682210914021745 265
1739612511456 57.00493414913975 266
1739612511465 54.78471140199869 267
1739612511474 52.6175491557701 268
1739612511482 53.108553413899244 269
1739612511491 50.42138765043119 270
1739612511500 53.90416774799502 271
1739612511509 57.15765275614344 272
1739612511518 54.13553492911671 273
1739612511526 60.293358604954236 274
1739612511535 57.06901050960765 275
1739612511544 56.59210937087824 276
1739612511553 57.10254158513085 277
1739612511561 54.36563259993482 278
1739612511570 55.37530742856176 279
1739612511579 50.87470979005024 280
1739612511588 53.797615579808905 281
1739612511597 54.351911649767224 282
1739612511606 49.53533311595475 283
1739612511614 51.734162367725176 284
1739612511623 49.89998793283555 285
1739612511632 50.3890314738968 286
1739612511640 55.314153301750245 287
1739612511649 49.98831732374588 288
1739612511658 46.38753334339642 289
1739612511667 49.4949638338805 290
1739612511676 53.3317934246352 291
1739612511685 43.58192622826814 292
1739612511694 54.70944507157592 293
1739612511703 48.4437591515324 294
1739612511712 47.23906879902372 295
1739612511721 48.039025064787666 296
1739612511730 51.54407865730286 297
1739612511740 52.19736469689413 298
1739612511748 51.228632812723134 299
1739612511757 47.204995281706445 300
1739612511766 47.76445016355749 301
1739612511775 54.30182711061407 302
1739612511784 50.67814825252102 303
1739612511792 52.93938512364417 304
1739612511801 47.40487762319438 305
1739612511810 48.09880807230298 306
1739612511819 43.07134882604873 307
1739612511827 49.23827827581799 308
1739612511836 47.79243043703484 309
1739612511845 48.24271525175424 310
1739612511854 44.763686860436366 311
1739612511862 49.51406146124502 312
1739612511872 50.67809480585256 313
1739612511881 54.26132768172887 314
1739612511890 47.74520797874048 315
1739612511899 44.1209827173533 316
1739612511907 48.165034562579415 317
1739612511916 43.544359395602775 318
1739612511925 47.93614339342391 319
1739612511934 42.83467594560283 320
1739612511943 52.62594102786461 321
1739612511952 49.081238550431635 322
1739612511961 50.05910103063338 323
1739612511970 49.224788298991186 324
1739612511979 48.115925096604634 325
1739612511987 46.2797408272898 326
1739612511996 48.795536842533686 327
1739612512005 51.57976430891111 328
1739612512013 46.72766296137041 329
1739612512022 49.895802668519124 330
1739612512032 50.25811526870068 331
1739612512041 50.32350443940525 332
1739612512050 47.18933585483005 333
1739612512059 45.219105448838114 334
1739612512068 44.98178074033697 335
1739612512077 50.9168119308852 336
1739612512087 49.36467828438781 337
1739612512096 46.77600233910812 338
1739612512104 47.5083271461813 339
1739612512115 42.259600114593965 340
1739612512124 43.28725978324579 341
1739612512133 45.51397358301124 342
1739612512142 48.741323898003955 343
1739612512151 36.48123661787715 344
1739612512160 52.564384316711546 345
1739612512168 38.29885297127513 346
1739612512177 47.04027455344749 347
1739612512186 48.85023156197957 348
1739612512195 47.73597037747504 349
1739612512204 46.11356844166146 350
1739612512212 49.458435319978435 351
1739612512221 44.506960657587705 352
1739612512230 46.989649171416424 353
1739612512239 42.58935159472029 354
1739612512247 46.20463258078452 355
1739612512256 43.949980610144046 356
1739612512265 47.95789523719418 357
1739612512273 41.066039922665695 358
1739612512282 45.173421567772664 359
1739612512291 48.98751522054242 360
1739612512299 47.609083306636855 361
1739612512308 36.546817096297886 362
1739612512317 46.473305366680805 363
1739612512326 41.52767763617785 364
1739612512334 43.86796467086365 365
1739612512343 45.91344345311584 366
1739612512352 45.897200831988684 367
1739612512360 39.63900931535203 368
1739612512369 38.33269364917568 369
1739612512378 39.615343214188535 370
1739612512388 44.485182083021506 371
1739612512396 40.00944533505321 372
1739612512405 46.18118949549487 373
1739612512414 40.644840932943715 374
1739612512423 43.89866222574041 375
1739612512431 34.704423906828126 376
1739612512440 47.74577537371323 377
1739612512449 47.08738885733161 378
1739612512457 42.60041700595752 379
1739612512466 42.87612266002669 380
1739612512475 45.89745204685405 381
1739612512484 40.552022352315774 382
1739612512493 44.446914522202995 383
1739612512502 43.92125887059893 384
1739612512511 44.15026888736855 385
1739612512519 38.53450898663241 386
1739612512528 43.614373017974984 387
1739612512537 42.844105904665305 388
1739612512546 37.07084964729551 389
1739612512554 42.08783577448532 390
1739612512563 39.67037719231057 391
1739612512572 44.193056308846614 392
1739612512580 42.52204935233234 393
1739612512589 43.6869854073327 394
1739612512598 41.69515139167108 395
1739612512606 47.104439607474035 396
1739612512615 41.88419842064308 397
1739612512624 43.62919990237766 398
1739612512632 42.19116518078641 399
1739612512642 42.40704083718518 400
1739612512650 40.9278257188669 401
1739612512659 44.628000693654535 402
1739612512668 41.01538767080497 403
1739612512677 46.53448035249375 404
1739612512686 39.89885425536107 405
1739612512695 35.947935511367106 406
1739612512703 40.329109271046114 407
1739612512713 43.209459073945844 408
1739612512723 43.33647448528819 409
1739612512733 38.10568469468244 410
1739612512742 49.04265476719876 411
1739612512752 49.97995176226475 412
1739612512761 43.42714840477387 413
1739612512770 31.94440352347107 414
1739612512779 42.15844228924515 415
1739612512789 39.60624419137218 416
1739612512798 41.48653126483898 417
1739612512807 42.654471525251644 418
1739612512816 39.74957403246241 419
1739612512825 39.621675949887255 420
1739612512833 44.11788993235528 421
1739612512843 42.16625147845123 422
1739612512851 40.19117241727087 423
1739612512860 38.99072387974729 424
1739612512869 33.489658870029245 425
1739612512878 36.23391594234356 426
1739612512887 39.01907324005525 427
1739612512896 43.429817317288055 428
1739612512905 39.60061108712905 429
1739612512919 40.66257611239609 430
1739612512928 39.60482406688164 431
1739612512937 37.60035984509259 432
1739612512973 37.54567958213857 433
1739612513003 40.39247425966056 434
1739612513012 33.24002918062309 435
1739612513021 40.89868835329294 436
1739612513030 42.34106223453719 437
1739612513040 37.19650525986879 438
1739612513049 34.78638140333733 439
1739612513058 36.519197636456724 440
1739612513067 39.238114490971654 441
1739612513079 38.0812069152168 442
1739612513090 36.22188301625603 443
1739612513099 39.56536624779129 444
1739612513110 43.447058001136 445
1739612513119 38.67722621590193 446
1739612513128 39.55120877625527 447
1739612513138 39.87104987142913 448
1739612513148 34.652030487134816 449
1739612513158 42.78786200279411 450
1739612513167 35.76546117979159 451
1739612513176 38.655338281921665 452
1739612513185 34.38516131402701 453
1739612513194 38.01849045359339 454
1739612513204 41.12516758798878 455
1739612513213 33.73167303043789 456
1739612513222 42.846657930914034 457
1739612513231 41.390617112000925 458
1739612513240 39.387183225492564 459
1739612513249 39.85120527186632 460
1739612513258 33.65264146240823 461
1739612513267 37.1042346349526 462
1739612513276 38.36535073106362 463
1739612513285 45.53686652092796 464
1739612513294 37.0979201517931 465
1739612513303 37.46929927014596 466
1739612513312 37.29141989188682 467
1739612513321 35.784609622657946 468
1739612513330 36.319212724997385 469
1739612513339 38.45025907637696 470
1739612513348 35.20485267010511 471
1739612513357 34.75855385346325 472
1739612513365 33.18895564380521 473
1739612513374 40.70457853961393 474
1739612513383 37.93447604277192 475
1739612513392 38.07469421430528 476
1739612513401 41.9764147407259 477
1739612513410 34.386435727110495 478
1739612513419 37.90913837839814 479
1739612513428 37.082779733333204 480
1739612513437 35.94976859640428 481
1739612513446 33.86083144375226 482
1739612513454 35.1910498437813 483
1739612513463 33.70779302794899 484
1739612513472 33.98000176214845 485
1739612513481 32.59800258901859 486
1739612513490 41.87488731484887 487
1739612513499 36.51028292461432 488
1739612513507 38.954108749587434 489
1739612513516 35.04360797710512 490
1739612513525 40.817460937345324 491
1739612513534 37.92391679288773 492
1739612513543 36.06134271935619 493
1739612513552 41.434373972363844 494
1739612513561 33.93926978351014 495
1739612513570 35.26601440573312 496
1739612513579 30.594364318718725 497
1739612513588 34.802125512726185 498
1739612513597 34.01301332120349 499
