1739612231064 10.273881080114512 0
1739612231101 9.451408149891659 1
1739612231138 10.856311209999992 2
1739612231176 7.727230054372096 3
1739612231221 3.3157868389763645 4
1739612231258 3.3373853849700117 5
1739612231303 8.485433122858423 6
1739612231348 7.853273584123905 7
1739612231384 2.630022898425839 8
1739612231426 11.77211762180621 9
1739612231462 2.9096040355587642 10
1739612231497 1.8326588212541883 11
1739612231533 8.17529418669721 12
1739612231574 6.038477995153612 13
1739612231609 4.747052400378059 14
1739612231645 6.160512860045564 15
1739612231682 4.243257903165638 16
1739612231721 6.608708208826735 17
1739612231764 1.3407634066655865 18
1739612231807 2.399354560657392 19
1739612231847 6.833028415822868 20
1739612231881 3.486471096620801 21
1739612231917 8.770344792868862 22
1739612231952 3.9026567204675557 23
1739612231990 5.883447700690364 24
1739612232027 5.688546600343262 25
1739612232064 6.095091155423875 26
1739612232112 6.651150192360296 27
1739612232164 10.661569936452544 28
1739612232221 2.9423017682437025 29
1739612232263 4.483380622597649 30
1739612232308 4.43779642881688 31
1739612232345 4.750047967316897 32
1739612232381 1.4187695640160431 33
1739612232418 11.996252610586767 34
1739612232455 2.7610743534231887 35
1739612232491 8.121802270777367 36
1739612232527 1.9506916009945776 37
1739612232563 9.124773398896265 38
1739612232599 6.997014042319691 39
1739612232637 7.633619093880822 40
1739612232675 4.352525577225379 41
1739612232724 6.554995140908598 42
1739612232774 6.680504212509117 43
1739612232811 6.014138724745142 44
1739612232846 2.451177740354536 45
1739612232883 5.120582085298088 46
1739612232919 0.5250398686222506 47
1739612232954 4.677020198799353 48
1739612232992 0.9992667974153393 49
1739612233028 5.564202636722891 50
1739612233064 25.432212661896838 51
1739612233099 3.776728149928973 52
1739612233132 5.029476086077269 53
1739612233165 1.231908426148815 54
1739612233199 5.397526522576882 55
1739612233231 5.212975969194084 56
1739612233265 0.48576986885740797 57
1739612233298 4.823362184002016 58
1739612233331 8.60724986478142 59
1739612233365 5.391325660946446 60
1739612233400 22.392624547335945 61
1739612233435 5.58044595649937 62
1739612233468 6.680341772710625 63
1739612233502 6.754692893730686 64
1739612233534 6.27944215181894 65
1739612233567 3.885468382114342 66
1739612233600 4.385413333444106 67
1739612233634 4.516630110073034 68
1739612233668 5.6345045363100645 69
1739612233701 2.9216529100484623 70
1739612233734 1.9643812638418705 71
1739612233767 3.2459024491947703 72
1739612233800 5.949845526190517 73
1739612233833 4.514616702709222 74
1739612233866 6.030403735308898 75
1739612233899 3.4344321154067536 76
1739612233932 1.900364043837211 77
1739612233965 10.67444395405193 78
1739612233998 4.677622440637919 79
1739612234030 8.826403338624434 80
1739612234063 9.099199088216304 81
1739612234095 7.984115196423263 82
1739612234129 5.0871981559441695 83
1739612234162 2.3096736489003895 84
1739612234195 7.510235239455072 85
1739612234229 1.2922144240998688 86
1739612234263 5.414200952123371 87
1739612234298 4.586868039149896 88
1739612234334 6.340900775076157 89
1739612234369 6.253541381516862 90
1739612234403 11.281165361113626 91
1739612234435 2.20302206286483 92
1739612234468 1.207536272885541 93
1739612234501 11.73346500603306 94
1739612234533 0.936411903948354 95
1739612234567 10.935540344911743 96
1739612234599 4.523715777344611 97
1739612234632 4.032505158656574 98
1739612234665 20.745816172757916 99
1739612234698 4.065244562528037 100
1739612234732 11.363237035887527 101
1739612234765 5.5517665605987965 102
1739612234799 3.6893092333570823 103
1739612234833 3.8941178776844647 104
1739612234866 1.8228268616583676 105
1739612234899 3.470939663526093 106
1739612234932 8.122648535364563 107
1739612234965 5.153661600088714 108
1739612234998 12.01113615090457 109
1739612235031 2.0659012643333052 110
1739612235063 2.4453941626578097 111
1739612235096 3.4934499585507264 112
1739612235129 6.5806933969570505 113
1739612235162 6.5287889220666555 114
1739612235195 2.472518416666489 115
1739612235229 4.856119749140133 116
1739612235262 3.2683080547237218 117
1739612235295 2.0502070003303228 118
1739612235328 11.829400155788509 119
1739612235361 5.812280920352605 120
1739612235394 4.932219469952806 121
1739612235427 1.3177122105264052 122
1739612235460 10.643943666707132 123
1739612235494 4.362427777444395 124
1739612235527 5.279897243557424 125
1739612235561 9.009267496917166 126
1739612235594 1.5263234642702632 127
1739612235627 3.30811202825885 128
1739612235660 1.9467584184677462 129
1739612235693 8.61025985806967 130
1739612235726 3.487107415394961 131
1739612235759 10.951447595557786 132
1739612235792 5.862235582899256 133
1739612235826 5.2035606453868954 134
1739612235859 5.54856549921519 135
1739612235893 7.803957088807842 136
1739612235927 5.415687888005176 137
1739612235960 8.439397768219234 138
1739612235993 5.16568621182913 139
1739612236026 4.7725798287594525 140
1739612236059 3.434044193823385 141
1739612236092 28.24185220116529 142
1739612236125 1.471684384544152 143
1739612236158 20.509032226651442 144
1739612236191 6.315295381052097 145
1739612236224 2.6394037404950983 146
1739612236257 7.961931253494138 147
1739612236290 1.7054245814456885 148
1739612236323 11.767343249408123 149
1739612236356 2.7070506419679154 150
1739612236389 6.418841540176888 151
1739612236422 3.012923597732975 152
1739612236455 1.7904101599298898 153
1739612236488 1.218485865981814 154
1739612236521 6.840485750416754 155
1739612236554 10.667414829029639 156
1739612236587 13.10706498088983 157
1739612236620 4.340476010244282 158
1739612236653 3.3394498452031307 159
1739612236686 0.6146047300626177 160
1739612236719 2.658421302571158 161
1739612236752 2.3346075405370095 162
1739612236785 6.489466109577012 163
1739612236819 14.831142696762386 164
1739612236851 2.6427344673507798 165
1739612236884 2.926833195236727 166
1739612236917 11.090494285098307 167
1739612236977 2.8493640574344385 168
1739612237027 8.233943527139122 169
1739612237091 0.4209536645016926 170
1739612237129 6.632883473639467 171
1739612237168 3.8792505618558986 172
1739612237207 4.514334034647067 173
1739612237244 4.559218279656751 174
1739612237295 6.597308487852865 175
1739612237337 4.684851954013919 176
1739612237375 11.443330402365886 177
1739612237410 7.072535381167228 178
1739612237463 4.006633123798507 179
1739612237506 5.4626295285844595 180
1739612237540 9.41520004954937 181
1739612237573 6.080661846888958 182
1739612237608 17.5500582052141 183
1739612237642 13.785327376059627 184
1739612237676 2.3106269832672184 185
1739612237709 6.699683399027106 186
1739612237743 6.0431245288132525 187
1739612237776 5.1349147610357235 188
1739612237810 5.525480142217286 189
1739612237843 3.908175131251377 190
1739612237876 4.659456979545699 191
1739612237909 5.502167162660821 192
1739612237941 4.877154672424774 193
1739612237975 7.447218884185325 194
1739612238007 2.742469661558971 195
1739612238040 0.6152319294797405 196
1739612238074 1.753371929123475 197
1739612238107 19.177991151036963 198
1739612238141 2.5613468079138815 199
1739612238176 6.801147899973774 200
1739612238210 10.863660713543526 201
1739612238245 4.216733861906302 202
1739612238279 3.1999895871376776 203
1739612238328 3.345405583923903 204
1739612238361 4.962344083542435 205
1739612238397 6.0633778256289315 206
1739612238431 7.543963220985838 207
1739612238466 8.64731909444486 208
1739612238501 5.1138976497332775 209
1739612238535 2.6413211313752893 210
1739612238569 4.622681110379852 211
1739612238604 5.779927107518778 212
1739612238637 3.851360858993286 213
1739612238670 7.58320257191083 214
1739612238704 6.884932954369104 215
1739612238737 1.7148366158605368 216
1739612238771 9.428935681951627 217
1739612238804 3.649472793896343 218
1739612238837 20.57151171153209 219
1739612238870 2.4287946779350245 220
1739612238903 5.753906519937685 221
1739612238935 3.2924143130910846 222
1739612238968 2.9851597664435077 223
1739612239000 8.624592237099066 224
1739612239032 3.564725114399788 225
1739612239065 3.4257695636502503 226
1739612239099 15.137006472867201 227
1739612239132 5.5729031371403535 228
1739612239164 4.783395319705161 229
1739612239198 15.47795414326142 230
1739612239231 3.7925167679083995 231
1739612239264 2.6069784791582524 232
1739612239297 3.119473471066852 233
1739612239331 4.341671258327824 234
1739612239368 9.01807029198806 235
1739612239403 4.228625047956724 236
1739612239437 5.718438730486811 237
1739612239486 4.327240103285099 238
1739612239522 5.736387831873809 239
1739612239556 7.814578641017421 240
1739612239590 4.498263183089149 241
1739612239624 6.333702290054259 242
1739612239658 2.0356104106919286 243
1739612239691 2.1523550610921247 244
1739612239726 8.621541919552305 245
1739612239768 7.917730062431968 246
1739612239804 1.947247730268925 247
1739612239839 3.936213180117715 248
1739612239875 3.420079272682487 249
1739612239911 7.155016635040537 250
1739612239956 5.818228112908496 251
1739612239994 3.092026279725379 252
1739612240028 4.019498028446032 253
1739612240082 7.8118439048848 254
1739612240123 2.270169942391595 255
1739612240162 3.8673035040158266 256
1739612240201 4.644050729911978 257
1739612240237 7.518289439961226 258
1739612240273 8.682500168137004 259
1739612240307 8.998718730279077 260
1739612240343 3.2950315652886095 261
1739612240379 5.35481761478686 262
1739612240415 3.179781404233585 263
1739612240451 3.7252454374690185 264
1739612240486 4.610593445196102 265
1739612240522 4.258854874527835 266
1739612240558 6.188065608921022 267
1739612240592 4.01308926853668 268
1739612240626 2.556584961788619 269
1739612240660 5.496039777233096 270
1739612240694 11.581120341788312 271
1739612240727 2.8364423124941736 272
1739612240760 10.388318499662068 273
1739612240792 5.818198831492772 274
1739612240825 13.961659478711242 275
1739612240858 5.778640902405984 276
1739612240891 12.548897342242244 277
1739612240924 2.1569412387462696 278
1739612240957 10.058319731613905 279
1739612240991 4.797016658906604 280
1739612241024 0.9811953627743495 281
1739612241059 4.295739859101728 282
1739612241092 5.592584567738699 283
1739612241125 3.8482833673541186 284
1739612241159 5.273994710377784 285
1739612241192 4.886762722358967 286
1739612241224 5.566314306417815 287
1739612241257 7.890636878589069 288
1739612241290 8.688383199493709 289
1739612241323 6.4040961641576235 290
1739612241356 3.447887627837115 291
1739612241414 21.955216543840415 292
1739612241449 2.9466693699564015 293
1739612241482 2.312180327498708 294
1739612241515 2.679225893913272 295
1739612241548 1.5493754720343367 296
1739612241581 7.507290820797295 297
1739612241614 24.738414777434222 298
1739612241647 30.151573666990256 299
1739612241680 3.7253924081409675 300
1739612241713 16.860931960466555 301
1739612241746 7.485070976050298 302
1739612241779 1.6107072184185234 303
1739612241812 10.341693868653673 304
1739612241846 4.6391091041146115 305
1739612241882 1.1442240735861353 306
1739612241918 1.3237503092874123 307
1739612241954 1.1837492210429161 308
1739612241992 2.437647130010489 309
1739612242029 4.6626521938454095 310
1739612242066 1.9006386276426777 311
1739612242103 5.491085429020786 312
1739612242139 10.366394742373082 313
1739612242175 5.818034326548487 314
1739612242223 5.105076443176097 315
1739612242263 6.071434866416602 316
1739612242297 1.673341021384688 317
1739612242331 4.742597592135394 318
1739612242364 11.148500378357603 319
1739612242397 0.9486827201676925 320
1739612242430 9.62385438026337 321
1739612242463 0.2903046243887825 322
1739612242496 4.116899746204358 323
1739612242529 1.9757498902916506 324
1739612242562 3.401535254266303 325
1739612242596 5.798076123474815 326
1739612242629 3.4661246263597554 327
1739612242662 8.928572336887541 328
1739612242694 2.0289279259019564 329
1739612242728 6.235858695985756 330
1739612242762 2.112530216809767 331
1739612242796 7.254129114089152 332
1739612242829 1.4890590579102707 333
1739612242863 13.122876020328862 334
1739612242896 3.290826844603511 335
1739612242929 2.2495249348764124 336
1739612242961 2.4391889002740577 337
1739612242994 4.2072589352872605 338
1739612243028 5.64725540619338 339
1739612243061 6.485634667398134 340
1739612243094 0.1489111384533513 341
1739612243126 7.382692891203751 342
1739612243159 1.0959434671989452 343
1739612243192 1.9731267107350965 344
1739612243225 0.6746511284243782 345
1739612243258 2.995845476231268 346
1739612243291 1.072714324055374 347
1739612243324 4.824185388397151 348
1739612243357 4.91313576121599 349
1739612243390 6.98482996126041 350
1739612243423 3.0999495531101497 351
1739612243457 5.664772589281477 352
1739612243490 3.8061005066753437 353
1739612243523 12.35292513560624 354
1739612243557 4.430388409676635 355
1739612243591 3.228504598064453 356
1739612243625 7.090189163789414 357
1739612243658 1.2793734362990368 358
1739612243691 3.735912872936763 359
1739612243724 7.427351783520214 360
1739612243757 1.660687261784944 361
1739612243790 3.0935781112737937 362
1739612243823 10.988516964268022 363
1739612243861 1.3885045812784593 364
1739612243901 1.6388931018844692 365
1739612243938 3.5602969490994885 366
1739612243975 7.2444768742230385 367
1739612244009 5.777422718502615 368
1739612244043 0.6117466302993882 369
1739612244077 3.695804983282323 370
1739612244112 2.9641221661433907 371
1739612244149 5.963497040846725 372
1739612244185 4.866796056998486 373
1739612244222 1.3567513763355865 374
1739612244257 5.668362700211425 375
1739612244292 9.079880803382792 376
1739612244328 15.225919963318043 377
1739612244363 6.71045447053379 378
1739612244399 2.647730569362681 379
1739612244433 8.657378223077794 380
1739612244469 6.106780830406878 381
1739612244502 1.5031087388293571 382
1739612244536 3.372357799571892 383
1739612244569 8.543148617758364 384
1739612244602 6.830372944221451 385
1739612244635 0.8263519914679677 386
1739612244668 3.120439954501901 387
1739612244701 4.412759601778815 388
1739612244734 4.481742004878821 389
1739612244767 8.492288261920748 390
1739612244800 1.019836897227482 391
1739612244834 4.142954185346763 392
1739612244866 2.5267848037503224 393
1739612244899 2.9513452004699516 394
1739612244931 4.420778694697759 395
1739612244964 3.666980177563998 396
1739612244997 2.947089641243878 397
1739612245030 7.740348115812106 398
1739612245064 6.592350781343082 399
1739612245097 8.33996026181211 400
1739612245130 6.515022038913027 401
1739612245162 6.339719320221439 402
1739612245195 1.3924088845779212 403
1739612245228 1.4668642251573865 404
1739612245260 4.468496641809708 405
1739612245294 6.5469921448539585 406
1739612245327 10.851647704633297 407
1739612245360 4.594505955195109 408
1739612245394 4.700573937474855 409
1739612245431 3.574151536088865 410
1739612245473 4.7276035069326445 411
1739612245510 5.482696613068096 412
1739612245545 2.381743434139165 413
1739612245580 1.819552740883359 414
1739612245614 3.8054279113726017 415
1739612245648 5.202271125591318 416
1739612245681 3.4085725486061587 417
1739612245718 12.277613088381893 418
1739612245760 5.792495218915852 419
1739612245798 1.9091064666745272 420
1739612245844 1.6155598086942922 421
1739612245880 1.6611443181000232 422
1739612245915 3.9772961931261697 423
1739612245950 2.6340346452008236 424
1739612245983 1.1576728324258383 425
1739612246018 6.412959523414926 426
1739612246052 6.758307046152946 427
1739612246085 11.946480802200721 428
1739612246120 9.54326491576722 429
1739612246153 5.35866178755497 430
1739612246186 1.3809520626155491 431
1739612246219 30.87345984698878 432
1739612246252 6.143739165068596 433
1739612246286 4.1835597509322 434
1739612246322 12.357124907976964 435
1739612246362 1.9321950317095813 436
1739612246401 1.1774455435574498 437
1739612246440 7.424538944460962 438
1739612246491 7.367100726970391 439
1739612246528 4.7929713510868295 440
1739612246563 10.871463511199483 441
1739612246609 3.2057187633536524 442
1739612246646 10.559479573523987 443
1739612246682 0.6060517315671976 444
1739612246719 2.870120369204161 445
1739612246763 1.5754549505554272 446
1739612246807 1.3058664390774808 447
1739612246843 4.881506453751945 448
1739612246885 7.542858743547691 449
1739612246921 4.423830495649855 450
1739612246957 6.221603761729313 451
1739612246993 3.0421773249454036 452
1739612247034 2.848154641767258 453
1739612247081 6.200159257550942 454
1739612247118 3.589629472511687 455
1739612247154 1.0742971356173419 456
1739612247191 3.6312405727592125 457
1739612247228 0.862421740639429 458
1739612247267 7.15979307055997 459
1739612247304 3.521395142155032 460
1739612247341 6.753307072156089 461
1739612247378 4.660610769849625 462
1739612247417 13.865521208111472 463
1739612247454 3.521689772612893 464
1739612247490 9.756256522969107 465
1739612247527 1.4703290252421286 466
1739612247564 3.1141904972715846 467
1739612247602 3.7159154106670576 468
1739612247639 11.647633610324114 469
1739612247685 3.349211224972138 470
1739612247722 8.753478437844223 471
1739612247757 7.467080471282413 472
1739612247793 6.393897994205363 473
1739612247830 4.649249687025849 474
1739612247866 4.556867885531351 475
1739612247902 12.698117731746143 476
1739612247938 2.963845470894455 477
1739612247973 1.0822373773407943 478
1739612248009 3.7662725320626085 479
1739612248046 0.6893711967078466 480
1739612248083 6.613365280903305 481
1739612248117 1.835841727507363 482
1739612248151 0.836020265334816 483
1739612248193 4.137213665407705 484
1739612248231 8.90294151377936 485
1739612248272 1.0511714187471166 486
1739612248309 3.108702405251613 487
1739612248344 1.0755006602404673 488
1739612248377 7.158921049602229 489
1739612248410 2.9435864371138307 490
1739612248443 3.683024624152026 491
1739612248477 13.544985790224315 492
1739612248510 5.002153867640569 493
1739612248543 5.143693519373366 494
1739612248586 10.629680900372795 495
1739612248621 11.63150159139843 496
1739612248655 4.100215750416569 497
1739612248688 3.1202278406625634 498
1739612248722 9.935255406261938 499
