1739616077167 169.62104077709552 0
1739616077182 166.26008979308347 1
1739616077196 164.6479785755148 2
1739616077209 163.03289155875865 3
1739616077223 161.43429876702533 4
1739616077236 159.85192836090403 5
1739616077252 158.28561401196828 6
1739616077268 156.73519057458756 7
1739616077288 155.2004946165194 8
1739616077306 153.6813643982435 9
1739616077325 152.17763985538153 10
1739616077342 150.68916258128473 11
1739616077361 149.21577580980295 12
1739616077404 147.7573243982331 13
1739616077427 146.3136548104453 14
1739616077459 144.88461510018448 15
1739616077477 143.47005489454614 16
1739616077499 142.06982537762394 17
1739616077523 140.68377927432786 18
1739616077542 139.3117708343703 19
1739616077564 137.95365581641983 20
1739616077585 136.60929147241902 21
1739616077603 135.27853653206603 22
1739616077622 133.96125118745778 23
1739616077640 132.65729707789285 24
1739616077664 131.3665372748329 25
1739616077685 130.08883626702016 26
1739616077704 128.82405994575058 27
1739616077723 127.57207559029952 28
1739616077745 126.33275185350001 29
1739616077768 125.10595874747047 30
1739616077796 123.89156762949132 31
1739616077817 122.68945118802877 32
1739616077840 121.4994834289038 33
1739616077862 120.32153966160546 34
1739616077886 119.1554964857464 35
1739616077923 118.00123177765948 36
1739616077948 116.85862467713412 37
1739616077987 115.72755557429043 38
1739616078010 114.60790609659018 39
1739616078033 113.49955909598299 40
1739616078057 112.40239863618616 41
1739616078084 111.31630998009719 42
1739616078105 110.24117957733708 43
1739616078128 109.17689505192351 44
1739616078149 108.12334519007213 45
1739616078169 107.08041992812508 46
1739616078191 106.048010340605 47
1739616078211 105.02600862839333 48
1739616078231 104.01430810703198 49
1739616078254 103.01280319514633 50
1739616078274 102.02138940298923 51
1739616078294 101.03996332110368 52
1739616078315 100.06842260910413 53
1739616078335 99.10666598457401 54
1739616078357 98.15459321207925 55
1739616078380 97.21210509229574 56
1739616078402 96.27910345125044 57
1739616078426 95.35549112967398 58
1739616078448 94.44117197246446 59
1739616078479 93.53605081826076 60
1739616078507 92.64003348912419 61
1739616078534 91.75302678032797 62
1739616078559 90.87493845025254 63
1739616078585 90.00567721038624 64
1739616078610 89.14515271543013 65
1739616078631 88.29327555350558 66
1739616078651 87.44995723646393 67
1739616078671 86.61511019029692 68
1739616078691 85.78864774564704 69
1739616078711 84.97048412841643 70
1739616078730 84.16053445047365 71
1739616078747 83.35871470045716 72
1739616078765 82.56494173467449 73
1739616078782 81.77913326809603 74
1739616078800 81.0012078654427 75
1739616078818 80.23108493236614 76
1739616078836 79.46868470672096 77
1739616078853 78.71392824992749 78
1739616078868 77.96673743842464 79
1739616078883 77.22703495521172 80
1739616078899 76.49474428147799 81
1739616078914 75.76978968831962 82
1739616078929 75.05209622854257 83
1739616078955 74.34158972855104 84
1739616078969 73.63819678032004 85
1739616078986 72.9418447334517 86
1739616079001 72.25246168731405 87
1739616079016 71.5699764832617 88
1739616079031 70.8943186969375 89
1739616079046 70.22541863065409 90
1739616079060 69.56320730585496 91
1739616079075 68.90761645565375 92
1739616079088 68.25857851745127 93
1739616079102 67.61602662562932 94
1739616079118 66.9798946043204 95
1739616079136 66.35011696025286 96
1739616079151 65.72662887567023 97
1739616079167 65.10936620132439 98
1739616079182 64.49826544954159 99
1739616079196 63.89326378736048 100
1739616079210 63.29429902974173 101
1739616079225 62.70130963284804 102
1739616079239 62.11423468739431 103
1739616079253 61.53301391206673 104
1739616079267 60.95758764701048 105
1739616079281 60.387896847385186 106
1739616079295 59.82388307698725 107
1739616079310 59.26548850193864 108
1739616079324 58.712655884441325 109
1739616079338 58.16532857659657 110
1739616079352 57.62345051428865 111
1739616079366 57.08696621113201 112
1739616079380 56.555820752481566 113
1739616079395 56.02995978950516 114
1739616079408 55.509329533317675 115
1739616079422 54.993876749176195 116
1739616079436 54.48354875073555 117
1739616079450 53.978293394363476 118
1739616079464 53.47805907351511 119
1739616079479 52.98279471316573 120
1739616079493 52.49244976430163 121
1739616079507 52.00697419846805 122
1739616079520 51.52631850237402 123
1739616079534 51.05043367255311 124
1739616079547 50.57927121007983 125
1739616079560 50.11278311534094 126
1739616079574 49.650921882861105 127
1739616079591 49.1936404961823 128
1739616079607 48.74089242279659 129
1739616079630 48.292631609131455 130
1739616079647 47.84881247558737 131
1739616079664 47.409389911626874 132
1739616079700 46.974319270914755 133
1739616079717 46.54355636650878 134
1739616079735 46.117057466100334 135
1739616079756 45.69477928730466 136
1739616079776 45.27667899299993 137
1739616079797 44.8627141867149 138
1739616079816 44.45284290806438 139
1739616079836 44.04702362823229 140
1739616079857 43.645215245501525 141
1739616079875 43.24737708083044 142
1739616079895 42.85346887347519 143
1739616079935 42.463450776657616 144
1739616079954 42.077283353278176 145
1739616079986 41.69492757167344 146
1739616080010 41.31634480141767 147
1739616080031 40.94149680916799 148
1739616080052 40.570345754552804 149
1739616080070 40.20285418610296 150
1739616080087 39.83898503722512 151
1739616080104 39.478701622217 152
1739616080121 39.12196763232417 153
1739616080139 38.768747131837536 154
1739616080155 38.4190045542317 155
1739616080172 38.072704698343195 156
1739616080188 37.72981272458861 157
1739616080203 37.390294151221916 158
1739616080218 37.05411485063073 159
1739616080233 36.72124104567102 160
1739616080249 36.39163930603994 161
1739616080264 36.06527654468633 162
1739616080280 35.74212001425856 163
1739616080295 35.42213730358917 164
1739616080311 35.105296334216156 165
1739616080326 34.791565356940346 166
1739616080341 34.480912948418556 167
1739616080356 34.17330800779207 168
1739616080370 33.86871975335029 169
1739616080384 33.56711771922891 170
1739616080399 33.268471752142496 171
1739616080413 32.972752008150906 172
1739616080427 32.67992894945939 173
1739616080442 32.38997334125189 174
1739616080456 32.102856248557245 175
1739616080472 31.818549033147942 176
1739616080486 31.537023350471078 177
1739616080501 31.258251146611205 178
1739616080515 30.982204655284743 179
1739616080530 30.708856394865553 180
1739616080545 30.438179165441486 181
1739616080560 30.170146045901404 182
1739616080575 29.904730391052563 183
1739616080591 29.64190582876783 184
1739616080605 29.381646257162593 185
1739616080621 29.123925841800993 186
1739616080635 28.868719012931123 187
1739616080650 28.616000462748953 188
1739616080665 28.36574514269072 189
1739616080680 28.11792826075334 190
1739616080695 27.87252527884273 191
1739616080710 27.62951191014961 192
1739616080725 27.388864116552615 193
1739616080741 27.15055810604826 194
1739616080756 26.914570330207688 195
1739616080771 26.680877481659834 196
1739616080786 26.449456491600603 197
1739616080801 26.220284527328058 198
1739616080816 25.993338989803046 199
1739616080832 25.7685975112353 200
1739616080847 25.546037952694462 201
1739616080863 25.325638401746026 202
1739616080879 25.107377170111715 203
1739616080894 24.89123279135421 204
1739616080910 24.67718401858593 205
1739616080924 24.46520982220149 206
1739616080939 24.255289387633837 207
1739616080952 24.047402113133558 208
1739616080966 23.841527607571297 209
1739616080980 23.637645688262968 210
1739616081009 23.43573637881753 211
1739616081024 23.235779907007135 212
1739616081039 23.0377567026593 213
1739616081053 22.841647395571048 214
1739616081067 22.647432813444606 215
1739616081082 22.455093979844623 216
1739616081096 22.264612112176486 217
1739616081110 22.07596861968567 218
1739616081124 21.889145101477865 219
1739616081138 21.70412334455955 220
1739616081151 21.52088532189904 221
1739616081165 21.339413190507525 222
1739616081179 21.159689289540093 223
1739616081194 20.981696138416414 224
1739616081207 20.80541643496094 225
1739616081222 20.630833053562384 226
1739616081235 20.457929043352333 227
1739616081249 20.286687626402706 228
1739616081263 20.11709219594191 229
1739616081277 19.94912631458955 230
1739616081292 19.782773712609405 231
1739616081306 19.618018286180543 232
1739616081319 19.45484409568635 233
1739616081334 19.29323536402131 234
1739616081348 19.133176474915405 235
1739616081362 18.974651971275776 236
1739616081376 18.817646553545675 237
1739616081390 18.66214507808043 238
1739616081404 18.50813255554018 239
1739616081417 18.355594149299364 240
1739616081431 18.204515173872633 241
1739616081446 18.054881093357157 242
1739616081459 17.90667751989099 243
1739616081473 17.759890212127516 244
1739616081487 17.614505073725635 245
1739616081500 17.470508151855643 246
1739616081514 17.327885635720598 247
1739616081528 17.186623855093003 248
1739616081542 17.04670927886666 249
1739616081557 16.90812851362356 250
1739616081570 16.770868302215586 251
1739616081584 16.63491552236097 252
1739616081599 16.500257185255233 253
1739616081613 16.36688043419659 254
1739616081628 16.234772543225564 255
1739616081641 16.103920915778694 256
1739616081656 15.974313083356225 257
1739616081670 15.845936704203577 258
1739616081684 15.718779562006501 259
1739616081698 15.592829564599727 260
1739616081714 15.468074742689033 261
1739616081728 15.344503248586529 262
1739616081742 15.222103354959048 263
1739616081756 15.100863453589515 264
1739616081770 14.980772054151137 265
1739616081783 14.8618177829943 266
1739616081796 14.743989381946056 267
1739616081810 14.62727570712199 268
1739616081822 14.511665727750469 269
1739616081836 14.39714852500899 270
1739616081850 14.283713290872656 271
1739616081863 14.171349326974548 272
1739616081878 14.06004604347787 273
1739616081892 13.949792957959858 274
1739616081906 13.840579694307154 275
1739616081920 13.73239598162268 276
1739616081934 13.625231653143826 277
1739616081948 13.519076645171815 278
1739616081962 13.413920996012193 279
1739616081976 13.309754844926248 280
1739616081993 13.206568431093315 281
1739616082006 13.104352092583849 282
1739616082020 13.00309626534305 283
1739616082034 12.902791482185087 284
1739616082049 12.803428371797747 285
1739616082063 12.704997657757284 286
1739616082087 12.607490157553578 287
1739616082101 12.510896781625325 288
1739616082117 12.41520853240525 289
1739616082131 12.320416503375164 290
1739616082146 12.226511878130827 291
1739616082160 12.133485929456507 292
1739616082174 12.041330018409061 293
1739616082188 11.950035593411561 294
1739616082202 11.859594189356239 295
1739616082216 11.769997426716769 296
1739616082230 11.68123701066969 297
1739616082245 11.593304730224952 298
1739616082259 11.506192457365461 299
1739616082273 11.419892146195508 300
1739616082287 11.334395832097984 301
1739616082300 11.249695630900375 302
1739616082314 11.165783738049354 303
1739616082329 11.082652427793887 304
1739616082343 11.000294052376853 305
1739616082358 10.918701041234964 306
1739616082372 10.837865900206989 307
1739616082386 10.757781210750153 308
1739616082400 10.678439629164659 309
1739616082415 10.599833885826236 310
1739616082429 10.521956784426587 311
1739616082443 10.444801201221722 312
1739616082457 10.36836008428807 313
1739616082472 10.292626452786228 314
1739616082486 10.217593396232418 315
1739616082500 10.143254073777396 316
1739616082516 10.069601713492814 317
1739616082530 9.996629611665064 318
1739616082545 9.92433113209627 319
1739616082560 9.85269970541262 320
1739616082574 9.781728828379805 321
1739616082589 9.711412063225541 322
1739616082604 9.641743036969094 323
1739616082618 9.572715440757712 324
1739616082633 9.504323029209967 325
1739616082648 9.436559619765845 326
1739616082663 9.369419092043527 327
1739616082679 9.302895387202886 328
1739616082694 9.236982507315512 329
1739616082709 9.171674514741246 330
1739616082723 9.106965531511173 331
1739616082738 9.04284973871701 332
1739616082752 8.979321375906718 333
1739616082766 8.916374740486487 334
1739616082780 8.854004187128773 335
1739616082794 8.792204127186507 336
1739616082808 8.730969028113389 337
1739616082823 8.670293412890091 338
1739616082837 8.610171859456448 339
1739616082851 8.550599000149473 340
1739616082865 8.491569521147213 341
1739616082880 8.433078161918324 342
1739616082894 8.375119714677316 343
1739616082908 8.317689023845467 344
1739616082921 8.260780985517258 345
1739616082935 8.204390546932322 346
1739616082950 8.148512705952895 347
1739616082965 8.093142510546588 348
1739616082979 8.038275058274548 349
1739616082996 7.983905495784879 350
1739616083011 7.930029018311304 351
1739616083026 7.876640869176983 352
1739616083040 7.823736339303487 353
1739616083055 7.771310766724797 354
1739616083069 7.71935953610635 355
1739616083084 7.667878078269032 356
1739616083099 7.616861869718069 357
1739616083114 7.566306432176819 358
1739616083129 7.516207332125328 359
1739616083156 7.466560180343677 360
1739616083173 7.417360631460043 361
1739616083190 7.368604383503367 362
1739616083206 7.320287177460719 363
1739616083223 7.27240479683916 364
1739616083239 7.224953067232166 365
1739616083255 7.177927855890493 366
1739616083271 7.131325071297479 367
1739616083286 7.085140662748721 368
1739616083303 7.039370619936111 369
1739616083318 6.994010972536114 370
1739616083332 6.949057789802335 371
1739616083346 6.904507180162242 372
1739616083361 6.860355290818093 373
1739616083375 6.81659830735195 374
1739616083389 6.773232453334762 375
1739616083404 6.730253989939469 376
1739616083420 6.687659215558139 377
1739616083434 6.645444465422986 378
1739616083448 6.603606111231336 379
1739616083462 6.562140560774458 380
1739616083478 6.521044257570171 381
1739616083492 6.4803136804993 382
1739616083506 6.439945343445856 383
1739616083520 6.3999357949408795 384
1739616083534 6.360281617810006 385
1739616083548 6.32097942882465 386
1739616083562 6.282025878356771 387
1739616083576 6.243417650037173 388
1739616083591 6.20515146041738 389
1739616083604 6.167224058634921 390
1739616083618 6.129632226082153 391
1739616083633 6.092372776078375 392
1739616083647 6.055442553545436 393
1739616083662 6.018838434686607 394
1739616083675 5.982557326668777 395
1739616083690 5.946596167307916 396
1739616083703 5.910951924757805 397
1739616083718 5.8756215972019215 398
1739616083733 5.840602212548535 399
1739616083747 5.805890828128913 400
1739616083761 5.771484530398656 401
1739616083774 5.737380434642077 402
1739616083790 5.703575684679637 403
1739616083804 5.67006745257843 404
1739616083818 5.636852938365536 405
1739616083832 5.603929369744457 406
1739616083846 5.5712940018143575 407
1739616083860 5.538944116792275 408
1739616083875 5.506877023738125 409
1739616083889 5.475090058282575 410
1739616083903 5.443580582357683 411
1739616083917 5.412345983930333 412
1739616083931 5.381383676738406 413
1739616083946 5.350691100029645 414
1739616083960 5.320265718303221 415
1739616083975 5.290105021053952 416
1739616083989 5.260206522519138 417
1739616084004 5.230567761428018 418
1739616084018 5.201186300753784 419
1739616084033 5.172059727468154 420
1739616084047 5.143185652298443 421
1739616084061 5.114561709487197 422
1739616084075 5.086185556554175 423
1739616084089 5.058054874060917 424
1739616084103 5.0301673653776 425
1739616084117 5.002520756452389 426
1739616084131 4.975112795583118 427
1739616084145 4.947941253191272 428
1739616084160 4.921003921598367 429
1739616084174 4.894298614804582 430
1739616084188 4.867823168269651 431
1739616084201 4.841575438696056 432
1739616084215 4.815553303814374 433
1739616084242 4.789754662170894 434
1739616084257 4.76417743291737 435
1739616084271 4.738819555602935 436
1739616084284 4.713678989968196 437
1739616084298 4.6887537157413695 438
1739616084312 4.664041732436557 439
1739616084326 4.639541059154076 440
1739616084340 4.615249734382839 441
1739616084353 4.591165815804756 442
1739616084368 4.567287380101147 443
1739616084382 4.543612522761159 444
1739616084395 4.520139357892087 445
1739616084409 4.496866018031702 446
1739616084424 4.473790653962484 447
1739616084438 4.450911434527752 448
1739616084451 4.428226546449664 449
1739616084465 4.405734194149122 450
1739616084479 4.38343259956749 451
1739616084493 4.361320001990136 452
1739616084506 4.339394657871822 453
1739616084520 4.317654840663831 454
1739616084534 4.296098840642893 455
1739616084548 4.274724964741866 456
1739616084562 4.253531536382136 457
1739616084575 4.232516895307746 458
1739616084590 4.211679397421215 459
1739616084604 4.191017414621036 460
1739616084618 4.170529334640851 461
1739616084632 4.150213560890263 462
1739616084646 4.130068512297272 463
1739616084660 4.110092623152329 464
1739616084674 4.090284342953999 465
1739616084688 4.070642136256181 466
1739616084702 4.051164482516897 467
1739616084716 4.031849875948625 468
1739616084730 4.012696825370202 469
1739616084744 3.993703854060175 470
1739616084759 3.9748694996116987 471
1739616084773 3.956192313788902 472
1739616084787 3.9376708623847363 473
1739616084801 3.9193037250802445 474
1739616084814 3.901089495305299 475
1739616084828 3.8830267801007743 476
1739616084842 3.865114199982087 477
1739616084856 3.8473503888041507 478
1739616084869 3.829733993627723 479
1739616084883 3.8122636745870957 480
1739616084897 3.794938104759172 481
1739616084911 3.7777559700338204 482
1739616084927 3.760715968985619 483
1739616084941 3.743816812746872 484
1739616084955 3.7270572248819236 485
1739616084968 3.710435941262781 486
1739616084982 3.6939517099459627 487
1739616084996 3.6776032910506515 488
1739616085010 3.661389456638067 489
1739616085024 3.6453089905920693 490
1739616085038 3.6293606885009844 491
1739616085052 3.6135433575406277 492
1739616085065 3.597855816358544 493
1739616085080 3.5822968949593994 494
1739616085095 3.566865434591574 495
1739616085109 3.551560287634868 496
1739616085122 3.536380317489404 497
1739616085137 3.5213243984656044 498
1739616085151 3.5063914156753704 499
