1739556625115 169.23638109150386 0
1739556625125 169.22299317692895 1
1739556625134 169.20976636699726 2
1739556625145 169.19654074359258 3
1739556625154 169.18331630660555 4
1739556625165 169.17009305592669 5
1739556625175 169.15687099144682 6
1739556625184 169.14365011305648 7
1739556625193 169.1304304206464 8
1739556625201 169.11721191410726 9
1739556625210 169.10399459332967 10
1739556625219 169.09077845820448 11
1739556625228 169.07756350862226 12
1739556625237 169.06434974447384 13
1739556625246 169.05113716564983 14
1739556625255 169.0379257720411 15
1739556625264 169.02471556353834 16
1739556625273 169.01150654003231 17
1739556625282 168.99829870141383 18
1739556625291 168.9850920475736 19
1739556625300 168.97188657840246 20
1739556625311 168.9586822937912 21
1739556625320 168.94547919363075 22
1739556625330 168.93227727781175 23
1739556625339 168.9190765462251 24
1739556625349 168.9058769987617 25
1739556625358 168.89267863531236 26
1739556625366 168.87948145576794 27
1739556625375 168.86628546001936 28
1739556625385 168.8530906479574 29
1739556625394 168.8398970194731 30
1739556625402 168.8267045744573 31
1739556625413 168.81351331280086 32
1739556625423 168.8003232343948 33
1739556625431 168.78713433912998 34
1739556625440 168.7739466268974 35
1739556625449 168.76076009758796 36
1739556625458 168.7475747510927 37
1739556625467 168.73439058730256 38
1739556625476 168.72120760610855 39
1739556625484 168.7080258074016 40
1739556625494 168.69484519107277 41
1739556625503 168.6816657570131 42
1739556625512 168.66848750511357 43
1739556625520 168.65531043526522 44
1739556625529 168.64213454735918 45
1739556625538 168.62895984128642 46
1739556625547 168.61578631693797 47
1739556625556 168.60261397420504 48
1739556625565 168.58944281297863 49
1739556625574 168.5762728331499 50
1739556625583 168.5631040346099 51
1739556625591 168.54993641724974 52
1739556625600 168.53676998096063 53
1739556625610 168.52360472563365 54
1739556625619 168.51044065115994 55
1739556625627 168.4972777574307 56
1739556625636 168.4841160443371 57
1739556625645 168.47095551177028 58
1739556625654 168.4577961596215 59
1739556625663 168.44463798778187 60
1739556625672 168.43148099614268 61
1739556625681 168.41832518459512 62
1739556625690 168.4051705530304 63
1739556625699 168.3920171013398 64
1739556625709 168.37886482941457 65
1739556625717 168.36571373714597 66
1739556625726 168.35256382442523 67
1739556625735 168.3394150911437 68
1739556625744 168.32626753719262 69
1739556625753 168.31312116246332 70
1739556625761 168.29997596684706 71
1739556625770 168.2868319502353 72
1739556625779 168.2736891125192 73
1739556625788 168.26054745359022 74
1739556625797 168.24740697333965 75
1739556625806 168.23426767165893 76
1739556625815 168.22112954843936 77
1739556625824 168.20799260357236 78
1739556625833 168.19485683694933 79
1739556625842 168.18172224846163 80
1739556625851 168.16858883800074 81
1739556625860 168.15545660545806 82
1739556625868 168.14232555072496 83
1739556625878 168.12919567369298 84
1739556625886 168.11606697425353 85
1739556625896 168.10293945229807 86
1739556625905 168.08981310771807 87
1739556625913 168.0766879404051 88
1739556625922 168.06356395025054 89
1739556625931 168.05047016803664 90
1739556625940 168.03737755902878 91
1739556625948 168.02428612311894 92
1739556625957 168.01119586019902 93
1739556625967 167.99810677016097 94
1739556625976 167.9850188528968 95
1739556625984 167.9719321082984 96
1739556625993 167.95884653625782 97
1739556626002 167.94576213666704 98
1739556626011 167.9326789094181 99
1739556626020 167.91959685440284 100
1739556626029 167.90651597151347 101
1739556626037 167.89343626064195 102
1739556626045 167.88035772168035 103
1739556626054 167.86728035452066 104
1739556626063 167.85420415905497 105
1739556626072 167.8411291351754 106
1739556626080 167.82805528277396 107
1739556626089 167.81498260174277 108
1739556626099 167.80191109197392 109
1739556626107 167.78884075335958 110
1739556626115 167.7757715857918 111
1739556626124 167.76270358916273 112
1739556626134 167.74963676336458 113
1739556626142 167.73657110828938 114
1739556626150 167.72350662382942 115
1739556626160 167.71044330987678 116
1739556626174 167.69738116632362 117
1739556626183 167.68432019306226 118
1739556626192 167.67126038998484 119
1739556626201 167.65820175698352 120
1739556626209 167.64514429395058 121
1739556626217 167.63208800077823 122
1739556626226 167.6190328773587 123
1739556626235 167.6059789235843 124
1739556626244 167.59292613934724 125
1739556626252 167.5798745245398 126
1739556626261 167.56682407905433 127
1739556626270 167.553774802783 128
1739556626279 167.54072669561822 129
1739556626287 167.52767975745226 130
1739556626297 167.5146339881774 131
1739556626306 167.50158938768607 132
1739556626318 167.48854595587056 133
1739556626330 167.47550369262328 134
1739556626341 167.46246259783646 135
1739556626351 167.44942267140254 136
1739556626361 167.436383913214 137
1739556626370 167.42334632316314 138
1739556626379 167.41030990114234 139
1739556626389 167.3972746470441 140
1739556626398 167.38424056076076 141
1739556626408 167.3712076421848 142
1739556626418 167.35817589120867 143
1739556626427 167.3451453077248 144
1739556626436 167.3321158916257 145
1739556626445 167.3190876428038 146
1739556626454 167.30606056115155 147
1739556626463 167.29303464656152 148
1739556626471 167.28000989892618 149
1739556626480 167.26698631813807 150
1739556626489 167.25396390408966 151
1739556626497 167.24094265667352 152
1739556626507 167.22792257578223 153
1739556626516 167.2149036613083 154
1739556626525 167.20188591314428 155
1739556626534 167.1888693311828 156
1739556626543 167.17585391531637 157
1739556626551 167.16283966543764 158
1739556626560 167.1498265814392 159
1739556626569 167.13681466321373 160
1739556626578 167.12380391065372 161
1739556626587 167.1107943236519 162
1739556626596 167.09778590210092 163
1739556626604 167.08477864589338 164
1739556626614 167.071772554922 165
1739556626622 167.05876762907945 166
1739556626631 167.04576386825838 167
1739556626641 167.03276127235145 168
1739556626650 167.01975984125144 169
1739556626658 167.00675957485106 170
1739556626667 166.99376047304304 171
1739556626677 166.9807625357201 172
1739556626685 166.96776576277492 173
1739556626695 166.95477015410032 174
1739556626704 166.9417757095891 175
1739556626713 166.92878242913397 176
1739556626722 166.91579031262776 177
1739556626732 166.90279935996324 178
1739556626741 166.88980957103325 179
1739556626749 166.87682094573051 180
1739556626758 166.86383348394799 181
1739556626767 166.85084718557843 182
1739556626776 166.8378620505147 183
1739556626785 166.82487807864962 184
1739556626794 166.81189526987615 185
1739556626803 166.79891362408705 186
1739556626812 166.78593314117526 187
1739556626820 166.77295382103364 188
1739556626829 166.75997566355522 189
1739556626838 166.7469986686328 190
1739556626847 166.73402283615934 191
1739556626856 166.72104816602774 192
1739556626865 166.70807465813098 193
1739556626874 166.69510231236202 194
1739556626883 166.68213112861383 195
1739556626891 166.66916110677937 196
1739556626900 166.65619224675163 197
1739556626910 166.64322454842363 198
1739556626919 166.63025801168828 199
1739556626929 166.61729263643872 200
1739556626938 166.60432842256793 201
1739556626947 166.5913653699689 202
1739556626956 166.57840347853477 203
1739556626966 166.5654427481585 204
1739556626978 166.55248317873318 205
1739556626987 166.53952477015193 206
1739556626996 166.52656752230786 207
1739556627006 166.51361143509394 208
1739556627015 166.50065650840338 209
1739556627024 166.48770274212927 210
1739556627033 166.47475013616472 211
1739556627043 166.4617986904029 212
1739556627052 166.44884840473694 213
1739556627062 166.43589927905995 214
1739556627071 166.42295131326517 215
1739556627080 166.41000450724573 216
1739556627090 166.39705886089482 217
1739556627099 166.38411437410568 218
1739556627109 166.37117104677145 219
1739556627118 166.35822887878538 220
1739556627127 166.34528787004072 221
1739556627135 166.33234802043063 222
1739556627145 166.3194093298484 223
1739556627153 166.30647179818737 224
1739556627163 166.29353542534068 225
1739556627175 166.28060021120163 226
1739556627183 166.26766615566356 227
1739556627192 166.25473325861972 228
1739556627200 166.24180151996342 229
1739556627209 166.22887093958798 230
1739556627217 166.2159415173867 231
1739556627226 166.203013253253 232
1739556627235 166.19008614708017 233
1739556627244 166.17716019876156 234
1739556627253 166.16423540819048 235
1739556627262 166.15131177526044 236
1739556627270 166.1383892998647 237
1739556627280 166.12546798189675 238
1739556627288 166.11254782124993 239
1739556627297 166.09962881781766 240
1739556627306 166.08671097149343 241
1739556627315 166.0737942821706 242
1739556627325 166.06087874974264 243
1739556627334 166.047964374103 244
1739556627343 166.03505115514517 245
1739556627352 166.02213909276264 246
1739556627361 166.00922818684882 247
1739556627369 165.99631843729722 248
1739556627378 165.98340984400147 249
1739556627387 165.9705024068549 250
1739556627396 165.95759612575114 251
1739556627404 165.94469100058373 252
1739556627413 165.93178703124616 253
1739556627422 165.91888421763207 254
1739556627432 165.90598255963494 255
1739556627441 165.89308205714838 256
1739556627449 165.88018271006598 257
1739556627458 165.86728451828134 258
1739556627467 165.85438748168798 259
1739556627476 165.84149160017964 260
1739556627485 165.82859687364987 261
1739556627494 165.81570330199233 262
1739556627503 165.80281088510066 263
1739556627511 165.78991962286852 264
1739556627520 165.77702951518955 265
1739556627529 165.76414056195745 266
1739556627539 165.75125276306588 267
1739556627548 165.73836611840855 268
1739556627556 165.7254806278792 269
1739556627566 165.71259629137145 270
1739556627575 165.69971310877906 271
1739556627583 165.68683107999587 272
1739556627591 165.67395020491549 273
1739556627601 165.6610704834317 274
1739556627610 165.64819191543828 275
1739556627618 165.63531450082903 276
1739556627627 165.62243823949774 277
1739556627636 165.6095631313381 278
1739556627646 165.59668917624404 279
1739556627654 165.5838163741093 280
1739556627663 165.5709447248277 281
1739556627671 165.55807422829315 282
1739556627681 165.5452048843994 283
1739556627690 165.53233669304032 284
1739556627698 165.51946965410983 285
1739556627707 165.50660376750173 286
1739556627716 165.49373903311 287
1739556627724 165.48087545082842 288
1739556627733 165.46801302055093 289
1739556627742 165.4551517421715 290
1739556627751 165.442291615584 291
1739556627760 165.42943264068234 292
1739556627769 165.41657481736047 293
1739556627778 165.4037181455124 294
1739556627787 165.39086262503207 295
1739556627796 165.37800825581343 296
1739556627804 165.36515503775044 297
1739556627813 165.35230297073718 298
1739556627822 165.33945205466753 299
1739556627832 165.32660228943558 300
1739556627840 165.31375367493538 301
1739556627849 165.30090621106086 302
1739556627858 165.28805989770615 303
1739556627867 165.27521473476526 304
1739556627876 165.26237072213223 305
1739556627885 165.24952785970117 306
1739556627895 165.23668614736619 307
1739556627903 165.2238455850213 308
1739556627912 165.21100617256067 309
1739556627920 165.19816790987835 310
1739556627930 165.1853307968685 311
1739556627939 165.17249483342525 312
1739556627948 165.15966001944275 313
1739556627958 165.1468263548151 314
1739556627966 165.13399383943653 315
1739556627975 165.12116247320117 316
1739556627983 165.10833225600314 317
1739556627993 165.09550318773674 318
1739556628002 165.0826752682961 319
1739556628010 165.06984849757552 320
1739556628019 165.05702287546904 321
1739556628028 165.04419840187106 322
1739556628038 165.03137507667577 323
1739556628047 165.0185528997774 324
1739556628055 165.00573187107022 325
1739556628065 164.99291199044848 326
1739556628074 164.98009325780646 327
1739556628083 164.9672756730385 328
1739556628092 164.95445923603882 329
1739556628101 164.9416439467018 330
1739556628110 164.9288298049217 331
1739556628119 164.9160168105929 332
1739556628128 164.90320496360968 333
1739556628136 164.89039426386645 334
1739556628145 164.8775847112575 335
1739556628154 164.8647763056773 336
1739556628163 164.85196904702008 337
1739556628172 164.83916293518038 338
1739556628182 164.8263579700525 339
1739556628191 164.81355415153084 340
1739556628200 164.8007514795099 341
1739556628209 164.78794995388404 342
1739556628218 164.77514957454767 343
1739556628226 164.76235034139535 344
1739556628235 164.74955225432146 345
1739556628244 164.7367553132204 346
1739556628253 164.7239595179868 347
1739556628263 164.71116486851503 348
1739556628272 164.69837136469963 349
1739556628281 164.68557900643506 350
1739556628289 164.6727877936159 351
1739556628299 164.65999772613665 352
1739556628308 164.64720880389186 353
1739556628316 164.634421026776 354
1739556628325 164.62163439468375 355
1739556628334 164.60884890750955 356
1739556628344 164.59606456514805 357
1739556628352 164.5832813674938 358
1739556628362 164.57049931444146 359
1739556628371 164.55771840588554 360
1739556628380 164.5449386417207 361
1739556628390 164.53216002184158 362
1739556628399 164.51938254614282 363
1739556628408 164.506606214519 364
1739556628416 164.4938310268648 365
1739556628425 164.48105698307492 366
1739556628434 164.468284083044 367
1739556628444 164.45551232666674 368
1739556628453 164.44274171383782 369
1739556628462 164.42997224445196 370
1739556628470 164.41720391840383 371
1739556628479 164.40443673558823 372
1739556628487 164.39167069589982 373
1739556628496 164.37890579923334 374
1739556628505 164.3661420454836 375
1739556628514 164.3533794345453 376
1739556628522 164.3406179663133 377
1739556628531 164.32785764068225 378
1739556628540 164.31509845754707 379
1739556628550 164.30234041680245 380
1739556628559 164.28958351834333 381
1739556628568 164.27682776206439 382
1739556628577 164.26407314786056 383
1739556628586 164.25131967562663 384
1739556628594 164.23856734525748 385
1739556628603 164.22581615664797 386
1739556628611 164.21306610969293 387
1739556628620 164.2003172042873 388
1739556628630 164.1875694403259 389
1739556628638 164.17482281770367 390
1739556628651 164.16207733631555 391
1739556628662 164.1493329960564 392
1739556628673 164.13658979682117 393
1739556628683 164.1238477385048 394
1739556628693 164.11110682100227 395
1739556628703 164.0983670442085 396
1739556628712 164.0856284080184 397
1739556628722 164.07289091232707 398
1739556628732 164.06015455702945 399
1739556628753 164.0474193420205 400
1739556628763 164.0346852671953 401
1739556628772 164.0219523324488 402
1739556628782 164.00922053767601 403
1739556628791 163.99648988277207 404
1739556628800 163.98376036763193 405
1739556628808 163.9710319921507 406
1739556628817 163.95830475622344 407
1739556628826 163.94557865974517 408
1739556628835 163.93285370261103 409
1739556628844 163.92012988471612 410
1739556628853 163.9074072059555 411
1739556628863 163.89468566622432 412
1739556628871 163.8819652654177 413
1739556628881 163.86924600343082 414
1739556628890 163.85652788015872 415
1739556628900 163.84381089549666 416
1739556628909 163.83109504933972 417
1739556628917 163.81838034158312 418
1739556628926 163.80566677212207 419
1739556628935 163.79295434085165 420
1739556628945 163.7802430476672 421
1739556628954 163.76753289246392 422
1739556628964 163.7548238751369 423
1739556628972 163.7421159955815 424
1739556628981 163.72940925369292 425
1739556628991 163.71670364936642 426
1739556628999 163.70399918249728 427
1739556629008 163.6912958529807 428
1739556629016 163.67859366071207 429
1739556629026 163.66589260558658 430
1739556629034 163.65319268749957 431
1739556629044 163.64049390634636 432
1739556629052 163.62779626202231 433
1739556629062 163.61509975442266 434
1739556629071 163.60240438344283 435
1739556629079 163.5897101489781 436
1739556629089 163.5770170509239 437
1739556629101 163.56432508917555 438
1739556629111 163.55163426362847 439
1739556629121 163.538944574178 440
1739556629130 163.5262560207196 441
1739556629139 163.51356860314863 442
1739556629149 163.50088232136054 443
1739556629158 163.4881971752507 444
1739556629168 163.4755131647146 445
1739556629179 163.4628302896477 446
1739556629188 163.45014854994542 447
1739556629197 163.43746794550324 448
1739556629207 163.42478847621666 449
1739556629216 163.41211014198115 450
1739556629225 163.3994329426922 451
1739556629233 163.38675687824528 452
1739556629243 163.374081948536 453
1739556629252 163.36140815345982 454
1739556629262 163.34873549291225 455
1739556629271 163.33606396678897 456
1739556629281 163.32339357498537 457
1739556629290 163.31072431739707 458
1739556629298 163.2980561939197 459
1739556629307 163.2853892044488 460
1739556629315 163.27272334888 461
1739556629325 163.26005862710878 462
1739556629334 163.24739503903092 463
1739556629343 163.23473258454194 464
1739556629351 163.22207126353754 465
1739556629360 163.20941107591335 466
1739556629369 163.19675202156492 467
1739556629378 163.18409410038808 468
1739556629387 163.17143731227836 469
1739556629396 163.15878165713153 470
1739556629404 163.14612713484325 471
1739556629413 163.13347374530917 472
1739556629422 163.12082148842512 473
1739556629431 163.10817036408673 474
1739556629440 163.09552037218978 475
1739556629449 163.08287151262994 476
1739556629458 163.07022378530306 477
1739556629468 163.0575771901048 478
1739556629477 163.04493172693103 479
1739556629486 163.0322873956774 480
1739556629494 163.01964419623988 481
1739556629503 163.00700212851407 482
1739556629511 162.99436119239598 483
1739556629520 162.98172138778122 484
1739556629529 162.96908271456576 485
1739556629538 162.95644517264543 486
1739556629546 162.94380876191602 487
1739556629555 162.93117348227346 488
1739556629564 162.91853933361352 489
1739556629573 162.90590631583214 490
1739556629582 162.8932744288252 491
1739556629591 162.88064367248862 492
1739556629600 162.8680140467183 493
1739556629608 162.85538555141005 494
1739556629617 162.84275818645992 495
1739556629626 162.83013195176383 496
1739556629634 162.81750684721766 497
1739556629644 162.80488287271743 498
1739556629652 162.79226002815912 499
