1739558025931 169.6210407770955 0
1739558025940 168.2903369005313 1
1739558025950 167.63272549280418 2
1739558025959 166.97648031440917 3
1739558025967 166.32301247376316 4
1739558025975 165.6723072230886 5
1739558025983 165.0243528882538 6
1739558025991 164.37913783809992 7
1739558026000 163.7366504906598 8
1739558026008 163.09687931293578 9
1739558026016 162.45981282069295 10
1739558026025 161.8254395782532 11
1739558026033 161.19374819828934 12
1739558026041 160.56472734162136 13
1739558026050 159.9383657170123 14
1739558026058 159.31465208096574 15
1739558026066 158.69357523752404 16
1739558026074 158.07512403806726 17
1739558026082 157.45928738111297 18
1739558026090 156.84605421211705 19
1739558026099 156.23541352327504 20
1739558026107 155.62735435332482 21
1739558026117 155.02186578734953 22
1739558026125 154.41893695658175 23
1739558026133 153.8185570382084 24
1739558026142 153.22071525517643 25
1739558026149 152.62540087599925 26
1739558026158 152.0326032145642 27
1739558026166 151.44231162994063 28
1739558026173 150.85451552618883 29
1739558026182 150.26920435216985 30
1739558026189 149.68636760135612 31
1739558026198 149.1059948116428 32
1739558026206 148.52807556515992 33
1739558026214 147.95259948808538 34
1739558026222 147.37955625045865 35
1739558026230 146.8089355659954 36
1739558026238 146.24072719190292 37
1739558026246 145.67492092869588 38
1739558026254 145.1115066200137 39
1739558026262 144.5504741524379 40
1739558026270 143.99181345531045 41
1739558026278 143.4355145005533 42
1739558026286 142.88156730248824 43
1739558026294 142.32996191765739 44
1739558026301 141.78068844464494 45
1739558026309 141.23373702389938 46
1739558026317 140.68909783755635 47
1739558026325 140.14676110926248 48
1739558026333 139.60671710399996 49
1739558026341 139.06895612791152 50
1739558026349 138.53346852812663 51
1739558026357 138.00024469258815 52
1739558026365 137.46927504987966 53
1739558026373 136.94055006905378 54
1739558026381 136.41406025946094 55
1739558026389 135.8897961705791 56
1739558026397 135.36774839184395 57
1739558026405 134.84790755248017 58
1739558026414 134.33026432133292 59
1739558026422 133.81480940670062 60
1739558026430 133.30153355616787 61
1739558026438 132.7904275564396 62
1739558026445 132.2814822331754 63
1739558026453 131.77468845082504 64
1739558026461 131.27003711246434 65
1739558026470 130.7675191596318 66
1739558026478 130.2671255721662 67
1739558026486 129.76884736804448 68
1739558026494 129.27267560322045 69
1739558026502 128.77860137146436 70
1739558026510 128.286615804203 71
1739558026518 127.7967100703603 72
1739558026526 127.30887537619901 73
1739558026534 126.82310296516276 74
1739558026542 126.33938411771871 75
1739558026550 125.85771015120127 76
1739558026558 125.37807241965602 77
1739558026567 124.90046231368456 78
1739558026584 124.42487126028993 79
1739558026593 123.95129072272273 80
1739558026601 123.47971220032784 81
1739558026609 123.01012722839182 82
1739558026617 122.54252737799091 83
1739558026625 122.07690425583978 84
1739558026633 121.61324950414075 85
1739558026642 121.15155480043387 86
1739558026651 120.6918118574474 87
1739558026659 120.23401242294902 88
1739558026667 119.77814827959781 89
1739558026675 119.32421124479656 90
1739558026684 118.87219317054502 91
1739558026692 118.4220859432935 92
1739558026700 117.97388148379729 93
1739558026708 117.52757174697157 94
1739558026716 117.08314872174704 95
1739558026724 116.64060443092598 96
1739558026733 116.19993093103915 97
1739558026743 115.76112031220313 98
1739558026752 115.32416469797839 99
1739558026760 114.8890562452277 100
1739558026768 114.45578714397557 101
1739558026777 114.02434961726786 102
1739558026785 113.5947359210322 103
1739558026793 113.16693834393902 104
1739558026801 112.74094920726307 105
1739558026809 112.31676086474555 106
1739558026817 111.89436570245687 107
1739558026826 111.47375613865991 108
1739558026834 111.05492462367397 109
1739558026842 110.63786363973921 110
1739558026850 110.22256570088167 111
1739558026858 109.8090233527789 112
1739558026866 109.39722917262604 113
1739558026874 108.98717576900276 114
1739558026882 108.57885578174033 115
1739558026890 108.1722618817897 116
1739558026898 107.76738677108969 117
1739558026906 107.36422318243622 118
1739558026914 106.96276387935168 119
1739558026922 106.563001655955 120
1739558026930 106.16492933683246 121
1739558026938 105.76853977690864 122
1739558026950 105.37382586131831 123
1739558026959 104.98078050527864 124
1739558026967 104.58939665396198 125
1739558026976 104.19966728236935 126
1739558026984 103.8115853952041 127
1739558026992 103.42514402674645 128
1739558027000 103.04033624072848 129
1739558027008 102.65715513020952 130
1739558027016 102.27559381745218 131
1739558027024 101.89564545379883 132
1739558027032 101.5173032195488 133
1739558027041 101.14056032383571 134
1739558027049 100.7654100045058 135
1739558027057 100.39184552799637 136
1739558027065 100.01986018921488 137
1739558027074 99.64944731141874 138
1739558027082 99.28060024609525 139
1739558027090 98.91331237284237 140
1739558027098 98.54757709924985 141
1739558027106 98.18338786078078 142
1739558027114 97.8207381206539 143
1739558027123 97.45962136972605 144
1739558027131 97.1000311263755 145
1739558027139 96.74196093638545 146
1739558027148 96.3854043728283 147
1739558027157 96.0303550359501 148
1739558027166 95.67680655305574 149
1739558027174 95.32475257839461 150
1739558027183 94.97418679304656 151
1739558027191 94.62510290480853 152
1739558027199 94.27749464808151 153
1739558027209 93.93135578375818 154
1739558027217 93.58668009911078 155
1739558027226 93.24346140767963 156
1739558027234 92.90169354916208 157
1739558027242 92.5613703893019 158
1739558027250 92.2224858197791 159
1739558027258 91.88503375810036 160
1739558027266 91.54900814748977 161
1739558027274 91.21440295678013 162
1739558027282 90.88121218030462 163
1739558027291 90.54942983778908 164
1739558027299 90.21904997424448 165
1739558027308 89.89006665986025 166
1739558027316 89.56247398989758 167
1739558027324 89.23626608458359 168
1739558027332 88.91143708900566 169
1739558027340 88.58798117300641 170
1739558027348 88.26589253107889 171
1739558027356 87.9451653822626 172
1739558027364 87.62579397003942 173
1739558027372 87.30777256223047 174
1739558027380 86.99109545089311 175
1739558027388 86.67575695221852 176
1739558027396 86.36175140642956 177
1739558027404 86.04907317767929 178
1739558027412 85.73771665394972 179
1739558027420 85.42767624695104 180
1739558027428 85.11894639202133 181
1739558027436 84.81152154802672 182
1739558027445 84.50539619726169 183
1739558027453 84.20056484535036 184
1739558027461 83.89702202114748 185
1739558027469 83.59476227664052 186
1739558027477 83.29378018685163 187
1739558027486 82.9940703497404 188
1739558027493 82.69562738610678 189
1739558027502 82.39844593949456 190
1739558027510 82.10252067609525 191
1739558027518 81.8078462846522 192
1739558027526 81.51441747636534 193
1739558027534 81.22222898479619 194
1739558027543 80.93127556577339 195
1739558027551 80.64155199729842 196
1739558027559 80.353053079452 197
1739558027567 80.06577363430058 198
1739558027575 79.77970850580353 199
1739558027583 79.49485255972047 200
1739558027591 79.21120068351915 201
1739558027600 78.92874778628365 202
1739558027608 78.64748879862296 203
1739558027616 78.36741867258003 204
1739558027624 78.08853238154113 205
1739558027632 77.81082492014546 206
1739558027640 77.53429130419556 207
1739558027648 77.25892657056765 208
1739558027656 76.9847257771225 209
1739558027664 76.71168400261685 210
1739558027675 76.43979634661491 211
1739558027712 76.16905792940054 212
1739558027721 75.89946389188944 213
1739558027729 75.63100939554216 214
1739558027736 75.36368962227704 215
1739558027744 75.09749977438378 216
1739558027752 74.83243507443731 217
1739558027759 74.56849076521205 218
1739558027767 74.30566210959644 219
1739558027775 74.04394439050796 220
1739558027783 73.78333291080837 221
1739558027792 73.52382299321953 222
1739558027800 73.2654099802392 223
1739558027808 73.00808923405762 224
1739558027816 72.75185613647419 225
1739558027824 72.49670608881458 226
1739558027833 72.24263451184804 227
1739558027841 71.98963684570538 228
1739558027849 71.737708549797 229
1739558027857 71.4868451027314 230
1739558027865 71.23704200223399 231
1739558027874 70.98829476506627 232
1739558027882 70.74059892694538 233
1739558027890 70.49395004246391 234
1739558027899 70.24834368501008 235
1739558027907 70.00377544668832 236
1739558027915 69.7602409382401 237
1739558027923 69.51773578896514 238
1739558027931 69.27625564664297 239
1739558027940 69.03579617745471 240
1739558027948 68.7963530659054 241
1739558027960 68.5579220147464 242
1739558027968 68.32049874489832 243
1739558027976 68.08407899537414 244
1739558027985 67.8486585232028 245
1739558027993 67.61423310335292 246
1739558028001 67.38079852865702 247
1739558028009 67.148350609736 248
1739558028017 66.91688517492383 249
1739558028026 66.6863980701928 250
1739558028034 66.45688515907882 251
1739558028042 66.22834232260725 252
1739558028050 66.00076545921887 253
1739558028058 65.7741504846963 254
1739558028066 65.54849333209071 255
1739558028075 65.32378995164869 256
1739558028083 65.10003631073968 257
1739558028091 64.87722839378347 258
1739558028099 64.65536220217813 259
1739558028107 64.43443375422832 260
1739558028115 64.21443908507368 261
1739558028124 63.99537424661767 262
1739558028132 63.777235307456806 263
1739558028140 63.56001835280989 264
1739558028148 63.34371948444794 265
1739558028156 63.12833482062404 266
1739558028165 62.91386049600373 267
1739558028173 62.70029266159556 268
1739558028181 62.48762748468208 269
1739558028189 62.27586114875091 270
1739558028197 62.06498985342636 271
1739558028205 61.855009814401114 272
1739558028213 61.645917263368254 273
1739558028221 61.437708447953725 274
1739558028230 61.23037963164887 275
1739558028239 61.023927093743424 276
1739558028247 60.81834712925864 277
1739558028255 60.61363604888086 278
1739558028263 60.4097901788952 279
1739558028272 60.20680586111965 280
1739558028280 60.00467945283935 281
1739558028288 59.80340732674126 282
1739558028296 59.602985870849 283
1739558028304 59.403411488458005 284
1739558028312 59.20468059807096 285
1739558028320 59.00678963333348 286
1739558028329 58.809735042970125 287
1739558028337 58.61351329072063 288
1739558028345 58.41812085527641 289
1739558028353 58.22355423021731 290
1739558028361 58.02980992394876 291
1739558028370 57.836884459638966 292
1739558028378 57.64477437515657 293
1739558028385 57.453476223008494 294
1739558028393 57.26298657027796 295
1739558028401 57.073301998563 296
1739558028410 56.88441910391496 297
1739558028418 56.696334496777474 298
1739558028426 56.509044801925576 299
1739558028434 56.322546658405095 300
1739558028442 56.13683671947234 301
1739558028451 55.95191165253401 302
1739558028459 55.76776813908732 303
1739558028468 55.58440287466055 304
1739558028476 55.40181256875357 305
1739558028485 55.219993944778864 306
1739558028493 55.03894374000266 307
1739558028502 54.85865870548638 308
1739558028510 54.6791356060283 309
1739558028518 54.50037122010546 310
1739558028526 54.32236233981586 311
1739558028535 54.14510577082086 312
1739558028543 53.96859833228779 313
1739558028552 53.792836856832906 314
1739558028560 53.617818190464455 315
1739558028568 53.443539192526174 316
1739558028577 53.26999673564073 317
1739558028585 53.097187705653745 318
1739558028593 52.92510900157779 319
1739558028602 52.75375753553675 320
1739558028610 52.58313023271036 321
1739558028618 52.413224031279036 322
1739558028627 52.24403588236892 323
1739558028636 52.07556274999705 324
1739558028644 51.90780161101694 325
1739558028652 51.74074945506434 326
1739558028660 51.57440328450309 327
1739558028668 51.40876011437138 328
1739558028676 51.2438169723281 329
1739558028684 51.079570898599535 330
1739558028692 50.91601894592624 331
1739558028701 50.75315817951003 332
1739558028709 50.59098567696141 333
1739558028717 50.429498528247024 334
1739558028725 50.26869383563746 335
1739558028734 50.108568713655245 336
1739558028742 49.949120289022936 337
1739558028750 49.79034570061169 338
1739558028759 49.63224209938975 339
1739558028767 49.47480664837143 340
1739558028775 49.318036522566075 341
1739558028783 49.161928908927415 342
1739558028791 49.006481006303034 343
1739558028800 48.851690025384066 344
1739558028808 48.69755318865519 345
1739558028816 48.54406773034464 346
1739558028824 48.39123089637467 347
1739558028832 48.23903994431207 348
1739558028841 48.08749214331893 349
1739558028849 47.93658477410358 350
1739558028857 47.78631512887183 351
1739558028865 47.63668051127833 352
1739558028873 47.48767823637815 353
1739558028882 47.339305630578615 354
1739558028894 47.19156003159125 355
1739558028903 47.04443878838407 356
1739558028911 46.89793926113386 357
1739558028920 46.75205882117893 358
1739558028929 46.606794850971816 359
1739558028937 46.462144744032315 360
1739558028946 46.31810590490072 361
1739558028959 46.17467574909118 362
1739558028968 46.03185170304531 363
1739558028976 45.88963120408607 364
1739558028984 45.748011700371634 365
1739558028993 45.606990650849646 366
1739558029001 45.46656552521159 367
1739558029010 45.326733803847354 368
1739558029020 45.18749297780002 369
1739558029028 45.04884054872081 370
1739558029037 44.9107740288242 371
1739558029045 44.773290940843324 372
1739558029053 44.63638881798541 373
1739558029063 44.500065203887594 374
1739558029072 44.36431765257279 375
1739558029080 44.2291437284057 376
1739558029088 44.0945410060492 377
1739558029096 43.960507070420704 378
1739558029104 43.82703951664891 379
1739558029112 43.69413595003052 380
1739558029120 43.56179398598732 381
1739558029128 43.430011250023306 382
1739558029136 43.29878537768216 383
1739558029144 43.168114014504674 384
1739558029152 43.03799481598659 385
1739558029160 42.90842544753642 386
1739558029168 42.77940358443362 387
1739558029177 42.65092691178676 388
1739558029185 42.522993124492054 389
1739558029193 42.39559992719193 390
1739558029201 42.268745034233845 391
1739558029210 42.142426169629196 392
1739558029218 42.016641067012536 393
1739558029226 41.891387469600836 394
1739558029234 41.766663130153006 395
1739558029243 41.642465810929494 396
1739558029251 41.518793283652165 397
1739558029259 41.3956433294643 398
1739558029267 41.27301373889071 399
1739558029275 41.15090231179812 400
1739558029283 41.02930685735565 401
1739558029291 40.90822519399546 402
1739558029299 40.787655149373634 403
1739558029306 40.66759456033117 404
1739558029314 40.548041272855066 405
1739558029323 40.428993142039815 406
1739558029333 40.31044803204873 407
1739558029341 40.19240381607567 408
1739558029349 40.07485837630687 409
1739558029358 39.957809603882914 410
1739558029366 39.841255398860845 411
1739558029375 39.72519367017651 412
1739558029383 39.60962233560695 413
1739558029391 39.49453932173314 414
1739558029400 39.379942563902624 415
1739558029408 39.265830006192566 416
1739558029416 39.152199601372736 417
1739558029424 39.03904931086886 418
1739558029433 38.92637710472593 419
1739558029441 38.81418096157183 420
1739558029449 38.702458868581004 421
1739558029458 38.59120882143836 422
1739558029466 38.480428824303225 423
1739558029474 38.37011688977358 424
1739558029482 38.26027103885034 425
1739558029489 38.15088930090185 426
1739558029497 38.04196971362848 427
1739558029505 37.93351032302742 428
1739558029513 37.825509183357575 429
1739558029521 37.71796435710466 430
1739558029529 37.61087391494641 431
1739558029537 37.50423593571794 432
1739558029545 37.398048506377236 433
1739558029553 37.29230972197084 434
1739558029562 37.187017685599656 435
1739558029570 37.08217050838482 436
1739558029578 36.977766309433925 437
1739558029586 36.873803215807136 438
1739558029594 36.770279362483585 439
1739558029603 36.66719289232795 440
1739558029611 36.56454195605705 441
1739558029619 36.46232471220667 442
1739558029627 36.36053932709851 443
1739558029635 36.25918397480725 444
1739558029644 36.15825683712777 445
1739558029652 36.05775610354254 446
1739558029660 35.957679971189044 447
1739558029668 35.85802664482751 448
1739558029676 35.758794336808585 449
1739558029684 35.6599812670413 450
1739558029692 35.56158566296112 451
1739558029700 35.46360575949808 452
1739558029708 35.36603979904512 453
1739558029716 35.268886031426526 454
1739558029724 35.17214271386651 455
1739558029732 35.07580811095795 456
1739558029740 34.979880494631175 457
1739558029748 34.88435814412299 458
1739558029756 34.78923934594578 459
1739558029764 34.694522393856715 460
1739558029772 34.60020558882713 461
1739558029780 34.50628723901208 462
1739558029788 34.412765659719874 463
1739558029796 34.31963917338191 464
1739558029804 34.22690610952248 465
1739558029812 34.134564804728875 466
1739558029820 34.04261360262144 467
1739558029828 33.95105085382385 468
1739558029836 33.859874915933574 469
1739558029844 33.76908415349229 470
1739558029852 33.67867693795657 471
1739558029861 33.588651647668634 472
1739558029869 33.49900666782728 473
1739558029877 33.409740390458815 474
1739558029885 33.32085121438823 475
1739558029893 33.2323375452105 476
1739558029901 33.14419779526184 477
1739558029909 33.05643038359132 478
1739558029917 32.96903373593247 479
1739558029925 32.882006284674915 480
1739558029933 32.795346468836335 481
1739558029941 32.709052734034415 482
1739558029949 32.62312353245892 483
1739558029957 32.537557322843924 484
1739558029972 32.45235257044014 485
1739558029981 32.367507746987364 486
1739558029989 32.28302133068702 487
1739558029997 32.198891806174885 488
1739558030005 32.11511766449383 489
1739558030014 32.031697403066765 490
1739558030023 31.94862952566967 491
1739558030031 31.865912542404686 492
1739558030039 31.78354496967343 493
1739558030047 31.70152533015031 494
1739558030055 31.619852152756053 495
1739558030063 31.538523972631207 496
1739558030071 31.457539331109945 497
1739558030079 31.37689677569383 498
1739558030087 31.29659486002574 499
