1739612610292 44.815640642778334 0
1739612610302 17.07703608646092 1
1739612610311 8.685284638282223 2
1739612610349 7.962140366264867 3
1739612610366 5.865687858426519 4
1739612610375 5.669632289819327 5
1739612610383 5.486514905402723 6
1739612610392 5.140109143014868 7
1739612610401 5.867486375362483 8
1739612610410 6.635700817007354 9
1739612610418 4.767808799068315 10
1739612610427 4.859746984447783 11
1739612610436 5.1956482045958925 12
1739612610444 5.56012748802274 13
1739612610454 5.604738478874066 14
1739612610464 5.153153049339593 15
1739612610473 5.37180167468561 16
1739612610483 6.9429323820385465 17
1739612610492 5.006243681843159 18
1739612610501 4.964365771917824 19
1739612610510 5.129660171066396 20
1739612610519 6.020963227598531 21
1739612610529 5.823746062195941 22
1739612610538 5.3922459728749095 23
1739612610548 5.715362552353177 24
1739612610559 5.299402889856989 25
1739612610568 5.5726766309805384 26
1739612610578 5.300427514224181 27
1739612610587 5.756844008925526 28
1739612610596 5.793589985493904 29
1739612610605 5.761982448343225 30
1739612610614 6.893881508698214 31
1739612610623 6.301366316977868 32
1739612610631 6.85741561357619 33
1739612610641 5.176785234733876 34
1739612610650 4.233101370167488 35
1739612610659 5.981884877700154 36
1739612610668 5.24427851926289 37
1739612610676 6.3260292867411865 38
1739612610685 5.972145171555483 39
1739612610694 6.194974948194742 40
1739612610703 6.296083935280132 41
1739612610711 6.219673074095861 42
1739612610720 6.884385852663522 43
1739612610729 6.120941858147785 44
1739612610738 5.764118280244004 45
1739612610746 5.620579912069477 46
1739612610755 6.340827929115764 47
1739612610764 5.522790901331422 48
1739612610773 5.924017827913531 49
1739612610782 6.496735949304026 50
1739612610791 5.824387223604882 51
1739612610800 6.395739590926581 52
1739612610809 5.65170750460918 53
1739612610818 5.984594998948394 54
1739612610826 5.696437851221674 55
1739612610836 6.25141009889696 56
1739612610845 6.687308501498343 57
1739612610854 5.795875426114621 58
1739612610863 5.665261240620661 59
1739612610872 6.451763609827039 60
1739612610881 5.999449414562811 61
1739612610890 5.56203628788941 62
1739612610899 5.553036818455295 63
1739612610908 5.615644763694733 64
1739612610916 5.519317228625185 65
1739612610925 5.557589524111294 66
1739612610934 6.199324258577536 67
1739612610943 6.372950279612377 68
1739612610952 5.989298736748423 69
1739612610960 5.7791022521867985 70
1739612610969 6.173631209620032 71
1739612610978 5.496824260367195 72
1739612610987 9.090091299649883 73
1739612610996 5.790686743772811 74
1739612611005 5.049820486534936 75
1739612611015 5.914748579987351 76
1739612611024 5.910321593419369 77
1739612611032 4.859182509562289 78
1739612611041 4.846231515395527 79
1739612611050 9.068057183236531 80
1739612611059 6.4037928617009365 81
1739612611067 6.561039910384913 82
1739612611076 5.023948422920753 83
1739612611085 5.12419533842203 84
1739612611095 5.253126604256087 85
1739612611104 5.727665252754968 86
1739612611113 5.547477491451279 87
1739612611122 5.696889672849627 88
1739612611131 5.172739351831084 89
1739612611140 7.147241126260626 90
1739612611149 4.495048492769922 91
1739612611159 7.492942473552764 92
1739612611168 5.8234012504001695 93
1739612611177 5.251442097017858 94
1739612611186 6.532353615154635 95
1739612611195 6.4307579707721985 96
1739612611204 5.51368565666246 97
1739612611213 5.936299661026074 98
1739612611222 5.407102855183034 99
1739612611230 5.14339584467651 100
1739612611241 5.337035286467853 101
1739612611250 5.4956729709671785 102
1739612611259 5.920236561538367 103
1739612611268 4.4880600038412135 104
1739612611277 5.933782852911772 105
1739612611286 4.936854633364912 106
1739612611295 6.352383121303672 107
1739612611304 5.117754954178039 108
1739612611313 4.607754880766075 109
1739612611322 5.258220304425235 110
1739612611331 5.94307869022403 111
1739612611340 5.59140642621456 112
1739612611349 5.726849765858622 113
1739612611357 5.660088865793625 114
1739612611366 5.4897259743839735 115
1739612611376 6.299984552673724 116
1739612611385 6.578406980957181 117
1739612611393 5.704347126888074 118
1739612611402 6.594215855121564 119
1739612611411 6.196768146306505 120
1739612611420 5.200075392748647 121
1739612611428 4.902279994982422 122
1739612611438 4.948128461323603 123
1739612611447 4.876280939353095 124
1739612611456 5.761828963987675 125
1739612611466 5.161522662375959 126
1739612611475 5.852019797772026 127
1739612611484 7.031759353424898 128
1739612611493 6.278574326256202 129
1739612611503 6.306465211791942 130
1739612611512 5.523352814281656 131
1739612611522 5.518793658388381 132
1739612611531 5.235071001952086 133
1739612611541 5.566837899362974 134
1739612611550 5.84622331273622 135
1739612611558 5.143809168019752 136
1739612611567 6.2645838610665745 137
1739612611576 5.650658770857042 138
1739612611585 5.347241181643299 139
1739612611594 5.57561983974466 140
1739612611603 5.746565323140266 141
1739612611612 5.902176016827667 142
1739612611621 4.835487446653056 143
1739612611629 4.837122202822088 144
1739612611639 5.486637128290668 145
1739612611648 5.63162525489945 146
1739612611656 5.245974554054671 147
1739612611665 6.640939548834337 148
1739612611674 5.604017250545911 149
1739612611683 5.9591151633649035 150
1739612611692 5.4340498334807235 151
1739612611701 5.396265206291035 152
1739612611710 5.653682938443684 153
1739612611719 5.78927964467602 154
1739612611728 5.4251243280712105 155
1739612611736 5.028477864540276 156
1739612611745 5.424166631206986 157
1739612611754 6.275303025691017 158
1739612611763 4.942241377570142 159
1739612611772 5.804539315997116 160
1739612611781 5.497605920006849 161
1739612611790 6.217430513455074 162
1739612611799 6.030177394986895 163
1739612611808 6.3017256165259825 164
1739612611816 5.89184796563686 165
1739612611825 6.068521474910075 166
1739612611834 5.403111441382083 167
1739612611844 6.248385634298845 168
1739612611853 6.866819869721499 169
1739612611862 6.1340066032953215 170
1739612611871 6.338092977960294 171
1739612611881 5.1000647483947406 172
1739612611890 5.52718327877401 173
1739612611899 5.083647253945133 174
1739612611908 5.862184937602666 175
1739612611916 6.839151261592159 176
1739612611925 5.576088563727507 177
1739612611934 5.0526441355155916 178
1739612611943 5.523274582416825 179
1739612611956 5.423954354189225 180
1739612611969 6.061133383621259 181
1739612611978 5.108546080588195 182
1739612611987 6.117466522476859 183
1739612611996 4.591789001442279 184
1739612612005 5.115392719697461 185
1739612612014 5.399939151781424 186
1739612612023 5.704536953750934 187
1739612612032 5.5135900622639875 188
1739612612041 5.258629841505796 189
1739612612050 5.344700536805525 190
1739612612059 5.000218136453468 191
1739612612068 5.794044760045004 192
1739612612078 5.42322662333891 193
1739612612086 5.598679037528279 194
1739612612095 4.024762026487808 195
1739612612104 5.1435357665484895 196
1739612612113 5.962654304583567 197
1739612612122 5.970886175496739 198
1739612612131 6.311182347907296 199
1739612612140 6.438863956689833 200
1739612612149 5.732767797101858 201
1739612612157 4.478488349020516 202
1739612612167 5.899450224233172 203
1739612612176 5.673506723375365 204
1739612612184 5.825729195448294 205
1739612612193 5.372768291681901 206
1739612612202 5.6992768813522385 207
1739612612211 5.572408334145087 208
1739612612220 5.356114758304856 209
1739612612229 5.4473908459469715 210
1739612612240 5.3971193236062405 211
1739612612248 5.901010705827506 212
1739612612257 5.011069251581651 213
1739612612266 5.886963596793828 214
1739612612275 6.536458581678954 215
1739612612283 6.161415305583505 216
1739612612292 5.723559286205307 217
1739612612301 6.42092292283473 218
1739612612310 5.499719435268054 219
1739612612319 5.2873089930990975 220
1739612612328 5.615370885019582 221
1739612612337 4.767600624692716 222
1739612612346 4.521356671250932 223
1739612612355 5.8826770419540635 224
1739612612364 4.736368270621121 225
1739612612373 5.672125955183102 226
1739612612382 5.176664994150854 227
1739612612391 6.306438611537044 228
1739612612400 5.43988129805206 229
1739612612409 6.166046563918973 230
1739612612418 5.319348746554809 231
1739612612427 5.043878382946097 232
1739612612436 5.953287294347256 233
1739612612445 5.8411776001787805 234
1739612612454 5.691709256307242 235
1739612612464 6.402999953283632 236
1739612612473 5.4501016133036995 237
1739612612482 5.622737391082761 238
1739612612491 5.305622071794473 239
1739612612500 5.094360793871536 240
1739612612509 5.62194220576747 241
1739612612518 4.6384381172143545 242
1739612612527 5.823226567577257 243
1739612612536 5.408717284522411 244
1739612612545 5.9290837073590446 245
1739612612554 5.517144436034129 246
1739612612562 4.929118215714736 247
1739612612571 6.850427287739175 248
1739612612580 5.072037444908509 249
1739612612589 5.492993182459622 250
1739612612597 5.8762689739522465 251
1739612612606 5.920074749279343 252
1739612612615 5.370399243458284 253
1739612612624 4.441120285266151 254
1739612612633 5.025500785830426 255
1739612612642 5.584723990160689 256
1739612612650 4.973873627465508 257
1739612612659 6.142432640804162 258
1739612612671 5.494560597357022 259
1739612612681 5.908222402194861 260
1739612612690 5.206820920657554 261
1739612612698 5.1482073040663705 262
1739612612707 4.764000774013327 263
1739612612716 4.734512613358305 264
1739612612725 5.2558122038112085 265
1739612612734 5.324512144573743 266
1739612612743 5.301066672113597 267
1739612612753 5.125410771228425 268
1739612612762 6.6485567126353775 269
1739612612770 5.678610428199632 270
1739612612780 4.819723795251731 271
1739612612788 6.064793525923926 272
1739612612797 6.709793430098437 273
1739612612806 5.612655768438256 274
1739612612815 6.10127095885711 275
1739612612824 5.688631910895295 276
1739612612834 5.101080027175007 277
1739612612843 7.0347930747863145 278
1739612612853 5.3421028129597605 279
1739612612862 4.790902792209551 280
1739612612872 4.869612653803607 281
1739612612881 6.561159708414259 282
1739612612890 5.237860372780065 283
1739612612900 5.238590719178513 284
1739612612912 5.656416023984191 285
1739612612921 5.526430524216763 286
1739612612930 6.7859338905693996 287
1739612612939 5.019646919104887 288
1739612612948 4.671337925094792 289
1739612612957 5.410195215783826 290
1739612612966 5.669283714363793 291
1739612612975 5.6434370509669245 292
1739612612985 5.621098741954939 293
1739612612994 5.370614005198047 294
1739612613003 5.798691919530016 295
1739612613012 5.886595879371938 296
1739612613021 5.729259232742057 297
1739612613030 5.029451959793309 298
1739612613039 6.037466527356946 299
1739612613047 5.960744350248569 300
1739612613056 7.561131750381896 301
1739612613065 5.5219528071352535 302
1739612613074 4.936637477814087 303
1739612613083 5.696019913905322 304
1739612613092 6.785262965407249 305
1739612613100 4.991467554328327 306
1739612613110 5.323712420790731 307
1739612613119 5.812852927974373 308
1739612613128 5.6687300972950565 309
1739612613137 4.738992368082591 310
1739612613145 6.082746358350682 311
1739612613154 4.550415693727251 312
1739612613163 5.49719987869411 313
1739612613173 5.757547630596074 314
1739612613182 5.227467707797387 315
1739612613191 5.771839624516003 316
1739612613200 5.5627358817651045 317
1739612613209 4.935237645487247 318
1739612613217 5.79917341913648 319
1739612613226 6.143917663252185 320
1739612613235 5.053387431917528 321
1739612613245 5.68828283220996 322
1739612613254 4.985496601210154 323
1739612613263 5.948272275104289 324
1739612613272 5.469466485972277 325
1739612613281 4.856066981417493 326
1739612613290 5.713808861172784 327
1739612613299 4.870737269591077 328
1739612613308 6.345983553633961 329
1739612613317 5.838018624029938 330
1739612613326 6.262034143313022 331
1739612613336 5.145003014436594 332
1739612613345 5.540726886728187 333
1739612613355 5.198167557859966 334
1739612613366 6.163402656376037 335
1739612613376 5.5404505474303765 336
1739612613387 6.159927486918068 337
1739612613398 6.1240616483639805 338
1739612613410 5.711893980351073 339
1739612613421 5.739801951555393 340
1739612613432 6.0195875826276986 341
1739612613441 5.233729692629609 342
1739612613450 5.360728108651481 343
1739612613459 5.534679242753461 344
1739612613469 5.911448239268496 345
1739612613478 5.350111924465835 346
1739612613488 5.134859538020514 347
1739612613497 7.001488087496708 348
1739612613506 4.946198582833794 349
1739612613515 5.910337081921373 350
1739612613524 5.395628002188921 351
1739612613533 5.726118800339524 352
1739612613543 6.133032611448495 353
1739612613552 5.530718384244251 354
1739612613561 6.16042528618258 355
1739612613570 6.338951077708515 356
1739612613579 5.687414591198505 357
1739612613587 5.925883095781592 358
1739612613596 6.136970393836911 359
1739612613605 6.149660178203867 360
1739612613614 4.621855286137257 361
1739612613624 5.5657183810985575 362
1739612613633 6.17075590988962 363
1739612613642 5.6246340315993395 364
1739612613652 6.336529905022519 365
1739612613661 5.763193831663696 366
1739612613670 5.611681096531968 367
1739612613679 6.111263531818315 368
1739612613688 5.21353344698713 369
1739612613697 5.849769721835208 370
1739612613706 5.148192678404323 371
1739612613714 5.298708279320922 372
1739612613723 5.573794403380746 373
1739612613732 5.799219040652654 374
1739612613741 5.527616535614995 375
1739612613750 5.355824962990741 376
1739612613760 5.938159802490977 377
1739612613769 6.262132987596198 378
1739612613778 4.66541510356509 379
1739612613787 6.036361287509243 380
1739612613796 5.642206952169337 381
1739612613805 5.846151586361822 382
1739612613814 5.299749812576935 383
1739612613824 6.358258212596081 384
1739612613833 5.353823006321297 385
1739612613842 5.770112802841725 386
1739612613851 6.386161918663601 387
1739612613860 5.711409762797695 388
1739612613870 4.807766693026448 389
1739612613879 6.2639977505248385 390
1739612613888 5.901236149485423 391
1739612613897 5.580350269303735 392
1739612613906 5.110868097881361 393
1739612613915 5.536009047149646 394
1739612613924 6.08735403818697 395
1739612613934 6.214737820000692 396
1739612613943 6.8836709631056605 397
1739612613952 6.642912855681664 398
1739612613961 5.4340328102946325 399
1739612613969 4.832796970135045 400
1739612613979 5.115027507286576 401
1739612613989 7.889064756587628 402
1739612613998 5.502155657609457 403
1739612614008 5.663279795251315 404
1739612614017 5.343654458212379 405
1739612614027 5.114196607994467 406
1739612614037 5.706646535861801 407
1739612614046 5.411060393743156 408
1739612614056 5.52305163203385 409
1739612614065 5.204833062375346 410
1739612614075 5.060725896168709 411
1739612614084 5.738453967744741 412
1739612614093 6.9564833854742485 413
1739612614102 6.424127849253646 414
1739612614111 6.145064943114465 415
