1739613513581 4.8826390598619565 0
1739613513618 3.0099765115836195 1
1739613513654 20.173010254586544 2
1739613513690 0.10334894754836474 3
1739613513727 1.552566585007063 4
1739613513763 0.006212723543728071 5
1739613513800 0.17851413069906572 6
1739613513836 3.4307063646939913 7
1739613513872 13.575984666852316 8
1739613513908 0.015647528471741563 9
1739613513945 0.023015305927662724 10
1739613513982 0.01804937119962792 11
1739613514019 2.047457872312827 12
1739613514056 7.694177242576935 13
1739613514100 0.01118108079678284 14
1739613514138 0.1267066487134494 15
1739613514174 1.5031944194828037 16
1739613514209 0.061888961565177675 17
1739613514245 0.3411557475852467 18
1739613514281 2.8426287529115815 19
1739613514317 2.1696882008644973 20
1739613514353 0.5090977828172893 21
1739613514388 0.5204857165798626 22
1739613514424 0.028248419853859136 23
1739613514460 0.27545407634906066 24
1739613514496 20.46066740427245 25
1739613514531 5.9535523862113475 26
1739613514567 0.3062914609463972 27
1739613514603 1.5483853463431159 28
1739613514639 2.3840474902451234 29
1739613514675 0.1326735469733257 30
1739613514744 0.002199237887243592 31
1739613514780 0.5234141087186128 32
1739613514817 0.4120285900290779 33
1739613514854 1.6654488137422667 34
1739613514890 0.5350442664903686 35
1739613514926 0.8618293269549768 36
1739613514963 4.307351382871901 37
1739613515000 0.04291167090031464 38
1739613515036 0.07328841930270717 39
1739613515084 2.37199497772748 40
1739613515120 0.5162265299364495 41
1739613515156 0.3688711060139892 42
1739613515191 0.7488475431657369 43
1739613515227 0.03178152785243731 44
1739613515262 0.899156920054522 45
1739613515298 0.829445188965253 46
1739613515334 0.010280359389853133 47
1739613515370 0.036112853722534685 48
1739613515406 0.603748905901951 49
1739613515442 0.38105567113886 50
1739613515478 0.15931711934289738 51
1739613515514 0.3181119917843811 52
1739613515549 1.8746048095404084 53
1739613515585 1.0551229644214166 54
1739613515621 0.20128103200674552 55
1739613515657 0.4969748863344036 56
1739613515693 0.0013959965798156602 57
1739613515729 7.299053123272049 58
1739613515766 5.359920597707042e-05 59
1739613515803 0.01182371615142216 60
1739613515841 0.0005995022429518111 61
1739613515878 0.17808526495639865 62
1739613515914 3.98856130973464 63
1739613516012 0.47480838263190184 64
1739613516056 0.39657560317872026 65
1739613516096 0.013599850861314308 66
1739613516135 0.003428415374916358 67
1739613516176 1.1258746817290683 68
1739613516215 3.0445863746544495 69
1739613516254 0.044635948879247066 70
1739613516292 0.6098692091257073 71
1739613516329 1.5266854632496605 72
1739613516367 0.012524479871729388 73
1739613516411 0.05641608052699254 74
1739613516449 0.01639033923533836 75
1739613516487 0.19060378139946213 76
1739613516525 0.13676947147561289 77
1739613516563 0.10942187926483544 78
1739613516600 0.08239126856721743 79
1739613516638 0.6523632355880294 80
1739613516675 0.18632267063278887 81
1739613516713 0.5855205337825165 82
1739613516751 0.2036934143091395 83
1739613516789 0.40572820460674314 84
1739613516827 0.03245300963173304 85
1739613516865 0.49882254060481096 86
1739613516904 0.013578370814156672 87
1739613516952 7.700332758176884 88
1739613516992 1.1544578841739823 89
1739613517031 0.021314777419849763 90
1739613517070 0.1854336256064831 91
1739613517109 0.41469795715176455 92
1739613517149 42.74036715120781 93
1739613517189 0.20510369883013588 94
1739613517227 0.525635226290446 95
1739613517268 0.12901056241243233 96
1739613517309 0.06430747505713404 97
1739613517347 2.0181077287462332 98
1739613517385 0.0227595839126812 99
1739613517423 0.8581793717012269 100
1739613517461 0.008641967962816959 101
1739613517499 1.4732099135020453 102
1739613517537 0.3168276590475593 103
1739613517575 0.32715171662470344 104
1739613517615 2.63869967660421 105
1739613517653 0.02011543177043121 106
1739613517691 1.3400607036466998 107
1739613517728 1.3356311978443514 108
1739613517767 0.0038648817547322187 109
1739613517806 0.9986317233078699 110
1739613517845 6.659649408886917 111
1739613517893 1.6956897746317166 112
1739613517934 0.7952755277717855 113
1739613517973 0.19561859358731143 114
1739613518011 0.6850039010467223 115
1739613518050 0.3146599638170058 116
1739613518088 0.005183789261548284 117
1739613518126 0.013647154797663534 118
1739613518163 0.927505760913597 119
1739613518202 0.02345077680177837 120
1739613518240 0.2937886961901779 121
1739613518277 2.3080400087379007 122
1739613518315 1.4786720192723584 123
1739613518353 0.26554508530156523 124
1739613518391 0.0027679618377323112 125
1739613518428 0.5760297193690903 126
1739613518466 0.5995516666043693 127
1739613518505 1.4307840381935542 128
1739613518545 0.12308102962207211 129
1739613518584 1.1073439810955708 130
1739613518624 0.008359203580730145 131
1739613518662 1.225951421667956 132
1739613518701 0.15280821433082573 133
1739613518740 0.06221731611166185 134
1739613518777 1.8355951359510336 135
1739613518824 0.41286597643464557 136
1739613518863 0.11921271765585409 137
1739613518902 4.164849271244072 138
1739613518942 5.655116112379489 139
1739613518981 10.161749844015338 140
1739613519021 0.4598772331778736 141
1739613519061 0.6964589119107395 142
1739613519099 0.4622911857500245 143
1739613519137 0.5488457501762083 144
1739613519175 0.129214567343507 145
1739613519214 2.887063802070622 146
1739613519252 0.8070573133500903 147
1739613519291 1.5765891162570675 148
1739613519328 0.12225338274694157 149
1739613519366 0.3466714870202505 150
1739613519406 3.813790804418092 151
1739613519444 0.025925756628795288 152
1739613519482 0.5025655227288701 153
1739613519520 1.0278318558166222 154
1739613519559 0.5450923723588561 155
1739613519597 1.8087693662357576 156
1739613519636 1.4941541196510342 157
1739613519677 0.41281098779557335 158
1739613519717 0.3699073627371983 159
1739613519755 0.3667333311413092 160
1739613519803 0.14855510126647498 161
1739613519843 1.2241406754226134 162
1739613519883 4.480295206580482 163
1739613519922 3.481025268627861 164
1739613519961 0.25518135499600914 165
1739613520001 0.9889423456060387 166
1739613520041 0.2851979495680186 167
1739613520080 0.544492009083924 168
1739613520119 0.7809512203858598 169
1739613520159 0.21318247858894943 170
1739613520200 0.05475571380817972 171
1739613520241 1.9028209560472498 172
1739613520280 0.8215277035790397 173
1739613520319 0.008673409572398113 174
1739613520357 0.130562039658289 175
1739613520395 0.11402922270133617 176
1739613520434 1.2150698013296561 177
1739613520473 1.1731958630773984 178
1739613520513 0.05081216598999123 179
1739613520551 0.21483866855086053 180
1739613520589 0.03897739651892926 181
1739613520627 0.351545346877893 182
1739613520665 0.49875066944735463 183
1739613520713 0.06340912797387808 184
1739613520753 7.411263220493335 185
1739613520792 0.12749719766296014 186
1739613520830 3.2732709457188505 187
1739613520869 0.47968405640096035 188
1739613520907 1.355386089709452 189
1739613520946 1.4216570960396322 190
1739613520984 0.06848301397894033 191
1739613521022 0.5293447423975726 192
1739613521060 0.11882926660937833 193
1739613521097 0.38723020691079574 194
1739613521136 0.7997463198061161 195
1739613521172 1.3125117512772966 196
1739613521208 0.13315763926845395 197
1739613521244 0.06172289790539811 198
1739613521281 0.05051967228203009 199
1739613521318 1.347167750644696 200
1739613521355 2.297879289444286 201
1739613521391 1.0364641573121414 202
1739613521427 1.3234378470804173 203
1739613521464 0.05338215977250956 204
1739613521500 0.16086799932298626 205
1739613521536 4.527943791858348 206
1739613521572 0.006370375751003784 207
1739613521607 0.02477001517919957 208
1739613521650 0.048512956976919604 209
1739613521687 0.7021857599026528 210
1739613521723 0.5279450826498078 211
1739613521758 0.28350456414001207 212
1739613521796 0.26840845996472623 213
1739613521833 0.02474631188696432 214
1739613521870 0.027710824823485705 215
1739613521905 0.18593846560884367 216
1739613521942 0.18057656995293464 217
1739613521977 0.17678160950935015 218
1739613522013 4.43800839747172 219
1739613522049 0.15068520453454692 220
1739613522084 1.2278254022666464 221
1739613522121 0.020129286942995234 222
1739613522157 0.10270898957348608 223
1739613522192 0.6921957571649499 224
1739613522228 0.4033276762082328 225
1739613522265 0.02046422521745831 226
