1739554475527 0.0035910933281019584 0
1739554475565 2.111526649937234 1
1739554475602 1.1966296107508885 2
1739554475640 5.345308445366424 3
1739554475678 0.10798064826362025 4
1739554475719 0.16906236505319236 5
1739554475759 1.9392836922647563 6
1739554475799 1.4934870181764717 7
1739554475839 0.16258091973780828 8
1739554475878 0.2736372739670836 9
1739554475918 0.06787080934270982 10
1739554475960 0.33814791425918267 11
1739554476003 0.1808066996017744 12
1739554476046 0.09129065038489668 13
1739554476091 0.5177052952142797 14
1739554476151 0.6477395588738306 15
1739554476216 0.531211743294281 16
1739554476278 0.07062460528355134 17
1739554476331 0.44287502049141436 18
1739554476384 0.09731677318943188 19
1739554476435 0.25518570554742975 20
1739554476483 0.03381136946324813 21
1739554476529 7.93557094905151 22
1739554476575 0.1179061722202563 23
1739554476618 0.882225384171972 24
1739554476660 0.7465019519025292 25
1739554476702 0.17228736277494192 26
1739554476751 0.12923627304687002 27
1739554476793 1.1085090141238128 28
1739554476832 0.8931773969814715 29
1739554476870 0.6400068509977104 30
1739554476908 0.9764834798983996 31
1739554476947 0.01338376486312188 32
1739554476984 4.099779534182702 33
1739554477022 0.010304037788078329 34
1739554477058 0.7260697817402211 35
1739554477094 0.8937679763807754 36
1739554477130 4.6541022287004195 37
1739554477166 0.7214353810253312 38
1739554477203 0.2114465359694277 39
1739554477240 0.15865806649952152 40
1739554477276 0.028851989671718554 41
1739554477314 0.012544343270617566 42
1739554477358 1.2475275579515883 43
1739554477395 0.5600039845378192 44
1739554477431 0.007698301400255735 45
1739554477468 0.004160999209238836 46
1739554477508 0.15098657948532315 47
1739554477547 0.0008345171313269974 48
1739554477586 0.2503172169669453 49
1739554477626 0.6271046802582164 50
1739554477666 0.8077696062163717 51
1739554477706 0.46198186096289945 52
1739554477746 0.23720712363237942 53
1739554477785 1.5112007215530083 54
1739554477826 0.3651100833799814 55
1739554477866 2.747424150467055 56
1739554477907 1.4525126388404002 57
1739554477950 0.22630830343252983 58
1739554477994 7.182246648416111 59
1739554478036 0.002728740689057568 60
1739554478080 1.6848540536906393 61
1739554478123 0.00043178893770514005 62
1739554478166 0.39744640938476794 63
1739554478209 0.22385414315475338 64
1739554478253 0.1400590038519302 65
1739554478295 0.1670610757939079 66
1739554478337 0.010985708678248508 67
1739554478379 0.8276864009576372 68
1739554478421 3.213244900892173 69
1739554478463 0.095921279810731 70
1739554478505 0.7643230364034049 71
1739554478550 1.6691610716074132 72
1739554478594 5.702592081465268 73
1739554478637 0.15339327169893827 74
1739554478679 0.01964770631561372 75
1739554478718 0.7626521986962173 76
1739554478757 0.09005489053706697 77
1739554478796 2.9554514884541256 78
1739554478835 0.047538929011331346 79
1739554478874 0.3205797569020885 80
1739554478913 0.8170163296192936 81
1739554478952 5.3816322069191935 82
1739554478988 0.3004717820897937 83
1739554479024 1.470502949963504 84
1739554479060 0.12338052471603467 85
1739554479096 0.11464913506273197 86
1739554479132 7.109866984373399 87
1739554479168 0.004312562236919744 88
1739554479205 0.3441562946211268 89
1739554479241 0.2999083034257929 90
1739554479278 0.7474892748574862 91
1739554479314 1.8040260486013757 92
1739554479351 0.45015894466528383 93
1739554479388 2.6263016412301465 94
1739554479424 1.4856580705349762 95
1739554479461 0.004412753539793381 96
1739554479498 0.03029742426674606 97
1739554479535 1.159571214657299 98
1739554479572 0.12411774616930125 99
1739554479608 0.43339649153987464 100
1739554479645 1.7343390295868106 101
1739554479681 0.36038004207412055 102
1739554479718 1.5793663462340218e-05 103
1739554479755 0.03341957215542956 104
1739554479790 0.40321552537078187 105
1739554479826 0.2769975405623104 106
1739554479863 1.2219131630756057 107
1739554479900 0.022595657572903702 108
1739554479936 0.12781462305419372 109
1739554479973 0.5072760861293648 110
1739554480010 0.959873707780646 111
1739554480048 0.2936064160551117 112
1739554480086 4.666333396412267 113
1739554480125 0.029927338043808167 114
1739554480164 2.6193683926606344 115
1739554480203 2.882042539859428 116
1739554480242 1.4071834888519996 117
1739554480281 1.232356440226125 118
1739554480319 0.015594014471336147 119
1739554480359 0.5951713009651557 120
1739554480397 2.7380300342844013 121
1739554480436 1.357702574069827 122
1739554480475 0.49509854970032474 123
1739554480513 0.20892969965479113 124
1739554480552 1.8532185516950397 125
1739554480592 0.7936533125605132 126
1739554480631 1.4673654840626198 127
1739554480670 0.2161630746134907 128
1739554480710 1.8248921498972466 129
1739554480750 7.095182185108985 130
1739554480788 0.19238922809202882 131
1739554480827 0.3138098255668572 132
1739554480866 2.2895468122139073 133
1739554480906 0.024961044340323126 134
1739554480944 1.0935392971526066 135
1739554480985 0.030394178093150297 136
1739554481024 0.1692302888081751 137
1739554481064 2.4691636336210476 138
1739554481103 1.0141283411935251 139
1739554481143 0.12090360708602141 140
1739554481182 5.242647719722493 141
1739554481222 0.012597265357723786 142
1739554481262 0.9546915494536443 143
1739554481302 0.0069963871443728225 144
1739554481341 0.13738752376186109 145
1739554481380 0.625462027110261 146
1739554481420 0.495961017739661 147
1739554481459 7.002096566614625 148
1739554481499 3.110677827610228 149
1739554481537 0.09179431649677261 150
1739554481576 0.7182954040783411 151
1739554481615 0.5769861263654076 152
1739554481653 0.3387887384148527 153
1739554481693 0.7673281433954285 154
1739554481732 16.03988871230777 155
1739554481769 0.037391897588590434 156
1739554481806 0.3394575898373021 157
1739554481842 0.5140706612669882 158
1739554481878 0.2803796631615851 159
1739554481914 1.9722312146280878 160
1739554481951 0.6938011447599055 161
1739554481988 0.002942888277079408 162
1739554482024 2.2538189405947806 163
1739554482060 1.066537032971915 164
1739554482097 0.03709268518699872 165
1739554482133 1.1301938768342725 166
1739554482170 5.528523689098469 167
1739554482206 0.3256501367394407 168
1739554482246 0.03728108334637498 169
1739554482286 1.8412129730480806 170
1739554482327 0.36090215052950114 171
1739554482369 0.8274173382987028 172
1739554482413 2.222504237713124 173
1739554482455 0.7348444612531534 174
1739554482498 1.6674820851339403 175
1739554482538 0.031119069233966366 176
1739554482579 1.1361459290747589 177
1739554482620 0.4523144420100019 178
1739554482659 1.631804030111491 179
1739554482699 0.56655532396916 180
1739554482741 1.016334562644806 181
1739554482780 0.004846675498779876 182
1739554482833 0.21770796657372313 183
1739554482873 0.28923514109818366 184
1739554482913 2.5879736356246967 185
1739554482952 0.17114966366585435 186
1739554482991 0.00037420796660879354 187
1739554483030 0.2044278977181918 188
1739554483069 0.4941651876947665 189
1739554483108 0.07518286746485546 190
1739554483148 2.5573475077559125 191
1739554483188 1.8140346021234441 192
1739554483228 0.0014317059088733615 193
1739554483267 2.2691869324458502 194
1739554483307 2.698330004242812 195
1739554483346 0.6322876902734794 196
1739554483384 0.050001204568552726 197
1739554483423 1.495532602039537 198
1739554483462 0.01403618634685765 199
1739554483502 0.2607074223136379 200
1739554483542 2.841219981252192 201
1739554483581 0.37133323300958315 202
1739554483621 0.24786709743037938 203
1739554483661 0.6378870764549405 204
1739554483701 1.8914600410351243 205
1739554483742 0.08300790578724832 206
1739554483782 0.15685214189160213 207
1739554483822 3.884564746286278 208
1739554483861 1.3958887353305633 209
1739554483900 0.0006808932941495374 210
1739554483939 4.287160223304015 211
1739554483978 0.4375918957573909 212
1739554484018 1.2131211116114489 213
1739554484058 0.35045920135616704 214
1739554484098 0.826243345854354 215
1739554484137 0.2465685844959701 216
1739554484176 1.2226280981336206 217
1739554484216 0.3219183053933774 218
1739554484256 0.3998194546741821 219
1739554484296 24.609248972715655 220
1739554484336 35.6278096611215 221
1739554484376 0.3524626065950736 222
1739554484417 1.2749725703206172 223
1739554484457 2.2538448507293976 224
1739554484495 4.250561657296407 225
1739554484534 0.041921792052913985 226
1739554484574 1.8306768131839195 227
1739554484616 0.17171721040711552 228
1739554484654 0.5696300364137356 229
1739554484693 0.027979833111463605 230
1739554484733 0.012487293122945714 231
1739554484772 1.3457266256156095 232
1739554484812 0.04904317460537437 233
1739554484852 1.8768473068757785 234
1739554484891 0.33789715533895526 235
1739554484932 0.39481462704271253 236
1739554484971 0.6080889857376969 237
1739554485009 0.29680805049946224 238
1739554485046 0.5852211473537766 239
1739554485083 0.020434035456532728 240
1739554485121 0.1607483325095823 241
1739554485158 2.003657337625153 242
1739554485195 0.6677048979159014 243
1739554485238 2.9269178729328886 244
1739554485275 1.1519443565214014 245
1739554485312 0.47110951304027954 246
1739554485350 1.8457607787864596 247
1739554485387 0.9997060088757433 248
1739554485425 0.2958684870427938 249
1739554485465 1.963587758533111 250
1739554485502 0.0006688503808067549 251
1739554485540 12.364162026969662 252
1739554485577 0.7540452498854588 253
1739554485615 7.778752167204028 254
1739554485657 5.143883310713892 255
1739554485697 0.03293242968873588 256
1739554485737 1.7043753042742842 257
1739554485780 0.04299802741693796 258
1739554485819 0.06774084969890874 259
1739554485861 0.0005717249699515763 260
1739554485904 0.23582645812193673 261
1739554485950 0.16955367804388108 262
1739554485994 0.03974776738962442 263
1739554486043 0.1403689374310881 264
1739554486089 8.3057925494605 265
1739554486132 7.702876704757204 266
1739554486174 0.08303495034023832 267
1739554486217 1.572205433115007 268
1739554486260 0.5119947429069259 269
1739554486302 0.7741070301187949 270
1739554486345 0.8585047173243493 271
1739554486387 6.80005634231372 272
1739554486429 0.9794594572252483 273
1739554486472 1.0622078849157945 274
1739554486514 0.5372310892131219 275
1739554486556 0.35462423287313793 276
1739554486594 0.26819283216385764 277
1739554486633 0.001779940176222996 278
1739554486674 0.15861737474005502 279
1739554486714 1.3310304354451739 280
1739554486755 0.13116805613927474 281
1739554486807 0.35458322274044757 282
1739554486847 0.3062072351452883 283
1739554486886 1.2264265506037028e-06 284
1739554486928 1.025189188003407 285
1739554486976 3.388925158437247 286
1739554487019 1.0029162143974149 287
1739554487063 2.2647056781275876 288
1739554487106 0.8488694911911425 289
1739554487150 0.0025676770104840394 290
1739554487196 3.851492872154537 291
1739554487244 6.856721035470451 292
1739554487290 1.2026719513414454 293
1739554487337 7.827969340400926 294
1739554487384 1.511429565984456 295
1739554487430 2.5613470409864125 296
1739554487475 5.939939123289472 297
1739554487517 0.07362823937717444 298
1739554487562 0.4471617626965329 299
1739554487605 2.5162253448706857 300
1739554487648 0.512693781216596 301
1739554487691 0.11123681272926952 302
1739554487733 0.0017755569318362418 303
1739554487776 0.30684152733064063 304
1739554487817 0.0429702686098494 305
1739554487857 5.904760183526926 306
1739554487899 0.18989150355164028 307
1739554487938 0.6937386734714556 308
1739554487977 0.19026835326722233 309
1739554488016 0.10901469819587595 310
1739554488055 2.030301474109427 311
1739554488095 0.25247525053108805 312
1739554488134 0.22028612822696167 313
1739554488173 0.8069906880713624 314
1739554488213 0.19637698804405623 315
1739554488252 0.2607864405368549 316
1739554488292 1.2657132958819508 317
1739554488330 21.217962620927143 318
1739554488369 0.0013342601791948455 319
1739554488408 0.030891336807646535 320
1739554488447 0.5268168692141246 321
1739554488486 5.658680513755099 322
1739554488525 0.79324969644255 323
1739554488562 6.879770472096563 324
1739554488599 0.8274546139706194 325
1739554488636 0.02650732003455573 326
1739554488675 19.09355741326472 327
1739554488712 0.016192881204241984 328
1739554488749 0.15769123178026895 329
1739554488787 0.4426927283294199 330
1739554488824 0.616409882987792 331
1739554488863 0.4882304952127302 332
1739554488901 0.9845926615905807 333
1739554488941 0.3728460077847917 334
1739554488980 0.7893400263971542 335
1739554489022 0.07474781159149144 336
1739554489061 0.4952768719317033 337
1739554489103 0.17069785505984417 338
1739554489143 0.40074454250176905 339
1739554489183 0.38446794534397233 340
1739554489222 9.92957952790002 341
1739554489262 0.009833666244699701 342
1739554489302 0.26329769931470415 343
1739554489342 2.1856463656698703e-05 344
1739554489382 0.13786366128201 345
1739554489421 0.13546799923724556 346
1739554489461 21.228229386977333 347
1739554489501 1.7450183126827323 348
1739554489544 0.32710385045756496 349
1739554489585 4.037381266017939 350
1739554489628 0.9137168148846898 351
1739554489672 7.747041160732522 352
1739554489715 0.36279233381108333 353
1739554489758 0.5591118498691715 354
1739554489801 3.885860225558231 355
1739554489842 1.6116262246255562 356
1739554489886 2.000950812019289 357
1739554489929 0.22989020914213304 358
1739554489972 0.4928557115010538 359
1739554490015 1.1647137670908758 360
1739554490058 0.00014238309511408273 361
1739554490098 2.26479623048415 362
1739554490138 1.1565536545517905 363
1739554490177 1.8044782383719942 364
1739554490217 0.0037636476234205653 365
1739554490257 0.2628581082688988 366
1739554490303 0.6633528260707626 367
1739554490346 0.8232683929281361 368
1739554490390 0.23516516127735831 369
1739554490433 0.0585325394136222 370
1739554490477 13.642409104191897 371
1739554490517 3.659957486195724 372
1739554490557 0.9341873852563451 373
1739554490597 0.000926297300189832 374
1739554490636 1.036209079322862 375
1739554490676 0.059856690574360806 376
1739554490716 0.06319661303864293 377
1739554490756 0.057867973425585126 378
1739554490795 0.01641826436701214 379
1739554490835 0.0020695687029277624 380
1739554490874 0.18810221124898902 381
1739554490914 0.6611718414252579 382
1739554490953 0.06303287547523788 383
1739554491000 0.116470119318364 384
1739554491039 0.5813337256073502 385
1739554491079 0.21973562649743078 386
1739554491119 0.08607866156100942 387
1739554491158 0.27813400596357446 388
1739554491197 0.5270490927047915 389
1739554491237 0.5328882156221526 390
1739554491277 4.776302278846981 391
1739554491317 0.22686064587000057 392
1739554491357 0.0012768501547627072 393
1739554491396 0.0009339099429816608 394
1739554491434 0.007990349665870014 395
1739554491473 0.6213569084081838 396
1739554491513 3.570083133428951 397
1739554491554 0.770365218166548 398
1739554491593 2.5688462277697597 399
1739554491632 0.8708106431242225 400
1739554491671 0.41560645974466753 401
1739554491710 1.805850293610456 402
1739554491749 23.510985868413275 403
1739554491787 0.07697177104757508 404
1739554491826 0.045352539544240504 405
1739554491864 0.5509471951372241 406
1739554491905 43.05131535262702 407
1739554491947 0.2512167241903335 408
1739554491990 1.39923581139993 409
1739554492032 4.65899563922002 410
1739554492074 17.015574238333073 411
1739554492118 0.8259867645213391 412
1739554492162 0.33095157918978124 413
1739554492205 0.045875315467214274 414
1739554492247 0.051102219498671914 415
1739554492288 0.19358003502922427 416
1739554492330 3.6002351943470337 417
1739554492374 0.4027294069820331 418
1739554492418 0.03768908456335809 419
1739554492462 2.3315636922682574 420
1739554492507 0.049215208295174076 421
1739554492553 0.35706973642316187 422
1739554492601 2.729052522147349 423
1739554492645 0.1934930212637996 424
1739554492688 0.24894855927085852 425
1739554492732 5.261619057567331 426
1739554492776 0.29982618791151494 427
1739554492821 0.7511587272586799 428
1739554492866 0.5744185795992587 429
1739554492912 0.5377713214469326 430
1739554492956 0.5816046125408091 431
1739554492999 1.6772520091319263 432
1739554493042 3.446437294476014e-05 433
1739554493084 0.6318274814222866 434
1739554493127 0.16030970935294916 435
1739554493166 0.2144221641890146 436
1739554493204 1.0524480097465179 437
1739554493244 1.561974598002634 438
1739554493283 0.594076606676266 439
1739554493322 0.8282293628905188 440
1739554493362 1.1695327411069805 441
1739554493401 0.5873534269753892 442
1739554493441 0.42028062226524104 443
1739554493480 0.1388822067706721 444
1739554493519 0.4199701659218892 445
1739554493559 0.4202818275369823 446
1739554493598 0.06199008853543942 447
1739554493637 1.8866951035033814 448
1739554493676 0.001984184289272049 449
1739554493715 0.21370908985007442 450
1739554493755 0.0004164519053191916 451
1739554493793 0.1501868294856119 452
1739554493829 0.00033857731714855634 453
1739554493865 0.10894258512027155 454
1739554493901 0.017284686147826907 455
1739554493937 0.7097841562615053 456
1739554493973 1.830418962974076 457
1739554494009 0.10552320173337641 458
1739554494045 0.3229713048994565 459
1739554494081 0.9849899570953049 460
1739554494117 0.05396682472627542 461
1739554494155 0.18613560436230717 462
1739554494193 0.051693188600689936 463
1739554494231 0.10844926700426229 464
1739554494268 0.004387364155692034 465
1739554494304 4.142121298545201 466
1739554494341 1.5153964337123724 467
1739554494377 0.00857720403209342 468
1739554494413 0.08356268076165616 469
1739554494449 0.10484491227496655 470
1739554494485 2.7575967662343968 471
1739554494522 15.187529765700697 472
1739554494558 0.22334574986680725 473
1739554494594 0.5438691549714753 474
1739554494630 0.03054307157950453 475
1739554494667 0.6692337889776845 476
1739554494703 0.8965539762254038 477
1739554494739 2.018040102242346 478
1739554494776 4.350548998646953 479
1739554494812 0.09789193038543878 480
1739554494848 1.0348951546435676 481
1739554494885 0.013071657613016584 482
1739554494921 1.4988376734384523 483
1739554494958 2.9608419081994906 484
1739554494994 0.012792965843682476 485
1739554495030 0.0005471519505695098 486
1739554495066 0.7407331908374575 487
1739554495103 0.5792928716307285 488
1739554495140 1.063686842106376 489
1739554495176 2.472573381809268 490
1739554495212 0.6745501434064197 491
1739554495248 0.3357469284742282 492
1739554495285 0.9338220683669429 493
1739554495321 2.422532950439766 494
1739554495359 0.147314431368201 495
1739554495395 0.2656207597866844 496
1739554495433 1.4140974537510627 497
1739554495472 0.5243750182221935 498
1739554495511 7.6978815100842155 499
