1739617086335 175.62333700962026 0
1739617086355 168.58249576186617 1
1739617086373 164.13465369973028 2
1739617086391 159.67755082864318 3
1739617086409 169.16620404427044 4
1739617086427 161.57182989869287 5
1739617086444 160.4749224881241 6
1739617086463 156.4582289290221 7
1739617086481 158.30047419886154 8
1739617086510 161.15152300839316 9
1739617086529 158.47437081885167 10
1739617086547 155.89622958429126 11
1739617086567 154.5236338528369 12
1739617086585 155.48854547296628 13
1739617086604 155.89889737407267 14
1739617086623 158.51648648102454 15
1739617086643 151.99013606154946 16
1739617086662 152.39635615565115 17
1739617086680 152.03602543606732 18
1739617086698 152.33804173560517 19
1739617086717 151.26029453326288 20
1739617086735 148.98449109804272 21
1739617086753 155.68118422868548 22
1739617086773 147.50281340409 23
1739617086795 147.8535960971069 24
1739617086817 142.62126102236365 25
1739617086841 142.9125313432057 26
1739617086863 140.74499086130038 27
1739617086883 141.784897953379 28
1739617086904 140.05063297957392 29
1739617086925 139.12327932345397 30
1739617086948 141.92691778279612 31
1739617086969 142.9316766145485 32
1739617086990 137.96382234266275 33
1739617087010 141.22939746564833 34
1739617087030 137.5247359280618 35
1739617087050 139.5079995348129 36
1739617087071 136.6893693253508 37
1739617087093 132.13058060426155 38
1739617087119 133.7030495214429 39
1739617087149 128.95771115549215 40
1739617087178 131.97225717987965 41
1739617087200 131.63105625065083 42
1739617087223 130.90158406973782 43
1739617087245 133.37173952117487 44
1739617087268 128.1977392460802 45
1739617087292 128.8181782102712 46
1739617087312 127.6471489410282 47
1739617087333 126.02371140420053 48
1739617087353 131.0479644495023 49
1739617087374 125.95277966814422 50
1739617087394 125.21306932024956 51
1739617087414 122.82467249724935 52
1739617087455 123.87505164458257 53
1739617087484 125.62585209780262 54
1739617087513 122.15117236493056 55
1739617087538 118.49732030633103 56
1739617087561 120.79498913869581 57
1739617087585 124.19680467719466 58
1739617087609 117.6371748017311 59
1739617087629 118.43468980344772 60
1739617087648 118.0966102021214 61
1739617087668 118.25572868716276 62
1739617087687 116.52175805067952 63
1739617087707 116.44975819861703 64
1739617087726 113.17511222687817 65
1739617087746 113.61263856889161 66
1739617087766 113.32735345753291 67
1739617087786 111.63754112156968 68
1739617087806 112.22612358683566 69
1739617087826 114.8032512602334 70
1739617087845 113.76308794926095 71
1739617087865 111.74634822758895 72
1739617087884 111.61156800638594 73
1739617087902 110.11346516091108 74
1739617087919 112.23685135620254 75
1739617087936 107.52520857992384 76
1739617087953 107.5425555765527 77
1739617087970 107.69219803050206 78
1739617087987 105.3851507957513 79
1739617088008 108.04924168649752 80
1739617088037 103.66976360715341 81
1739617088061 107.14059015861943 82
1739617088081 105.5729449669256 83
1739617088101 102.43876222933952 84
1739617088118 100.53504348058293 85
1739617088137 102.27773603193383 86
1739617088160 101.80673327922041 87
1739617088183 100.60913861078072 88
1739617088205 98.24875452098954 89
1739617088244 102.24481752565984 90
1739617088275 99.8354474295021 91
1739617088303 99.79395487489163 92
1739617088340 99.85283299698813 93
1739617088370 98.40259507254078 94
1739617088400 98.69549549120556 95
1739617088430 100.34664060830364 96
1739617088464 97.70020102780215 97
1739617088487 92.9248514318248 98
1739617088509 95.91255000738393 99
1739617088532 91.31208336571777 100
1739617088555 94.2627536846854 101
1739617088577 95.58257461352888 102
1739617088600 93.1419804751012 103
1739617088623 92.23398351202322 104
1739617088646 91.77333475537887 105
1739617088668 92.07408743379139 106
1739617088690 90.75965364811687 107
1739617088712 94.88863625647505 108
1739617088734 95.86113600586387 109
1739617088756 92.33381985007034 110
1739617088776 90.04916647493889 111
1739617088795 93.09466584644609 112
1739617088816 92.75927058468555 113
1739617088834 88.29619682771103 114
1739617088851 89.02613535912906 115
1739617088869 89.2305936197556 116
1739617088886 86.34807926316726 117
1739617088903 90.75188567100005 118
1739617088920 85.1571189866912 119
1739617088935 79.59141490201469 120
1739617088952 84.73635101894546 121
1739617088968 84.87586437525853 122
1739617088984 83.66291138021349 123
1739617088999 80.60161650200612 124
1739617089015 83.81934906714775 125
1739617089030 82.17853220603159 126
1739617089046 77.75400534663198 127
1739617089061 87.20712195971387 128
1739617089077 81.61682913081545 129
1739617089092 83.5788070328995 130
1739617089107 78.02283468899397 131
1739617089121 82.39333519922351 132
1739617089135 79.99587607556131 133
1739617089149 80.15820582095857 134
1739617089163 76.97832555778459 135
1739617089177 78.22574005024856 136
1739617089191 78.98769477588297 137
1739617089205 79.5496978433599 138
1739617089219 77.06689008200256 139
1739617089233 78.5526378057103 140
1739617089255 78.1458549021029 141
1739617089281 77.5963317774409 142
1739617089317 80.54337306829089 143
1739617089335 73.05360623320848 144
1739617089350 74.70138564717219 145
1739617089365 78.15945216883632 146
1739617089379 76.37211857462715 147
1739617089393 76.21354053457283 148
1739617089407 79.2385730376367 149
1739617089421 69.96247775068777 150
1739617089435 70.86397850798274 151
1739617089449 71.4997739736255 152
1739617089463 69.16392345053441 153
1739617089477 73.8024692695642 154
1739617089491 69.55348032375606 155
1739617089505 64.74422658172033 156
1739617089520 71.47189835419641 157
1739617089534 73.75650507977683 158
1739617089548 71.81688981765444 159
1739617089562 69.81570747544235 160
1739617089576 66.44692387369422 161
1739617089591 65.9455758977762 162
1739617089605 69.3491681069411 163
1739617089619 65.30555956312955 164
1739617089633 66.76629831393397 165
1739617089647 66.36400410851556 166
1739617089660 62.033822434604815 167
1739617089673 72.54691306779131 168
1739617089687 67.221688676376 169
1739617089700 65.99569156971066 170
1739617089713 62.24864531086971 171
1739617089726 65.466127908785 172
1739617089739 59.75785650754281 173
1739617089753 65.2910955699978 174
1739617089766 62.98348443880591 175
1739617089779 64.15611605395641 176
1739617089793 61.50754085715958 177
1739617089806 65.62570759077191 178
1739617089819 65.4081687376406 179
1739617089832 64.1295297309148 180
1739617089845 63.64170782660845 181
1739617089858 67.98424956791173 182
1739617089871 62.81037320654938 183
1739617089885 59.91581512029738 184
1739617089898 57.331938613305354 185
1739617089911 56.129334764311146 186
1739617089924 59.76736638880692 187
1739617089936 61.53958240891548 188
1739617089950 58.75005656765595 189
1739617089965 63.530975310918336 190
1739617089979 61.49752070418272 191
1739617089993 60.26147314816499 192
1739617090006 59.72272320266396 193
1739617090019 61.820855536874 194
1739617090033 58.14756920831761 195
1739617090050 54.938536735648675 196
1739617090065 55.074275475659604 197
1739617090082 56.94851650917938 198
1739617090098 59.10680862789472 199
1739617090114 56.04411270905287 200
1739617090129 57.66673712629429 201
1739617090146 61.39797767281832 202
1739617090161 55.972868720540056 203
1739617090177 57.57298570405042 204
1739617090193 61.8680646931526 205
1739617090208 57.55949706573835 206
1739617090222 54.1247331576198 207
1739617090237 49.240769573699616 208
1739617090252 55.208584008639086 209
1739617090266 53.704721705679255 210
1739617090280 54.01657777421718 211
1739617090294 50.06573288315579 212
1739617090308 51.20350921980473 213
1739617090321 52.78246505506366 214
1739617090334 54.15878316591138 215
1739617090347 54.29165651687271 216
1739617090360 49.85801234752312 217
1739617090376 52.602017374168106 218
1739617090391 54.268187816569686 219
1739617090406 52.81695019974325 220
1739617090420 51.54425812423897 221
1739617090434 54.0912702055404 222
1739617090448 48.89754619524883 223
1739617090462 49.676300952882585 224
1739617090476 55.82933335981885 225
1739617090489 56.45229603747851 226
1739617090502 50.42417507143051 227
1739617090516 48.592240868292286 228
1739617090529 46.04605093309387 229
1739617090542 49.375208343253284 230
1739617090555 45.827503278577225 231
1739617090569 49.23732944270602 232
1739617090582 47.64469885302456 233
1739617090596 53.12142773162347 234
1739617090609 50.1785212282586 235
1739617090623 44.607054081329984 236
1739617090636 46.3364370132108 237
1739617090649 48.474907553139644 238
1739617090662 44.02673436412828 239
1739617090674 47.41644757293624 240
1739617090687 45.50631686275814 241
1739617090700 45.62793858625525 242
1739617090713 47.94241780280115 243
1739617090726 51.541304228282854 244
1739617090738 49.30909427374486 245
1739617090752 50.12023620047904 246
1739617090767 49.86506542884356 247
1739617090784 42.46830242101954 248
1739617090801 42.23585807778652 249
1739617090821 43.45347592016261 250
1739617090844 45.634878463077435 251
1739617090864 40.72573456321591 252
1739617090880 42.111077942487924 253
1739617090897 41.527343317606935 254
1739617090915 49.38960285673579 255
1739617090932 43.51653942306542 256
1739617090950 44.419097894165745 257
1739617090968 46.63224422970178 258
1739617090987 40.75429832773756 259
1739617091004 43.43193429495429 260
1739617091021 39.84794785763416 261
1739617091039 45.26551135241137 262
1739617091056 41.3231939167611 263
1739617091075 41.85248545564802 264
1739617091093 45.73910353742049 265
1739617091110 38.406089989134124 266
1739617091127 41.83798205123307 267
1739617091145 43.954961763978254 268
1739617091164 43.675947205433154 269
1739617091181 43.68097419670962 270
1739617091199 42.51736257865529 271
1739617091216 40.4787758180508 272
1739617091233 40.17833821159156 273
1739617091250 38.165269422478964 274
1739617091268 44.1000180189787 275
1739617091286 39.702210418627004 276
1739617091304 34.452436601845804 277
1739617091322 41.83789785640412 278
1739617091388 39.742248888853204 279
1739617091410 44.77400792841528 280
1739617091429 41.46300871901313 281
1739617091449 34.75739567352519 282
1739617091469 37.02979371506346 283
1739617091488 40.6796452361176 284
1739617091510 34.353836016721814 285
1739617091531 38.996343649980254 286
1739617091555 38.75403014201914 287
1739617091585 38.788503535336545 288
1739617091615 29.647014341361707 289
1739617091658 37.79633814343436 290
1739617091688 32.6540295710187 291
1739617091715 37.23059001879994 292
1739617091742 39.12549330082998 293
1739617091769 34.590803180818185 294
1739617091797 34.05802010663744 295
1739617091823 30.776082902332977 296
1739617091845 36.21688104019047 297
1739617091868 37.411580253026 298
1739617091887 32.84657521744099 299
1739617091908 37.37810272153346 300
1739617091927 41.40637393554119 301
1739617091946 32.449959218335025 302
1739617091965 42.80148112691011 303
1739617091985 36.27891903171873 304
1739617092004 36.06218169053719 305
1739617092023 37.51238595052235 306
1739617092043 40.17434088932796 307
1739617092062 37.18103983635024 308
1739617092080 33.91522551117974 309
1739617092099 38.59016171678407 310
1739617092117 32.01871258171413 311
1739617092137 39.77527583189808 312
1739617092154 35.69708222914062 313
1739617092170 30.790270996899668 314
1739617092188 31.57467887926637 315
1739617092205 34.89620389135424 316
1739617092222 36.96118085502767 317
1739617092238 32.51119628884588 318
1739617092253 30.64304533065088 319
1739617092269 37.17769236924863 320
1739617092286 29.903360037584864 321
1739617092301 33.04792801299991 322
1739617092318 25.682997474092073 323
1739617092333 32.22523239404399 324
1739617092347 31.72855904051976 325
1739617092361 32.991075304924266 326
1739617092378 33.18516976081187 327
1739617092392 31.317397198474424 328
1739617092406 35.97299025864018 329
1739617092420 30.427252472709952 330
1739617092435 36.48544652910504 331
1739617092449 33.02822691403958 332
1739617092462 35.620435127107115 333
1739617092475 33.07671364496626 334
1739617092488 37.73110690409552 335
1739617092501 33.434569229450915 336
1739617092516 36.58333653324591 337
1739617092529 34.10013764128623 338
1739617092546 30.358526085386895 339
1739617092564 30.12724377794431 340
1739617092585 31.328504104784784 341
1739617092602 28.385047164541728 342
1739617092617 26.562078910809838 343
1739617092641 28.774534633912914 344
1739617092663 33.85504847452212 345
1739617092684 27.349923444563373 346
1739617092702 29.966970850201655 347
1739617092719 29.61896571178288 348
1739617092736 31.89636124918743 349
1739617092752 33.7285080922154 350
1739617092767 35.01189344685323 351
1739617092782 29.348379394751607 352
1739617092800 30.60273659904792 353
1739617092819 32.93344144240581 354
1739617092836 29.185874130664523 355
1739617092857 29.806866463199764 356
1739617092875 30.909773892396732 357
1739617092895 31.998765733151867 358
1739617092913 32.445905915278374 359
1739617092936 21.577783914725817 360
1739617092954 33.741109955517196 361
1739617092972 23.615592581614994 362
1739617092992 30.094950504876696 363
1739617093011 30.603741332161942 364
1739617093032 31.760879614676742 365
1739617093052 21.386755964007126 366
1739617093071 23.06633766445662 367
1739617093089 28.849072968049946 368
1739617093107 30.40961546162146 369
1739617093125 30.55926424711073 370
1739617093145 27.203722204336145 371
1739617093163 20.413234198253807 372
1739617093182 29.29969094432618 373
1739617093204 27.843659475515295 374
1739617093220 27.89473266724435 375
1739617093242 26.574049100670752 376
1739617093264 29.88619690571861 377
1739617093284 26.723752693326546 378
1739617093302 29.312583746694273 379
1739617093319 24.0233380799372 380
1739617093336 26.865438402446923 381
1739617093353 26.176764733875302 382
1739617093374 29.949053015319997 383
1739617093392 33.46715644415532 384
1739617093408 21.990665760004756 385
1739617093423 28.551525890670973 386
1739617093438 22.672338003155925 387
1739617093453 32.08848071040106 388
1739617093468 27.279054716645216 389
1739617093483 22.197809923557173 390
1739617093498 31.579414033775684 391
1739617093514 23.475541252310308 392
1739617093528 24.150510955304252 393
1739617093542 22.94090326342518 394
1739617093556 29.548110549495693 395
1739617093570 30.573805324809516 396
1739617093585 25.202477057568974 397
1739617093600 27.386818247744426 398
1739617093614 25.621842167301367 399
1739617093627 31.778004937214774 400
1739617093640 23.583419406022045 401
1739617093654 23.351954612431996 402
1739617093667 23.75615713688368 403
1739617093685 20.860569774268644 404
1739617093700 23.79608864404064 405
1739617093716 22.91396502730431 406
1739617093734 32.911331155173905 407
1739617093752 20.6509111916488 408
1739617093771 28.90261759190366 409
1739617093792 23.47119481559344 410
1739617093810 19.47326674059273 411
1739617093828 28.753138372031582 412
1739617093845 22.128014837651257 413
1739617093862 28.030787490080407 414
1739617093879 23.83630403532441 415
1739617093896 21.740443190678853 416
1739617093913 19.046262224157452 417
1739617093930 26.129996310192936 418
1739617093946 21.390066800665835 419
1739617093962 23.78950394169971 420
1739617093978 21.79453369336312 421
1739617093994 21.48896530402015 422
1739617094010 24.617401598963866 423
1739617094026 20.42516065333461 424
1739617094043 26.453585644879205 425
1739617094061 24.498393669195103 426
1739617094077 25.485488597783213 427
1739617094093 18.13033788025421 428
1739617094108 22.481579718497606 429
1739617094124 19.426388523683006 430
1739617094139 23.85001902109736 431
1739617094154 21.091310122474333 432
1739617094168 24.173473219083426 433
1739617094182 25.80873679282065 434
1739617094196 25.37745703887663 435
1739617094209 23.780226213211275 436
1739617094222 17.53525918803362 437
1739617094235 25.30166987752519 438
1739617094248 19.991114179015735 439
1739617094261 18.001444505166397 440
1739617094274 19.250994169037202 441
1739617094286 25.368779552006938 442
1739617094299 22.35736722121414 443
1739617094312 22.425575753973202 444
1739617094325 23.983119612416377 445
1739617094338 23.14205932940757 446
1739617094353 23.35541955880151 447
1739617094368 24.72819708556916 448
1739617094382 17.45061793919175 449
1739617094397 19.061926642879918 450
1739617094411 21.59613958291737 451
1739617094425 23.03241806568853 452
1739617094440 24.554229582889864 453
1739617094455 18.00544074509337 454
1739617094470 20.244072850451683 455
1739617094483 18.28076820117061 456
1739617094496 23.307431049229102 457
1739617094509 22.269165587034564 458
1739617094522 21.999083532612257 459
1739617094535 21.585253396384164 460
1739617094548 20.725875691411883 461
1739617094560 22.553182800286823 462
1739617094573 23.121118641730302 463
1739617094586 23.73260557266085 464
1739617094599 21.345184406009025 465
1739617094612 22.170895261285374 466
1739617094626 20.292067331915376 467
1739617094640 22.770873868242195 468
1739617094653 24.601533626653097 469
1739617094666 18.31645195487796 470
1739617094680 23.06901615944613 471
1739617094693 18.531288019137822 472
1739617094706 21.938585989071907 473
1739617094719 19.69064520755239 474
1739617094732 20.207882043341055 475
1739617094746 24.203478945824383 476
1739617094759 17.175145321080183 477
1739617094772 22.664239147646896 478
1739617094785 23.891464174728927 479
1739617094798 18.040913880492752 480
1739617094810 18.64700026355108 481
1739617094823 22.784913370005373 482
1739617094836 18.379781646629905 483
1739617094849 19.976147896780013 484
1739617094862 23.3134484053968 485
1739617094874 20.315822936236675 486
1739617094887 19.750898794985197 487
1739617094900 21.596341094713218 488
1739617094913 23.10062454190438 489
1739617094926 16.610872761722746 490
1739617094939 18.5110049035789 491
1739617094956 20.04438872061436 492
1739617094969 25.930554246167436 493
1739617094982 16.41094098958647 494
1739617094994 19.953870541353407 495
1739617095007 19.647888223863404 496
1739617095021 19.429141007745454 497
1739617095036 22.830392106085537 498
1739617095049 17.41344869839772 499
