1739554658828 138.32660404189383 0
1739554658864 79.14577969210448 1
1739554658900 67.13800285380928 2
1739554658933 42.82068061608418 3
1739554658968 21.479761774019888 4
1739554659002 16.17233097544857 5
1739554659039 7.519251702921065 6
1739554659076 8.051839229506228 7
1739554659110 8.430485698202189 8
1739554659145 4.566835592555768 9
1739554659178 1.2309377213361101 10
1739554659214 0.896643034889246 11
1739554659248 12.321318255135589 12
1739554659283 0.5371889159012047 13
1739554659317 5.788700622569346 14
1739554659351 0.06584871137806697 15
1739554659385 0.10343497102691605 16
1739554659420 0.38690649380763753 17
1739554659455 3.421164862162001 18
1739554659490 12.04160306506421 19
1739554659525 1.6309353966114035 20
1739554659559 0.4128904147400268 21
1739554659593 0.3444183695501303 22
1739554659628 0.29239125570248237 23
1739554659663 0.00038821537092393346 24
1739554659697 0.26713313701326136 25
1739554659732 0.6288631775273184 26
1739554659766 1.8909141540638283 27
1739554659800 0.4086761421738132 28
1739554659835 0.37406428570955896 29
1739554659870 0.0952089418584466 30
1739554659904 0.051840235743315026 31
1739554659939 0.03669878323816508 32
1739554659973 0.9789674612174322 33
1739554660009 6.211129113631245e-05 34
1739554660044 0.5953385270149696 35
1739554660081 0.00018092507404766445 36
1739554660144 0.006016510327401119 37
1739554660183 1.9331871749495826 38
1739554660221 0.443181886385459 39
1739554660258 1.4395468608700535 40
1739554660294 0.9397508038614372 41
1739554660330 0.007155584538395247 42
1739554660366 1.4309457005988242 43
1739554660402 0.38332273318632326 44
