1739617907889 168.72090282371335 0
1739617907907 168.38731886537843 1
1739617907924 168.05439824186968 2
1739617907938 167.72213963412565 3
1739617907954 167.39054172570792 4
1739617907969 167.0596032027958 5
1739617907984 166.72932275418128 6
1739617908000 166.3996990712636 7
1739617908017 166.07073084804432 8
1739617908033 165.7424167811219 9
1739617908049 165.41475556968672 10
1739617908077 165.08774591551585 11
1739617908095 164.76138652296794 12
1739617908112 164.43567609897795 13
1739617908128 164.1106133530524 14
1739617908145 163.78619699726366 15
1739617908161 163.46242574624537 16
1739617908176 163.1392983171872 17
1739617908192 162.81681342982964 18
1739617908208 162.49496980645904 19
1739617908223 162.17376617190254 20
1739617908237 161.85320125352294 21
1739617908252 161.5332737812138 22
1739617908268 161.2139824873944 23
1739617908284 160.8953261070043 24
1739617908299 160.57730337749905 25
1739617908314 160.25991303884464 26
1739617908331 159.94315383351272 27
1739617908346 159.62702450647555 28
1739617908362 159.31152380520106 29
1739617908378 158.9966504796478 30
1739617908394 158.68240328226028 31
1739617908409 158.36878096796354 32
1739617908425 158.05578229415866 33
1739617908440 157.7434060207177 34
1739617908455 157.43165090997866 35
1739617908471 157.12051572674065 36
1739617908486 156.80999923825905 37
1739617908504 156.50010021424066 38
1739617908520 156.19081742683863 39
1739617908537 155.88214965064785 40
1739617908553 155.5740956626999 41
1739617908569 155.2666542424582 42
1739617908586 154.9598241718134 43
1739617908603 154.65360423507826 44
1739617908618 154.34799321898302 45
1739617908634 154.04298991267063 46
1739617908649 153.7385931076917 47
1739617908663 153.43480159800006 48
1739617908678 153.1316141799476 49
1739617908693 152.82902965227993 50
1739617908709 152.52704681613116 51
1739617908725 152.22566447501956 52
1739617908740 151.92488143484255 53
1739617908756 151.6246965038721 54
1739617908770 151.32510849274993 55
1739617908786 151.0261162144829 56
1739617908802 150.72771848443816 57
1739617908818 150.42991412033854 58
1739617908833 150.13270194225802 59
1739617908848 149.83608077261667 60
1739617908863 149.54004943617645 61
1739617908878 149.24460676003608 62
1739617908894 148.94975157362677 63
1739617908909 148.65548270870747 64
1739617908925 148.36179899936013 65
1739617908940 148.0686992819852 66
1739617908956 147.77618239529696 67
1739617908971 147.484247180319 68
1739617908987 147.1928924803795 69
1739617909003 146.90211714110671 70
1739617909019 146.61192001042454 71
1739617909035 146.3222999385477 72
1739617909050 146.0332557779772 73
1739617909067 145.74478638349606 74
1739617909088 145.45689061216453 75
1739617909140 145.16956732331568 76
1739617909158 144.8828153785507 77
1739617909174 144.59663364173468 78
1739617909190 144.31102097899185 79
1739617909207 144.0259762587012 80
1739617909223 143.74149835149203 81
1739617909240 143.45758613023938 82
1739617909258 143.1742384700596 83
1739617909274 142.891454248306 84
1739617909291 142.6092323445642 85
1739617909307 142.32757164064782 86
1739617909323 142.04647102059408 87
1739617909340 141.76592937065934 88
1739617909356 141.48594557931455 89
1739617909372 141.2065185372411 90
1739617909390 140.9276471373262 91
1739617909406 140.64933027465864 92
1739617909423 140.3715668465244 93
1739617909439 140.09435575240215 94
1739617909455 139.81769589395904 95
1739617909472 139.5415861750463 96
1739617909488 139.2660255016948 97
1739617909504 138.99101278211091 98
1739617909521 138.71654692667195 99
1739617909536 138.44262684792218 100
1739617909551 138.16925146056803 101
1739617909566 137.8964196814743 102
1739617909581 137.62413042965952 103
1739617909596 137.35238262629184 104
1739617909612 137.08117519468468 105
1739617909627 136.81050706029242 106
1739617909643 136.54037715070635 107
1739617909658 136.27078439565014 108
1739617909673 136.00172772697582 109
1739617909689 135.7332060786594 110
1739617909703 135.46521838679683 111
1739617909719 135.19776358959953 112
1739617909735 134.93084062739038 113
1739617909750 134.66444844259948 114
1739617909766 134.3985859797599 115
1739617909782 134.13325218550358 116
1739617909797 133.86844600855704 117
1739617909812 133.60416639973738 118
1739617909829 133.34041231194803 119
1739617909845 133.07718270017446 120
1739617909860 132.81447652148043 121
1739617909875 132.55229273500336 122
1739617909891 132.2906303019506 123
1739617909907 132.0294881855952 124
1739617909924 131.76886535127167 125
1739617909940 131.508760766372 126
1739617909956 131.24917340034162 127
1739617909971 130.9901022246752 128
1739617909986 130.7315462129127 129
1739617910000 130.47350434063506 130
1739617910016 130.21597558546048 131
1739617910033 129.9589589270401 132
1739617910048 129.7024533470541 133
1739617910064 129.44645782920762 134
1739617910079 129.1909713592267 135
1739617910094 128.93599292485436 136
1739617910109 128.68152151584638 137
1739617910126 128.4275561239677 138
1739617910141 128.17409574298784 139
1739617910156 127.92113936867754 140
1739617910172 127.66868599880429 141
1739617910186 127.41673463312861 142
1739617910200 127.16528427340006 143
1739617910215 126.91433392335318 144
1739617910229 126.66388258870369 145
1739617910244 126.41392927714442 146
1739617910258 126.16447299834145 147
1739617910272 125.91551276393018 148
1739617910287 125.66704758751142 149
1739617910300 125.41907648464742 150
1739617910313 125.17159847285802 151
1739617910327 124.92461257161679 152
1739617910341 124.6781178023471 153
1739617910355 124.4321131884182 154
1739617910368 124.18659775514149 155
1739617910381 123.94157052976644 156
1739617910394 123.697030541477 157
1739617910407 123.45297682138755 158
1739617910421 123.20940840253911 159
1739617910435 122.96632431989558 160
1739617910448 122.72372361033983 161
1739617910461 122.48160531266993 162
1739617910473 122.23996846759532 163
1739617910486 121.99881211773304 164
1739617910498 121.75813530760388 165
1739617910510 121.51793708362867 166
1739617910523 121.27821649412441 167
1739617910536 121.03897258930063 168
1739617910548 120.8002044212555 169
1739617910560 120.56191104397207 170
1739617910572 120.32409151331468 171
1739617910585 120.08674488702505 172
1739617910597 119.8498702247186 173
1739617910610 119.61346658788078 174
1739617910624 119.37753303986327 175
1739617910637 119.1420686458803 176
1739617910649 118.907072473005 177
1739617910662 118.67254359016559 178
1739617910674 118.43848106814178 179
1739617910687 118.2048839795611 180
1739617910699 117.97175139889511 181
1739617910711 117.73908240245589 182
1739617910723 117.50687606839226 183
1739617910736 117.27513147668617 184
1739617910749 117.04384770914908 185
1739617910761 116.81302384941827 186
1739617910773 116.58265898295326 187
1739617910785 116.35275219703213 188
1739617910797 116.12330258074797 189
1739617910810 115.8943092250052 190
1739617910822 115.66577122251604 191
1739617910835 115.43768766779684 192
1739617910848 115.2100576571646 193
1739617910860 114.98288028873324 194
1739617910873 114.75615466241017 195
1739617910885 114.52987987989262 196
1739617910897 114.30405504466417 197
1739617910910 114.0786792619911 198
1739617910922 113.85375163891891 199
1739617910935 113.6292712842688 200
1739617910948 113.40523730863406 201
1739617910960 113.18164882437662 202
1739617910972 112.95850494562353 203
1739617910984 112.73580478826338 204
1739617910996 112.51354746994284 205
1739617911008 112.2917321100632 206
1739617911021 112.07035782977684 207
1739617911033 111.84942375198372 208
1739617911046 111.62892900132803 209
1739617911058 111.40887270419452 210
1739617911071 111.1892539887052 211
1739617911083 110.9700719847159 212
1739617911095 110.75132582381264 213
1739617911107 110.53301463930838 214
1739617911119 110.31513756623953 215
1739617911131 110.09769374136243 216
1739617911143 109.88068230315011 217
1739617911156 109.66410239178866 218
1739617911168 109.44795314917403 219
1739617911181 109.23223371890849 220
1739617911194 109.0169432462973 221
1739617911206 108.8020808783453 222
1739617911218 108.58764576375353 223
1739617911231 108.37363705291585 224
1739617911243 108.16005389791567 225
1739617911255 107.94689545252241 226
1739617911268 107.7341608721883 227
1739617911280 107.52184931404494 228
1739617911293 107.30995993690004 229
1739617911305 107.09849190123407 230
1739617911317 106.88744436919679 231
1739617911329 106.67681650460418 232
1739617911341 106.46660747293495 233
1739617911354 106.25681644132726 234
1739617911367 106.0474425785755 235
1739617911381 105.83848505512685 236
1739617911393 105.6299430430782 237
1739617911406 105.42181571617262 238
1739617911418 105.21410224979631 239
1739617911430 105.00680182097524 240
1739617911443 104.79991360837181 241
1739617911456 104.59343679228175 242
1739617911468 104.38737055463078 243
1739617911481 104.18171407897135 244
1739617911493 103.97646655047949 245
1739617911505 103.7716271559515 246
1739617911517 103.56719508380083 247
1739617911529 103.36316952405465 248
1739617911542 103.15954966835095 249
1739617911555 102.95633470993506 250
1739617911568 102.75352384365662 251
1739617911581 102.55111626596629 252
1739617911593 102.3491111749127 253
1739617911605 102.14750777013909 254
1739617911617 101.94630525288026 255
1739617911630 101.74550282595942 256
1739617911642 101.54509969378495 257
1739617911655 101.34509506234731 258
1739617911667 101.14548813921586 259
1739617911680 100.94627813353574 260
1739617911692 100.74746425602471 261
1739617911703 100.54904571897008 262
1739617911715 100.35102173622552 263
1739617911727 100.15339152320801 264
1739617911740 99.95615429689462 265
1739617911753 99.75930927581959 266
1739617911765 99.56285568007104 267
1739617911777 99.36679273128803 268
1739617911790 99.1711196526574 269
1739617911802 98.97583566891065 270
1739617911814 98.78094000632103 271
1739617911826 98.58643189270028 272
1739617911838 98.3923105573957 273
1739617911852 98.19857523128705 274
1739617911865 98.00522514678353 275
1739617911878 97.81225953782068 276
1739617911891 97.6196776398574 277
1739617911904 97.4274786898729 278
1739617911916 97.2356619263637 279
1739617911929 97.04422658934057 280
1739617911941 96.85317192032555 281
1739617911955 96.66249716234893 282
1739617911968 96.47220155994627 283
1739617911981 96.28228435915541 284
1739617911993 96.0927448075134 285
1739617912005 95.90358215405368 286
1739617912017 95.71479564930294 287
1739617912030 95.52638454527823 288
1739617912042 95.33834809548404 289
1739617912055 95.15068555490919 290
1739617912067 94.9633961800241 291
1739617912079 94.77647922877765 292
1739617912092 94.58993396059427 293
1739617912104 94.40375963637113 294
1739617912117 94.21795551847514 295
1739617912129 94.0325208707399 296
1739617912141 93.847454958463 297
1739617912154 93.662757048403 298
1739617912167 93.4784264087765 299
1739617912179 93.29446230925527 300
1739617912191 93.11086402096343 301
1739617912203 92.9276308164744 302
1739617912215 92.74476196980815 303
1739617912228 92.56225675642833 304
1739617912240 92.38011445323924 305
1739617912252 92.19833433858321 306
1739617912265 92.0169156922375 307
1739617912278 91.83585779541163 308
1739617912290 91.65515993074443 309
1739617912302 91.47482138230119 310
1739617912314 91.29484143557092 311
1739617912326 91.11521937746339 312
1739617912339 90.93595449630648 313
1739617912351 90.75704608184313 314
1739617912365 90.57849342522866 315
1739617912378 90.4002958190281 316
1739617912390 90.22245255721303 317
1739617912403 90.04496293515913 318
1739617912415 89.86782624964322 319
1739617912427 89.69104179884042 320
1739617912439 89.51460888232154 321
1739617912451 89.33852680105022 322
1739617912464 89.1627948573801 323
1739617912477 88.98741235505219 324
1739617912489 88.81237859919186 325
1739617912502 88.63769289630646 326
1739617912514 88.4633545542823 327
1739617912526 88.28936288238197 328
1739617912538 88.11571719124154 329
1739617912550 87.94241679286803 330
1739617912563 87.76946100063651 331
1739617912576 87.59684912928742 332
1739617912588 87.42458049492377 333
1739617912600 87.25265441500869 334
1739617912611 87.08107020836245 335
1739617912623 86.90982719515988 336
1739617912635 86.73892469692768 337
1739617912648 86.56836203654167 338
1739617912660 86.39813853822422 339
1739617912673 86.22825352754148 340
1739617912685 86.05870633140071 341
1739617912697 85.88949627804764 342
1739617912709 85.72062269706385 343
1739617912721 85.55208491936398 344
1739617912734 85.38388227719328 345
1739617912747 85.21601410412474 346
1739617912759 85.04847973505662 347
1739617912772 84.88127850620975 348
1739617912784 84.71440975512495 349
1739617912797 84.54787282066025 350
1739617912810 84.38166704298845 351
1739617912822 84.21579176359447 352
1739617912835 84.05024632527264 353
1739617912847 83.88503007212421 354
1739617912860 83.72014234955468 355
1739617912873 83.5555825042712 356
1739617912886 83.3913498842801 357
1739617912898 83.22744383888418 358
1739617912910 83.06386371868011 359
1739617912923 82.90060887555602 360
1739617912935 82.73767866268874 361
1739617912948 82.57507243454141 362
1739617912960 82.4127895468608 363
1739617912974 82.25082935667474 364
1739617912986 82.08919122228976 365
1739617912998 81.9278745032883 366
1739617913010 81.76687856052632 367
1739617913022 81.60620275613081 368
1739617913035 81.44584645349711 369
1739617913047 81.28580901728645 370
1739617913059 81.12608981342355 371
1739617913073 80.96668820909392 372
1739617913085 80.80760357274147 373
1739617913097 80.648835274066 374
1739617913109 80.49038268402063 375
1739617913122 80.3322451748094 376
1739617913134 80.17442211988472 377
1739617913146 80.01691289394498 378
1739617913158 79.85971687293191 379
1739617913170 79.7028334340282 380
1739617913182 79.54626195565511 381
1739617913194 79.39000181746984 382
1739617913206 79.23405240036324 383
1739617913219 79.07841308645722 384
1739617913231 78.9230832591024 385
1739617913243 78.76806230287559 386
1739617913256 78.61334960357739 387
1739617913269 78.45894454822981 388
1739617913281 78.30484652507371 389
1739617913294 78.15105492356652 390
1739617913306 77.99756913437969 391
1739617913317 77.84438854939637 392
1739617913330 77.69151256170899 393
1739617913342 77.53894056561681 394
1739617913354 77.38667195662353 395
1739617913367 77.23470613143492 396
1739617913380 77.08304248795645 397
1739617913392 76.93168042529085 398
1739617913406 76.78061934373571 399
1739617913417 76.62985864478125 400
1739617913429 76.47939773110775 401
1739617913441 76.3292360065833 402
1739617913454 76.17937287626147 403
1739617913466 76.02980774637882 404
1739617913479 75.8805400243527 405
1739617913493 75.73156911877878 406
1739617913506 75.58289443942874 407
1739617913518 75.43451539724803 408
1739617913530 75.2864314043534 409
1739617913542 75.13864187403055 410
1739617913554 74.99114622073208 411
1739617913567 74.84394386007472 412
1739617913580 74.69703420883744 413
1739617913593 74.55041668495895 414
1739617913606 74.40409070753529 415
1739617913618 74.2580556968178 416
1739617913631 74.11231107421051 417
1739617913643 73.96685626226815 418
1739617913655 73.82169068469366 419
1739617913668 73.67681376633595 420
1739617913681 73.5322249331876 421
1739617913693 73.38792361238274 422
1739617913705 73.24390923219453 423
1739617913718 73.10018122203311 424
1739617913730 72.95673901244324 425
1739617913742 72.81358203510202 426
1739617913754 72.67070972281675 427
1739617913767 72.52812150952253 428
1739617913780 72.38581683028016 429
1739617913793 72.24379512127379 430
1739617913805 72.1020558198088 431
1739617913817 71.96059836430942 432
1739617913829 71.81942219431669 433
1739617913842 71.67852675048604 434
1739617913854 71.53791147458521 435
1739617913867 71.39757580949207 436
1739617913880 71.25751919919225 437
1739617913893 71.11774108877708 438
1739617913905 70.97824092444134 439
1739617913917 70.83901815348102 440
1739617913930 70.70007222429125 441
1739617913942 70.56140258636404 442
1739617913954 70.42300869028604 443
1739617913966 70.28488998773645 444
1739617913979 70.14704593148485 445
1739617913991 70.00947597538902 446
1739617914003 69.87217957439269 447
1739617914015 69.73515618452349 448
1739617914027 69.59840526289078 449
1739617914039 69.46192626768342 450
1739617914052 69.32571865816773 451
1739617914064 69.18978189468528 452
1739617914076 69.05411543865077 453
1739617914089 68.91871875254985 454
1739617914102 68.7835912999371 455
1739617914114 68.6487325454338 456
1739617914126 68.51414195472586 457
1739617914139 68.37981899456166 458
1739617914151 68.24576313275003 459
1739617914163 68.11197383815802 460
1739617914175 67.97845058070888 461
1739617914189 67.84519283137993 462
1739617914201 67.71220006220047 463
1739617914213 67.57947174624968 464
1739617914225 67.44700735765453 465
1739617914236 67.31480637158774 466
1739617914249 67.18286826426564 467
1739617914261 67.0511925129461 468
1739617914273 66.91977859592653 469
1739617914286 66.78862599254171 470
1739617914298 66.65773418316182 471
1739617914311 66.52710264919031 472
1739617914323 66.39673087306188 473
1739617914335 66.26661833824046 474
1739617914346 66.13676452921707 475
1739617914358 66.00716893150789 476
1739617914370 65.87783103165212 477
1739617914383 65.74875031721001 478
1739617914396 65.61992627676085 479
1739617914410 65.49135839990085 480
1739617914422 65.36304617724119 481
1739617914435 65.23498910040601 482
1739617914447 65.10718666203034 483
1739617914458 64.97963835575814 484
1739617914470 64.85234367624027 485
1739617914483 64.7253021191325 486
1739617914495 64.59851318109347 487
1739617914507 64.47197635978279 488
1739617914520 64.34569115385892 489
1739617914532 64.2196570629773 490
1739617914544 64.09387358778832 491
1739617914556 63.968340229935315 492
1739617914568 63.84305649205266 493
1739617914583 63.718021877763704 494
1739617914596 63.59323589167888 495
1739617914608 63.46869803939373 496
1739617914621 63.34440782748693 497
1739617914633 63.22036476351833 498
1739617914646 63.09656835602702 499
