1739556212702 94.49950271370354 0
1739556212712 57.88247402239635 1
1739556212723 40.608995605362566 2
1739556212733 34.475328124053796 3
1739556212744 22.822765392718587 4
1739556212755 16.471900427134194 5
1739556212764 24.508980791062953 6
1739556212774 16.168203240401986 7
1739556212783 14.276561979882503 8
1739556212793 11.813810666143992 9
1739556212802 13.743695125461418 10
1739556212812 14.928460119624802 11
1739556212821 17.592448318703763 12
1739556212831 19.487822122851984 13
1739556212842 11.171136775955665 14
1739556212851 16.738428175226183 15
1739556212861 9.913523328432982 16
1739556212870 20.293087830795002 17
1739556212880 14.341308918364675 18
1739556212889 9.555061864205372 19
1739556212901 15.441695335088765 20
1739556212912 21.523280919612354 21
1739556212921 13.653291170152732 22
1739556212931 11.429866332507332 23
1739556212943 13.066598050184112 24
1739556212952 10.523433183278495 25
1739556212962 10.896029668487104 26
