1739615589782 162.63333906622296 0
1739615589795 168.14335581072598 1
1739615589809 163.89201417939685 2
1739615589822 160.27919265269134 3
1739615589835 155.9598052778006 4
1739615589848 154.40173931260134 5
1739615589861 150.01239480204757 6
1739615589875 149.7358983613493 7
1739615589888 146.84834671743923 8
1739615589901 144.98102602129464 9
1739615589914 143.82894928953144 10
1739615589927 136.78505067336312 11
1739615589941 140.16857980906988 12
1739615589963 140.51618908190264 13
1739615589976 135.59493522128318 14
1739615589992 137.3298866981058 15
1739615590005 132.203084496796 16
1739615590018 128.39805450077085 17
1739615590031 124.70819445455778 18
1739615590045 125.06785907290148 19
1739615590058 120.50027794395314 20
1739615590070 125.20073684601624 21
1739615590082 121.23195046064994 22
1739615590095 119.648834581297 23
1739615590107 117.60652876897811 24
1739615590120 118.89723207795961 25
1739615590133 116.84291453143527 26
1739615590146 109.71422654947675 27
1739615590159 111.99095954650582 28
1739615590172 113.44589745506912 29
1739615590184 105.28216342513979 30
1739615590197 104.98865530504727 31
1739615590210 101.97350487331815 32
1739615590223 99.43525786713863 33
1739615590238 100.59872823406087 34
1739615590250 99.60824421574706 35
1739615590262 95.44869638243259 36
1739615590276 95.89384393531402 37
1739615590289 93.72666615251305 38
1739615590303 97.33948484889697 39
1739615590315 92.92536031597649 40
1739615590329 91.02405571659362 41
1739615590342 90.53262273581973 42
1739615590355 89.04737528597516 43
1739615590367 86.12508146242891 44
1739615590380 85.4528580077975 45
1739615590393 82.62598240622619 46
1739615590407 81.2363330010309 47
1739615590421 82.28582839433302 48
1739615590433 82.48615278151028 49
1739615590446 79.21177941228771 50
1739615590460 79.21792995305407 51
1739615590473 79.8146366054411 52
1739615590486 75.75491047584666 53
1739615590499 77.5141577460566 54
1739615590511 76.91266365483138 55
1739615590525 72.26320351612739 56
1739615590537 73.00845237448493 57
1739615590550 70.28409988440205 58
1739615590563 72.96347918798017 59
1739615590576 72.92259418515354 60
1739615590588 70.89502937169134 61
1739615590601 71.60800065456694 62
1739615590614 66.62647802963217 63
1739615590627 65.80887872774099 64
1739615590639 64.30536633970907 65
1739615590651 63.166536905968634 66
1739615590664 62.40181279190984 67
1739615590676 63.02936117386276 68
1739615590690 60.51606083142601 69
1739615590702 61.30514428116122 70
1739615590715 59.835520564629476 71
1739615590729 57.64848123365033 72
1739615590742 58.9412962526971 73
1739615590755 55.554689758978256 74
1739615590768 56.520298191083974 75
1739615590780 55.53321788266652 76
1739615590793 54.70992811777288 77
1739615590807 54.74302877519886 78
1739615590819 52.558726505574235 79
1739615590832 51.528646544726016 80
1739615590845 53.43049079952389 81
1739615590858 49.936202038953496 82
1739615590870 51.053537756742216 83
1739615590883 48.85307595230766 84
1739615590896 50.406630803984676 85
1739615590918 47.78469546317322 86
1739615590931 47.70805935293725 87
1739615590944 48.173528142134124 88
1739615590958 45.552446341344094 89
1739615590972 45.09101126361123 90
1739615590985 44.558668163054406 91
1739615590998 43.74585131794157 92
1739615591012 42.15961722841777 93
1739615591025 45.34408736815347 94
1739615591039 40.58211890116531 95
1739615591051 40.82289957827302 96
1739615591064 41.137214911627474 97
1739615591078 41.55364445244859 98
1739615591091 39.39863596667118 99
1739615591105 38.32164422502325 100
1739615591157 38.636735289580045 101
1739615591172 37.43579296347149 102
1739615591185 37.149955485284224 103
1739615591199 38.05299624465817 104
1739615591213 37.714602539557234 105
1739615591227 35.70767849247095 106
1739615591240 36.32898696766985 107
1739615591253 36.7368050681697 108
1739615591267 36.875140048917906 109
1739615591280 34.70812039759647 110
1739615591294 34.88951248007698 111
1739615591307 33.75151852729988 112
1739615591321 33.1209249933282 113
1739615591334 31.691988804363394 114
1739615591346 32.61072045265165 115
1739615591359 32.60057976977062 116
1739615591372 31.359066572631626 117
1739615591384 30.877664790345282 118
1739615591398 31.113699423520096 119
1739615591412 28.573715587803992 120
1739615591424 29.61363206158704 121
1739615591437 29.566237753608515 122
1739615591449 28.821796228025345 123
1739615591462 28.22886000897689 124
1739615591474 27.7803034251908 125
1739615591487 28.32150337616013 126
1739615591499 27.55310650927111 127
1739615591511 27.443518287368292 128
1739615591524 26.71169616431385 129
1739615591536 25.59860126459786 130
1739615591549 25.822774406019995 131
1739615591562 24.310878475250764 132
1739615591576 25.930167852301125 133
1739615591590 25.67969705786297 134
1739615591604 24.88364619906982 135
1739615591616 24.241021284135126 136
1739615591628 25.033607414335947 137
1739615591642 26.748850260428892 138
1739615591654 23.46522073063044 139
1739615591667 22.696550424397778 140
1739615591680 23.61028166027722 141
1739615591693 23.07413573954539 142
1739615591708 22.415938901512664 143
1739615591721 22.135136666373718 144
1739615591734 21.455768501373008 145
1739615591747 21.906138877981327 146
1739615591761 22.00233419978049 147
1739615591773 22.314512158703348 148
1739615591785 22.082721392163283 149
1739615591798 21.498414024611865 150
1739615591811 20.855901975794605 151
1739615591823 19.9166348222065 152
1739615591837 19.996716954821206 153
1739615591850 17.179033063464377 154
1739615591864 18.922179170973724 155
1739615591878 19.15022488778231 156
1739615591891 18.45299020989695 157
1739615591904 18.654827070442177 158
1739615591916 18.592139472035594 159
1739615591928 17.270386302465514 160
1739615591941 17.729398068488074 161
1739615591954 18.753186321627616 162
1739615591966 18.187672650490516 163
1739615591989 17.156513740937964 164
1739615592002 17.04710007577564 165
1739615592014 17.041407624974003 166
1739615592027 16.517104196172554 167
1739615592041 16.848965887140544 168
1739615592054 16.58381582288031 169
1739615592066 16.303655559313196 170
1739615592079 15.553664943821571 171
1739615592091 16.279124654565063 172
1739615592104 15.481326657793455 173
1739615592117 16.0102286582356 174
1739615592128 14.890507728359225 175
1739615592142 14.13563277437411 176
1739615592154 14.876697722039188 177
1739615592167 15.206229005312549 178
1739615592179 15.113335330440918 179
1739615592192 13.663354760125273 180
1739615592204 12.47869859908813 181
1739615592216 13.862216773623377 182
1739615592228 13.650933383798229 183
1739615592241 13.345659591995073 184
1739615592254 14.415956476402473 185
1739615592266 12.188792544585748 186
1739615592278 12.490016609865044 187
1739615592290 12.477755027008104 188
1739615592302 12.337506205027642 189
1739615592314 11.762489440432148 190
1739615592327 11.251799430743878 191
1739615592340 14.00278809471399 192
1739615592353 11.916222356884854 193
1739615592365 10.499853575114843 194
1739615592378 13.108061863711114 195
1739615592389 12.27074831321246 196
1739615592402 10.81435695955489 197
1739615592414 12.140439933542318 198
1739615592427 11.08241780710986 199
1739615592440 13.132121509576855 200
1739615592452 11.172920951378677 201
1739615592465 11.314978068259007 202
1739615592478 12.3005659046197 203
1739615592491 11.151625507056384 204
1739615592504 10.717238962849578 205
1739615592517 10.318606215490432 206
1739615592529 10.068735718417091 207
1739615592542 11.188275896902997 208
1739615592555 10.701674428924205 209
1739615592569 11.384294319374318 210
1739615592582 9.556300172404217 211
1739615592594 9.655910284638075 212
1739615592606 9.351098511807004 213
1739615592618 10.214809222533356 214
1739615592630 8.61589281324883 215
1739615592643 9.03957563127623 216
1739615592655 9.265878686412957 217
1739615592667 9.532182642723823 218
1739615592679 9.124860751467446 219
1739615592692 10.393935608499525 220
1739615592704 8.392364494010119 221
1739615592716 8.40835595784665 222
1739615592729 8.567951405740764 223
1739615592741 8.666410673647928 224
1739615592754 9.179810624092566 225
1739615592766 8.4788334280255 226
1739615592778 8.287616599191415 227
1739615592791 8.68245742298283 228
1739615592804 8.603979752387623 229
1739615592815 6.92112718238072 230
1739615592827 8.365621145109579 231
1739615592841 7.499586430948606 232
1739615592853 7.9081723417039225 233
1739615592864 7.934251640439767 234
1739615592876 7.995000537489354 235
1739615592889 7.386455736673995 236
1739615592900 8.144839664765593 237
1739615592913 7.045980225351767 238
1739615592925 7.3028594371103726 239
1739615592938 5.890299591880308 240
1739615592951 7.3285166986681025 241
1739615592964 7.051284567775283 242
1739615592976 6.6507532061088765 243
1739615592988 7.18602185500579 244
1739615593000 6.64783344227041 245
1739615593012 6.733581216543722 246
1739615593025 7.359007895271285 247
1739615593038 7.009993301979927 248
1739615593052 6.645846139199799 249
1739615593065 5.743125923345669 250
1739615593087 7.209155981396587 251
1739615593100 6.5860189400574205 252
1739615593112 7.089285025409736 253
1739615593125 6.675166480766902 254
1739615593137 5.855652513686194 255
1739615593149 6.728658225933227 256
1739615593162 6.795346509346504 257
1739615593175 5.94977210494026 258
1739615593187 7.494689321896616 259
1739615593199 8.108733562354537 260
1739615593213 6.579436305986817 261
1739615593225 5.770147889744017 262
1739615593237 5.647371316305675 263
1739615593249 5.391412261109328 264
1739615593261 5.408897303405834 265
1739615593273 5.343896211912609 266
1739615593287 5.686874437406036 267
1739615593299 6.034739538558534 268
1739615593311 7.650204213100375 269
1739615593323 4.978924798449734 270
1739615593337 6.81763911637131 271
1739615593348 4.193560453629748 272
1739615593361 4.787344930221136 273
1739615593373 5.101106725796712 274
1739615593385 5.946859622779231 275
1739615593397 4.889769929419915 276
1739615593410 5.4219231663935 277
1739615593422 4.935300603173903 278
1739615593434 3.9236513070551418 279
1739615593447 4.658184912227064 280
1739615593459 5.2253757190814 281
1739615593471 5.2221201130691615 282
1739615593483 5.520648988567837 283
1739615593495 4.4138383114565185 284
1739615593508 4.566571695275296 285
1739615593520 5.633420906447672 286
1739615593533 4.752543696444725 287
1739615593544 5.672146715045761 288
1739615593557 5.430746902905403 289
1739615593568 5.030899260193243 290
1739615593580 5.132699015682465 291
1739615593593 4.004192519077571 292
1739615593604 4.116525062677114 293
1739615593616 4.826347673200372 294
1739615593628 4.240657434123465 295
1739615593641 3.9310944473521054 296
1739615593653 3.132979069681655 297
1739615593666 4.98789493373436 298
1739615593678 4.834390574176067 299
1739615593691 3.737757048393426 300
1739615593705 4.978414671225147 301
1739615593716 4.203263910062548 302
1739615593729 3.840285564964524 303
1739615593742 5.548672278626915 304
1739615593755 4.8662155069707556 305
1739615593768 4.046270583638959 306
1739615593780 3.754056279162951 307
1739615593794 4.691338139786995 308
1739615593807 3.9037444245588504 309
1739615593820 4.112721850006738 310
1739615593832 3.3554364642599808 311
1739615593845 4.439695592259838 312
1739615593857 3.1568913462749353 313
1739615593870 4.14099341079166 314
1739615593882 3.5295186742843243 315
1739615593895 3.6968030106192327 316
1739615593908 3.7126215646167413 317
1739615593920 3.749437291654368 318
1739615593933 3.663036785269523 319
1739615593946 3.208805647341987 320
1739615593959 3.2592495391499527 321
1739615593971 3.767865954483796 322
1739615593983 4.093618437653863 323
1739615593995 2.9725080165787348 324
1739615594008 3.984044590338801 325
1739615594020 4.0658272098533565 326
1739615594031 4.557875803388065 327
1739615594045 3.720401269366273 328
1739615594057 2.8381994067083838 329
1739615594070 3.93139401214248 330
1739615594081 3.8596553052532214 331
1739615594094 3.750757630865326 332
1739615594106 3.1892046754852714 333
1739615594119 3.2960427574609805 334
1739615594131 3.7536981111089003 335
1739615594144 3.6824987035693586 336
1739615594157 3.89262211271461 337
1739615594176 4.396995611602118 338
1739615594192 3.6950790363842647 339
1739615594205 3.17926341120908 340
1739615594218 3.3235293496477136 341
1739615594231 2.373134663535552 342
1739615594243 3.083259666175567 343
1739615594256 3.0571094512353136 344
1739615594269 3.529452474986715 345
1739615594281 2.8286822147873334 346
1739615594294 3.376982116295592 347
1739615594306 2.4202381021246384 348
1739615594318 2.582893628485258 349
1739615594330 2.257401670589401 350
1739615594343 3.352490972215084 351
1739615594355 2.524782057298043 352
1739615594366 2.6759632018104096 353
1739615594378 2.406259570924051 354
1739615594390 3.5675608978431863 355
1739615594402 2.6931137579784603 356
1739615594414 2.93835085056523 357
1739615594427 3.4763438223586194 358
1739615594440 2.6121081142331026 359
1739615594451 2.6800822242831 360
1739615594464 2.6179971792403016 361
1739615594476 2.2526318662372318 362
1739615594489 2.8975913022457145 363
1739615594501 3.0466172607777855 364
1739615594513 2.9948447400254614 365
1739615594526 4.456013937520015 366
1739615594538 2.51394926482535 367
1739615594551 2.8874002354305337 368
1739615594563 1.8870817557873167 369
1739615594575 3.0409789738929187 370
1739615594586 2.887319991716518 371
1739615594599 2.960784826956972 372
1739615594611 2.842828097339253 373
1739615594623 3.00061097179953 374
1739615594636 2.7118820151985155 375
1739615594648 2.5041992604923955 376
1739615594660 2.5747267652403925 377
1739615594673 2.22279838867965 378
1739615594685 2.0465524634407246 379
1739615594697 3.338072616260568 380
1739615594710 3.2858931889968126 381
1739615594722 2.8912752508363666 382
1739615594735 2.4556946555577137 383
1739615594746 2.7538600745551265 384
1739615594758 3.1785440201237747 385
1739615594771 2.433702369678112 386
1739615594783 2.066986407014846 387
1739615594795 2.881673285069378 388
1739615594808 2.7953719171409452 389
1739615594820 2.5113194692102923 390
1739615594832 2.2685250679450863 391
1739615594845 2.5142168919466674 392
1739615594858 1.9373822111699963 393
1739615594870 2.701592504807576 394
1739615594882 1.849131767388663 395
1739615594895 1.836795683356273 396
1739615594907 3.3378201746514686 397
1739615594921 2.2612878756013832 398
1739615594934 2.66603317518809 399
1739615594945 2.355396489309019 400
1739615594957 3.0578078466912375 401
1739615594969 1.959923713486728 402
1739615594982 2.697168284600888 403
1739615594994 2.7879443061660765 404
1739615595005 1.8611290111380518 405
1739615595017 2.1487393885109576 406
1739615595029 2.518410221682707 407
1739615595041 3.014236428167585 408
1739615595056 2.8334762296451883 409
1739615595068 2.4834373436934984 410
1739615595080 2.229411247979977 411
1739615595092 2.6437652405528547 412
1739615595104 3.0085794415398603 413
1739615595115 2.7378522559713305 414
1739615595127 1.392700347374703 415
1739615595140 2.5015356772204154 416
1739615595150 2.812502211511033 417
1739615595163 3.0918988526004365 418
1739615595175 2.1081618674699514 419
1739615595187 1.7713862805958365 420
1739615595198 2.154992908898731 421
1739615595210 1.8744735958417438 422
1739615595222 2.3896779646148465 423
1739615595235 2.4586839960426365 424
1739615595247 2.0803932658475204 425
1739615595259 2.1206354680599744 426
1739615595281 1.861819115558337 427
1739615595293 2.1647747767994683 428
1739615595306 1.833080904802047 429
1739615595319 1.987936174734877 430
1739615595330 2.3074550604392097 431
1739615595342 2.4208619452867985 432
1739615595354 1.9129056834249856 433
1739615595366 2.9888122260924384 434
1739615595378 1.8852078421256615 435
1739615595390 2.4170250869819307 436
1739615595402 2.1594943919811764 437
1739615595413 1.5687594263187983 438
1739615595425 2.325158727705939 439
1739615595437 0.8453060230338799 440
1739615595448 1.5619062173219869 441
1739615595460 1.552787709757331 442
1739615595472 1.6773076588624796 443
1739615595483 1.51656149556321 444
1739615595495 2.660489900416031 445
1739615595506 2.508438752147525 446
1739615595519 2.3795104461128984 447
1739615595530 2.327004528470528 448
1739615595542 1.6044833815780817 449
1739615595555 2.164209566990631 450
1739615595567 1.7962619298660432 451
1739615595578 2.165744234435827 452
1739615595591 1.9106962555606555 453
1739615595602 1.8903230956632273 454
1739615595614 2.7377591151900744 455
1739615595626 2.0811207761212756 456
1739615595638 2.8638981421675647 457
1739615595649 2.104537982383896 458
1739615595662 2.6331596756262217 459
1739615595674 2.1242555670119465 460
1739615595686 1.306248237239755 461
1739615595699 1.6790060407856604 462
1739615595713 1.3794016493370882 463
1739615595727 2.632396560059428 464
1739615595740 1.9909017562204974 465
1739615595752 2.423698958288959 466
1739615595765 2.1746860862478234 467
1739615595777 1.6971382265895272 468
1739615595789 1.6974101843707812 469
1739615595802 1.7733107737082137 470
1739615595815 1.5108527896616961 471
1739615595827 2.4022376689690286 472
1739615595839 1.3606549431945256 473
1739615595852 1.736102029994083 474
1739615595865 2.284878620385881 475
1739615595877 1.4614419461068011 476
1739615595889 1.910703927703788 477
1739615595901 1.749001670210219 478
1739615595913 2.017297742524325 479
1739615595926 2.0500412543656314 480
1739615595939 2.0018303172488467 481
1739615595951 1.47441179419546 482
1739615595963 2.7992039516913003 483
1739615595975 1.6631712067523088 484
1739615595988 2.0375438673033046 485
1739615596001 2.6325752473286665 486
1739615596012 2.485841151964558 487
1739615596025 1.9890356487260803 488
1739615596037 2.251340535251078 489
1739615596049 1.9888304423921312 490
1739615596064 2.661260711804574 491
1739615596077 1.91052603361258 492
1739615596091 2.8400158049465163 493
1739615596104 1.8143301377421632 494
1739615596117 1.5595425332256772 495
1739615596130 1.824554742388534 496
1739615596143 1.7445818654423442 497
1739615596157 2.003296704416885 498
1739615596170 1.84484177134843 499
