1739613111139 168.32956049161356 0
1739613111151 168.12092383599546 1
1739613111161 167.95487038168125 2
1739613111172 167.78897322012554 3
1739613111183 167.62325748988636 4
1739613111192 167.45772296918463 5
1739613111203 167.29236945163325 6
1739613111213 167.12719673107654 7
1739613111223 166.962204601599 8
1739613111234 166.79739285752507 9
1739613111244 166.6327612934187 10
1739613111255 166.46830970408325 11
1739613111266 166.30403788456107 12
1739613111276 166.1399456301333 13
1739613111288 165.97603273631958 14
1739613111298 165.81229899887762 15
1739613111309 165.64874421380324 16
1739613111320 165.48536817732975 17
1739613111331 165.32217068592786 18
1739613111340 165.15915153630536 19
1739613111349 164.99631052540684 20
1739613111359 164.83364745041334 21
1739613111369 164.67116210874232 22
1739613111379 164.50885429804694 23
1739613111388 164.34672381621627 24
1739613111398 164.18477046137468 25
1739613111408 164.02299403188164 26
1739613111418 163.86139432633155 27
1739613111427 163.6999711435533 28
1739613111437 163.53872428261013 29
1739613111446 163.37765354279932 30
1739613111456 163.21675872365176 31
1739613111465 163.05603962493203 32
1739613111475 162.8954960466377 33
1739613111485 162.73512778899936 34
1739613111495 162.57493465248024 35
1739613111505 162.41491643777584 36
1739613111515 162.25507294581394 37
1739613111524 162.09540397775396 38
1739613111533 161.93590933498697 39
1739613111543 161.7765888191353 40
1739613111553 161.61744223205227 41
1739613111563 161.4584693758219 42
1739613111574 161.29967005275876 43
1739613111584 161.14104406540747 44
1739613111593 160.98259121654274 45
1739613111603 160.82431130916876 46
1739613111614 160.6662041465192 47
1739613111624 160.50826953205677 48
1739613111633 160.35050726947304 49
1739613111642 160.19291716268816 50
1739613111652 160.0354990158506 51
1739613111661 159.87825263333673 52
1739613111672 159.7211778197508 53
1739613111681 159.56427437992454 54
1739613111691 159.40754211891678 55
1739613111701 159.2509808420135 56
1739613111710 159.09459035472722 57
1739613111720 158.9383704627969 58
1739613111729 158.78232097218765 59
1739613111740 158.62644168909048 60
1739613111751 158.47073241992211 61
1739613111760 158.31519297132436 62
1739613111770 158.15982315016444 63
1739613111780 158.0046227635342 64
1739613111789 157.84959161875 65
1739613111800 157.69472952335272 66
1739613111810 157.54003628510702 67
1739613111820 157.3855117120014 68
1739613111829 157.23115561224796 69
1739613111849 157.076967794282 70
1739613111858 156.92294806676165 71
1739613111868 156.76909623856793 72
1739613111878 156.61541211880422 73
1739613111889 156.46189551679612 74
1739613111898 156.30854624209104 75
1739613111908 156.15536410445827 76
1739613111918 156.0023489138883 77
1739613111927 155.8495004805929 78
1739613111940 155.6968186150046 79
1739613111950 155.54430312777666 80
1739613111959 155.3919538297826 81
1739613111968 155.23977053211613 82
1739613111977 155.08775304609074 83
1739613111987 154.93590118323954 84
1739613111997 154.78421475531493 85
1739613112006 154.63269357428834 86
1739613112016 154.48133745235017 87
1739613112025 154.33014620190917 88
1739613112035 154.17911963559246 89
1739613112045 154.02825756624517 90
1739613112055 153.87755980693038 91
1739613112065 153.7270261709284 92
1739613112075 153.576656471737 93
1739613112084 153.42645052307094 94
1739613112094 153.27640813886165 95
1739613112103 153.12652913325712 96
1739613112112 152.97681332062157 97
1739613112122 152.8272605155352 98
1739613112132 152.677870532794 99
1739613112141 152.52864318740927 100
1739613112151 152.37957829460777 101
1739613112160 152.23067566983104 102
1739613112170 152.08193512873547 103
1739613112179 151.93335648719176 104
1739613112188 151.784939561285 105
1739613112198 151.63668416731414 106
1739613112207 151.48859012179182 107
1739613112217 151.34065724144423 108
1739613112227 151.19288534321063 109
1739613112237 151.04527424424336 110
1739613112246 150.89782376190743 111
1739613112256 150.7505337137802 112
1739613112266 150.60340391765138 113
1739613112276 150.45643419152253 114
1739613112286 150.30962435360695 115
1739613112295 150.1629742223294 116
1739613112305 150.01648361632581 117
1739613112314 149.87015235444318 118
1739613112324 149.72398025573895 119
1739613112333 149.5779671394814 120
1739613112343 149.43211282514855 121
1739613112353 149.28641713242885 122
1739613112363 149.14087988122023 123
1739613112374 148.99550089163003 124
1739613112384 148.85027998397496 125
1739613112393 148.70521697878067 126
1739613112403 148.5603116967814 127
1739613112413 148.41556395892002 128
1739613112423 148.27097358634768 129
1739613112433 148.12654040042335 130
1739613112442 147.9822642227139 131
1739613112452 147.83814487499356 132
1739613112461 147.694182179244 133
1739613112470 147.5503759576537 134
1739613112480 147.40672603261805 135
1739613112489 147.26323222673898 136
1739613112498 147.11989436282454 137
1739613112509 146.97671226388906 138
1739613112518 146.83368575315237 139
1739613112528 146.6908146540402 140
1739613112538 146.54809879018327 141
1739613112548 146.4055379854176 142
1739613112558 146.2631320637839 143
1739613112569 146.12088084952754 144
1739613112578 145.97878416709827 145
1739613112588 145.83684184114983 146
1739613112597 145.6950536965399 147
1739613112607 145.5534195583298 148
1739613112617 145.41193925178422 149
1739613112626 145.27061260237096 150
1739613112636 145.1294394357608 151
1739613112645 144.98841957782707 152
1739613112655 144.8475528546457 153
1739613112664 144.70683909249465 154
1739613112674 144.56627811785393 155
1739613112684 144.42586975740522 156
1739613112693 144.28561383803174 157
1739613112703 144.14551018681783 158
1739613112713 144.00555863104893 159
1739613112723 143.8657589982113 160
1739613112732 143.72611111599156 161
1739613112741 143.5866148122768 162
1739613112751 143.44726991515398 163
1739613112761 143.3080762529101 164
1739613112771 143.16903365403155 165
1739613112780 143.03014194720424 166
1739613112800 142.89140096131305 167
1739613112810 142.75281052544187 168
1739613112820 142.61437046887318 169
1739613112830 142.47608062108782 170
1739613112839 142.33794081176492 171
1739613112849 142.19995087078146 172
1739613112859 142.06211062821225 173
1739613112873 141.92441991432943 174
1739613112882 141.78687855960254 175
1739613112891 141.64948639469802 176
1739613112900 141.5122432504792 177
1739613112910 141.3751489580059 178
1739613112919 141.23820334853417 179
1739613112934 141.10140625351642 180
1739613112946 140.9647575046006 181
1739613112959 140.82825693363054 182
1739613112970 140.69190437264535 183
1739613112979 140.55569965387932 184
1739613112990 140.4196426097617 185
1739613113001 140.28373307291645 186
1739613113011 140.14797087616196 187
1739613113020 140.01235585251098 188
1739613113030 139.87688783517015 189
1739613113040 139.74156665754003 190
1739613113049 139.60639215321464 191
1739613113058 139.4713641559814 192
1739613113068 139.33648249982082 193
1739613113078 139.20174701890633 194
1739613113087 139.06715754760398 195
1739613113096 138.9327139204722 196
1739613113106 138.79841597226178 197
1739613113115 138.6642635379153 198
1739613113124 138.53025645256722 199
1739613113134 138.39639455154347 200
1739613113144 138.26267767036128 201
1739613113154 138.12910564472904 202
1739613113163 137.9956783105458 203
1739613113173 137.86239550390144 204
1739613113182 137.7292570610761 205
1739613113192 137.5962628185402 206
1739613113201 137.46341261295396 207
1739613113212 137.33070628116752 208
1739613113223 137.19814366022047 209
1739613113235 137.06572458734152 210
1739613113245 136.93344889994867 211
1739613113257 136.8013164356486 212
1739613113269 136.66932703223668 213
1739613113280 136.53748052769663 214
1739613113292 136.40577676020035 215
1739613113303 136.27421556810776 216
1739613113314 136.14279678996644 217
1739613113325 136.0115202645114 218
1739613113337 135.88038583066512 219
1739613113348 135.74939332753698 220
1739613113358 135.61854259442333 221
1739613113368 135.48783347080706 222
1739613113377 135.3572657963575 223
1739613113386 135.22683941093018 224
1739613113396 135.09655415456655 225
1739613113407 134.96640986749384 226
1739613113416 134.83640639012486 227
1739613113426 134.70654356305764 228
1739613113436 134.57682122707533 229
1739613113445 134.44723922314603 230
1739613113456 134.3177973924224 231
1739613113465 134.18849557624156 232
1739613113475 134.0593336161249 233
1739613113486 133.93031135377782 234
1739613113495 133.80142863108944 235
1739613113506 133.6726852901325 236
1739613113517 133.54408117316308 237
1739613113526 133.4156161226205 238
1739613113536 133.28728998112683 239
1739613113545 133.159102591487 240
1739613113555 133.03105379668833 241
1739613113565 132.90314343990053 242
1739613113575 132.7753713644753 243
1739613113585 132.64773741394617 244
1739613113594 132.52024143202843 245
1739613113604 132.39288326261865 246
1739613113614 132.26566274979473 247
1739613113623 132.1385797378155 248
1739613113633 132.01163407112057 249
1739613113642 131.88482559433018 250
1739613113653 131.75815415224486 251
1739613113662 131.63161958984534 252
1739613113672 131.5052217522923 253
1739613113682 131.37896048492607 254
1739613113691 131.25283563326656 255
1739613113702 131.12684704301293 256
1739613113711 131.00099456004352 257
1739613113721 130.8752780304154 258
1739613113730 130.7496973003645 259
1739613113749 130.624252216305 260
1739613113759 130.4989426248295 261
1739613113769 130.3737683727086 262
1739613113780 130.24872930689065 263
1739613113789 130.12382527450168 264
1739613113799 129.9990561228452 265
1739613113809 129.87442169940172 266
1739613113819 129.749921851829 267
1739613113828 129.62555642796136 268
1739613113837 129.50132527580988 269
1739613113847 129.3772282435619 270
1739613113856 129.25326517958092 271
1739613113866 129.12943593240647 272
1739613113875 129.00574035075377 273
1739613113887 128.88217828351358 274
1739613113897 128.75874957975205 275
1739613113907 128.6354540887104 276
1739613113917 128.5122916598048 277
1739613113927 128.3892621426261 278
1739613113937 128.26636538693975 279
1739613113950 128.14360124268543 280
1739613113959 128.02096955997692 281
1739613113969 127.89847018910193 282
1739613113978 127.77610298052186 283
1739613113987 127.65386778487155 284
1739613113997 127.53176445295922 285
1739613114007 127.40979283576604 286
1739613114016 127.28795278444619 287
1739613114026 127.16624415032639 288
1739613114036 127.04466678490598 289
1739613114045 126.92322053985643 290
1739613114055 126.80190526702133 291
1739613114064 126.68072081841613 292
1739613114074 126.55966704622793 293
1739613114083 126.43874380281531 294
1739613114092 126.3179509407081 295
1739613114102 126.19728831260717 296
1739613114111 126.07675577138424 297
1739613114121 125.95635317008167 298
1739613114131 125.83608036191235 299
1739613114140 125.7159372002593 300
1739613114150 125.59592353867569 301
1739613114159 125.4760392308845 302
1739613114169 125.35628413077832 303
1739613114179 125.23665809241932 304
1739613114188 125.11716097003875 305
1739613114198 124.99779261803704 306
1739613114207 124.87855289098344 307
1739613114217 124.75944164361586 308
1739613114226 124.64045873084059 309
1739613114236 124.52160400773232 310
1739613114246 124.40287732953371 311
1739613114255 124.28427855165526 312
1739613114265 124.16580752967522 313
1739613114274 124.04746411933924 314
1739613114285 123.92924817656024 315
1739613114294 123.81115955741829 316
1739613114304 123.69319811816024 317
1739613114313 123.57536371519973 318
1739613114322 123.45765620511676 319
1739613114332 123.34007544465776 320
1739613114341 123.2226212907351 321
1739613114351 123.10529360042719 322
1739613114360 122.98809223097804 323
1739613114370 122.87101703979727 324
1739613114380 122.75406788445972 325
1739613114390 122.63724462270538 326
1739613114399 122.5205471124392 327
1739613114409 122.40397521173085 328
1739613114419 122.2875287788145 329
1739613114429 122.1712076720887 330
1739613114440 122.05501175011615 331
1739613114452 121.93894087162349 332
1739613114462 121.82299489550115 333
1739613114472 121.70717368080311 334
1739613114481 121.59147708674674 335
1739613114491 121.47590497271261 336
1739613114501 121.3604571982443 337
1739613114510 121.24513362304813 338
1739613114520 121.12993410699312 339
1739613114530 121.01485851011063 340
1739613114540 120.89990669259431 341
1739613114550 120.78507851479985 342
1739613114559 120.67037383724472 343
1739613114569 120.55579252060816 344
1739613114578 120.44133442573082 345
1739613114588 120.32699941361457 346
1739613114598 120.2127873454225 347
1739613114608 120.09869808247852 348
1739613114618 119.98473148626725 349
1739613114628 119.87088741843387 350
1739613114638 119.75716574078386 351
1739613114648 119.64356631528285 352
1739613114658 119.53008900405645 353
1739613114668 119.41673366939004 354
1739613114678 119.30350017372854 355
1739613114697 119.19038837967629 356
1739613114707 119.07739814999687 357
1739613114718 118.96452934761284 358
1739613114728 118.85178183560558 359
1739613114738 118.73915547721514 360
1739613114747 118.62665013584 361
1739613114757 118.514265675037 362
1739613114767 118.40200195852097 363
1739613114777 118.28985885016465 364
1739613114787 118.17783621399856 365
1739613114796 118.06593391421067 366
1739613114806 117.95415181514637 367
1739613114815 117.84248978130816 368
1739613114825 117.73094767735554 369
1739613114834 117.61952536810477 370
1739613114844 117.50822271852876 371
1739613114853 117.39703959375676 372
1739613114863 117.2859758590744 373
1739613114873 117.17503137992323 374
1739613114883 117.06420602190072 375
1739613114892 116.95349965076002 376
1739613114901 116.84291213240984 377
1739613114911 116.73244333291412 378
1739613114921 116.62209311849202 379
1739613114931 116.51186135551757 380
1739613114941 116.40174791051967 381
1739613114954 116.29175265018178 382
1739613114963 116.1818754413417 383
1739613114973 116.07211615099159 384
1739613114982 115.96247464627757 385
1739613114992 115.8529507944996 386
1739613115002 115.74354446311145 387
1739613115011 115.63425551972026 388
1739613115023 115.52508383208657 389
1739613115035 115.41602926812405 390
1739613115051 115.30709169589935 391
1739613115062 115.19827098363186 392
1739613115073 115.08956699969364 393
1739613115086 114.98097961260915 394
1739613115096 114.87250869105503 395
1739613115107 114.7641541038601 396
1739613115116 114.655915720005 397
1739613115126 114.54779340862213 398
1739613115135 114.43978703899536 399
1739613115144 114.33189648055993 400
1739613115155 114.22412160290234 401
1739613115164 114.11646227575996 402
1739613115173 114.00891836902109 403
1739613115183 113.90148975272461 404
1739613115193 113.79417629705988 405
1739613115202 113.68697787236658 406
1739613115212 113.57989434913448 407
1739613115221 113.47292559800327 408
1739613115231 113.36607148976246 409
1739613115240 113.25933189535105 410
1739613115251 113.15270668585758 411
1739613115260 113.04619573251969 412
1739613115270 112.93979890672418 413
1739613115279 112.83351608000666 414
1739613115289 112.72734712405152 415
1739613115298 112.62129191069162 416
1739613115308 112.51535031190824 417
1739613115318 112.40952219983076 418
1739613115328 112.30380744673666 419
1739613115337 112.19820592505123 420
1739613115347 112.09271750734739 421
1739613115357 111.98734206634556 422
1739613115366 111.88207947491351 423
1739613115376 111.7769296060661 424
1739613115386 111.67189233296527 425
1739613115395 111.5669675289196 426
1739613115405 111.46215506738444 427
1739613115415 111.35745482196148 428
1739613115425 111.25286666639877 429
1739613115435 111.14839047459043 430
1739613115444 111.04402612057653 431
1739613115454 110.93977347854292 432
1739613115463 110.835632422821 433
1739613115473 110.73160282788764 434
1739613115483 110.62768456836494 435
1739613115493 110.52387751902008 436
1739613115502 110.42018155476515 437
1739613115512 110.31659655065704 438
1739613115522 110.21312238189712 439
1739613115532 110.10975892383121 440
1739613115542 110.00650605194937 441
1739613115552 109.90336364188568 442
1739613115562 109.80033156941818 443
1739613115572 109.69740971046855 444
1739613115582 109.59459794110214 445
1739613115591 109.49189613752752 446
1739613115601 109.38930417609667 447
1739613115610 109.28682193330447 448
1739613115631 109.18444928578879 449
1739613115640 109.08218611033011 450
1739613115650 108.98003228385153 451
1739613115661 108.87798768341852 452
1739613115671 108.77605218623872 453
1739613115680 108.67422566966191 454
1739613115690 108.57250801117961 455
1739613115700 108.47089908842516 456
1739613115709 108.36939877917342 457
1739613115719 108.26800696134059 458
1739613115728 108.16672351298415 459
1739613115740 108.06554831230254 460
1739613115750 107.96448123763517 461
1739613115759 107.8635221674621 462
1739613115769 107.76267098040397 463
1739613115778 107.6619275552218 464
1739613115788 107.56129177081684 465
1739613115799 107.46076350623038 466
1739613115808 107.36034264064361 467
1739613115819 107.26002905337742 468
1739613115828 107.15982262389232 469
1739613115838 107.05972323178817 470
1739613115847 106.95973075680408 471
1739613115857 106.85984507881822 472
1739613115866 106.76006607784772 473
1739613115875 106.66039363404836 474
1739613115886 106.56082762771459 475
1739613115895 106.46136793927926 476
1739613115905 106.36201444931343 477
1739613115916 106.2627670385263 478
1739613115925 106.163625587765 479
1739613115935 106.06458997801441 480
1739613115944 105.96566009039702 481
1739613115955 105.8668358061728 482
1739613115964 105.76811700673896 483
1739613115974 105.66950357362987 484
1739613115984 105.57099538851686 485
1739613115993 105.47259233320801 486
1739613116003 105.37429428964813 487
1739613116012 105.27610113991842 488
1739613116022 105.17801276623648 489
1739613116033 105.08002905095604 490
1739613116044 104.98214987656678 491
1739613116056 104.8843751256943 492
1739613116067 104.78670468109989 493
1739613116077 104.68913842568024 494
1739613116088 104.59167624246757 495
1739613116099 104.49431801462914 496
1739613116109 104.3970636254674 497
1739613116120 104.29991295841958 498
1739613116130 104.20286589705773 499
